A1---f000,A1---f001,A1---f002,A1---f003,A1---f004,A1---f005,A1---f006,A1---f007,A1---f008,A1---f009,A1---f010,A1---f011,A1---f012,A1---f013,A1---f014,A1---f015,A1---f016,A1---f017,A1---f018,A1---f019,A1---f020,A1---f021,A1---f022,A1---f023,A1---f024,A1---f025,A1---f026,A1---f027,A1---f028,A1---f029,A1---f030,A1---f031,A1---f032,A1---f033,A1---f034,A1---f035,A1---f036,A1---f037,A1---f038,A1---f039,A1---f040,A1---f041,A1---f042,A1---f043,A1---f044,A1---f045,A1---f046,A1---f047,A1---f048,A1---f049,A1---f050,A1---f051,A1---f052,A1---f053,A1---f054,A1---f055,A1---f056,A1---f057,A1---f058,A1---f059,A1---f060,A1---f061,A1---f062,A1---f063,A1---f064,A1---f065,A1---f066,A1---f067,A1---f068,A1---f069,A1---f070,A1---f071,A1---f072,A1---f073,A1---f074,A1---f075,A1---f076,A1---f077,A1---f078,A1---f079,A1---f080,A1---f081,A1---f082,A1---f083,A1---f084,A1---f085,A1---f086,A1---f087,A1---f088,A1---f089,A1---f090,A1---f091,A1---f092,A1---f093,A1---f094,A1---f095,A1---f096,A1---f097,A1---f098,A1---f099,A1---f100,A1---f101,A1---f102,A1---f103,A1---f104,A1---f105,A1---f106,A1---f107,A1---f108,A1---f109,A1---f110,A1---f111,A1---f112,A1---f113,A1---f114,A1---f115,A1---f116,A1---f117,A1---f118,A1---f119,A1---f120,A1---f121,A1---f122,A1---f123,A1---f124,A1---f125,A1---f126,A1---f127,A2---f000,A2---f001,A2---f002,A2---f003,A2---f004,A2---f005,A2---f006,A2---f007,A2---f008,A2---f009,A2---f010,A2---f011,A2---f012,A2---f013,A2---f014,A2---f015,A2---f016,A2---f017,A2---f018,A2---f019,A2---f020,A2---f021,A2---f022,A2---f023,A2---f024,A2---f025,A2---f026,A2---f027,A2---f028,A2---f029,A2---f030,A2---f031,A2---f032,A2---f033,A2---f034,A2---f035,A2---f036,A2---f037,A2---f038,A2---f039,A2---f040,A2---f041,A2---f042,A2---f043,A2---f044,A2---f045,A2---f046,A2---f047,A2---f048,A2---f049,A2---f050,A2---f051,A2---f052,A2---f053,A2---f054,A2---f055,A2---f056,A2---f057,A2---f058,A2---f059,A2---f060,A2---f061,A2---f062,A2---f063,A2---f064,A2---f065,A2---f066,A2---f067,A2---f068,A2---f069,A2---f070,A2---f071,A2---f072,A2---f073,A2---f074,A2---f075,A2---f076,A2---f077,A2---f078,A2---f079,A2---f080,A2---f081,A2---f082,A2---f083,A2---f084,A2---f085,A2---f086,A2---f087,A2---f088,A2---f089,A2---f090,A2---f091,A2---f092,A2---f093,A2---f094,A2---f095,A2---f096,A2---f097,A2---f098,A2---f099,A2---f100,A2---f101,A2---f102,A2---f103,A2---f104,A2---f105,A2---f106,A2---f107,A2---f108,A2---f109,A2---f110,A2---f111,A2---f112,A2---f113,A2---f114,A2---f115,A2---f116,A2---f117,A2---f118,A2---f119,A2---f120,A2---f121,A2---f122,A2---f123,A2---f124,A2---f125,A2---f126,A2---f127,A3---f000,A3---f001,A3---f002,A3---f003,A3---f004,A3---f005,A3---f006,A3---f007,A3---f008,A3---f009,A3---f010,A3---f011,A3---f012,A3---f013,A3---f014,A3---f015,A3---f016,A3---f017,A3---f018,A3---f019,A3---f020,A3---f021,A3---f022,A3---f023,A3---f024,A3---f025,A3---f026,A3---f027,A3---f028,A3---f029,A3---f030,A3---f031,A3---f032,A3---f033,A3---f034,A3---f035,A3---f036,A3---f037,A3---f038,A3---f039,A3---f040,A3---f041,A3---f042,A3---f043,A3---f044,A3---f045,A3---f046,A3---f047,A3---f048,A3---f049,A3---f050,A3---f051,A3---f052,A3---f053,A3---f054,A3---f055,A3---f056,A3---f057,A3---f058,A3---f059,A3---f060,A3---f061,A3---f062,A3---f063,A3---f064,A3---f065,A3---f066,A3---f067,A3---f068,A3---f069,A3---f070,A3---f071,A3---f072,A3---f073,A3---f074,A3---f075,A3---f076,A3---f077,A3---f078,A3---f079,A3---f080,A3---f081,A3---f082,A3---f083,A3---f084,A3---f085,A3---f086,A3---f087,A3---f088,A3---f089,A3---f090,A3---f091,A3---f092,A3---f093,A3---f094,A3---f095,A3---f096,A3---f097,A3---f098,A3---f099,A3---f100,A3---f101,A3---f102,A3---f103,A3---f104,A3---f105,A3---f106,A3---f107,A3---f108,A3---f109,A3---f110,A3---f111,A3---f112,A3---f113,A3---f114,A3---f115,A3---f116,A3---f117,A3---f118,A3---f119,A3---f120,A3---f121,A3---f122,A3---f123,A3---f124,A3---f125,A3---f126,A3---f127,B1---f000,B1---f001,B1---f002,B1---f003,B1---f004,B1---f005,B1---f006,B1---f007,B1---f008,B1---f009,B1---f010,B1---f011,B1---f012,B1---f013,B1---f014,B1---f015,B1---f016,B1---f017,B1---f018,B1---f019,B1---f020,B1---f021,B1---f022,B1---f023,B1---f024,B1---f025,B1---f026,B1---f027,B1---f028,B1---f029,B1---f030,B1---f031,B1---f032,B1---f033,B1---f034,B1---f035,B1---f036,B1---f037,B1---f038,B1---f039,B1---f040,B1---f041,B1---f042,B1---f043,B1---f044,B1---f045,B1---f046,B1---f047,B1---f048,B1---f049,B1---f050,B1---f051,B1---f052,B1---f053,B1---f054,B1---f055,B1---f056,B1---f057,B1---f058,B1---f059,B1---f060,B1---f061,B1---f062,B1---f063,B1---f064,B1---f065,B1---f066,B1---f067,B1---f068,B1---f069,B1---f070,B1---f071,B1---f072,B1---f073,B1---f074,B1---f075,B1---f076,B1---f077,B1---f078,B1---f079,B1---f080,B1---f081,B1---f082,B1---f083,B1---f084,B1---f085,B1---f086,B1---f087,B1---f088,B1---f089,B1---f090,B1---f091,B1---f092,B1---f093,B1---f094,B1---f095,B1---f096,B1---f097,B1---f098,B1---f099,B1---f100,B1---f101,B1---f102,B1---f103,B1---f104,B1---f105,B1---f106,B1---f107,B1---f108,B1---f109,B1---f110,B1---f111,B1---f112,B1---f113,B1---f114,B1---f115,B1---f116,B1---f117,B1---f118,B1---f119,B1---f120,B1---f121,B1---f122,B1---f123,B1---f124,B1---f125,B1---f126,B1---f127,B4---f000,B4---f001,B4---f002,B4---f003,B4---f004,B4---f005,B4---f006,B4---f007,B4---f008,B4---f009,B4---f010,B4---f011,B4---f012,B4---f013,B4---f014,B4---f015,B4---f016,B4---f017,B4---f018,B4---f019,B4---f020,B4---f021,B4---f022,B4---f023,B4---f024,B4---f025,B4---f026,B4---f027,B4---f028,B4---f029,B4---f030,B4---f031,B4---f032,B4---f033,B4---f034,B4---f035,B4---f036,B4---f037,B4---f038,B4---f039,B4---f040,B4---f041,B4---f042,B4---f043,B4---f044,B4---f045,B4---f046,B4---f047,B4---f048,B4---f049,B4---f050,B4---f051,B4---f052,B4---f053,B4---f054,B4---f055,B4---f056,B4---f057,B4---f058,B4---f059,B4---f060,B4---f061,B4---f062,B4---f063,B4---f064,B4---f065,B4---f066,B4---f067,B4---f068,B4---f069,B4---f070,B4---f071,B4---f072,B4---f073,B4---f074,B4---f075,B4---f076,B4---f077,B4---f078,B4---f079,B4---f080,B4---f081,B4---f082,B4---f083,B4---f084,B4---f085,B4---f086,B4---f087,B4---f088,B4---f089,B4---f090,B4---f091,B4---f092,B4---f093,B4---f094,B4---f095,B4---f096,B4---f097,B4---f098,B4---f099,B4---f100,B4---f101,B4---f102,B4---f103,B4---f104,B4---f105,B4---f106,B4---f107,B4---f108,B4---f109,B4---f110,B4---f111,B4---f112,B4---f113,B4---f114,B4---f115,B4---f116,B4---f117,B4---f118,B4---f119,B4---f120,B4---f121,B4---f122,B4---f123,B4---f124,B4---f125,B4---f126,B4---f127,C3---f000,C3---f001,C3---f002,C3---f003,C3---f004,C3---f005,C3---f006,C3---f007,C3---f008,C3---f009,C3---f010,C3---f011,C3---f012,C3---f013,C3---f014,C3---f015,C3---f016,C3---f017,C3---f018,C3---f019,C3---f020,C3---f021,C3---f022,C3---f023,C3---f024,C3---f025,C3---f026,C3---f027,C3---f028,C3---f029,C3---f030,C3---f031,C3---f032,C3---f033,C3---f034,C3---f035,C3---f036,C3---f037,C3---f038,C3---f039,C3---f040,C3---f041,C3---f042,C3---f043,C3---f044,C3---f045,C3---f046,C3---f047,C3---f048,C3---f049,C3---f050,C3---f051,C3---f052,C3---f053,C3---f054,C3---f055,C3---f056,C3---f057,C3---f058,C3---f059,C3---f060,C3---f061,C3---f062,C3---f063,C3---f064,C3---f065,C3---f066,C3---f067,C3---f068,C3---f069,C3---f070,C3---f071,C3---f072,C3---f073,C3---f074,C3---f075,C3---f076,C3---f077,C3---f078,C3---f079,C3---f080,C3---f081,C3---f082,C3---f083,C3---f084,C3---f085,C3---f086,C3---f087,C3---f088,C3---f089,C3---f090,C3---f091,C3---f092,C3---f093,C3---f094,C3---f095,C3---f096,C3---f097,C3---f098,C3---f099,C3---f100,C3---f101,C3---f102,C3---f103,C3---f104,C3---f105,C3---f106,C3---f107,C3---f108,C3---f109,C3---f110,C3---f111,C3---f112,C3---f113,C3---f114,C3---f115,C3---f116,C3---f117,C3---f118,C3---f119,C3---f120,C3---f121,C3---f122,C3---f123,C3---f124,C3---f125,C3---f126,C3---f127,key,input
0.0980953201651573,-0.0144337425008416,-0.0981106758117675,0.0973471850156784,0.0929574593901634,-0.0981016531586647,-0.097902737557888,0.0967074185609817,0.097707062959671,0.0979809314012527,0.0896544009447097,-0.0975010022521019,-0.095263086259365,0.098044753074646,0.098109170794487,-0.0981083512306213,-0.0980355888605117,0.013851186260581,0.0949431434273719,-0.0653965771198272,-0.0834330692887306,-0.0981085002422332,0.0882126092910766,-0.0951908230781555,-0.0977726578712463,0.098083883523941,-0.096423864364624,-0.0330830216407775,0.0979306697845459,-0.097546562552452,-0.0981064289808273,-0.0973390191793441,0.0587129704654216,0.0906531140208244,0.0980966091156005,-0.020125800743699,-0.0976902469992637,-0.0981057286262512,0.0980604812502861,-0.0960810482501983,0.0980582684278488,0.0979737192392349,-0.0977779999375343,0.0976380854845047,0.0962451621890068,0.0967087522149086,-0.0981107428669929,-0.0974498987197876,-0.0963201597332954,-0.0797299593687057,-0.0980705693364143,-0.0981106087565422,0.0964184701442718,0.0977048054337501,-0.0545535534620285,-0.0981060713529586,0.0323770344257354,-0.01389373652637,-0.084801085293293,-0.092850849032402,0.0981107428669929,0.098096989095211,0.0864910036325454,-0.0980767831206321,-0.0941571518778801,0.0956436991691589,0.0276369843631982,0.0980914235115051,0.0958722382783889,0.0878848508000373,0.0981106460094451,0.0906706526875495,0.0876509919762611,-0.0974975526332855,-0.0981105118989944,0.0980835705995559,-0.0981107354164123,0.0743752121925354,0.0981017425656318,-0.0941955596208572,-0.0766743421554565,0.0288153067231178,-0.0942003950476646,-0.0978997722268104,-0.0897296518087387,-0.0967760905623436,-0.0908699557185173,-0.0906416997313499,0.0978627428412437,-0.0771504715085029,0.0981102660298347,0.098109595477581,0.0981099382042884,0.0627165511250495,-0.0256185997277498,-0.0237866416573524,-0.0979501381516456,0.0981105417013168,-0.0935811921954155,-0.0918460488319397,0.0973560959100723,0.0976259708404541,0.090614914894104,-0.0888595655560493,-0.0973366796970367,-0.0981089025735855,-0.0669579282402992,0.0596250854432582,0.0379923209547996,-0.0419122874736785,0.0907466188073158,0.0954816937446594,-0.0280449893325567,0.09745404869318,0.0728246718645095,0.0981103777885437,0.0978789776563644,0.0945141911506652,-0.0981102138757705,0.0503290630877018,-0.0978019088506698,-0.097625233232975,0.0863190069794654,-0.0981107428669929,-0.026767399162054,0.0967941954731941,-0.0973446816205978,-0.0821510404348373,0.0960702523589134,0.091666579246521,0.0960547626018524,-0.0961389616131782,0.0960967540740966,-0.0957415848970413,0.0961457341909408,0.0143483020365238,-0.0514720901846885,0.0961508601903915,-0.0634719505906105,0.0500211864709854,0.0954244285821914,-0.0961267799139022,0.0960436090826988,-0.0898124128580093,-0.0939060896635055,-0.088661603629589,-0.0961530953645706,-0.0950464904308319,0.094784140586853,-0.0961077734827995,-0.0960694551467895,-0.0848345160484314,0.0953906625509262,0.0929015651345253,-0.0929524153470993,-0.0960946753621101,-0.0961537882685661,-0.0952692925930023,-0.0961559489369392,0.0960687920451164,0.0957735404372215,0.0961539819836616,0.0957710668444633,0.0957636907696724,0.096127800643444,-0.0961559787392616,-0.0707965418696403,-0.0758858397603035,0.0960552170872688,0.0103676663711667,0.0961275100708007,-0.0960872247815132,0.0961548313498497,-0.078115701675415,-0.0924310982227325,-0.0935909375548362,0.0930193364620208,0.0959226489067077,0.0955762490630149,-0.0954893603920936,0.0916993916034698,-0.0957399904727935,-0.0108818868175148,-0.096155971288681,0.0281311273574829,-0.0961559861898422,-0.0928932651877403,-0.0961515456438064,0.0952856764197349,0.0961522758007049,-0.0670118033885955,-0.0947582870721817,0.0961559861898422,-0.0947198346257209,-0.0961558297276496,-0.082429863512516,-0.0780631005764007,-0.0953417122364044,0.0960845872759819,-0.084840103983879,-0.0961558371782302,-0.095691479742527,-0.0961558893322944,-0.0864620506763458,-0.0961559489369392,-0.0955347344279289,-0.0961474776268005,-0.0959040448069572,0.0961425304412841,-0.0925514698028564,0.0959548652172088,0.0959579199552536,-0.0833359807729721,0.0753823369741439,0.095697671175003,0.095992274582386,0.0961493551731109,-0.0960972756147384,-0.0958283692598342,0.076735645532608,0.0961551964282989,0.0961559787392616,-0.0870402678847312,0.0961559638381004,0.0831325501203537,-0.0904745906591415,-0.0950291380286216,0.081166423857212,0.0709832608699798,-0.0874748677015304,0.0885914340615272,-0.0961135849356651,-0.0042957696132361,0.0961107686161995,0.0938114821910858,-0.0949008539319038,-0.0958495438098907,0.0399409793317317,-0.0801559463143348,-0.0357429832220077,-0.096155971288681,-0.0784842669963836,0.0102908322587609,0.0960002616047859,-0.0828667283058166,0.0944686830043792,-0.0961523130536079,-0.0956830754876136,0.0956918522715568,0.0168751031160354,-0.0959817543625831,0.0961247757077217,0.0293871704488992,-0.0961441174149513,-0.0958540290594101,0.0685682594776153,-0.0973891839385032,-0.0689039677381515,-0.0976271331310272,-0.0891234129667282,0.0975083038210868,0.0976445823907852,-0.0973487347364425,0.0882095843553543,0.0528093166649341,-0.0975316911935806,0.0976445749402046,-0.0974698811769485,0.0974800288677215,0.0974967777729034,0.097504086792469,-0.0967750623822212,-0.0976445898413658,-0.0967696830630302,-0.0976445451378822,-0.0892920941114425,-0.096863180398941,-0.0976442322134971,-0.0890579521656036,-0.0800346657633781,0.0129237016662955,0.0917339026927948,0.0963909551501274,-0.0967280566692352,0.0976154580712318,0.0975174009799957,0.0976434350013732,0.0765433758497238,-0.0921054631471633,0.0732675567269325,-0.079329140484333,-0.0973444879055023,0.0976440832018852,-0.0915660858154296,0.0973336473107338,0.0556609481573104,0.0976331904530525,0.0962355583906173,-0.0861363559961319,-0.0976375937461853,-0.0976443067193031,-0.0945766642689704,0.0731892883777618,0.0787524878978729,-0.0976365208625793,-0.0976350381970405,0.0968642383813858,-0.0976330488920211,-0.0976445153355598,0.0976350307464599,-0.0311676859855651,-0.040295772254467,0.0737263709306716,-0.0886939465999603,-0.0946583896875381,0.0975882411003112,0.0976443961262703,0.0976374000310897,0.0973463356494903,-0.0967092961072921,-0.0349613428115844,0.0976429879665374,0.0975518748164177,0.0976202562451362,0.0877923145890235,0.0344947651028633,-0.0976422876119613,0.0976442396640777,-0.0191689040511846,0.0359458550810813,0.097607746720314,0.0974079519510269,0.0510279163718223,-0.0972358509898185,0.0937429070472717,-0.0976425260305404,0.0962669923901557,0.0680693089962005,-0.0976023152470588,0.0875137448310852,-0.0975800529122352,0.0331052653491497,0.0976313948631286,-0.097644455730915,0.0600245334208011,0.0325478501617908,-0.0976444780826568,-0.0971724241971969,0.0976445823907852,0.0976445898413658,-0.0159674026072025,-0.097538448870182,-0.0975963771343231,0.0888171792030334,-0.0968598276376724,-0.0976114571094513,0.0702274516224861,-0.0965678170323371,-0.0914302319288253,-0.0909576192498207,0.0976430624723434,0.0931155830621719,-0.0976138636469841,-0.0179987885057926,0.0976413860917091,0.0976431742310524,-0.0976286306977272,-0.0934253111481666,0.097644530236721,-0.0976445451378822,-0.013544256798923,-0.0893630534410476,0.0976438596844673,0.0975519195199012,0.0970309004187583,0.0099091725423932,0.0976442173123359,-0.0938631221652031,-0.0975355356931686,0.0963249281048774,-0.0409416705369949,0.0976445823907852,0.0940739810466766,-0.0925626307725906,0.1092751398682594,0.133206233382225,-0.0378255099058151,0.0744765475392341,0.0701686069369316,-0.1071713864803314,-0.039410401135683,0.0640067309141159,0.0113793974742293,-0.11290143430233,0.0669946745038032,0.0119695393368601,-0.1003983840346336,-0.1143331006169319,0.1287692785263061,0.1096569448709487,-0.0015084352344274,-0.087364949285984,0.067497432231903,0.1234503239393234,0.0775447040796279,0.0309910401701927,-0.0766817778348922,-0.1330118924379348,0.1271549463272094,0.1314045041799545,-0.1155704259872436,0.1250384747982025,0.0607204623520374,-0.0407911613583564,0.0014107065508142,-0.1134200915694236,-0.1299267560243606,-0.0268239397555589,-0.1178241670131683,0.0129596274346113,-0.1157976686954498,0.0579833574593067,0.0887303948402404,0.0666999667882919,0.1168893054127693,-0.1210614517331123,-0.0823831260204315,0.091484822332859,-0.0349331051111221,-0.0120101971551775,-0.0674956813454628,-0.0129359820857644,0.0692900568246841,0.1239985153079032,-0.0684311315417289,-0.1222895979881286,0.0848274007439613,0.0656458362936973,0.1049319729208946,-0.0411435365676879,-0.0717368721961975,-0.1310419142246246,-0.0849326774477958,0.0361940898001194,-0.03807308152318,0.0890286415815353,-0.1300435364246368,-0.0244813878089189,0.124816320836544,0.1024652197957038,0.0552850887179374,0.0800526514649391,-0.0448840148746967,-0.0655534192919731,-0.1137768775224685,0.0320039577782154,0.10264603048563,-0.0307364836335182,0.0525116883218288,0.1142913848161697,-0.0088918320834636,-0.0629997551441192,0.0569636449217796,-0.1175774037837982,0.1212782114744186,0.0717151537537574,0.0644757747650146,0.0649018734693527,0.0411856025457382,0.1114174202084541,-0.0037321716081351,0.1183056905865669,-0.0302910543978214,-0.1281458288431167,-0.129037320613861,0.0451272912323474,0.0992698073387146,0.0856146216392517,0.1314712911844253,-0.0173869468271732,0.0393514893949031,0.1191099360585212,-0.0701389163732528,-0.0088603310286998,-0.117228664457798,-0.0673869326710701,0.0215853098779916,0.0679598376154899,-0.1206044554710388,-0.1248283013701438,0.1182331070303917,-0.1328556835651397,-0.0986207798123359,-0.1254179924726486,-0.1045875996351242,0.0587729401886463,-0.115444891154766,-0.0747775360941886,-0.0984329879283905,0.0428785942494869,0.0122000500559806,0.0888695269823074,0.0916619300842285,0.0924916714429855,0.0997576862573623,-0.1163824200630188,-0.0897390469908714,0.0278471522033214,-0.0731894895434379,0.0871449634432792,-0.1194788217544555,-0.0961470529437065,0.1029553562402725,-0.1083323284983635,0.1035947427153587,0.0208826903253793,0.0953554213047027,0.0787845849990844,-0.1088506281375885,-0.0214934293180704,-0.0414502322673797,-0.1040573045611381,-0.0653160214424133,-0.0991196110844612,0.0861907005310058,0.1048741713166236,0.0888266265392303,0.1087547838687896,-0.008026098832488,-0.0569723881781101,0.1045175194740295,0.1027430444955825,-0.0989640727639198,0.1088954359292984,0.0985000729560852,0.041751705110073,-0.1003164574503898,-0.1087557226419448,-0.0594159848988056,0.1089006587862968,-0.0564567558467388,-0.0819659158587455,0.0980106815695762,-0.077852189540863,0.1045419573783874,0.0191612262278795,-0.1088835597038269,0.0964158698916435,-0.0715701729059219,-0.1062779501080513,0.1051103994250297,0.0925436019897461,-0.1020122766494751,-0.0415407046675682,-0.0691798850893974,0.1008820384740829,0.0243346262723207,0.1072517782449722,0.024760290980339,0.1088967621326446,-0.1088970080018043,-0.016503220424056,-0.075300894677639,-0.1084672138094902,0.0919437482953071,-0.0816823989152908,-0.0854223519563674,0.1087538748979568,-0.0375731028616428,0.0925451219081878,0.1067604124546051,0.0192350260913372,-0.1063990369439125,0.0998876541852951,-0.1066765561699867,0.1000051349401474,0.1083540841937065,0.1070315390825271,0.1083513870835304,-0.069311037659645,-0.108348362147808,-0.1078483015298843,0.1028624549508094,-0.1005837619304657,0.0401539392769336,0.108743816614151,-0.0780902281403541,-0.1079938262701034,-0.0909867510199546,-0.0956114828586578,-0.0670556724071502,-0.1084823831915855,0.0424652621150016,0.0710882544517517,-0.108740322291851,0.1077667772769928,-0.0082945367321372,0.1070536002516746,-0.0713648721575737,-0.1048156768083572,-0.1059553697705268,0.1088691502809524,-0.0688238069415092,-0.1032551005482673,-0.1077630296349525,0.1085102781653404,-0.0604446306824684,-0.0620607808232307,0.0726880207657814,0.1015595197677612,0.0818983688950538,0.0856850445270538,0.0271068233996629,0.108597919344902,0.0933352932333946,0.1077339202165603,-0.0567945837974548,-0.1063012704253196,-0.0724186971783638,-0.044130090624094,-0.1039459109306335,0.0649410933256149,0.079633928835392,-0.0855585858225822,-0.0920343995094299,0.0434676744043827,-0.0837005153298378,-0.0716128125786781,0.0962447822093963,-0.0047877789475023,-0.0616493709385395,-0.0994622558355331,0.091275043785572,0.0813765451312065,0.1087482646107673,-0.0978922024369239,-0.1088538318872451,0.0987670123577117,-0.0368526503443717,0.1064191162586212,0.1118379607796669,-0.0679389387369155,-0.0826081037521362,0.0620486848056316,-0.1094978675246238,-0.110877051949501,-0.1000907942652702,-0.1036410480737686,0.065901443362236,-0.0759746208786964,0.0814909562468528,-0.0037735542282462,-0.0232018865644931,0.0770944729447364,-0.111147440969944,0.0946904867887497,-0.0310320071876049,0.0098322695121169,-0.1112229898571968,0.1128881722688674,-0.1053282842040062,-0.0984023734927177,0.0815769806504249,0.0266322866082191,0.0759392529726028,0.108484148979187,0.098294511437416,-0.0321227014064788,-0.083150178194046,0.1105954051017761,-0.1129201725125312,-0.0749014168977737,-0.1040392369031906,-0.101721815764904,0.0855977237224578,-0.0121790962293744,-0.1046943143010139,-0.0966691225767135,-0.0917241647839546,-0.1062138825654983,0.0705679953098297,-0.1122996732592582,0.0797716304659843,0.0053520090878009,0.1061467975378036,-0.0245202835649251,0.0511041693389415,-0.0981231853365898,-0.0714404955506324,0.1097378060221672,0.1106647476553917,0.1072205305099487,-0.0943695306777954,0.1085161194205284,0.0826785787940025,-0.0828006342053413,0.1129275783896446,0.1056393533945083,0.0594909563660621,-0.1066869273781776,-0.1106794103980064,0.07919941842556,0.0846974179148674,0.0116769485175609,0.1064054146409034,0.04154584556818,-0.1116108670830726,0.0540191791951656,0.1056549400091171,-0.1081965640187263,-0.1105489507317543,-0.0100294407457113,0.1029531508684158,-0.0351500958204269,-0.0472118183970451,-0.1056060269474983,0.0289894975721836,-0.091262511909008,0.1123097464442253,-0.1090170070528984,-0.0269513074308633,0.110926866531372,0.0929591059684753,-0.1053747534751892,-0.0319468230009079,-0.1129401102662086,0.0917716771364212,0.0981060490012168,-0.1117964684963226,0.1114436686038971,0.0627268552780151,0.088258646428585,0.1069476008415222,0.0236816573888063,0.1004625186324119,-0.058778379112482,0.0193271767348051,0.0030885548330843,-0.1127497777342796,0.0994364842772483,-0.1093829795718193,-0.1124828681349754,-0.0287796054035425,-0.1115408539772033,0.1031962260603904,-0.0841211825609207,0.1118593290448188,-0.0865655392408371,0.0980078801512718,0.0376575998961925,0.109790451824665,0.0885280072689056,-0.050870131701231,0.1026745066046714,0.0836080536246299,0.0908535346388816,0.0382793620228767,0.0368807055056095,0.106969378888607,0.111424446105957,-0.1070123389363288,-0.094501756131649,0.1077708378434181,0.104086734354496,-0.0649063512682914,-0.1057119593024253,0.0429805666208267,0.1092837303876876,XVEQUIMLKSGLKI-UHFFFAOYSA-N,OCc1ccccc1C1CCNCC1
-0.075356550514698,-0.0994786694645881,-0.0996136292815208,0.0959882959723472,0.0989977791905403,0.0980803444981575,-0.0974869132041931,-0.0767570212483406,-0.0770656764507293,0.0951198264956474,0.0994635894894599,-0.0952611491084098,-0.0877427011728286,-0.0128486761823296,-0.0954113081097602,-0.0009462858433835,0.0996131971478462,-0.0995933189988136,-0.0993247926235199,-0.0722175538539886,0.0955177396535873,-0.0994530618190765,0.0483347699046134,-0.0627012625336647,0.0018775952048599,0.0995655506849289,0.0996124595403671,0.0632307901978492,0.0508737117052078,0.0352948196232318,0.0996122732758522,0.0986236557364463,0.099203921854496,-0.0972829461097717,-0.0751504972577095,0.0848854631185531,0.0678218305110931,0.0993245095014572,-0.0996060967445373,0.0995802581310272,0.0355237089097499,-0.0996136292815208,0.0996136218309402,0.0529255457222461,-0.0214036479592323,0.09625706076622,0.0821209102869033,0.099444143474102,-0.0996134132146835,0.0996002778410911,-0.0996124595403671,-0.0993390306830406,0.0996136292815208,0.0955998823046684,0.0896198004484176,0.090538702905178,-0.0995798557996749,0.0966774895787239,-0.0996132940053939,0.0950367972254753,-0.0807815715670585,0.0213974490761756,0.0996128246188163,0.0996087193489074,0.0800284519791603,0.0965998247265815,0.0996105819940567,0.0920643433928489,-0.0990968570113182,0.0773887559771537,0.0986227393150329,-0.0988963171839714,-0.0995690822601318,0.0873032212257385,0.0991181805729866,-0.0501531697809696,-0.0578994788229465,0.056432694196701,0.0974496826529502,0.0878569111227989,0.0995951890945434,-0.0919005721807479,0.0370551794767379,-0.0912638008594513,0.0973676145076751,-0.0994807332754135,-0.0992561653256416,-0.0995625630021095,0.0996129438281059,-0.0994649603962898,-0.0996062010526657,0.0988981947302818,0.0910537242889404,0.0996136218309402,0.099613532423973,0.0916875153779983,-0.099610187113285,0.0996136143803596,-0.0996135249733924,-0.0994236096739769,0.0987731590867042,0.0996094644069671,0.0995880365371704,-0.0991114974021911,0.0996134951710701,-0.0466542989015579,-0.0990317091345787,0.0994449704885482,-0.0210454054176807,0.0993140935897827,0.0566587150096893,-0.078495554625988,-0.0995337665081024,0.099613606929779,0.0796816647052764,-0.0995842069387435,-0.0931559354066848,0.0995542928576469,0.026868786662817,0.0985465347766876,0.0982701405882835,0.0996000617742538,0.0668065398931503,-0.0923387482762336,0.0005686709773726,-0.0832539349794387,-0.0992092043161392,0.0630451589822769,-0.102512814104557,-0.0610898025333881,-0.0037231487222015,-0.102133922278881,0.1024107784032821,-0.0073991189710795,-0.0890674069523811,0.080012522637844,-0.1020115911960601,-0.0662683323025703,-0.1025307849049568,-0.1003748849034309,-0.0540754161775112,0.1018121466040611,0.1024602651596069,0.1023689061403274,-0.0367510803043842,-0.0976892709732055,0.101253405213356,0.1020416095852851,0.1022994294762611,-0.0269105192273855,-0.1025250405073165,0.1023000478744506,0.0758779644966125,0.0420415289700031,0.099552221596241,-0.1025315672159195,0.1001472920179367,0.0847548618912696,-0.084460936486721,0.1025319099426269,0.0997722744941711,0.0325833372771739,-0.1022684499621391,0.0675907880067825,0.1023706942796707,0.0470277592539787,-0.1024782955646514,0.0991410985589027,-0.0507170706987381,-0.1025280058383941,0.0610297620296478,-0.1025283262133598,-0.081469252705574,0.1025061830878257,-0.0967738106846809,0.0694097802042961,0.1024141013622284,0.0629017725586891,-0.0743983834981918,-0.0839421823620796,0.0585232265293598,0.1021358743309974,0.1024035215377807,-0.1024840325117111,0.1005338057875633,-0.0916033014655113,0.0926709994673729,0.1025309488177299,0.1022693514823913,0.0660614296793937,-0.0905029624700546,0.1000512316823005,0.0921357274055481,-0.0672745630145073,0.0799284875392913,0.1024241670966148,-0.1014557406306266,-0.0573538057506084,0.1004199311137199,-0.1007901355624198,-0.1021639481186866,0.1020125597715377,-0.1019157320261001,0.1025319546461105,0.0957954227924346,-0.1024709343910217,0.0934642106294632,0.1016717851161956,0.0438173897564411,-0.1005939096212387,0.1022489964962005,-0.0672696009278297,-0.0997980907559394,0.0780196338891983,0.0957797169685363,0.0909356102347374,0.0965357571840286,-0.1021281480789184,0.0996703878045082,-0.1020492166280746,0.0338710658252239,-0.1002736091613769,0.085571639239788,-0.0866292789578437,0.1001276522874832,0.0591218583285808,-0.1022880002856254,0.100345678627491,-0.0987776815891265,-0.0986114665865898,0.0391024276614189,-0.0948978215456008,0.0833182632923126,0.0182771068066358,0.102248728275299,-0.0500479899346828,-0.0777751505374908,-0.101262591779232,0.1025184690952301,-0.0761265158653259,0.1005845293402671,-0.1024824455380439,-0.0961738228797912,-0.0698346272110939,-0.0976198241114616,-0.0493227057158947,0.1024230346083641,-0.1018180251121521,-0.0879736617207527,-0.0294755138456821,0.0937295109033584,-0.0224285200238227,0.1016738712787628,0.0989529192447662,0.1025320589542388,0.013230375945568,0.0949738621711731,0.0953814536333084,-0.0954547598958015,0.0953548625111579,-0.0955087393522262,0.0955087766051292,-0.0954981744289398,-0.0955089032649993,-0.0915373563766479,0.0944626182317733,0.0942225083708763,0.0880258530378341,0.0504399351775646,0.0955089032649993,-0.0955080986022949,0.0954890772700309,-0.0948662608861923,0.0949645042419433,-0.0955087393522262,0.0847591757774353,-0.0953760594129562,-0.0955086275935173,-0.0954664275050163,0.0954225584864616,0.0954935103654861,0.0733323171734809,-0.0745796561241149,0.0904081314802169,-0.0925130322575569,0.0909726023674011,-0.0952307507395744,0.0791019275784492,0.0891856998205185,0.0954976379871368,-0.094074472784996,-0.0727425068616867,-0.0942212641239166,0.0955024361610412,0.0955006331205368,0.0662758126854896,-0.0768464207649231,-0.0912264585494995,0.0952973663806915,0.0955049395561218,-0.0955089181661605,0.0951043590903282,-0.0595227405428886,-0.0710978507995605,0.0937264263629913,0.0801978111267089,0.0952454507350921,-0.0847797393798828,0.095346875488758,0.0955088511109352,-0.0839055180549621,-0.0791591107845306,-0.083004780113697,0.0955059751868248,-0.0954120084643364,-0.0029847277328372,0.0953132882714271,0.0954348742961883,-0.0955035760998725,0.0955017209053039,0.0934913381934166,0.0928484946489334,0.0955072343349456,-0.0954695045948028,-0.0955089181661605,0.0952019765973091,0.094474509358406,0.0955089181661605,0.0147084845229983,0.0715731382369995,0.0954930260777473,0.0117910001426935,0.0755840539932251,0.0829067826271057,0.0436754636466503,-0.0954973027110099,0.0952431634068489,-0.0947952345013618,-0.0120119843631982,-0.0945289954543113,0.0954916328191757,-0.0955084785819053,0.0112291742116212,-0.0752253830432891,0.0802306234836578,0.0854857936501503,-0.0955084934830665,-0.0955029129981994,-0.090499073266983,-0.0822690576314926,-0.095379039645195,0.0954057499766349,-0.078756034374237,-0.0955084040760994,-0.0953459590673446,-0.0201286245137453,-0.0952211320400238,-0.0955073460936546,0.0954983159899711,0.0954761803150177,-0.0955089181661605,-0.078573353588581,0.0926091074943542,0.0955089181661605,-0.0955088138580322,0.032911155372858,-0.0955088064074516,-0.0955089181661605,-0.0930886268615722,0.0812609121203422,-0.0952943786978721,-0.0949644893407821,0.0921031385660171,0.0832683145999908,0.0954503789544105,-0.0955089032649993,0.0955088809132576,0.0947459712624549,-0.0950693562626838,0.0914496928453445,0.0951399877667427,-0.0953665077686309,0.0832110047340393,0.0954147055745124,0.0907320901751518,-0.0735678970813751,-0.088798351585865,-0.0859916433691978,0.0903001204133033,0.090757317841053,-0.0907286927103996,-0.0880415514111518,-0.0907682478427887,-0.0906730443239212,-0.0906669646501541,0.0905811116099357,0.0853881239891052,0.0907598286867141,0.0907876938581466,-0.0907774493098259,-0.0728268250823021,0.090787686407566,-0.0907851830124855,0.0907878950238227,0.0896312892436981,0.0906439572572708,-0.0907591432332992,-0.0907899141311645,-0.0907887443900108,0.0907564759254455,-0.0901476442813873,0.0907914191484451,0.0907915607094764,-0.0884583741426467,0.0900577306747436,-0.090764582157135,0.0901371538639068,0.0907806828618049,-0.0904084891080856,0.090223528444767,0.0792677253484726,-0.0901951342821121,-0.0907814428210258,0.0906086638569831,0.0907889232039451,-0.0013698132243007,0.0820855274796485,0.0835451558232307,0.0897775366902351,0.0907914340496063,0.0906331986188888,0.0907796770334243,0.0903238505125045,-0.0885876566171646,-0.0900812968611717,0.0901638865470886,-0.0907850861549377,0.0907914489507675,-0.0827739760279655,0.0905575826764106,-0.0907881259918212,0.0907516255974769,-0.0907771661877632,-0.0892814397811889,-0.0828152671456337,0.0907648280262947,-0.0906219407916069,0.0901972129940986,0.0907914936542511,-0.0890361815690994,-0.0905238091945648,0.0808456614613533,0.0906969010829925,0.0668636485934257,-0.0907854437828064,0.0907778516411781,0.0876205191016197,0.0907380655407905,-0.090782456099987,0.0907724499702453,0.0907911732792854,0.0796657875180244,-0.0898545160889625,0.0839301794767379,0.090791530907154,-0.088786743581295,-0.0873671695590019,-0.0905384644865989,-0.0907023325562477,0.0906645804643631,0.0843675211071968,-0.0907908678054809,0.0345964804291725,0.0904879570007324,0.0895480439066886,0.0905215889215469,-0.0907433107495307,-0.0870067998766899,0.0900770872831344,0.0907902494072914,0.0906879305839538,0.085398718714714,0.0833218246698379,0.0907858163118362,-0.0887597948312759,0.0900204181671142,-0.0842866003513336,-0.0903811380267143,0.0906839594244957,0.08802080899477,-0.0907875970005989,0.0907854065299034,0.0907715186476707,0.0893534049391746,-0.0907745733857154,0.0907302647829055,0.0828456431627273,-0.0890458971261978,-0.0907825902104377,0.0907667800784111,0.0907785296440124,0.0904656797647476,-0.0907915607094764,-0.0907915607094764,0.0902932062745094,-0.0893614515662193,-0.0897789672017097,0.0864525660872459,0.0906227603554725,0.0907750576734542,0.0906871482729911,-0.0907803177833557,-0.0504250936210155,0.0802744850516319,0.1290269792079925,-0.015187301672995,0.131410539150238,0.1152112409472465,0.1270833313465118,-0.0790667459368705,-0.0233736000955104,0.1183219850063324,0.0568361170589923,0.1321998536586761,0.1070190444588661,0.0340903028845787,0.1031618788838386,-0.1199267655611038,-0.0792583599686622,0.0950716584920883,-0.1300037205219268,0.0759274885058403,-0.0879445299506187,-0.0911839231848716,-0.0045104157179594,0.0263877920806407,0.0067836288362741,-0.0184208136051893,-0.0892383605241775,0.0837121605873107,0.0676073729991912,0.0458741448819637,0.0926190093159675,-0.1221052706241607,0.1108051016926765,-0.0951746776700019,0.1149201691150665,-0.0856503993272781,0.1245056614279747,-0.1173622235655784,0.0860012918710708,-0.0886533856391906,0.0576348677277565,-0.0646952912211418,-0.0962496474385261,-0.1219352409243583,0.123919203877449,0.1355455368757248,-0.1164541095495224,-0.1205646321177482,-0.0721376612782478,0.0043018744327127,-0.1160893440246582,-0.0413467772305011,0.0579407885670661,-0.1224200949072837,-0.065896950662136,-0.0687398761510849,-0.0927675366401672,0.0507889837026596,0.0243985317647457,-0.1136100068688392,0.0527923293411731,0.1213051751255989,-0.133998155593872,-0.0645455047488212,-0.0880074799060821,-0.0769247338175773,-0.0730944350361824,0.0962379053235054,0.0035531595349311,-0.075521670281887,-0.1230933889746666,-0.0580521039664745,-0.1293085068464279,-0.1003964617848396,0.1301861405372619,0.0805788338184356,0.0159931629896163,0.0764244422316551,0.0440528504550457,0.1293942183256149,0.1267570406198501,-0.0531998053193092,-0.0536926053464412,0.1358942985534668,0.1223577708005905,-0.0941310003399849,0.0393576361238956,0.0628395900130271,-0.1271514296531677,-0.117033414542675,-0.0997233465313911,0.06751399487257,-0.1335548758506775,-0.1245186328887939,0.1320771425962448,-0.053448025137186,0.069260224699974,-0.0472955182194709,-0.0126693667843937,-0.0269682686775922,0.0882115513086319,0.075282484292984,0.0710721760988235,0.0432519204914569,0.068624660372734,0.0016913077561184,0.0790745690464973,0.0732588246464729,-0.090133212506771,0.1037752330303192,0.0125368013978004,-0.0443764887750148,0.1328890770673751,-0.0813769772648811,-0.0431091487407684,0.0812519043684005,0.1067552044987678,-0.0248839911073446,-0.0309928879141807,0.0465549044311046,-0.0893874317407608,-0.1296648532152176,-0.0718200281262397,0.021846605464816,-0.1038607507944107,0.0380866266787052,0.0446987636387348,-0.0519617460668087,0.0639340654015541,0.0523537099361419,-0.0584294870495796,0.1121361628174781,0.1269260942935943,-0.1250575482845306,-0.0052328421734273,-0.131908506155014,-0.0467140898108482,-0.0396677404642105,-0.1187231689691543,0.0863283649086952,-0.0719707682728767,0.0004049179842695,0.1330014169216156,0.0863670259714126,-0.083148218691349,0.0856377109885215,0.0972043052315712,-0.1344684511423111,0.1293466240167617,-0.108767956495285,0.0516553074121475,0.0812544748187065,-0.0507825687527656,0.0055773896165192,0.0958293676376342,-0.123487964272499,-0.1221552938222885,-0.0998212844133377,-0.0058464929461479,-0.0544540919363498,0.1345528662204742,-0.0693257451057434,-0.1327875703573227,-0.1105961427092552,-0.0400312319397926,-0.1305951029062271,-0.0059583005495369,-0.1006745919585228,0.115944817662239,0.1340614855289459,0.0188761241734027,-0.1281910389661789,-0.042447667568922,-0.0692496970295906,-0.100495658814907,-0.1078215315937995,0.0136437295004725,0.0702874734997749,-0.0604956895112991,0.0631764605641365,0.0833820104598999,0.0166523028165102,0.0292688403278589,0.1260833740234375,0.1093379855155944,-0.1336506903171539,0.062743917107582,0.0015618158504366,-0.0962960645556449,0.1130415648221969,-0.0999695211648941,0.0409117750823497,0.1343127489089965,-0.0283313207328319,-0.097534030675888,-0.091271623969078,0.1157121062278747,0.1287197321653366,-0.1130826771259307,0.0913244634866714,-0.1017385423183441,-0.1043268144130706,-0.0252256616950035,0.0666533336043357,-0.0574394240975379,0.0101952198892831,-0.0123190600425004,-0.0276105068624019,-0.1056024581193924,-0.0472276099026203,0.1162958815693855,0.127472311258316,0.0970382392406463,0.0080767711624503,-0.0808222517371177,0.0649627670645713,0.1228324174880981,0.0691107437014579,-0.024539353325963,-0.0618676804006099,-0.1295188814401626,0.0327891074120998,-0.1181706562638282,0.083619087934494,0.0403688587248325,0.0778251439332962,-0.1207340136170387,0.0184797476977109,-0.0255534686148166,-0.1095855981111526,-0.0018146878574043,-0.0487437359988689,-0.0715652927756309,0.1325546354055404,-0.035931222140789,0.0313919857144355,0.0915685072541236,-0.0259177293628454,0.0542705170810222,-0.0740917101502418,0.1019101813435554,-0.0221105944365263,-0.1303567588329315,0.1331835687160492,-0.0009203992085531,-0.1260255724191665,0.0840728729963302,-0.1322803795337677,0.0985743105411529,0.0638212114572525,0.0447207428514957,-0.1159287691116333,-0.1000258922576904,0.123697355389595,0.0746908783912658,-0.0655768141150474,IVCCUGCKGYWXTI-UHFFFAOYSA-N,O=C(O)c1cn(C2CC2)c2c(cc(F)c3c4ccccc4[nH]c32)c1=O
0.1275366097688675,0.102422796189785,0.0818028897047042,0.119848184287548,-0.0553657449781894,0.0246088337153196,-0.1209016889333725,0.0809677690267562,0.0410622768104076,-0.0408126227557659,-0.1192214712500572,-0.0162595100700855,-0.0641179382801055,0.0362785793840885,0.1334534138441085,-0.097270131111145,-0.1306403577327728,0.1274725943803787,-0.0059807482175529,0.1042963117361068,-0.0429031252861022,0.0074775526300072,0.0898617655038833,0.1117774173617363,0.0139791909605264,-0.0096248211339116,-0.1202419400215148,-0.0170027296990156,0.0933461412787437,0.0316247455775737,-0.1059124916791915,-0.0847030058503151,0.1300226747989654,0.0073111881501972,0.126325786113739,0.1208149045705795,0.1162211596965789,-0.1268893629312515,-0.0185802690684795,-0.1112221553921699,-0.0365875214338302,0.0696489587426185,-0.1332273185253143,-0.057062916457653,0.0864315032958984,0.0231826230883598,-0.1320937126874923,-0.1235781982541084,-0.0533476248383522,-0.1177168115973472,-0.0201214794069528,0.0915926098823547,-0.1050065457820892,0.1285724490880966,0.0368607938289642,-0.1051669418811798,0.0399648547172546,-0.0915291756391525,0.0657017976045608,-0.0593717321753501,0.1334792822599411,0.1335294544696808,-0.0581324100494384,-0.0631373897194862,-0.1058278381824493,0.1060354262590408,-0.0941254049539566,0.0242801401764154,-0.0177572052925825,-0.0267026871442794,0.0836526900529861,-0.1003875657916069,0.0973843559622764,-0.0068310792557895,-0.1280591487884521,0.1252695024013519,-0.1120451986789703,0.1156326085329055,0.058344267308712,-0.108255848288536,0.1054471880197525,0.1319948434829712,0.0745801255106926,0.0065320618450641,0.0427162908017635,-0.0173914544284343,0.0315752774477005,-0.0602190122008323,-0.0460088960826396,-0.0093815587460994,0.1314310580492019,0.132326453924179,-0.0106171509250998,-0.0448735617101192,-0.0661321282386779,-0.1088217422366142,-0.0424058064818382,0.1329789161682129,0.1178780123591423,0.0028340651188045,0.0218800455331802,-0.040385290980339,0.0772736594080925,0.1108522117137909,-0.0827863439917564,-0.1133579537272453,0.0893627777695655,-0.1132938489317894,-0.1024705916643142,0.0535389184951782,0.06447434425354,-0.075962945818901,-0.1236894652247428,-0.0536879114806652,0.0855532959103584,0.1283628493547439,-0.0617467835545539,0.0017730132676661,-0.0199062153697013,0.1289282590150833,0.0507077164947986,0.0922736451029777,0.1014056876301765,-0.1079178899526596,0.1303329169750213,0.1145092248916626,-0.1017990335822105,-0.0126188658177852,-0.0184795409440994,-0.0652494579553604,0.0901209115982055,0.0819191038608551,-0.0211981572210788,-0.0672295168042182,0.1134748235344886,0.0989743843674659,-0.0631298646330833,-0.0838934928178787,-0.1028630658984184,-0.0483736358582973,0.0464722514152526,0.0290823467075824,0.0786516144871711,0.0178417637944221,-0.0015633769799023,-0.0905824452638626,0.0753865242004394,0.1040250286459922,-0.1034792214632034,0.1246593296527862,0.1181521490216255,0.1030736118555069,-0.0609388574957847,-0.0954557135701179,-0.1237333789467811,0.0799891501665115,0.0970125719904899,-0.119306668639183,-0.116883710026741,-0.0440637320280075,0.1074524894356727,0.1188507825136184,0.1246135383844375,-0.1208457797765731,0.0902581438422203,-0.0693054869771003,0.0950266867876052,0.1006788536906242,0.0626364573836326,-0.004208545666188,0.0942164957523346,-0.0112276291474699,0.1053928211331367,-0.1064520254731178,-0.11674165725708,0.0795919075608253,0.1250825822353363,0.1129634156823158,0.0798548832535743,0.1252886801958084,-0.1071578487753868,0.1183991059660911,-0.1151343062520027,0.101493053138256,-0.0692407190799713,0.0063653755933046,0.0078076971694827,0.0002353173185838,0.1217943057417869,0.1105432361364364,0.0804152935743331,-0.0565542094409465,0.0851544961333274,0.1197859123349189,0.067257635295391,0.1221337914466857,-0.1247476786375045,0.1109698191285133,-0.0432202331721782,-0.1146115660667419,-0.1188364773988723,0.1229062229394912,-0.0941172167658805,-0.0574564822018146,-0.0705780908465385,0.0950517058372497,-0.057394728064537,-0.1092144027352333,-0.1078097000718116,0.0572127141058445,-0.1079351231455802,0.0976142659783363,0.0129747409373521,0.0568046830594539,0.1077925860881805,-0.0933871492743492,0.0149359218776226,0.1015851721167564,-0.08974589407444,-0.0745240151882171,0.0821358785033226,-0.002586459275335,0.0977846831083297,0.1205314695835113,-0.0397862307727336,-0.1085997521877288,0.0704687982797622,0.1024170070886612,0.111939936876297,0.0046447664499282,-0.1238927617669105,0.093941755592823,-0.0179295521229505,0.0200389847159385,0.1241842880845069,-0.1224175170063972,0.0837053060531616,0.0894593372941017,-0.016245374456048,-0.0181044656783342,-0.1066582947969436,0.1083734184503555,0.0947275385260582,0.0348948985338211,0.0383724197745323,0.0147880921140313,-0.0363885387778282,-0.0242530852556228,0.1234331801533699,-0.085975743830204,-0.0004889367846772,0.0402975939214229,-0.1108365654945373,0.1220031082630157,-0.1221590191125869,0.0287636779248714,0.0996484234929084,-0.0843098387122154,-0.1106231957674026,-0.0264339819550514,0.1102810651063919,0.1146027594804763,-0.0384915173053741,0.0245982818305492,0.1053914427757263,-0.0571291930973529,0.1142838969826698,-0.1083536297082901,0.1043094098567962,-0.062762051820755,0.1136412918567657,0.027103217318654,-0.1152698770165443,0.0491924174129962,0.0502569675445556,0.0274269077926874,0.0248106978833675,0.0251179952174425,0.1148575991392135,0.0655621811747551,-0.0846680179238319,-0.0219277441501617,0.1116497442126274,0.025478133931756,0.1098616570234298,0.0397022813558578,0.1154205352067947,0.0634320154786109,-0.1110739558935165,0.0974462777376174,-0.0625590905547142,0.0750150084495544,0.114455759525299,-0.0419760420918464,0.0819865688681602,0.0871548354625701,0.1155084297060966,0.0352837890386581,-0.1051211729645729,-0.1131899505853653,0.0607297010719776,-0.1056209653615951,-0.0171702839434146,-0.0653610751032829,-0.1106759533286094,-0.1083037257194519,0.0710432603955268,-0.112900860607624,-0.1155023202300071,0.1154208183288574,0.1012972742319107,0.1120395138859748,0.1138766780495643,0.0427126064896583,-0.1014130711555481,0.0985502898693084,0.1116770282387733,0.1038273721933364,0.0587743036448955,-0.0903760641813278,-0.0532224997878074,0.1129521504044532,0.0879009068012237,0.0983222126960754,0.1154860034584999,-0.0344394631683826,-0.1137409508228302,0.0317660234868526,0.0684486702084541,0.0995173975825309,-0.1006508022546768,0.045468870550394,0.0644384995102882,-0.0960927531123161,0.1153833642601966,-0.1073311045765876,-0.1130703538656234,0.1078952103853225,-0.052766565233469,0.1008229181170463,-0.1106778532266616,-0.0334553085267543,0.0909635201096534,-0.1153621822595596,-0.0926844477653503,-0.0554992444813251,-0.1130945608019828,-0.0922834128141403,0.115512728691101,0.0868492424488067,0.1076448783278465,-0.1151001006364822,-0.0882687196135521,0.089307315647602,0.1010433733463287,-0.1151121407747268,-0.0722304806113243,0.0756294727325439,0.0260121226310729,-0.1108501479029655,0.0995805263519287,0.0187714714556932,-0.0138763571158051,-0.1012618616223335,0.1154129728674888,0.0135429129004478,-0.0219046976417303,0.0095575889572501,0.1107961013913154,-0.1147757098078727,-0.0459284409880638,0.0316017121076583,0.1153569519519805,0.1091676354408264,0.0917607992887497,-0.0708866566419601,-0.0370190702378749,-0.0559866577386856,-0.096543863415718,0.112188883125782,-0.1116231381893158,0.1138532012701034,-0.0197354480624198,-0.1064969226717948,0.0918543636798858,0.0966937541961669,-0.0168720334768295,0.078233353793621,0.0592133365571498,0.0769027918577194,-0.0710218548774719,0.0542993508279323,0.0530542396008968,-0.1008335426449775,0.0911875739693641,-0.1019643172621727,-0.0627375692129135,0.1229176446795463,-0.0709870234131813,-0.0551632083952426,-0.1444950848817825,-0.0384783223271369,0.1558176130056381,-0.0054836077615618,-0.0888215079903602,0.1148957759141922,0.098268412053585,-0.1137005016207695,0.0514015741646289,-0.0001509446301497,-0.0650255605578422,-0.0245912708342075,-0.0442507490515708,-0.1201191693544387,0.0561786256730556,0.0196381155401468,-0.1550882756710052,0.1338937133550644,0.1432973146438598,-0.1261010617017746,-0.1078898459672927,-0.1447892934083938,0.0205485746264457,0.1112988069653511,0.0479682423174381,-0.0392270758748054,0.0878435596823692,-0.1166593581438064,0.0261848848313093,0.0372511781752109,-0.0797249898314476,0.0492940507829189,0.0562173053622245,-0.0674943178892135,0.0313643813133239,0.0365762896835804,0.0295498054474592,-0.0351222939789295,-0.0221746563911438,-0.0902592241764068,-0.03009495139122,0.0723078474402427,0.0432205311954021,0.1355107873678207,-0.0195903815329074,-0.0282866861671209,0.1654508709907531,0.0487641058862209,0.0558832809329032,-0.1226536631584167,-0.1437165588140487,0.0662220045924186,-0.0576390735805034,0.1242188215255737,0.1010865122079849,-0.0363979041576385,-0.0622512437403202,0.0409556999802589,-0.0687607899308204,-0.1104103103280067,0.1543797999620437,-0.1412912607192993,-0.1190171167254448,0.0919936448335647,0.1172501295804977,0.1081592291593551,0.0221400260925292,-0.1029990538954734,-0.0250312183052301,0.0153176207095384,-0.0497214421629905,0.1428900063037872,0.1005384474992752,0.0995120853185653,0.0039061915595084,0.111887089908123,-0.0856174528598785,0.0277307089418172,0.0956689268350601,-0.0266871992498636,0.0529479272663593,0.131162479519844,-0.0697040259838104,-0.0642908066511154,0.0368622466921806,0.1048075854778289,0.123609222471714,0.0490944236516952,-0.1112455427646637,0.0488524436950683,0.0197973623871803,0.1155728697776794,0.1453392207622528,0.0261289291083812,-0.0728745236992836,0.0862228348851203,0.1518449187278747,-0.0195031613111495,-0.0002561000874266,-0.003985215909779,0.169976457953453,0.068901352584362,-0.1479308605194091,-0.0786437541246414,-0.0554507300257682,0.101092055439949,-0.0708076655864715,-0.0713051781058311,-0.0989206060767173,-0.1006412431597709,0.0916930437088012,-0.108245700597763,-0.0796030387282371,-0.0131675554439425,0.079979233443737,-0.0412874296307563,0.1134405955672264,0.1661165654659271,0.1949601173400879,-0.0881876945495605,0.1344470679759979,0.0811914578080177,0.0749595835804939,0.1306500136852264,0.0361685007810592,0.0576134100556373,0.0444361642003059,-0.1587795466184616,0.0089722955599427,0.0700525790452957,0.0338040217757225,0.1297084689140319,-0.0644286200404167,0.0314832031726837,-0.0931830033659935,0.0751900896430015,-0.0074461055919528,0.1769225001335144,-0.1293630301952362,-0.0789181813597679,0.0642099529504776,0.1162042319774627,-0.0202891025692224,0.0301722716540098,0.025764001533389,-0.0569614246487617,0.0087878424674272,-0.105648435652256,0.0622960925102233,-0.164147287607193,0.0427473001182079,-0.1122199669480323,-0.1279373168945312,-0.0277480017393827,0.0363034382462501,-0.0820604413747787,-0.0032508107833564,-0.0922969207167625,-0.1461887061595916,-0.1002716198563575,0.0715219005942344,-0.0178457535803318,0.0035751797258853,0.0700727552175521,0.12962007522583,0.0405581183731555,-0.0275465510785579,-0.0348832197487354,-0.1425272822380066,0.0681290477514267,0.0873373672366142,-0.0617082715034484,0.0567780919373035,-0.0471426434814929,-0.1208626255393028,0.0660526305437088,-0.1575794965028762,-0.10655078291893,-0.0600185021758079,0.1081228479743003,-0.0678636059165,-0.0004734447575174,0.0971762835979461,-0.1258050203323364,-0.0129267638549208,-0.129490241408348,-0.0595134124159812,0.0507201962172985,0.1082053482532501,-0.066397026181221,0.107841357588768,0.0330553315579891,0.0299277231097221,0.0404890961945056,0.0240717399865388,0.0635938942432403,0.0218147076666355,0.019459806382656,-0.1137452945113182,0.1036074012517929,0.0218689814209938,-0.0607663430273532,0.1243695989251136,-0.0931515172123909,-0.0879528224468231,-0.1306645721197128,0.1685764789581298,0.1106307208538055,0.0530070811510086,0.1154951900243759,0.0880464985966682,-0.1265656948089599,0.0327141396701335,0.092227853834629,0.0738674402236938,0.0046706590801477,0.0811729058623313,0.0051688733510673,-0.0289318542927503,0.0745149552822113,0.013071778230369,0.085677720606327,0.0039550671353936,0.0284486319869756,0.1501379311084747,-0.0136705711483955,0.0518848374485969,-0.1011376976966857,0.1692078113555908,-0.0762941092252731,0.0755453780293464,0.1221028193831443,-0.1566316783428192,-0.1670127362012863,0.0581928081810474,-0.0193179752677679,-0.0229540802538394,-0.0441134124994277,-0.0445132069289684,-0.0275514125823974,-0.1430107057094574,0.0236656479537487,-0.0938921496272087,0.1417394876480102,-0.0175155065953731,0.1979428827762603,0.1073787063360214,0.2102303504943847,0.0066365413367748,-0.069088339805603,0.151822343468666,0.0210711602121591,-0.0840557068586349,-0.0031022576149553,0.050837904214859,0.0170215666294097,-0.0509062372148036,-0.0742265880107879,-0.0637991651892662,-0.1117000877857208,0.1274709850549698,0.0886048227548599,0.0043028839863836,-0.0947379767894744,-0.0451132841408252,0.040898710489273,-0.0173631887882947,0.1575108617544174,-0.0423105247318744,-0.0227415710687637,0.0805844441056251,0.0678821504116058,0.1318897902965545,-0.0300788916647434,-0.1311509311199188,0.0827986523509025,0.1053616553544998,-0.035537239164114,0.1218953505158424,-0.0056965700350701,0.1339410990476608,-0.0408332422375679,-0.0280249584466218,-0.159362256526947,0.1115517169237136,0.0171153489500284,0.1953206211328506,-0.093973197042942,-0.0151288323104381,0.031695082783699,-0.0116964252665638,0.0441996566951274,-0.044789545238018,0.0113370735198259,0.0878022760152816,0.0038674192037433,-0.1164310425519943,0.0061778482049703,-0.1237336546182632,-0.0053299195133149,0.0084880888462066,0.0136654609814286,-0.0408427193760871,-0.0671596229076385,0.1136457026004791,-0.0953851416707038,-0.0141586735844612,-0.0400052592158317,0.007310886401683,-0.009619865566492,-0.1452431231737136,-0.0974223539233207,-0.0163988582789897,0.0068612368777394,-0.0397331416606903,-0.0044180885888636,-0.1175460964441299,0.0592801719903945,-0.0968212038278579,-0.0418139472603797,0.050874788314104,-0.0893413126468658,0.0182661898434162,-0.0262845940887928,-0.0497416295111179,0.045878030359745,0.0454196892678737,-0.0160850565880537,-0.0495192743837833,-0.0877641960978508,0.1342316269874572,0.0483535304665565,-0.0736784189939498,0.0651488527655601,-0.0926971510052681,0.0505969636142253,-0.0342002920806407,0.0016094879247248,0.0154906716197729,-0.0310225337743759,-0.012978134676814,0.1681120991706848,-0.0279609505087137,-0.072311632335186,0.0284639038145542,-0.0119404094293713,-0.1062965989112854,-0.1450176686048507,0.0282349549233913,-0.2044362425804138,0.0853225663304328,-0.0531759038567543,0.1496829986572265,-0.0797534137964248,0.1389949321746826,-0.1663655042648315,-0.0726978406310081,-0.0980894565582275,-0.1081416308879852,-0.1069872230291366,-0.049131654202938,0.1044450402259826,0.2354602664709091,0.057012066245079,0.0807335749268531,-0.1483653038740158,0.0061063920147717,-0.0320884399116039,JTVTVLWVTWWDDW-UHFFFAOYSA-N,O=C(C(O)c1cc(Cl)cc(Cl)c1)N1CC[S+]([O-])CC1
0.0946138128638267,-0.0989615470170974,0.098103754222393,0.0989618152379989,-0.0989501848816871,0.0987714678049087,0.0989544242620468,0.0612105242908,0.0980722308158874,-0.0989617928862571,0.0175622794777154,-0.0988823398947715,-0.0779707580804824,0.0397756285965442,0.0988590270280838,0.0862448066473007,0.0988205000758171,-0.0652118176221847,-0.0988499745726585,0.0989618077874183,0.0214750729501247,0.0989617183804512,-0.0989616140723228,0.0989617705345153,-0.0078957779332995,0.0985996574163436,-0.0219532214105129,-0.0736229941248893,-0.0989335030317306,-0.0989465340971946,0.0590540952980518,0.0989613607525825,-0.0167353004217147,-0.0987448394298553,0.0565948113799095,0.0710805058479309,-0.0902371704578399,0.0565969869494438,-0.0937154591083526,-0.0988485291600227,0.0989618152379989,-0.0989618152379989,-0.0925770998001098,-0.0989564806222915,0.0987805128097534,0.098956324160099,-0.0988646447658538,0.0989618152379989,-0.0975912287831306,-0.0968452095985412,-0.0934948027133941,0.0989286229014396,0.0014619873836636,0.0988644436001777,-0.0961280614137649,-0.0955958142876625,-0.0733149945735931,0.0965894758701324,0.0989614799618721,-0.0985184162855148,-0.0762930735945701,-0.0989618152379989,-0.0984265357255935,0.0399422161281108,-0.0989615991711616,0.0988345891237258,-0.0572785101830959,-0.0439541973173618,0.0989618152379989,0.0952735692262649,-0.0572569593787193,-0.0978860557079315,-0.0788463279604911,0.0989532321691513,0.0989603549242019,-0.0927386060357093,-0.0521126948297023,-0.0487465858459472,-0.0989164933562278,0.098961628973484,-0.098934106528759,-0.098961740732193,-0.0989473015069961,-0.0597874969244003,-0.0989618152379989,-0.0989613831043243,-0.0882223173975944,0.0989614427089691,-0.0957875549793243,-0.0989474430680275,-0.0907101482152938,-0.0961335822939872,0.0989617630839347,0.0989593714475631,0.0989618152379989,-0.0989098101854324,-0.0987912788987159,-0.0989512130618095,0.0463965274393558,0.0989618003368377,-0.0976598635315895,-0.0989616587758064,-0.0989617705345153,0.0988896936178207,0.0986124575138092,0.0989618152379989,-0.0959922969341278,-0.0937906950712204,0.0989618077874183,0.094903789460659,0.0694899186491966,0.0775538310408592,-0.0070576528087258,-0.098961740732193,0.0161958970129489,-0.0989618152379989,-0.0989238619804382,-0.0986096635460853,-0.0948465690016746,-0.0147116845473647,-0.0989561527967453,0.0771400704979896,0.0351123847067356,-0.0945802554488182,-0.0989617928862571,0.0970711782574653,-0.0944350138306617,0.0945248231291771,-0.0959905534982681,-0.095895804464817,-0.0959848761558532,-0.0959765538573265,-0.0941063091158866,0.0959649085998535,-0.0959878861904144,0.0959714874625206,0.0242899246513843,-0.0959840342402458,-0.0862690582871437,0.0959906801581382,-0.0959862396121025,0.095827892422676,-0.0959906801581382,-0.0014635124243795,0.0959906131029129,-0.0955534800887107,-0.0959734767675399,0.0432067401707172,-0.095324233174324,-0.0944931209087371,-0.095869593322277,0.0959906801581382,0.0234466828405857,0.0959751680493354,0.0959902182221412,0.0959723740816116,0.0954606905579567,-0.0853712484240531,0.0015404433943331,0.0333185195922851,0.0956053063273429,-0.0119401728734374,0.0959438607096672,0.0955056622624397,-0.0959868729114532,-0.0959906801581382,-0.0821301266551017,-0.0585816949605941,-0.0914833694696426,-0.0647162422537803,0.0957965925335884,-0.0901767536997795,0.0955904647707939,-0.0851820483803749,0.0959906801581382,0.0902424156665802,0.0615748278796672,-0.0767224803566932,0.0959868133068084,-0.0959536433219909,0.0908083915710449,-0.0959828421473503,-0.0959603711962699,-0.0959823504090309,0.0959901586174964,-0.0651575997471809,0.0959867238998413,0.0959851816296577,-0.0959906429052352,-0.0928356945514679,-0.0940408334136009,0.0954996719956398,0.0959906503558158,0.0959896445274353,0.0959842354059219,-0.0959902256727218,-0.0959745571017265,-0.095990665256977,0.0957938358187675,-0.0959906503558158,-0.0853389501571655,-0.0959497690200805,-0.03319838270545,0.0957669615745544,0.0958094894886016,0.0886090844869613,-0.0771695598959922,-0.0959905683994293,-0.0713942423462867,0.0959892123937606,-0.0959397107362747,0.0954286530613899,-0.0931424796581268,0.0959674566984176,-0.0957162752747535,0.0958705097436904,0.0957254916429519,-0.09593216329813,-0.0937044769525528,-0.0948740318417549,0.095349833369255,0.0959611311554908,-0.0959906205534935,-0.0959905758500099,-0.0959863439202308,-0.0776712670922279,-0.0959906801581382,0.0932968631386756,0.0885762870311737,0.094612143933773,-0.0899602845311164,0.0787133052945137,-0.0048227137885987,0.0896673575043678,0.0808660611510276,0.0959890186786651,-0.025473840534687,-0.02296550758183,-0.0956266820430755,-0.095828041434288,0.0928959101438522,0.0253928676247596,0.0959880053997039,0.0947112143039703,0.0959823206067085,0.0959816947579383,0.0959906801581382,0.0959889441728591,-0.0959892123937606,-0.0954455360770225,0.0947759300470352,-0.0173346549272537,0.0959885269403457,0.0959436297416687,0.0959816798567771,-0.0898682475090026,0.0956134125590324,0.0956296920776367,-0.025516478344798,0.0956189781427383,-0.0956298112869262,-0.0956261754035949,0.0953798964619636,-0.0956297665834426,0.0954744815826416,0.0947669893503189,-0.0933104306459426,-0.0670839548110961,0.0327877812087535,0.094793289899826,0.093476690351963,-0.0849366635084152,-0.095601312816143,0.0929237380623817,0.0911778435111045,0.0951330587267875,-0.0956297889351844,-0.0694953352212905,-0.0382008478045463,-0.095433160662651,0.095572143793106,0.0636838972568512,0.0956143215298652,-0.0931833684444427,-0.0881062150001525,0.0949539318680763,0.0934171751141548,0.0956266075372695,-0.0914360135793685,0.0938325375318527,-0.0817916542291641,-0.0955870449542999,0.0396112836897373,0.0956266671419143,-0.095600888133049,0.0956298261880874,-0.0945196971297264,-0.092707060277462,0.0955663174390792,0.095629371702671,0.0926983505487442,-0.0956219285726547,-0.0951593369245529,-0.0956227034330368,-0.0105014462023973,0.0934168398380279,0.0954250544309616,0.0956298261880874,0.0956298112869262,-0.0954581052064895,0.0956278219819068,-0.0956298261880874,0.0956298261880874,-0.0956265181303024,-0.0953782796859741,-0.0956221222877502,0.0937375724315643,-0.0541098229587078,-0.095624029636383,-0.0635063275694847,0.0954899415373802,0.0956273153424263,-0.0918452069163322,-0.0501073822379112,-0.0956297367811203,-0.0052508953958749,-0.0956296771764755,-0.0956298261880874,0.050100177526474,0.0945374220609664,-0.0897412821650505,0.0939429402351379,-0.0956277400255203,-0.0954242199659347,-0.094020314514637,0.0918756052851677,-0.0611710771918296,-0.0763885304331779,0.0955415368080139,0.0953713729977607,0.0956298112869262,-0.0498008616268634,0.0945852324366569,0.0946749225258827,-0.0956212356686592,-0.0931407362222671,0.0956297442317009,-0.0915869697928428,-0.0944011956453323,-0.0956297665834426,0.0317682512104511,-0.0956296995282173,0.0946370288729667,0.0775917395949363,-0.0956004932522773,0.0954397916793823,0.0955133810639381,0.0955201536417007,0.0956289768218994,0.0952947288751602,-0.0955726131796836,0.0637711659073829,0.095627836883068,-0.0956296324729919,-0.0956298261880874,-0.0820032656192779,-0.084793820977211,-0.095629371702671,0.0942974463105201,0.0956256687641143,-0.0929955244064331,0.0956214517354965,-0.0835856944322586,0.0956296771764755,-0.0956208184361457,-0.095534473657608,0.0156672671437263,-0.0955794006586074,0.0947831571102142,-0.0705352425575256,-0.093446709215641,0.0874833017587661,-0.0956274643540382,0.0040873829275369,-0.0740291327238082,-0.0549064017832279,0.108612947165966,-0.1211508437991142,-0.0196085982024669,-0.0807856991887092,-0.0319054014980793,-0.1046877205371856,0.0827978923916816,-0.0905695110559463,-0.101294994354248,-0.0866661444306373,-0.0633362829685211,0.1215776205062866,-0.138934925198555,0.0152234649285674,-0.1395029127597808,0.07605741918087,0.0983979627490043,0.0204646587371826,-0.0596830137073993,-0.0645464435219764,0.11105377972126,-0.0694803446531295,-0.0196027942001819,0.0546575263142585,-0.060516707599163,0.0462508834898471,0.0490978099405765,-0.056832306087017,-0.0149444257840514,0.0295418184250593,-0.0622835382819175,0.1405779868364334,0.1438966691493988,-0.0953546166419982,0.064579039812088,0.0529802627861499,0.0272568445652723,0.1422301232814788,0.1166647896170616,0.015885304659605,0.0963564366102218,-0.131350889801979,0.0440795943140983,-0.1188949346542358,0.092805691063404,0.1374996304512024,0.0701414421200752,-0.0246039889752864,-0.037729412317276,0.1317285597324371,-0.1297441869974136,0.0202516596764326,0.0740207359194755,0.0400815531611442,0.0975980162620544,0.1396220624446869,0.013444036245346,0.0724175572395324,0.0165991298854351,-0.1158478781580925,0.1349495202302932,0.0118020270019769,0.1355069875717163,-0.1081743687391281,0.0002635056735016,-0.030662776902318,0.075253739953041,-0.0848616883158683,0.1081364974379539,-0.0669226646423339,0.0494158752262592,-0.0037612533196806,-0.1296326369047165,-0.0259722378104925,0.1318481266498565,-0.0826683193445205,-0.0895204916596412,0.025386918336153,0.1204536482691764,0.1255743354558944,-0.0129128182306885,-0.1013560891151428,0.0786281079053878,0.0855570957064628,-0.1272806674242019,0.1453587263822555,0.0819764882326126,-0.0735161677002906,-0.0847863927483558,0.1429631859064102,-0.023378025740385,-0.1289827823638916,-0.0205618403851985,0.0506722033023834,-0.0659353956580162,0.1338561475276947,0.0964194238185882,-0.1366522461175918,0.0625563859939575,-0.0836638882756233,0.0839579030871391,-0.1013685837388038,-0.0606759376823902,0.0049426355399191,-0.059742622077465,0.0495115630328655,0.1303189694881439,-0.0948074087500572,0.0755097866058349,0.0238552261143922,0.1158474162220954,-0.00391451921314,0.0321524478495121,-0.0193866938352584,0.1333786994218826,0.0582227930426597,-0.135234385728836,-0.1173359379172325,0.0250474754720926,-0.0664297044277191,0.1055881679058075,0.1263092160224914,0.0655749812722206,-0.0482258349657058,0.1166061535477638,-0.1145090982317924,-0.1052669510245323,0.0019532795995473,0.1163705214858055,-0.0752264484763145,0.0604225173592567,0.0793192684650421,0.1215999200940132,0.1208422631025314,-0.0299146920442581,-0.0011003970867022,-0.0347868129611015,-0.0961579382419586,0.1272179782390594,0.1134490668773651,-0.1216722726821899,-0.1210660561919212,0.1051664650440216,0.0610350556671619,-0.1261121928691864,-0.0955195799469947,-0.1155939102172851,-0.1265884786844253,-0.126960277557373,-0.0302889682352542,-0.1201231479644775,0.1049137860536575,-0.1250320225954055,0.1144931465387344,-0.1265936344861984,0.0904579162597656,-0.1040824055671691,0.12222720682621,0.0778818279504776,-0.005317993927747,0.1274432688951492,0.0119273476302623,-0.1050872802734375,0.107032224535942,-0.1008322089910507,0.122392825782299,0.1201493591070175,0.122358426451683,-0.1044107526540756,0.0474603325128555,-0.0253664776682853,-0.0484099984169006,-0.048407457768917,0.0622711330652236,0.0908407643437385,-0.1177181676030159,0.0792842730879783,0.1224018186330795,0.061362225562334,0.0428887009620666,0.1233299598097801,0.0304880682379007,-0.1096774935722351,-0.0743575543165206,0.0504827350378036,-0.0343709737062454,0.0346858724951744,0.0165023915469646,-0.0177148934453725,0.0542805977165699,-0.0127373784780502,-0.035767126828432,-0.0935659706592559,0.0926222503185272,-0.1212138310074806,0.1260703951120376,-0.1262068599462509,0.0508291125297546,-0.106308989226818,0.0578601360321044,0.108271524310112,-0.1195221021771431,0.0426966175436973,-0.0066820266656577,0.1106365919113159,0.0619751252233982,-0.1138184741139411,0.0099777271971106,0.079237587749958,-0.0123156392946839,0.0688673481345176,-0.1119025498628616,0.0470303483307361,-0.1225504204630851,-0.0039874170906841,0.1251180171966552,-0.0113995196297764,-0.0631530284881591,-0.1242443695664405,0.0878051966428756,0.0469289720058441,-0.0333701074123382,0.1079287379980087,-0.1184004098176956,0.05794158577919,0.0160400941967964,-0.0924722552299499,-0.0294306296855211,0.0639684647321701,0.0275546759366989,-0.0876161009073257,0.0375312753021717,0.1210335716605186,0.0950755774974823,-0.0322950854897499,-0.0583043880760669,-0.1210512295365333,0.0871700942516326,0.0495761893689632,-0.0342489555478096,0.1180327236652374,-0.0237751230597496,0.1240598559379577,-0.1258724629878997,-0.0541806071996688,0.0450737066566944,-0.0375059321522712,0.1250330507755279,-0.1022957265377044,-0.1267235279083252,-0.0527163669466972,0.0956781506538391,0.0753989294171333,-0.108799047768116,-0.0453240163624286,0.0619790516793727,-0.0564694367349147,0.0882196724414825,0.1117573902010917,0.1512896716594696,0.1650856137275695,0.1235384494066238,-0.0981589034199714,0.0001208095927722,0.084925964474678,-0.0345344729721546,-0.155637115240097,-0.041418869048357,0.0477024465799331,0.0200406406074762,0.063221737742424,-0.1019686236977577,-0.0889313966035842,-0.1674253940582275,-0.017831390723586,0.0431652776896953,-0.0961548089981079,-0.0242052599787712,-0.0819089040160179,0.1084511056542396,-0.0767072290182113,0.0713320076465606,-0.0115922950208187,-0.0417174398899078,0.1338529586791992,-0.0151527309790253,0.0545852668583393,-0.0177222993224859,-0.0829580426216125,0.0826971977949142,0.0876384004950523,-0.1112122237682342,0.0203719642013311,-0.1480260342359542,0.0601353198289871,-0.0265453439205884,-0.0780403390526771,-0.0316528938710689,0.1084437072277069,-0.1198362112045288,0.1593719571828842,0.0075881793163716,0.0778512954711914,-0.0424824468791484,-0.1177657470107078,0.1080295518040657,0.0452376492321491,0.024978645145893,0.1083294972777366,-0.1346379220485687,-0.0828242450952529,-0.0145904431119561,-0.0748505592346191,0.0096270190551877,-0.035867553204298,-0.0929561182856559,-0.1065299659967422,-0.0862560048699379,0.083942137658596,0.0414033383131027,-0.1272076666355133,0.0035856363829225,0.0512377731502056,-0.1009908616542816,-0.1022233441472053,-0.0836226046085357,0.0266703255474567,-0.0629912242293357,-0.1094754412770271,-0.1304536461830139,-0.1452541947364807,0.0163693167269229,-0.0173801407217979,-0.00974602997303,-0.0694570094347,-0.1461843103170395,-0.0142942555248737,-0.0239828880876302,-0.0628813728690147,0.1575425416231155,-0.0159646589308977,-0.1260491609573364,-0.0301287919282913,-0.112561859190464,0.1130924075841903,-0.008910902775824,-0.0455721691250801,0.0580750256776809,-0.1538160443305969,0.0882489085197448,-0.1020299643278122,0.0296278279274702,-0.0575133934617042,-0.039499245584011,-0.1086931824684143,0.1594010442495346,0.0297563821077346,-0.0038163147401064,-0.1140654012560844,0.0991673544049263,-0.1021389439702034,-0.0731867477297782,0.1253777593374252,-0.0611141882836818,0.1456448137760162,-0.1323779374361038,0.1408355087041854,-0.0567411407828331,-0.00024988676887,-0.0301611125469207,-0.1188624501228332,-0.0562940277159214,-0.048323880881071,-0.1181890144944191,0.0997149646282196,0.1285455673933029,0.1628177613019943,-0.012578846886754,0.0390946567058563,-0.0876332074403762,-0.0074233207851648,-0.0007692608051002,YBQJVAIGJKJPCH-UHFFFAOYSA-N,Cc1nn(-c2ccccc2)c2ncn3nc(-c4ccccc4)nc3c12
0.0987179279327392,0.1012341454625129,-0.1011718958616256,0.0955909937620163,-0.0958066210150718,-0.1013490632176399,-0.1004924923181533,-0.0894955471158027,0.0839905515313148,0.0259319003671407,-0.0939772576093673,-0.0978429019451141,-0.0351295173168182,0.0995610505342483,0.1013488918542862,-0.0686043053865432,-0.1013472825288772,0.1013396307826042,0.0851989537477493,-0.0475887656211853,-0.0513517446815967,-0.0981481596827507,0.0751199722290039,-0.0806831493973732,-0.1010456159710884,0.0371418185532093,-0.0313702933490276,0.0181008037179708,-0.1012622341513633,0.0773974433541297,-0.101035289466381,0.1012076660990715,0.0999882593750953,0.0285006370395421,0.101316899061203,0.0917429625988006,0.1009724140167236,-0.1013414487242698,0.0467772111296653,-0.1013490036129951,0.0999720990657806,0.1011244729161262,-0.1012342870235443,-0.0820655599236488,0.0979896932840347,-0.0900306329131126,-0.1013491377234458,-0.1013344451785087,-0.032686673104763,-0.1012995168566703,-0.1013187319040298,-0.1012429073452949,-0.0723055303096771,0.1013081446290016,0.0896932259202003,-0.1013460084795951,0.0955137833952903,0.0715993791818618,0.0997443869709968,-0.0093752704560756,0.1013491824269294,0.1013092026114463,-0.0951494053006172,-0.0415092594921588,-0.1013316288590431,0.097116433084011,0.1008431836962699,0.1012646481394767,0.0951959788799285,0.101189337670803,0.0491366274654865,-0.1013446599245071,0.1009437888860702,0.09058079123497,-0.1011339724063873,0.0976998284459114,-0.101345881819725,0.0018376387888565,0.1003323048353195,-0.045155894011259,0.0760480388998985,0.1013244241476059,0.0976210907101631,-0.0900149121880531,-0.1004955694079399,-0.0409914776682853,-0.0912437066435813,-0.0370755903422832,0.1013386622071266,-0.1006539016962051,0.1013491675257682,0.0994269847869873,0.1012089997529983,-0.095903068780899,0.0434347167611122,-0.0945071429014206,0.0594326071441173,0.1013457998633384,0.0684298723936081,-0.0597804896533489,0.1013360321521759,-0.0930805653333664,-0.0904182717204094,0.0931170284748077,-0.0768912658095359,-0.1013460382819175,-0.094077929854393,-0.1007817983627319,-0.0804353058338165,0.0107035245746374,0.087560050189495,-0.0962331369519233,-0.0992661118507385,0.1009081751108169,-0.084531545639038,0.1013483479619026,0.1010699495673179,-0.0015766969881951,-0.100755400955677,0.1013442501425743,-0.1002529859542846,-0.0785582587122917,0.0885439589619636,-0.100734107196331,0.1012750044465065,0.0986347571015358,-0.0327946096658706,-0.0952448695898056,-0.0260398760437965,-0.0074841929599642,0.092636227607727,-0.1023356169462204,0.0777989402413368,-0.0005889885942451,0.1023518964648246,0.0329613089561462,-0.0406834445893764,0.0667879581451416,-0.1102840006351471,0.1005175188183784,0.1109970360994339,0.0312980078160762,0.1096099466085434,0.1075539663434028,-0.1113431975245475,-0.0843705609440803,0.1111485436558723,-0.0582706034183502,-0.0730343982577323,-0.0658600777387619,0.0574167221784591,0.0978974252939224,-0.0273409783840179,0.1069965064525604,-0.1113985478878021,0.0552744269371032,-0.0112139051780104,-0.111464612185955,-0.1104937940835952,0.0655967742204666,0.1110971048474311,0.0895473137497901,0.0807716771960258,0.0558576509356498,0.1111881211400032,-0.0888429433107376,-0.0509679839015007,0.0961940810084343,-0.0952182933688163,-0.0573378801345825,-0.1042822301387786,-0.0943623706698417,0.1109173372387886,-0.0442969128489494,-0.1114170402288436,-0.1094607636332511,0.111439011991024,0.0391701832413673,-0.1091384142637252,0.1113291233777999,0.0466314479708671,0.111321210861206,-0.0975788757205009,-0.1083860769867897,0.02504213899374,-0.100309669971466,0.0630486235022544,-0.1063384115695953,0.0867455750703811,0.0690714567899704,-0.0434595793485641,-0.1100048646330833,0.1088421121239662,0.0131374085322022,0.0020085533615201,0.1100658625364303,-0.1112872138619422,0.1073356568813324,0.1081841364502906,0.1096214801073074,-0.1114649921655654,0.1112394407391548,-0.1058690994977951,-0.1094966754317283,-0.0926980003714561,0.1074283421039581,-0.1111820787191391,-0.0310606751590967,-0.1041984930634498,-0.0056525892578065,-0.1100742146372795,0.0922443270683288,-0.0981863290071487,-0.0999926924705505,0.1097407042980194,0.0468378737568855,0.110172301530838,-0.0971007868647575,-0.0269186720252037,0.1019212156534195,0.1108028888702392,0.108828917145729,0.0010524798417463,0.1098712459206581,0.0608819723129272,-0.1083929315209388,-0.1070763617753982,0.111370749771595,-0.0836387872695922,-0.0583288930356502,-0.1102315858006477,-0.1108925342559814,-0.0160676464438438,-0.0587631203234195,0.1111259832978248,-0.1058085486292839,0.0551174543797969,0.1083878949284553,0.0933983996510505,-0.0361045412719249,-0.0058758929371833,0.0402564033865928,0.1089672148227691,0.1087480932474136,-0.1088253408670425,0.0983745753765106,0.0014086256269365,-0.104090966284275,0.10958132147789,0.0161384269595146,-0.1026815399527549,0.0756234005093574,-0.0580291077494621,0.097680777311325,-0.0443678498268127,0.0932247415184974,-0.099473662674427,0.0889422670006752,-0.0982002094388008,-0.0899442583322525,0.10100719332695,0.101026251912117,-0.065108984708786,0.1010257825255394,-0.0869568064808845,0.0576807893812656,0.075965829193592,0.0668154656887054,-0.100979134440422,0.101019337773323,0.1010206341743469,0.0021226960234344,-0.1010021343827247,0.0125656900927424,-0.0484987422823905,-0.0077569792047142,0.1002822294831276,0.100972831249237,-0.1009779348969459,-0.0984998047351837,-0.0996538028120994,0.100987285375595,0.0874024853110313,0.1010225042700767,-0.0375955030322074,0.0871530100703239,0.1000258848071098,-0.1008094847202301,-0.1007895842194557,0.097026914358139,-0.1007863953709602,-0.1008107662200927,0.0177711136639118,-0.0889457315206527,-0.0748385414481163,0.0979195088148117,0.0999003574252128,-0.0013496163301169,0.0827633589506149,-0.081408716738224,-0.0604250840842723,-0.1008083820343017,-0.0502356253564357,-0.1010236144065857,-0.1010236740112304,-0.0003034171822946,0.0993048176169395,-0.0978091284632682,0.099368542432785,0.0995068028569221,-0.1010142341256141,-0.0883498042821884,0.1007472276687622,-0.0987884253263473,-0.1004515886306762,0.100696176290512,0.1009798571467399,-0.1007329523563385,0.0983771085739135,0.1010239124298095,0.1004461497068405,0.1010017916560173,-0.0815438106656074,0.0830496475100517,0.0674825608730316,-0.0988060981035232,-0.0978703573346138,0.0957855060696601,0.1008401960134506,-0.1010262593626976,-0.0365555137395858,-0.0995356664061546,0.1009812876582145,0.0810096785426139,-0.0906976535916328,0.0161582268774509,0.0825145244598388,0.0947282314300537,0.0957894474267959,0.1004610359668731,-0.0919778868556022,0.1010043248534202,0.1009145975112915,-0.1009366884827613,0.1009978577494621,-0.1010246500372886,-0.1010236740112304,-0.0077395811676979,0.1010262593626976,0.1010234802961349,-0.066780611872673,-0.0674485191702842,0.1010199263691902,0.0876520574092865,-0.0765273049473762,0.0924818068742752,0.0982785671949386,0.0990832969546318,-0.0598327964544296,-0.1001623123884201,0.018488373607397,0.1010236889123916,-0.1004765629768371,-0.077934481203556,0.0985625088214874,-0.1010042279958725,0.0854420736432075,0.0054902480915188,-0.0986278727650642,-0.1010252684354782,-0.0956634432077407,0.0425417646765708,0.0974287539720535,0.1003371551632881,-0.1010255515575409,-0.0997322499752044,0.0915305465459823,0.0970976054668426,0.0568006262183189,0.0999459028244018,-0.0247891303151845,0.0982959643006324,0.0828137695789337,0.0252392161637544,0.1609527915716171,0.0287276525050401,-0.0280690379440784,0.0058797150850296,0.0664569661021232,0.0165597554296255,0.0011556516401469,-0.0070591513067483,-0.1031647622585296,-0.1770150959491729,0.0481648221611976,-0.0851146280765533,-0.0052215661853551,0.0557122677564621,0.0429660640656948,-0.1217954754829406,-0.1230421066284179,0.0267343278974294,0.0891413986682891,-0.136503666639328,-0.0292096808552742,0.1796392947435379,-0.0588085912168026,-0.1105452999472618,0.0524814575910568,-0.0060003348626196,-0.1130264475941658,0.0601342767477035,-0.0958104953169822,0.0206181090325117,0.1486161351203918,0.0751839876174926,-0.0488786473870277,0.1175173968076706,0.0288632865995168,-0.1713754683732986,-0.1381360292434692,0.0037086373195052,-0.0438053198158741,0.0468318685889244,0.0139537621289491,0.1079928427934646,-0.0394320748746395,-0.0333350151777267,0.0200654789805412,-0.0286741759628057,0.0148620419204235,0.0228406935930252,0.0912355408072471,0.1385117322206497,-0.0134636173024773,0.0695111528038978,0.1621756851673126,0.0091994712129235,-0.1929883807897567,-0.0292875487357378,-0.0829406976699829,-0.0219216682016849,-0.1256905198097229,0.1255921572446823,-0.1299469470977783,0.0251903142780065,0.1146174222230911,0.0659969300031662,0.1188650578260421,-0.0288040209561586,-0.0499583557248115,0.0435214340686798,-0.0054688500240445,0.0651681497693061,-0.0749198123812675,0.0514717549085617,-0.1196746155619621,0.0534653328359127,-0.1634605824947357,0.1489240825176239,0.1860317587852478,-0.0958238840103149,-0.1369513571262359,-0.0311810672283172,0.0830083861947059,0.0111895455047488,-0.0869321599602699,-0.0738797038793563,-0.0571388229727745,0.0251094214618206,-0.0127009507268667,0.1928366124629974,-0.021443823352456,0.1021888926625251,-0.0064586806111037,0.1667008399963379,-0.1273126453161239,-0.0724963769316673,0.0422328040003776,0.008079838939011,0.0643757730722427,-0.0374951995909214,0.0335331708192825,0.0602379888296127,0.0285550095140934,0.0484805107116699,0.0565789081156253,-0.0389126874506473,-0.0408904589712619,0.0222272612154483,-0.0384610369801521,0.1018014103174209,-0.0643337294459343,0.0039321682415902,-0.1034879684448242,0.1732925474643707,0.136770948767662,0.1635875403881073,-0.1429646611213684,0.0211662277579307,0.1080465838313102,0.0181843135505914,-0.136110246181488,-0.08136947453022,-0.0113143064081668,0.0294781010597944,-0.0211301557719707,-0.1184499785304069,-0.0659531280398368,-0.0709448233246803,0.021579273045063,-0.0285484697669744,0.1124643683433532,-0.1179753243923187,0.0119793340563774,0.0815424993634224,-0.034269843250513,0.0730011910200119,-0.127689704298973,0.1060738116502761,-0.086078330874443,0.0868409797549247,-0.0618552006781101,0.1114562004804611,0.0348546355962753,-0.1244936436414718,0.1188927888870239,0.1275521069765091,0.0971750244498252,0.0537092722952365,-0.1124531254172325,0.1132470220327377,0.1343853175640106,0.1000403761863708,0.1031507402658462,0.002304894849658,0.1144742369651794,-0.1344042718410492,-0.0916547104716301,0.1362423449754715,0.1083259433507919,0.085841104388237,0.0290129575878381,-0.0732037797570228,-0.0289087295532226,0.0278864689171314,-0.0285553038120269,0.1351766586303711,-0.0702613815665245,-0.1192942559719085,0.0623534955084323,-0.0949275493621826,-0.0667846128344535,-0.1094134896993637,-0.1356536000967025,0.0090688299387693,0.0869590491056442,0.1239365190267562,0.0131184831261634,0.1187800914049148,-0.0998272225260734,0.0403878837823867,0.0141166718676686,-0.1116217523813247,0.0065454044379293,0.0839940458536148,0.0643132925033569,-0.0167732965201139,0.0679138600826263,-0.0364389158785343,0.1000643819570541,-0.1071812883019447,0.0035486889537423,-0.0018868455663323,-0.1211815997958183,-0.1304427087306976,0.1305124461650848,0.1223558634519577,0.0589539520442485,0.0232279561460018,-0.1012977436184883,0.1026023626327514,0.0863596200942993,-0.1125856935977935,-0.1287533193826675,-0.114311084151268,-0.0778925269842147,0.0732633471488952,-0.0915171205997467,-0.0928781256079673,0.1098471879959106,-0.0975647121667862,0.1069905832409858,0.0670451745390892,-0.0719713643193245,0.0508965961635112,0.1210437938570976,0.1146365702152252,-0.0830070078372955,-0.0608404912054538,0.0063429158180952,-0.0095030488446354,0.0594172105193138,0.0808366015553474,0.0085918707773089,0.0308833215385675,0.09612987190485,0.015952305868268,-0.0882378667593002,0.0503692254424095,0.0449823997914791,0.1058538630604744,-0.0267801415175199,0.0313992537558078,0.1205567866563797,0.0872761756181716,-0.0929839611053466,-0.1141444370150566,0.1265740096569061,-0.1228880807757377,-0.0498058870434761,-0.1218239888548851,-0.0924321487545967,-0.0612014643847942,0.0811178386211395,-0.0730292573571205,-0.0852278098464012,0.1289687752723693,-0.1191259622573852,0.0016935144085437,0.0850372686982154,0.1083435118198394,0.0040932921692729,-0.1182052493095398,0.108645774424076,-0.0324326194822788,-0.0518190823495388,0.0774274915456771,-0.001171514741145,0.0276390984654426,-0.0795151516795158,0.1081101521849632,-0.073797769844532,0.1037510633468627,-0.1026271656155586,-0.0484439022839069,0.0390612371265888,0.0271710809320211,-0.1292091310024261,-0.1179696321487426,0.0180165693163871,0.0656676962971687,-0.0863423198461532,-0.0622734650969505,0.0204972103238105,0.0625068321824073,0.006434999871999,-0.1263129264116287,-0.1080080643296241,-0.0412008501589298,-0.1050807982683181,0.0589262694120407,-0.0624817423522472,-0.1323368549346923,0.0458067879080772,-0.0141268642619252,0.1308035254478454,-0.0835242271423339,0.1038959845900535,0.0996118336915969,-0.1229052543640136,0.0885350182652473,-0.0237215999513864,-0.0141352256760001,0.0924977287650108,0.1080825179815292,0.0208160951733589,-0.1199342459440231,-0.0508259832859039,-0.1543212831020355,-0.0661453753709793,-0.1249450072646141,-0.0975229814648628,0.0321598872542381,0.1087603569030761,0.0102789290249347,0.1604561507701873,0.0117343738675117,0.0077489679679274,0.1563502997159958,-0.1175162196159362,-0.0414767190814018,0.0153830703347921,0.0744712054729461,0.0660874024033546,-0.0722526684403419,0.1505762785673141,0.077851265668869,0.0622684247791767,0.0322568826377391,-0.073635421693325,0.0434278137981891,0.0543497912585735,-0.0221576280891895,-0.0081849629059433,-0.0576351732015609,-0.0885790660977363,0.1422703564167022,0.1287903189659118,-0.0554369240999221,-0.1305319964885711,0.1160722970962524,0.1036602333188057,-0.1004191264510154,-0.0760258436203002,-0.0773025527596473,-0.0820480212569236,-0.0494326390326023,-0.0557515732944011,-0.1427319347858429,0.0776829645037651,-0.0402357950806617,0.1183544844388961,-0.0697879269719123,-0.1164081841707229,-0.0984863117337226,0.1567720472812652,-0.0099802985787391,-0.0015203801449388,0.1007917746901512,0.0997679904103279,0.0172763541340827,0.103505864739418,0.0365390181541442,-0.0644325315952301,0.1222499310970306,-0.1074134707450866,0.0208049863576889,-0.1621705591678619,0.0848625972867012,-0.0207535065710544,0.0338073149323463,0.1027463153004646,-0.0631756782531738,0.0785236060619354,-0.1388437896966934,-0.0989974960684776,-0.0655643865466117,0.08936557918787,-0.086545817553997,0.1673879772424698,0.0059070228599011,0.1110053956508636,-0.0949342548847198,0.0228029992431402,0.0599349550902843,0.003099703695625,-0.0968240275979042,-0.1239089891314506,0.095834843814373,-0.0447412393987178,-0.0577431358397007,0.1387327909469604,0.0558830648660659,0.0571994706988334,-0.0660289376974105,0.0655297487974166,0.1320649832487106,GHYSUMRMCNOBEZ-ZFWWWQNUSA-N,OC[C@@H]1CNC[C@H]1C1CCN(C2CCOCC2)CC1
0.0871627554297447,0.0109703792259097,0.0646243616938591,0.1188403442502021,-0.0272619239985942,0.1091937348246574,0.0500556603074073,0.1178966984152793,-0.1081315726041793,-0.071587860584259,-0.0930130854249,-0.0655234456062316,0.0913050696253776,-0.0596888773143291,0.1188210174441337,-0.1165963113307952,0.1058784574270248,0.0064187878742814,-0.0240937992930412,0.1180973649024963,0.0347532518208026,0.051843125373125,-0.0811250284314155,-0.0687335506081581,0.1118868663907051,0.1000720188021659,0.0004076574696227,-0.0455318689346313,0.1213474795222282,0.0131486738100647,-0.1181183904409408,0.0933117344975471,-0.0237312410026788,-0.028647344559431,-0.1211359426379203,-0.1052471399307251,0.0632529482245445,0.0771576762199401,0.1205987930297851,0.089637354016304,-0.1167255416512489,0.1061412617564201,-0.11355771869421,0.110101006925106,0.1100194305181503,0.0242655389010906,-0.1169799491763114,-0.1217288821935653,-0.1076417043805122,-0.1136306822299957,0.0868051871657371,0.0812958106398582,-0.0667707994580268,0.0112580694258213,-0.1151457801461219,0.0463500916957855,-0.1183550581336021,-0.1210547760128974,-0.1120531111955642,0.0980342924594879,0.1034954711794853,0.1203631833195686,0.1169629395008087,0.0133978156372904,0.1089651808142662,-0.1066928431391716,-0.1192715913057327,0.0185234081000089,-0.0879491344094276,0.0111271915957331,0.0727975293993949,0.1225209608674049,0.1162357404828071,-0.1218667924404144,-0.1073963642120361,0.1146845966577529,-0.1034120544791221,0.0767776668071746,-0.0032030581496655,-0.1138300001621246,0.0315851084887981,0.1160052940249443,0.0623443126678466,0.0913805142045021,0.0964913293719291,0.088772177696228,0.0802594646811485,0.0772035717964172,-0.0889253616333007,-0.0385554246604442,-0.0136823123320937,-0.0614133141934871,0.0591603107750415,0.0953300297260284,-0.1222290992736816,-0.0224606860429048,-0.1226377785205841,0.1125362738966941,0.0273691527545452,0.1158768236637115,0.009994288906455,0.0026414529420435,0.1189435645937919,0.0175527594983577,-0.1082174628973007,-0.0103054596111178,0.0086675146594643,-0.0743325352668762,0.0135281961411237,-0.086000308394432,0.0610970705747604,0.0247203018516302,0.0618155263364315,-0.108726292848587,0.1192123368382453,0.0886621475219726,-0.0753672942519187,0.0881804227828979,-0.1134372726082801,0.1173674836754798,-0.0726067349314689,0.0626429095864296,-0.0619431287050247,0.1070483699440956,0.0449637286365032,0.1109165698289871,-0.1035754904150962,-0.1169866994023323,0.0066965268924832,-0.1107710301876068,-0.0548731945455074,-0.0413252040743827,-0.1107304841279983,-0.1040332093834877,0.1108358725905418,-0.0484265424311161,0.0104124555364251,-0.0316864363849163,0.0353232100605964,0.0454139709472656,-0.0432788804173469,0.1094669625163078,-0.1056219264864921,0.048771645873785,0.0655902177095413,-0.1106846332550048,-0.0143141010776162,-0.0928075313568115,0.1094265654683113,0.0209818445146083,0.0491499900817871,-0.1103615537285804,-0.0759208276867866,-0.0766761228442192,-0.1010914742946624,-0.0991131588816642,-0.1109284237027168,0.109091579914093,0.0183697063475847,-0.1110332086682319,0.0248734131455421,-0.1109974235296249,0.0463482476770877,-0.0850857868790626,0.0684630870819091,0.0132327433675527,0.1103138104081153,-0.1039748862385749,0.0132890883833169,0.0274430196732282,0.0787357538938522,-0.1039619222283363,-0.0935212448239326,0.0515692457556724,-0.1110140606760978,-0.1043780446052551,-0.110881857573986,-0.0873558074235916,0.0077634705230593,0.0720170736312866,0.1110321283340454,-0.1021052375435829,-0.109730027616024,0.1110829859972,-0.1110865622758865,-0.1031297147274017,0.0382474549114704,-0.0932208895683288,0.1055745407938957,-0.1106819808483123,0.055621437728405,-0.1019876971840858,-0.058493535965681,0.1097304001450538,-0.1040564328432083,-0.0324883460998535,0.0996713936328888,-0.095906376838684,0.0815280228853225,-0.1016681566834449,0.1110538393259048,-0.1073589026927948,0.1007247269153595,-0.0915626436471939,-0.1089906394481659,-0.105424627661705,-0.1085091829299926,-0.0686029344797134,-0.0892738476395607,0.0637725815176963,0.1012260168790817,0.1106975376605987,-0.1102163046598434,-0.0883150696754455,-0.110966220498085,-0.0533251389861106,-0.1006285101175308,0.0867744758725166,0.1107917129993438,-0.11063052713871,0.0176371950656175,-0.0662255212664604,0.0957937464118003,0.0909115672111511,-0.1110866218805313,-0.0676590278744697,-0.0880449414253234,-0.0613319501280784,0.095134362578392,-0.1101963892579078,-0.1086914837360382,0.1110735759139061,-0.0303973983973264,0.0781256183981895,0.1064393445849418,-0.0963068008422851,0.1110875383019447,-0.0703649669885635,0.007761197630316,0.1041871830821037,0.1101671382784843,0.0916081964969635,-0.0865039229393005,-0.109988659620285,0.094840221107006,0.0892939716577529,-0.0877136662602424,0.106637455523014,0.0529957674443721,0.0893345177173614,-0.073302112519741,-0.0974983721971511,-0.1094539240002632,0.0231988430023193,-0.1092140823602676,-0.1108907610177993,-0.1040490269660949,-0.0940311774611473,-0.0366010330617427,-0.0959946513175964,0.1051986888051033,0.1005017384886741,-0.0975929722189903,0.0242681745439767,0.0904197618365287,-0.0963249653577804,0.1052442789077758,-0.1022402495145797,0.1040547639131546,0.0862889364361763,0.1021577343344688,-0.0730281323194503,-0.1052784174680709,-0.1003358066082,-0.0997877418994903,-0.0599305257201194,-0.0990091115236282,-0.1051627993583679,0.0684877038002014,-0.0670182034373283,0.028834618628025,0.0700011551380157,0.1017591431736946,-0.0962705612182617,0.1051563024520874,0.0576590932905674,0.1052775532007217,0.0586990043520927,-0.0433409512042999,0.0497227758169174,0.0586799383163452,-0.0958106815814971,0.1051906421780586,-0.0980916991829872,-0.034548345953226,0.0102245789021253,0.1046164408326149,0.0926557034254074,-0.0973630547523498,-0.1052241995930671,-0.0934162214398384,-0.0724610313773155,-0.0654036849737167,0.0574731715023517,-0.100193552672863,-0.1050901785492897,0.0983299165964126,-0.1043045446276664,-0.1053144484758377,0.1036210730671882,0.0164705216884613,0.0779708549380302,-0.0255399215966463,-0.1005906760692596,-0.0458859764039516,0.0985788330435752,0.1026002988219261,0.1049186587333679,0.1004257351160049,-0.1029552966356277,-0.0733041688799858,0.1043933257460594,0.1032975316047668,0.1051202788949012,0.0969811305403709,-0.0258979983627796,-0.1052668690681457,0.0995506644248962,-0.0775949656963348,0.1010823100805282,0.0827799215912818,0.1032148003578186,-0.0995770990848541,-0.0930374339222908,0.0233910232782363,-0.1050677150487899,0.0246026944369077,0.1032939404249191,-0.0928227454423904,0.1004272550344467,-0.1050142422318458,-0.0797033607959747,0.095047153532505,-0.105100616812706,-0.0906067788600921,0.0208802204579114,-0.0840443298220634,-0.1009693220257759,0.1052511483430862,0.105262853205204,0.0626265034079551,-0.1048851534724235,-0.1032957881689071,0.0855884924530983,0.007100895512849,-0.1050900220870971,-0.0045022158883512,-0.0405165664851665,-0.0970029383897781,0.0075076916255056,0.1050588190555572,0.0644026845693588,-0.1038825437426567,-0.0997033789753913,0.1051963418722152,0.1052225679159164,-0.1007412150502204,-0.0470426157116889,0.1053030714392662,-0.1052301824092865,0.0497454144060611,-0.0971281677484512,0.1025017872452735,0.0828572809696197,0.1046986207365989,0.0992236137390136,0.1042499989271164,-0.101603090763092,-0.0909003838896751,0.0721379965543747,-0.1023416966199874,0.1052796989679336,-0.0206808429211378,-0.0912469327449798,0.0380547568202018,0.02604834549129,0.0221423562616109,0.0315828695893287,-0.0137967644259333,0.0609540529549121,-0.0978468582034111,-0.0968296155333519,-0.0525694526731967,-0.1179818585515022,0.0485474504530429,-0.1606525033712387,0.0514488667249679,0.0003013890818692,-0.0728677064180374,-0.0290196184068918,-0.0801980048418045,-0.0206594001501798,0.1263608783483505,0.0988485440611839,-0.115644946694374,-0.1066104471683502,0.0927216857671737,-0.0157631635665893,0.1269365698099136,-0.0869472026824951,-0.0765047669410705,0.0291197746992111,0.0048617501743137,0.0312594734132289,0.113725297152996,0.1075559332966804,0.0862963199615478,-0.0763091221451759,-0.0553046762943267,-0.1382550597190857,-0.049302477389574,0.1268746107816696,0.0698892176151275,0.1266805231571197,-0.0242702942341566,-0.0293865874409675,0.0854811742901802,-0.1189120113849639,0.1655187308788299,0.0794064849615097,0.1223551332950592,0.0474175885319709,0.123414821922779,-0.0142114181071519,-0.1027247384190559,0.1125275492668151,0.1045346781611442,-0.001646720804274,0.058080144226551,0.0612339712679386,-0.0322455838322639,0.0168987959623336,-0.0356409400701522,0.1758504658937454,-0.0366613343358039,-0.0539454706013202,0.0240198317915201,0.0762452781200409,0.1639420539140701,0.0843512415885925,-0.1299221068620681,0.1173324063420295,-0.0628558546304702,0.1135171502828598,0.1328392475843429,0.0063975653611123,-0.095830850303173,-0.1447878777980804,-0.0810640752315521,0.0109507720917463,-0.0591288544237613,0.0099272597581148,0.0451977178454399,-0.0045047220773994,0.0889064222574234,-0.01049364823848,0.1223425567150116,0.0515902936458587,-0.0289077125489711,-0.0055283233523368,-0.1439467221498489,0.1684422641992569,0.1437106877565384,-0.085456259548664,-0.0026845019310712,0.1341651082038879,0.035098772495985,-0.0946002155542373,-0.0416539013385772,0.0032968083396553,-0.04792320728302,0.1483602076768875,0.0828400924801826,-0.0984302908182144,-0.1254176050424575,-0.104356475174427,0.0852282047271728,-0.0921057686209678,0.0888630449771881,-0.0648354589939117,-0.1211506649851799,-0.1079871654510498,0.0760870426893234,0.0516219548881053,-0.1498311311006546,0.1308634877204895,0.1746672838926315,0.0685830563306808,0.0501665771007537,-0.005942603573203,0.1180969849228859,0.0195335205644369,-0.0602804608643054,0.1098552197217941,-0.0094319665804505,-0.1269792914390564,0.0017833173042163,-0.0377306453883647,0.0896719843149185,0.0916993096470832,-0.0314010120928287,0.0227716751396656,-0.1522610187530517,0.0392773263156414,-0.0214317552745342,-0.0917750373482704,0.0495859831571579,0.0318299643695354,0.1614376902580261,-0.0119651667773723,0.1454778015613556,0.0798604562878608,0.0557049699127674,0.0875232741236686,-0.0313465222716331,0.0197468288242816,-0.0100814858451485,-0.0625615939497947,0.0609367191791534,0.1316315084695816,0.0608642399311065,0.1144783720374107,0.0950306206941604,0.0511643551290035,-0.1451570689678192,0.1264901608228683,0.0836619734764099,0.1153794825077056,-0.1544633358716964,0.0690363347530365,-0.0539114847779274,-0.0371813029050827,0.0242336224764585,0.0341835208237171,0.0094892363995313,0.1126680746674537,0.1019267588853836,-0.1205379068851471,0.0934805050492286,-0.1535387933254242,-0.0202694684267044,-0.0601158291101455,-0.0568665191531181,-0.0927947163581848,-0.0671047568321228,0.0202726889401674,-0.0180195532739162,-0.0837107524275779,-0.1308344304561615,-0.0787732824683189,0.0931998416781425,0.0389513373374938,0.0478500835597515,0.0848399400711059,-0.0578933730721473,0.0962512120604515,-0.0961639434099197,-0.0859691128134727,-0.0720342025160789,0.1101844683289527,0.0953491553664207,-0.0178395714610815,0.0346171744167804,-0.0627459585666656,-0.0885111764073371,0.1440461128950119,-0.1555003374814987,0.0394544042646884,0.0862232819199562,0.0907701775431633,0.0183342993259429,0.0776785686612129,0.0863406509160995,-0.1284413784742355,-0.1360672861337661,-0.059705264866352,0.1215222105383873,-0.1319712847471237,0.0261161904782056,-0.0578223727643489,0.0891193822026252,0.0800001472234726,0.0279740411788225,0.1368236243724823,0.0491020567715168,0.1093364059925079,-0.0555761754512786,-0.0770536735653877,-0.0348739773035049,0.0654975101351738,-0.0565539598464965,0.0795198231935501,0.1091839224100112,0.0047946837730705,-0.1539227664470672,-0.1272711604833603,0.0918423160910606,0.0614522024989128,0.0364985428750515,0.0705445706844329,0.1324359029531479,-0.062219638377428,-0.0120413322001695,0.0562482587993145,0.1213513612747192,0.1199981793761253,-0.0446702167391777,0.0689531564712524,-0.0353247821331024,0.0662572830915451,0.0864989385008812,-0.0238802600651979,-0.1527425944805145,-0.0308376215398311,0.1608947068452835,0.0332105830311775,-0.0128868827596306,2.3519965907325968e-05,0.1528607010841369,-0.1432663798332214,0.1306062191724777,0.0013995326589792,-0.1416054964065551,-0.0938857197761535,0.0430162064731121,0.038124855607748,-0.1229743510484695,0.0605861246585845,-0.085503838956356,-0.0549969524145126,-0.0941048189997673,0.0117290569469332,-0.041475810110569,0.1248610094189643,0.0393837988376617,0.1437692791223526,0.1423029005527496,0.1732944548130035,-0.0549653507769107,-0.0731469690799713,0.1496484577655792,-0.0266628917306661,-0.1156090572476387,-0.1003601923584938,0.0485377833247184,0.0549519471824169,-0.1294973492622375,-0.12297123670578,-0.1253353655338287,-0.0644209906458854,0.1084438413381576,0.1477059423923492,0.0381740778684616,-0.0196836199611425,-0.061380848288536,0.1404775977134704,-0.0365263782441616,0.1032095551490783,0.0016618634108453,-0.0460440218448638,0.0734755173325538,0.1094802394509315,-0.0116527043282985,-0.0040582027286291,-0.1126386970281601,0.0709087178111076,0.0874093696475029,-0.1100525856018066,0.0305991116911172,0.0199587289243936,0.1159519404172897,-0.0424146987497806,-0.0971559584140777,-0.0697877258062362,0.1182563155889511,0.0028913584537804,0.1812955439090728,-0.0754523128271102,-0.0938605889678001,0.141409695148468,-0.0822419971227645,0.0170257501304149,-0.08369792252779,-0.0258370172232389,-0.0243848897516727,0.0057793785817921,-0.0043076458387076,0.0508937053382396,0.0452829413115978,-0.0062817931175231,-0.0570563189685344,-0.0629878565669059,-0.03000183776021,-0.0846125334501266,0.0368978157639503,-0.0157071482390165,0.0474160350859165,-0.0234766826033592,-0.0109969284385442,0.0325698107481002,-0.1617240607738495,-0.0543601624667644,-0.0315203294157981,-0.0719745457172393,0.0340421199798584,-0.0974752753973007,-0.1567462831735611,0.0410348698496818,-0.0917990803718566,0.0354891791939735,0.095808707177639,-0.1186247840523719,0.0196334440261125,-0.0315137542784214,-0.066941000521183,0.1574665307998657,0.0839838460087776,0.0032941736280918,-0.1668259650468826,-0.0982936099171638,-0.1131909489631652,0.0578320957720279,0.0791043117642402,0.0748811662197113,-0.0442715026438236,0.0409530848264694,0.0655741393566131,-0.0230454467236995,0.1061862483620643,-0.0765771120786666,0.0818261355161666,0.1589199900627136,0.0003004895115736,0.0233260188251733,-0.0330651737749576,-0.0989366546273231,-0.1630431115627288,-0.1032274141907692,0.0170955099165439,-0.1750674545764923,0.1261339038610458,-0.0697516798973083,0.136155217885971,-0.0675836652517318,0.0391429774463176,-0.1038921922445297,-0.0524880699813365,-0.1117611154913902,-0.1178982853889465,0.1030814796686172,-0.0359832532703876,0.1121893003582954,0.1153780445456504,0.0787646323442459,0.0505761578679084,-0.0728386417031288,-0.0747553631663322,0.1399392932653427,ZLHZLMOSPGACSZ-NSHDSACASA-N,O=[N+]([O-])c1cn2c(n1)OC[C@@H](OCc1ccc(OC(F)(F)F)cc1)C2
0.0941629260778427,0.0768837630748748,0.0979620516300201,-0.0140023911371827,0.0976129025220871,0.0766015872359275,-0.0970380827784538,-0.098535768687725,-0.0987369865179061,0.0906185656785965,-0.0096115926280617,-0.0920303240418434,-0.0481641702353954,0.0986961424350738,0.0660625994205474,-0.0987124219536781,-0.0987407192587852,0.0581964515149593,-0.0986849516630172,0.0975756496191024,-0.0117847369983792,0.098724715411663,-0.092563048005104,0.0950671657919883,0.0742192789912223,-0.0887327045202255,-0.0979248061776161,0.0351970717310905,-0.0333427786827087,-0.0799470171332359,-0.0986684635281562,0.0977389439940452,-0.0552799329161644,0.0895390063524246,-0.0980946943163871,-0.098472774028778,0.084779143333435,-0.096697986125946,-0.0987066179513931,-0.0170044191181659,-0.024566164240241,0.091233342885971,-0.0971575826406478,-0.0982050448656082,-0.0986574813723564,0.0837757810950279,0.0233204253017902,-0.078464925289154,0.0957361832261085,0.0920844823122024,-0.0978077724575996,0.0987124666571617,0.0965442433953285,0.0987417101860046,0.0967171266674995,0.0987393036484718,-0.0986037105321884,0.0881338864564895,0.0913957357406616,-0.0329038873314857,0.0974218621850013,0.0987417101860046,0.098717875778675,0.0696161240339279,-0.0987417101860046,0.0949591696262359,-0.098723329603672,-0.0776710882782936,-0.0985430851578712,-0.08831787109375,-0.0248060710728168,-0.0780038461089134,-0.09859599173069,-0.0571458488702774,-0.098741665482521,-0.0987408012151718,-0.0970000475645065,-0.0984240770339965,0.0987233221530914,-0.0985687673091888,-0.0987289100885391,0.0987314283847808,0.0987416952848434,0.0985849648714065,-0.0877041816711425,-0.0986519828438758,0.0973861142992973,0.0986776202917099,-0.0981829538941383,-0.0966258198022842,0.098737396299839,0.0986695438623428,0.0987392887473106,-0.0987401977181434,0.098182663321495,0.0804905593395233,0.0936628580093383,0.0545169711112976,-0.0859690755605697,0.0937913730740547,-0.097452126443386,-0.0677139312028884,-0.0139915812760591,-0.0910700261592865,-0.0978855043649673,0.0977218449115753,-0.0870173424482345,0.0987383350729942,0.0372328348457813,0.0987404212355613,0.0987415537238121,-0.0977639034390449,-0.0983846932649612,-0.098741628229618,0.0967247411608696,0.0987403243780136,-0.098026305437088,-0.0982472971081733,-0.0394197516143322,-0.0982550755143165,0.0987403914332389,-0.0962753444910049,-0.097756527364254,-0.0987109765410423,0.0969798937439918,0.0580835156142711,0.098740704357624,0.0791836604475975,-0.0923256203532219,-0.0918145179748535,-0.0792272612452507,0.0923256576061248,-0.0697237029671669,0.0922907963395118,0.0735363513231277,0.092322438955307,0.0401836335659027,0.0921291932463646,0.0922979786992073,0.0923040062189102,0.092312566936016,0.0871115997433662,0.0708594098687172,-0.0923191010951995,-0.038413118571043,-0.0923255234956741,-0.0923256501555442,0.0921549946069717,-0.0923255681991577,-0.0923200696706771,-0.0868637934327125,0.0923256576061248,0.0923256576061248,-0.0923256427049636,0.0793887972831726,0.0917805880308151,0.0866986438632011,0.0893173143267631,-0.0923256576061248,0.0919223204255104,-0.0922823846340179,0.092323437333107,-0.0923256576061248,-0.0923256501555442,0.092292346060276,-0.0923123955726623,0.0923256427049636,0.0920678898692131,0.092325635254383,0.0922974720597267,0.0923256576061248,0.0917833894491195,0.090247631072998,-0.092159129679203,0.0922770574688911,0.091512531042099,-0.0092622898519039,0.0908182188868522,0.0921403467655181,0.0922789424657821,0.0918061733245849,0.0922725349664688,-0.0923159718513488,0.0923256501555442,-0.0923044234514236,-0.0923254862427711,-0.0913761183619499,-0.091504618525505,0.0874007046222686,0.0920821726322174,0.0923240631818771,0.09220602363348,0.0921753421425819,-0.0866691023111343,0.0918889045715332,0.0923199877142906,-0.0923256576061248,0.0773169547319412,-0.0921409502625465,-0.0921687632799148,-0.0922724828124046,0.0923025161027908,-0.0917183011770248,-0.0922048166394233,-0.0922959893941879,0.0923233106732368,-0.0921463295817375,0.0922912657260894,0.092091292142868,0.079150915145874,-0.0923256576061248,-0.0628790035843849,0.0680029392242431,0.0891822129487991,-0.0923132225871086,-0.0916901230812072,-0.0923252403736114,0.0922284200787544,-0.092324398458004,0.0922547280788421,-0.092324860394001,0.0881322100758552,-0.0920901075005531,-0.0619092620909214,-0.091793805360794,0.0922270491719245,0.0873392447829246,-0.0261298306286335,0.0920599773526191,0.0895686820149421,0.0717745497822761,0.0923254191875457,0.0923251435160636,0.0921543017029762,0.0923254117369651,-0.0920868143439292,-0.0890646874904632,-0.0923147201538086,-0.031187430024147,-0.0848076418042182,0.092321790754795,-0.0923256576061248,0.0923255905508995,-0.0923247411847114,0.0923255234956741,0.0922378152608871,-0.0923250317573547,-0.0698291808366775,-0.0911986008286476,0.0921459645032882,-0.0918966084718704,0.0899410918354988,-0.0923250243067741,0.0923249572515487,-0.0923246815800666,-0.0923244357109069,0.1001466512680053,0.1002769172191619,-0.1001733914017677,0.1004282310605049,0.0999172627925872,-0.0664710402488708,-0.1003901734948158,0.0924022197723388,-0.1002387627959251,0.0968403816223144,0.02090435475111,0.0904608964920044,-0.0324691869318485,-0.0503654107451438,0.0618421994149684,0.1002577245235443,-0.1004345938563346,-0.0960270091891288,0.0104507077485322,-0.1000038906931877,-0.1004434153437614,0.0994116365909576,0.0993473157286644,0.0973216593265533,0.0957051739096641,-0.1003656461834907,-0.1004433184862136,-0.0956872552633285,0.098364382982254,0.0874899476766586,-0.0951744616031646,-0.0982991978526115,-0.100443534553051,-0.1003361344337463,-0.0562851801514625,-0.0976938977837562,0.0839971601963043,-0.0760624930262565,-0.0919809862971305,0.0991728603839874,-0.0952438786625862,0.0986271798610687,-0.100402258336544,-0.1004327237606048,0.0997449979186058,0.0997985079884529,-0.100440114736557,-0.0955549851059913,-0.051678717136383,-0.0581105798482894,-0.0974004715681076,-0.1004423946142196,0.0538029745221138,0.0841929093003273,-0.0373489148914814,0.0441809706389904,0.100442424416542,0.1004321500658989,0.1004188060760498,-0.0010912606958299,0.1004357933998107,0.0918739885091781,0.0599650107324123,0.1001923680305481,-0.1004332825541496,0.1004435196518898,-0.0264831408858299,-0.1004426553845405,0.100443534553051,0.0870622768998146,0.0642754212021827,-0.1001503691077232,0.0096138101071119,0.0720903724431991,0.0250323042273521,0.0997253358364105,0.1004407554864883,0.0997260957956314,0.100443534553051,0.0760018676519393,-0.0676045566797256,-0.0617156848311424,0.1000868678092956,0.1004435047507286,-0.0085157882422208,0.100443534553051,0.100443460047245,0.0245112907141447,-0.018735934048891,0.0944708734750747,-0.1004428714513778,0.0970626249909401,0.0855277180671691,-0.0193085242062807,0.0862818881869316,-0.0997959226369857,-0.0976551920175552,0.0966969653964042,0.1003265082836151,-0.1004324406385421,-0.1004415526986122,0.0648775920271873,0.1003918871283531,-0.0995786562561988,0.0979139134287834,-0.0838518068194389,0.1004164144396781,-0.0969213098287582,0.1003314107656478,-0.10041394084692,0.1004318743944168,-0.0594983622431755,-0.0996704548597335,-0.1003281846642494,-0.099365048110485,0.1003014296293258,0.1002598851919174,0.100443534553051,-0.1004402041435241,0.067464105784893,-0.1004185751080513,0.0930945500731468,0.0999914780259132,0.1003284007310867,0.0012691367883235,-0.0379720255732536,0.0997408702969551,-0.0929278209805488,-0.0805665701627731,-0.0509843751788139,-0.1173332035541534,-0.0908964201807975,-0.0760359242558479,-0.1115270182490348,0.0995032340288162,-0.1081260964274406,0.0128436395898461,0.038643505424261,-0.0731298550963401,0.0105380248278379,-0.1166010648012161,-0.0152104431763291,-0.1202107220888137,-0.0476629771292209,0.1165784150362014,0.0418339967727661,-0.0901630446314811,-0.0137494821101427,0.0454287156462669,-0.0197039879858493,-0.0034669151064008,-0.0356880910694599,-0.0981091111898422,-0.0988239422440528,0.1031382009387016,-0.1096306145191192,-0.0943370684981346,0.0874667018651962,-0.0865317210555076,-0.1143920645117759,0.0808762311935424,0.1133105158805847,0.0830331444740295,0.1024871990084648,-0.1179253607988357,0.0801975131034851,-0.0278613753616809,-0.1124893799424171,-0.0109855979681015,0.112554058432579,-0.1102774068713188,-0.1201011463999748,0.1190708205103874,-0.061550673097372,0.0371751934289932,-0.064210794866085,-0.1195917576551437,-0.0859438404440879,-0.0713634043931961,-0.1123964115977287,-0.1157571002840995,0.0631213933229446,-0.0081797670572996,-0.0533704906702041,-0.0033311722800135,0.1141167357563972,-0.0490867234766483,0.115893431007862,0.1166861057281494,-0.1104936152696609,-0.1172486767172813,-0.0505881607532501,-0.0832144394516944,-0.1019417345523834,-0.0713367462158203,-0.1194012090563774,-0.1131136417388916,0.0985209718346595,0.1100629642605781,-0.1125713437795639,0.035964835435152,-0.1065113693475723,0.106349766254425,-0.102322518825531,-0.0434532351791858,0.057597991079092,-0.1003177464008331,0.0061148726381361,0.1149810403585434,0.1147019490599632,0.1194650456309318,0.0762595608830452,-0.0024904715828597,-0.1188516840338707,0.1143859773874282,-0.1070779636502265,-0.1012293398380279,-0.0221213214099407,-0.0979629531502723,-0.1098008677363395,-0.0321089513599872,-0.0472724288702011,0.1052996665239334,0.0880988910794258,0.0168217997997999,-0.04706746712327,0.1108812391757965,-0.102493330836296,-0.1070496216416359,0.0410418696701526,-0.1116456538438797,-0.0138519303873181,-0.0835006088018417,-0.0719354748725891,-0.09531120210886,0.0395029410719871,0.1003023535013198,-0.0071184933185577,-0.0890029966831207,0.1175107732415199,0.0771063789725303,0.1176362559199333,0.09925227612257,-0.087580606341362,0.044208001345396,0.1176251694560051,-0.06082059815526,-0.0937255099415779,-0.0810884684324264,-0.1134427860379219,0.0989645048975944,-0.1172249689698219,-0.0263417307287454,0.1196328252553939,-0.0718343928456306,-0.1137529611587524,-0.0807012021541595,0.0789772197604179,0.1364086419343948,-0.1214938908815383,0.0759351253509521,0.1209978759288787,0.1309166550636291,0.0829579457640647,0.0955335423350334,-0.0389788299798965,-0.1035938188433647,-0.094641201198101,0.136397123336792,0.1288428008556366,-0.0800105631351471,-0.1046386063098907,0.11911391466856,-0.0677802041172981,-0.119155541062355,-0.0827802196145057,-0.0852594599127769,-0.1288192719221115,-0.1260729134082794,-0.0424541682004928,-0.1288536936044693,0.1292552649974823,-0.1324769854545593,0.1116205155849456,-0.1342471688985824,0.0855482369661331,-0.0219201315194368,0.1155491918325424,0.1107912808656692,-0.0417760759592056,0.0985230132937431,0.0713811516761779,-0.0369102917611599,0.0778453424572944,-0.0527704805135726,0.1076538190245628,0.0600491873919963,0.1175843477249145,-0.1121301427483558,0.0466688238084316,0.0299467276781797,-0.0585231631994247,-0.0536522343754768,0.0691413506865501,-0.0495789125561714,-0.1306517869234085,0.0654824748635292,0.1315368860960006,0.1190077438950538,-0.0955724343657493,0.1161764860153198,-0.0552975721657276,-0.0491170138120651,-0.1079505011439323,0.1047263890504837,-0.0143287722021341,-0.0688445419073104,0.0732202380895614,0.0352535396814346,0.1179022192955017,-0.0264407861977815,-0.0699639320373535,-0.1088916063308715,0.0767771899700164,-0.1210351288318634,0.1265074908733368,-0.1242051646113395,-0.0618841871619224,-0.001463716616854,0.0139154978096485,0.047446109354496,-0.1170021444559097,0.0347003936767578,-0.0378590412437915,0.0337071903049945,-0.005226731300354,-0.117038182914257,-0.0313031822443008,0.0329648628830909,-0.0407634228467941,0.0071554817259311,-0.0625286549329757,0.0112467650324106,-0.1139108315110206,0.034822329878807,0.1368788629770279,-0.0169566236436367,-0.1097794622182846,-0.1314548552036285,0.0324966311454772,0.0992689579725265,-0.0293596200644969,0.1257092058658599,-0.1120457649230957,0.0458809025585651,0.0097455382347106,-0.0462754406034946,0.0362216308712959,-0.0082387458533048,-0.0062333261594176,-0.0592598989605903,0.0849909037351608,0.1193282827734947,0.1189719215035438,-0.0414046458899974,0.0028481464833021,-0.1301731765270233,0.0684019103646278,0.1027938202023506,-0.0502597317099571,0.0868754163384437,-0.0533646419644355,0.138344794511795,-0.1310544610023498,0.0380415469408035,0.0507538579404354,-0.0551381520926952,0.1130623817443847,-0.0807564631104469,-0.1266013085842132,-0.1130427122116088,0.0917148813605308,-0.0542704537510871,-0.067034512758255,0.0658837407827377,0.0615963116288185,-0.0381973050534725,0.0543822310864925,-0.1063344478607177,0.1038770899176597,0.1627239286899566,0.094256192445755,-0.1572393178939819,-0.106534220278263,-0.0437525920569896,0.0060074222274124,-0.0024172621779143,-0.0524072758853435,-0.0531552098691463,-0.073152981698513,0.1303503960371017,-0.173764020204544,-0.0939098596572876,-0.0254693236202001,0.0139970798045396,0.0402306951582431,-0.1491884887218475,-0.0859194695949554,0.012735940515995,0.0676402524113655,0.0260788798332214,0.0127917453646659,0.0486746616661548,0.0197858102619647,-0.0168831460177898,-0.0161686744540929,-0.0370905324816703,-0.021060736849904,-0.0778844133019447,0.0686466321349144,0.0915126055479049,0.084018275141716,-0.0957752391695976,-0.0538622140884399,-0.0603109970688819,-0.136185884475708,-0.1291914731264114,-0.0336537584662437,0.1506652683019638,-0.154133453965187,0.1246907114982605,-0.0538684912025928,0.0894156843423843,-0.0902317762374877,-0.1425253301858902,0.0847372338175773,-0.0294682066887617,0.1142986863851547,0.158353254199028,-0.1797376573085785,-0.0252756383270025,-0.0150759108364582,-0.0407669879496097,0.0460391826927661,-0.0765042677521705,-0.0912270620465278,0.071195401251316,-0.1423403322696685,0.1569922417402267,-0.096422865986824,-0.0606005564332008,-0.012688260525465,0.1032458916306495,-0.0917811319231987,-0.0428471527993679,-0.0267038643360137,0.0837494060397148,0.0971678122878074,-0.1405991315841674,-0.1523318737745285,-0.1220084056258201,-0.0154336625710129,0.0516216531395912,-0.093748889863491,-0.0432185567915439,0.0540184862911701,0.0056983930990099,-0.1135775670409202,-0.079086422920227,0.0111473649740219,-0.0479145981371402,-0.0286322645843029,-0.0532083623111248,0.0567862726747989,0.1598455309867859,-0.0324181355535984,-0.0645144209265708,-0.0722890123724937,0.0211613439023494,0.062938742339611,-0.0652593150734901,0.0863952860236167,-0.1187759935855865,0.0340305492281913,-0.1492266505956649,0.0210724677890539,0.0509120225906372,-0.1192322969436645,-0.0294461622834205,-0.0345174856483936,0.0592827163636684,0.0771061703562736,0.1360905319452285,-0.0126614207401871,0.0977484434843063,-0.0643108561635017,0.0421105548739433,0.0231177080422639,0.0546898171305656,-0.1383073776960373,0.0032674022950232,-0.1270853877067566,0.0801557749509811,-0.0922434777021408,0.0199807956814765,0.0413556024432182,0.1571075022220611,0.1297515034675598,0.1108274683356285,-0.133179023861885,0.1454959511756897,0.010063518770039,MMZCLTYQPORPJY-UHFFFAOYSA-N,CN1CCN(c2ccc(NC(=O)C3CC3)cc2)CC1
0.0233152415603399,-0.1008119285106659,0.0227810107171535,0.1011558175086975,0.1004594713449478,-0.096491053700447,0.0156162241473793,-0.0845749452710151,-0.0979672446846962,0.1011386066675186,0.0555863752961158,0.0997107848525047,-0.1002256572246551,-0.0374522469937801,0.1011480763554573,-0.1000103056430816,-0.1011537387967109,0.0928938239812851,0.0957717448472976,0.1011602729558944,-0.1000551804900169,0.0899562761187553,-0.0966480150818824,0.1010670885443687,0.0202691107988357,-0.0856767669320106,-0.090738832950592,-0.0940804034471511,-0.0995808541774749,0.0969449132680893,-0.1011398956179618,-0.0963484421372413,0.101011574268341,0.094127707183361,-0.089653693139553,-0.0997331887483596,0.0205866638571023,-0.0805184096097946,-0.1009794995188713,-0.1011600121855735,-0.086389422416687,-0.1005907580256462,-0.0270280446857213,-0.1011169552803039,-0.0310747791081666,-0.1009952425956726,-0.0780211091041565,0.1010782718658447,0.101160928606987,-0.0935765653848648,-0.10111765563488,0.1011307761073112,-0.1000211760401725,0.1011609882116317,0.1010370329022407,0.0163895040750503,-0.0643764585256576,0.0269641354680061,-0.0798303708434104,0.0979706272482872,0.0996609330177307,0.1011006608605384,-0.0193976927548646,0.1011504009366035,-0.101153589785099,-0.1005286425352096,-0.0649809166789054,-0.0068429601378738,-0.074501521885395,0.1004565507173538,0.0288740545511245,-0.101154088973999,0.0962886959314346,-0.0587821938097476,-0.1011604741215705,-0.1009965613484382,-0.1011256575584411,0.1009613126516342,0.1007290184497833,-0.1008351072669029,-0.0878029987215995,0.0994674116373062,0.1011503934860229,-0.0874311178922653,-0.1008318662643432,-0.1004056856036186,0.1011418998241424,0.0621747076511383,-0.0903185978531837,0.1011239513754844,0.101160891354084,0.0918361842632293,0.0629808083176612,-0.1011599600315094,0.1007824018597602,0.101100206375122,-0.0984120443463325,0.1011603847146034,0.0913428887724876,0.1004481688141822,-0.1011599451303482,0.100852370262146,0.0910118594765663,0.0159088149666786,-0.077989362180233,-0.0848204940557479,0.1011496186256408,0.1010554283857345,0.1006390452384948,0.0150622893124818,0.1011609882116317,-0.1011577323079109,-0.01435012742877,-0.1011592894792556,0.1011596769094467,0.1010624542832374,-0.1011601388454437,-0.0644495636224746,-0.1009836718440055,-0.1010432913899421,0.060457807034254,0.0558286048471927,0.1001793071627616,-0.0949858352541923,0.0521701052784919,-0.0878650322556495,-0.0286853406578302,0.0647344663739204,-0.1016473472118377,-0.0167900417000055,-0.082333393394947,0.0933880284428596,0.0965816676616668,0.058710616081953,0.0757954567670822,0.1035900563001632,-0.0580893568694591,-0.1061221957206726,-0.1034367829561233,-0.0307216122746467,-0.0415684953331947,-0.0491878576576709,0.0886320769786834,-0.0334559828042984,-0.0687047615647316,-0.1061863824725151,0.0641160234808921,0.1051131561398506,-0.1030184850096702,0.1062427759170532,0.106205403804779,0.1063457876443862,0.0909976288676261,-0.0005917865200899,-0.0916866436600685,0.0997100248932838,0.1044698655605316,-0.1062937527894973,-0.106313481926918,0.0987028554081916,0.1061110571026802,0.1061885133385658,0.1062805652618408,-0.1063275933265686,0.1051315367221832,-0.1060592383146286,0.0816160142421722,0.1063427627086639,0.0141150979325175,-0.0801179409027099,0.0952372625470161,0.0343414209783077,0.1049929782748222,-0.1061781272292137,0.0510671474039554,-0.0204662065953016,0.1063472181558609,0.0896105244755745,0.1048406660556793,0.1063473522663116,-0.1034948602318763,0.1062826290726661,-0.1061607599258422,-0.0077755991369485,0.0921523198485374,-0.0932400822639465,-0.0621549934148788,0.0428783446550369,0.1041959449648857,0.0958802476525306,0.0860941410064697,-0.0657350346446037,0.1063113287091255,0.1040189713239669,0.1061814576387405,0.1058076471090316,-0.1063482537865638,0.0914724618196487,0.0983856990933418,-0.100153625011444,-0.1063356697559356,0.1063475459814071,-0.0751149281859397,-0.0060692755505442,0.0417695641517639,0.1031766533851623,-0.0545791983604431,-0.1049683094024658,-0.0902212560176849,0.0926329120993614,-0.1057562157511711,0.0910370647907257,-0.0799953639507293,0.0722915306687355,0.1052836775779724,-0.100856989622116,0.1025823056697845,0.0175546873360872,-0.105482131242752,-0.0959737822413444,0.0690997913479805,0.0932231172919273,-0.0284010414034128,0.0898462906479835,-0.0294992625713348,-0.1055341884493827,-0.0605369135737419,0.1063427999615669,0.1031763032078743,0.0996313840150833,-0.1059434413909912,0.0901514366269111,0.0714483335614204,-0.0122036132961511,0.1063423976302146,-0.1057554483413696,0.0613665096461772,0.065898098051548,-0.1026204377412796,-0.1060483828186988,-0.1034241020679473,0.0822310745716095,0.1061407253146171,-0.0498113259673118,-0.0356950797140598,0.0783505663275718,0.1014343053102493,-0.084116406738758,0.1056149303913116,-0.0865205004811286,-0.0400933027267456,0.0529628247022628,-0.1038530096411705,0.1063445210456848,-0.1041148379445076,-0.0685202106833458,0.1028325632214546,0.1012575030326843,-0.0443923026323318,0.0955800041556358,0.0920734107494354,0.0809704214334487,-0.1021024957299232,0.0979476049542427,-0.1005980297923088,0.0901953428983688,-0.0300161354243755,0.0833510383963584,-0.0662130564451217,-0.0549473315477371,0.0975462943315506,0.1019810661673545,-0.1028847247362136,-0.0641609653830528,0.0953305661678314,-0.0867675170302391,-0.1027771905064582,0.1018965914845466,0.1017256081104278,0.1021036729216575,0.0557295195758342,-0.101903811097145,-0.1022417768836021,-0.048360988497734,0.0707425773143768,0.1001445576548576,0.0105754472315311,-0.0978732779622078,-0.1029677391052246,-0.091093048453331,-0.0230379849672317,-0.0615709871053695,0.0290644373744726,-0.0452382825314998,-0.0049302414990961,0.10248564183712,-0.0358375087380409,0.0943101271986961,-0.099837876856327,-0.1020749360322952,0.1026292815804481,0.0733436048030853,-0.1028128713369369,-0.0846884474158287,-0.0919558778405189,-0.0931203737854957,-0.0355301834642887,-0.1027174368500709,0.0413175784051418,0.0803411155939102,0.0936596915125846,0.088577315211296,0.1029627844691276,0.1023831143975257,0.1002822518348693,0.062662124633789,0.1024722084403038,0.0427064597606658,-0.0621830783784389,0.1010852232575416,-0.1029531881213188,0.1029665544629097,-0.0718676745891571,-0.1029112711548805,0.1029677167534828,0.0696194171905517,-0.0986006930470466,-0.1026576161384582,0.1003063321113586,0.0557207912206649,-0.0578664541244506,0.0949652418494224,0.10133957862854,0.1024526134133338,0.102967694401741,0.081828124821186,-0.0897770151495933,0.0674226135015487,0.101837657392025,0.1029663234949112,-0.0920113772153854,0.1029632091522216,0.102930724620819,-0.0787404552102088,-0.0940217599272728,0.0974586009979248,-0.1029517203569412,0.0344037972390651,0.099512480199337,-0.0837319195270538,0.1010176166892051,-0.0677361935377121,-0.0880637839436531,0.0869960561394691,0.1028508320450782,-0.1028331890702247,-0.1029489338397979,0.0195131171494722,0.1019423529505729,-0.1005088612437248,0.0817563459277153,-0.0941291227936744,0.102866031229496,-0.0854267627000808,0.1028645560145378,-0.1024750918149948,0.102960281074047,-0.0845879018306732,-0.0862591713666915,-0.1027694195508956,-0.1026606261730194,0.1018709614872932,0.1022414192557334,0.1029677838087081,-0.1028920486569404,-0.0558073036372661,-0.1028760224580764,0.0972319096326828,0.0905649662017822,0.1028824970126152,-0.071424514055252,-0.0575350485742092,0.1012133434414863,-0.0242497436702251,-0.0577078945934772,-0.027928302064538,-0.0616562329232692,0.0204863138496875,-0.0968686342239379,0.0355093330144882,-0.1054316684603691,0.0667016878724098,-0.0470655001699924,-0.137904867529869,0.1355258375406265,-0.1243967115879058,0.0767260566353797,0.0011540399864315,-0.1216145232319831,0.0561026185750961,-0.1396207064390182,-0.0562898702919483,0.045211985707283,-0.0241687707602977,-0.0894385427236557,-0.0937609896063804,0.0437556505203247,0.022010214626789,0.0997192859649658,-0.0094131855294108,-0.0621034801006317,0.007534981239587,-0.1369509547948837,-0.0044790236279368,0.0694290995597839,0.1102378740906715,0.0408234819769859,0.1282003223896026,0.1307051479816436,-0.1406614780426025,0.0416467152535915,-0.0384665429592132,-0.0775118246674537,0.0939951837062835,0.0861388742923736,-0.1130732297897338,-0.1225910484790802,0.0269912425428628,0.0638285875320434,0.0729807987809181,0.1390939056873321,0.1056887656450271,0.0777911096811294,-0.059296041727066,-0.0429649613797664,0.1051496714353561,-0.0011123340809717,0.1061810106039047,-0.0074561601504683,0.114732339978218,0.0701198577880859,0.1001468077301979,0.0996715649962425,0.1193279325962066,-0.0903391987085342,-0.0753645375370979,0.1044416949152946,0.1017848029732704,0.1469309628009796,-0.1056837812066078,-0.1069807931780815,0.1112424656748771,-0.0010918107582256,-0.1000468432903289,0.0767925456166267,0.0419166088104248,-0.0488520488142967,-0.0654085651040077,-0.1365454196929931,-0.0321781188249588,0.0730899944901466,-0.1148800402879715,0.0651960000395774,-0.1341357380151748,0.0508400797843933,-0.0475449152290821,0.0484414957463741,-0.1155630126595497,0.0155852967873215,-0.0089569091796875,-0.1206089630722999,0.1541005820035934,0.0809708088636398,-0.0031166940461844,0.0920968949794769,0.125259518623352,-0.0618364065885543,-0.0963682681322097,-0.1341103613376617,-0.0458838492631912,0.0088072847574949,0.1256144642829895,0.0969214737415313,-0.1075770929455757,-0.0721184536814689,-0.0578705444931983,-0.0391836240887641,0.0839898362755775,0.0701926201581955,-0.132610946893692,-0.1074954643845558,-0.0596454627811908,0.1242214888334274,-0.0159570630639791,-0.0220964699983596,0.1225868090987205,0.1527595072984695,0.0468905642628669,0.1115435287356376,0.1355956345796585,0.1396597772836685,-0.0593903362751007,-0.129908338189125,0.1189049407839775,0.0338231436908245,-0.0258693695068359,0.0954383015632629,0.1055280864238739,-0.0262578763067722,0.0339977853000164,-0.0253740493208169,0.0079741608351469,-0.0878709927201271,0.0934751033782959,0.1170536652207374,-0.0741258785128593,0.1592185646295547,0.1249323412775993,0.1724544167518615,0.0053007574751973,0.1184928864240646,0.0476927161216735,-0.0030364198610186,0.0653730705380439,-0.0082496302202343,0.0575204454362392,-0.0398785881698131,-0.0876279324293136,0.0427956916391849,0.0376190654933452,-0.0126002226024866,0.1732390522956848,0.0334555469453334,-0.0297865606844425,-0.093138612806797,0.0867956131696701,-0.0046009384095668,0.1424482315778732,-0.1404722183942794,0.0129884900525212,-0.0928932875394821,0.0678096115589141,0.1242474392056465,0.0761989057064056,0.0669864788651466,0.0812524259090423,0.0320938974618911,-0.0745819658041,0.0472902730107307,-0.1725793331861496,0.0010959737701341,-0.0805402621626854,-0.0646540224552154,-0.01199153624475,-0.1646734178066253,-0.0467679612338542,-0.0849174037575721,-0.0173825733363628,-0.1562215238809585,-0.0951588749885559,-0.0155424466356635,-0.0077319727279245,0.0609216354787349,0.0538767613470554,0.0432978831231594,0.0417277142405509,-0.0191005878150463,-0.0650838837027549,-0.060578241944313,0.046981256455183,0.1580961048603058,-0.0548471361398696,-0.0150182209908962,0.0281726121902465,-0.0158978700637817,0.1114348620176315,-0.1518755406141281,-0.0259420089423656,0.0822938829660415,0.1007245928049087,-0.0070032393559813,0.0431056469678878,0.0657564327120781,-0.1361308246850967,-0.1692443490028381,-0.0577559024095535,0.0897015035152435,-0.0976633876562118,0.0509392768144607,-0.0112455282360315,0.0292732119560241,0.0688991993665695,0.1162585169076919,0.0243508201092481,-0.013553500175476,0.1338559091091156,-0.0224079899489879,-0.0096911452710628,0.0238997153937816,0.0463835224509239,-0.0126852020621299,0.1208380162715911,0.0902798026800155,0.015313166193664,-0.2003771513700485,-0.0650301724672317,0.1701781004667282,-0.0070859403349459,0.0948732867836952,0.0222555622458457,0.1013088226318359,-0.0352173447608947,-0.098064437508583,-0.0322964712977409,0.0131754595786333,0.1141857728362083,-0.0073387408629059,0.1230692043900489,-0.0791739672422409,0.0627363324165344,0.006439208984375,-0.0099401734769344,-0.1527267694473266,-0.04275718703866,0.1733439266681671,-0.0687407702207565,0.0281096268445253,-0.0369190722703933,0.1834028214216232,-0.0843592137098312,0.135821983218193,0.1371253579854965,-0.1703783422708511,-0.1107186898589134,0.0813024416565895,-0.0066400030627846,-0.0731770545244216,-0.0245051402598619,-0.1356488019227981,-0.048890508711338,-0.0419951900839805,0.1420289427042007,-0.1009726449847221,0.0847399607300758,-0.0754113495349884,0.1037496179342269,0.0891506224870681,0.119358979165554,-0.1544366627931594,-0.0331258215010166,0.130319133400917,-0.0318658612668514,-0.0844446718692779,-0.0022727753967046,0.0120945330709218,-0.0132454745471477,0.0873517766594886,-0.1042807176709175,-0.0147450827062129,-0.1302700787782669,-0.1275349706411361,0.022315576672554,-0.1293798238039016,-0.1300576031208038,-0.1046143770217895,0.086046278476715,0.0711434781551361,0.047974269837141,0.1075145900249481,0.0938943848013877,0.0594247542321682,0.0051996679976582,-0.0481979548931121,0.0264134369790554,-0.017872991040349,0.0363682433962821,0.0392631590366363,-0.1147862300276756,-0.000867016846314,-0.1515046060085296,0.0045190686360001,-0.1404911279678344,-0.0369938164949417,0.1028481796383857,0.1691774576902389,-0.0283446833491325,0.1655924916267395,0.0051956479437649,0.0851257443428039,0.1022461280226707,-0.0839440450072288,0.0238359328359365,0.1163962110877037,0.039012037217617,0.0530679896473884,-0.1050036549568176,0.0033621196635067,0.0286491774022579,-0.0974627509713172,-0.0552007332444191,-0.1175270453095436,-0.1107551380991935,-0.0201952364295721,-0.0961145237088203,0.0702563300728797,-0.0031175578478723,-0.0197575967758893,0.0790406763553619,0.119792990386486,-0.1045862808823585,-0.068285085260868,-0.0456518009305,0.0915614962577819,0.0216033048927783,-0.1265813261270523,-0.1130908280611038,-0.0987994596362114,-0.0103094559162855,0.0058657098561525,-0.1416129618883133,-0.0173974223434925,-0.034088484942913,0.0567146874964237,-0.0231320839375257,-0.0562730431556701,-0.0147956246510148,0.0698322877287864,-0.0951248481869697,0.0458184629678726,-0.040301825851202,0.1526078581809997,-0.0245659928768873,0.0572069212794303,-0.0231294818222522,-0.0966544970870018,0.0599530860781669,-0.1321818530559539,-0.0957498550415039,-0.1201459914445877,0.0336367562413215,-0.1316278129816055,0.1520180404186248,0.0315783582627773,-0.0708952918648719,0.0417188145220279,-0.1151590794324874,-0.0234872568398714,-0.086657129228115,0.1384818702936172,-0.0792125910520553,0.1549711972475052,0.0898615196347236,0.1623677909374237,-0.1367179304361343,0.1504182666540146,-0.0497329793870449,-0.015534745529294,0.0027735366020351,-0.1147371903061866,-0.0015567472437396,0.0732191577553749,-0.0387717001140117,0.1692726761102676,0.1045198962092399,0.0988368690013885,-0.1114182919263839,-0.0426346622407436,0.015229663811624,QEXSLHNFLZWWTP-LBPRGKRZSA-N,Cc1nc(C)c(C(=O)N2CCCC[C@H](N(C)C)C2)o1
0.1086973249912262,0.1097291707992553,0.1108374521136283,-0.0937611162662506,-0.0595692917704582,0.1107067540287971,-0.012957721017301,0.036856010556221,0.1052488163113594,-0.1107975840568542,-0.0115262828767299,0.0150213707238435,0.0893665328621864,0.0517220832407474,0.0620902702212333,0.0834506377577781,-0.1109276488423347,0.0525930970907211,-0.0904841348528862,-0.0527461394667625,-0.0259420648217201,0.0934176668524742,0.0817828774452209,0.0303978994488716,0.0937641859054565,0.0897981449961662,-0.1107003316283226,-0.1002930775284767,0.085840918123722,0.0308155454695224,0.1107295230031013,-0.093100756406784,0.1074198335409164,-0.0370114147663116,0.1104969978332519,0.1099916994571685,0.0767285451292991,-0.0911224335432052,-0.1108994260430336,-0.0715572461485862,-0.1064669117331504,-0.0838303342461586,-0.1100960299372673,-0.0704512298107147,-0.0729909464716911,0.1030245721340179,0.0635208711028099,0.059146910905838,-0.0211950037628412,-0.1107792779803276,0.1103651002049446,0.1099844947457313,-0.110869362950325,0.0194777455180883,-0.0438216626644134,-0.0862355679273605,-0.0743629410862922,-0.1061947792768478,-0.0907512381672859,-0.0995169952511787,0.10866180062294,0.1109571829438209,-0.0871240273118019,0.0737082660198211,-0.06759525090456,0.1107677742838859,0.0946250259876251,-0.1093988418579101,-0.0883805155754089,-0.0881995037198066,0.0210643205791711,-0.1018007397651672,-0.1022009178996086,0.0547683462500572,-0.062424287199974,0.1086618900299072,0.1052861958742141,0.1100368350744247,0.0107329590246081,0.1087342575192451,0.1046769469976425,0.1091856136918068,0.0769558250904083,0.1053486689925193,0.0126149058341979,0.0992132574319839,-0.1089395061135292,-0.0874713435769081,0.0365234091877937,-0.0585618168115615,0.110484093427658,0.1098287031054496,-0.110923521220684,-0.0902007594704628,-0.1107157096266746,-0.1073244586586952,0.1108423322439193,-0.0708013325929641,0.0507652722299099,-0.0994909852743148,0.0058149099349975,0.0724946185946464,-0.1047673597931861,0.0902095958590507,0.1106525883078575,0.071910947561264,0.100856713950634,-0.1105842664837837,-0.0702532902359962,0.0911472290754318,-0.107697956264019,-0.0932107269763946,-0.1070304960012435,-0.0792936012148857,-0.1087304726243019,-0.0880395919084549,-0.1082644835114479,0.1092975139617919,0.1107085347175598,0.1009925827383995,-0.0363940559327602,0.1001969203352928,-0.0316680707037448,-0.0827497094869613,0.1102175712585449,-0.0451602824032306,0.0489049330353736,0.0659305900335311,0.1033836901187896,0.0068891909904778,-0.0820212736725807,0.0793869569897651,-0.1035900488495826,-0.0346032045781612,-0.104260042309761,0.104191705584526,0.0842679589986801,0.0492412559688091,0.0025537922047078,0.0980323478579521,0.1022857651114463,0.0063600144349038,-0.0930713936686515,-0.0955595970153808,-0.0302514247596263,0.1043117493391037,0.1044027805328369,0.0860213339328765,-0.096166580915451,0.0992354452610015,0.0654346570372581,-0.1043111607432365,-0.10430159419775,0.0781718343496322,-0.1044175773859024,-0.0762965828180313,-0.1022128164768219,-0.1042704656720161,0.1042811423540115,-0.0946154743432998,-0.1026943773031234,0.1032010093331337,-0.0077094137668609,0.0997474938631057,-0.0450968667864799,0.1044149100780487,-0.0639988034963607,-0.0714392364025116,-0.087893970310688,-0.1039295122027397,-0.1041379049420356,-0.0320202335715293,-0.0895978510379791,0.1041464954614639,-0.1043944805860519,0.1043141037225723,0.0910216569900512,0.104166530072689,-0.0923654362559318,0.1043430939316749,0.0309600699692964,0.0908734053373336,0.1041407063603401,-0.09183169901371,-0.0790799185633659,0.1043737158179283,0.0990394875407219,0.1012434139847755,-0.0490787029266357,0.073791928589344,0.1002544090151786,-0.1002378463745117,-0.1037908867001533,0.0194754190742969,-0.077413834631443,0.0994713231921196,0.0958727002143859,0.0641484782099723,-0.1023119837045669,-0.0991312116384506,0.1034860983490943,0.1014211624860763,-0.0499521195888519,-0.0937542021274566,0.087224394083023,0.1038081720471382,-0.0645777359604835,-0.0996479615569114,-0.1044109016656875,0.0808167532086372,-0.0797552913427352,0.084639772772789,0.1031935065984726,0.1012451872229576,0.1043100580573082,-0.1038276404142379,-0.0844747871160507,0.1042737811803817,0.1039256379008293,-0.0781257525086402,0.0854969546198844,-0.0869999602437019,0.1042156964540481,0.1034357175230979,0.0815945714712143,-0.0775725021958351,-0.0145054664462804,-0.0883911922574043,-0.1030664071440696,0.1028865277767181,-0.1040140837430954,-0.1038631424307823,0.0997605100274086,0.0924507975578308,-0.0889673978090286,-0.1042955964803695,0.1044114083051681,0.1038714125752449,0.1033765748143196,0.1036199852824211,-0.0567300468683242,0.0846341699361801,-0.0937765836715698,0.076148547232151,0.1035419330000877,-0.0567348599433898,0.0130048105493187,0.1014188751578331,0.0746047049760818,-0.1043906807899475,-0.0619762726128101,0.0968623086810112,0.0145467286929488,-0.0326115004718303,0.0121877901256084,0.0682051032781601,-0.0897969305515289,0.1008331626653671,-0.1011510416865348,0.0066161542199552,0.1012177765369415,-0.0978586003184318,-0.1007593944668769,-0.0790033787488937,0.1009763181209564,0.0987671464681625,-0.1014250293374061,-0.1012986972928047,-0.0960970148444175,0.0961080715060234,0.0987172499299049,0.0981163382530212,-0.0747753009200096,-0.0978949591517448,0.1006926372647285,0.0447902791202068,0.0993814840912818,0.1014468669891357,0.1010645627975463,0.1013699397444725,-0.0198279041796922,-0.0813115090131759,0.0982735604047775,0.0605591982603073,-0.0519884638488292,-0.101314291357994,0.1013989374041557,0.0986039265990257,-0.0950225442647934,0.0222650989890098,0.1008115485310554,0.1014232262969017,-0.0839336887001991,0.0077264457941055,-0.0971527844667434,-0.0986956357955932,0.1010764315724372,-0.0921054780483245,0.085194706916809,-0.1014315634965896,0.1014582514762878,-0.0362206138670444,0.0990097597241401,0.0119702322408556,-0.1013105660676956,0.0908636823296547,0.0839015543460846,-0.1003144085407257,0.0669119954109191,0.1009449958801269,-0.099485196173191,0.1011287942528724,0.1012692525982856,-0.0958709567785263,-0.0907350927591323,-0.1013987362384796,-0.048452328890562,-0.0991972982883453,0.0919677019119262,-0.097667820751667,0.0886918827891349,-0.0945073962211608,0.0995615720748901,0.0996893942356109,0.1014703065156936,0.1014381721615791,-0.0738554149866104,-0.1008409410715103,-0.0525336898863315,-0.0954705625772476,-0.0814137831330299,0.1011690199375152,0.1010671928524971,-0.0967097133398056,0.1013368889689445,0.0578882321715354,-0.0975464656949043,0.1011820957064628,0.0905786603689193,0.0887089371681213,-0.0821738615632057,-0.096046581864357,-0.0124038541689515,-0.0549151599407196,0.0842771679162979,-0.0767530724406242,0.0260881725698709,-0.0995639786124229,0.0973783060908317,0.0916026756167411,-0.097845122218132,-0.1005799546837806,-0.0974665954709053,-0.1013253852725029,0.0965132489800453,0.0914813429117202,-0.1012781336903572,0.0669914633035659,-0.1013998314738273,-0.1012025624513626,-0.1008130460977554,0.0991722792387008,-0.101342387497425,-0.0761986151337623,0.1014690026640892,-0.0991621538996696,-0.0169262532144784,0.0449495278298854,0.0964239612221717,0.0417182371020317,-0.1011124551296234,-0.0375670194625854,0.101425789296627,0.0707461759448051,0.0693833827972412,0.0979060232639312,-0.101076990365982,-0.0653317049145698,-0.0131873032078146,0.0975406095385551,0.0912261828780174,-0.0662667825818061,0.0845256969332695,-0.0671184062957763,-0.1005456522107124,0.1003098338842392,0.0825865343213081,0.0933946073055267,-0.1003123000264167,0.1006259471178054,-0.0783035680651664,0.1005960181355476,0.1005402505397796,-0.094638392329216,0.1005636826157569,0.0532307960093021,0.0800219997763633,0.0914470255374908,-0.0826281532645225,0.0802988409996032,0.0940392911434173,-0.0717638209462165,-0.0956336259841919,0.0749757438898086,-0.1003794968128204,0.0889510214328765,0.0992069765925407,0.1006084606051445,-0.1005651950836181,-0.0956567600369453,-0.0748796314001083,-0.1004177927970886,0.1004214137792587,-0.0995275899767875,-0.0805821865797042,0.0999827235937118,0.1001313477754592,-0.1002067551016807,-0.0744049474596977,0.1002081334590911,0.0996486842632293,-0.1005233451724052,-0.1003620252013206,0.1005788594484329,-0.1005856469273567,0.0966251268982887,0.1000770330429077,-0.0115145882591605,-0.0625479072332382,-0.0991570129990577,0.0296065080910921,0.088242195546627,0.1005381718277931,-0.0187017228454351,-0.1002038493752479,0.0930635184049606,0.1004896834492683,0.0702317431569099,-0.0986264944076538,0.0989989042282104,0.1004495620727539,0.0822627395391464,-0.0224259383976459,0.1005685925483703,-0.1001137122511863,0.0417957194149494,-0.0601214990019798,-0.0230484008789062,0.0880791693925857,0.1002854481339454,-0.0950514450669288,0.1002599522471427,-0.0087178954854607,0.0991989970207214,-0.0240437500178813,0.0942986831068992,-0.0985863357782363,0.0306370966136455,0.0333054959774017,-0.100211963057518,-0.0881681218743324,0.0094846673309803,-0.0956603959202766,0.1005249619483947,0.036405511200428,-0.0996315404772758,0.0987651571631431,-0.0876879319548606,-0.0908608734607696,-0.0993062779307365,0.0945036113262176,0.100597932934761,0.0768288001418113,0.0933121144771575,0.100595898926258,-0.0964622274041175,0.1005880609154701,0.1006208136677742,-0.0386347994208335,-0.0424886755645275,0.1000233590602874,-0.0179115775972604,-0.0999525859951973,-0.0988321751356124,-0.0992749854922294,0.0476954095065593,0.1005008295178413,0.1005518734455108,0.0998451635241508,-0.1000695005059242,-0.0614397674798965,0.0975378826260566,0.0981293618679046,-0.0274864118546247,-0.075275681912899,0.0929311513900756,0.0520842894911766,-0.1005806699395179,-0.099780336022377,-0.1004294380545616,-0.0988916903734207,0.0998133793473243,-0.0922046080231666,-0.0684123337268829,-0.1005881801247596,0.1005366295576095,-0.0996848493814468,0.097122237086296,0.1000185832381248,-0.1006219536066055,0.1006026044487953,-0.0998929068446159,0.09443249553442,-0.0804653465747833,-0.0612707436084747,0.0270255729556083,0.1004580110311508,0.100844070315361,0.1004361808300018,-0.0901177078485488,0.097691923379898,0.1005230993032455,0.06910240650177,0.10031059384346,0.0415002331137657,0.0601730085909366,0.0790963023900985,-0.1001665741205215,0.0891003534197807,-0.0969788581132888,0.0747304111719131,0.100777730345726,-0.099800981581211,0.1005503386259079,-0.0957957580685615,-0.098426230251789,0.0045570442453026,0.1008684858679771,0.0297868717461824,-0.1008419767022132,0.1007556915283203,0.100404679775238,-0.0830698609352111,0.0971361771225929,-0.0959729477763176,-0.0755889043211937,-0.0034837233833968,-0.0242730695754289,-0.0991983786225318,-0.0747928544878959,0.0791932493448257,-0.0958059057593345,-0.1006642282009124,0.0988755449652671,0.1008617803454399,0.0794328898191452,0.0965417772531509,-0.1008726358413696,-0.0890758037567138,-0.1002783477306366,-0.0294693671166896,0.0809444263577461,-0.0947284922003746,0.0962631106376648,0.1007201820611953,0.1002206280827522,-0.0655357539653778,0.043059479445219,-0.1005422472953796,-0.095691978931427,0.1005155593156814,-0.0392814502120018,0.1001739203929901,-0.1005777344107627,-0.0650651454925537,-0.0971104428172111,-0.1008697003126144,-0.1007640957832336,-0.1007206961512565,0.0387746430933475,-0.1001224294304847,-0.0914909318089485,0.1008287593722343,-0.0806526914238929,0.0831222310662269,-0.1007923483848571,-0.1008700653910636,0.0970919951796531,0.0993014946579933,0.034692209213972,0.1007996872067451,0.0971604138612747,-0.0566031634807586,0.097167395055294,0.0929693803191185,0.0596158541738987,0.1002677008509635,0.0911488831043243,-0.1008443385362625,0.0462367758154869,0.0998333767056465,-0.0997001454234123,0.1008573248982429,-0.0956210643053054,0.0158339105546474,-0.1003785580396652,0.1008641049265861,0.1008526682853698,0.0469411984086036,0.1008707582950592,0.0475337840616703,-0.100865714251995,-0.0886789634823799,0.1007825508713722,0.0980082675814628,0.0839859843254089,0.0992551147937774,0.100049041211605,-0.1006834656000137,-0.0973870977759361,-0.0983643904328346,0.0752251669764518,0.1005385667085647,0.0952657982707023,-0.0932089388370513,-0.0877484083175659,0.100798413157463,-0.1008437275886535,0.0546377077698707,-0.0967488139867782,-0.0976710319519043,0.0990120023488998,-0.1008242517709732,-0.1004830673336982,0.100837230682373,-0.090627521276474,0.0947331935167312,-0.0564198717474937,-0.0633418038487434,0.0467443875968456,-0.1033071652054786,0.1157227754592895,-0.0585210248827934,0.0855932086706161,-0.0070819742977619,0.0796865299344062,-0.1117524057626724,0.0900691971182823,-0.108888991177082,0.0524532236158847,0.0981025323271751,-0.0167612303048372,0.1098391041159629,-0.1121290475130081,0.077530987560749,0.0094631994143128,-0.0823935642838478,-0.0179755706340074,0.1064762100577354,0.0139556974172592,0.1106498837471008,0.0909214094281196,-0.1180339306592941,-0.0814235880970954,-0.0520659796893596,-0.0903466641902923,0.0626424103975296,0.1184559911489486,0.0902242511510849,0.0847346261143684,0.1090075373649597,-0.0161477625370025,0.0393886528909206,0.078411266207695,-0.1155209615826606,-0.0149576878175139,-0.0536710768938064,-0.0712299048900604,-0.0459892749786376,-0.0043709729798138,0.0994806885719299,-0.041067935526371,0.0383336506783962,-0.110161192715168,0.1147565096616745,0.118416890501976,0.1048603579401969,-0.1015576273202896,0.1099297478795051,-0.0975834131240844,-0.0152435079216957,-0.1080583482980728,0.0139707932248711,0.0682641714811325,0.1157056242227554,0.0949442833662033,-0.11554766446352,0.1073198840022087,-0.1186829656362533,-0.1100767850875854,-0.0898994877934455,0.083633042871952,0.1078562885522842,-0.1048197150230407,0.1105899736285209,-0.1095563471317291,0.0954961031675338,0.0044457800686359,-0.0909274220466613,-0.0824493542313575,0.0193902757018804,-0.0917866304516792,-0.1050166338682174,-0.0364873744547367,0.0866983830928802,0.0805696845054626,0.1139650717377662,0.1084747090935707,-0.1101672500371933,-0.1168171837925911,0.0461207590997219,0.0912454798817634,-0.1034254878759384,0.0121364342048764,0.1076748147606849,-0.1073433682322502,0.1151459366083145,0.0160153843462467,0.1138821616768837,-0.0254749432206153,0.1154358312487602,0.0429285392165184,0.057498212903738,0.0644596666097641,-0.031960517168045,0.1128888353705406,0.059346716850996,-0.0570403970777988,0.0822549313306808,-0.0757198110222816,0.0319287404417991,0.1184016019105911,0.0103875650092959,-0.1096514463424682,0.0798336267471313,-0.094916433095932,-0.0177983921021223,-0.1101186275482177,-0.105599395930767,-0.1184777170419693,-0.086409293115139,0.0910898298025131,0.1041971445083618,-0.1150901690125465,0.1165894940495491,-0.1186065003275871,0.0123624177649617,-0.046524129807949,-0.1181011721491813,-0.1173808798193931,-0.07752176374197,-0.1017578467726707,0.1139426305890083,0.0983445048332214,0.0946464389562606,-0.1181182861328125,0.1058861464262008,0.0089921616017818,JUZNIMUFDBIJCM-ANEDZVCMSA-N,C[C@@H](O)[C@H]1C(=O)N2C(C(=O)O)=C(S[C@@H]3CN[C@H](C(=O)Nc4cccc(C(=O)O)c4)C3)[C@H](C)[C@H]12
-0.0725279822945594,0.0818840563297271,0.0981380194425582,0.016510808840394,-0.0722677707672119,0.0912824794650077,-0.0981355980038642,0.0980952680110931,0.0277307815849781,-0.0931626036763191,0.098099298775196,-0.097532071173191,0.0556321628391742,0.0521767809987068,0.0960982292890548,-0.0616600550711154,-0.0912709161639213,0.0981165245175361,-0.098133772611618,0.0981295406818389,-0.0763468369841575,-0.0981318578124046,0.0981373339891433,-0.0979204028844833,0.0973419770598411,-0.0895658358931541,-0.0969290137290954,0.0893702059984207,0.0958672985434532,0.0970855206251144,-0.054201602935791,-0.0976560860872268,-0.0973412618041038,-0.0973270758986473,-0.0980720147490501,0.0981378108263015,0.0975044965744018,0.0972646251320838,-0.0963250696659088,0.0976879522204399,-0.0981380194425582,-0.0979704931378364,0.0964260399341583,0.0883608013391494,0.0981142818927764,0.0957027301192283,0.0979915335774421,-0.0975056514143943,0.0830238983035087,-0.087019108235836,0.0969236195087432,-0.0979022830724716,-0.0965698137879371,-0.0936606004834175,0.0649766698479652,0.0981374904513359,0.0981380194425582,0.0955251976847648,-0.0978952571749687,-0.0959396064281463,-0.098135195672512,0.0680713951587677,0.0552842020988464,-0.0867626965045929,0.0947397425770759,0.0923654958605766,0.0043934644199907,0.0980077311396598,0.0965650901198387,0.0741632580757141,0.0847468972206115,0.0981380194425582,0.0971713066101074,-0.0981252267956733,0.0981380119919776,-0.0979585573077201,-0.0634955689311027,-0.0981057956814765,-0.0571735240519046,0.0872885435819625,-0.0327402614057064,0.0981372892856597,0.0981279909610748,0.0036798866931349,0.0980156883597374,0.0969445332884788,0.0974366068840026,-0.0977700874209404,-0.0774048268795013,-0.0835157036781311,-0.0977887138724327,0.0895288288593292,-0.0978619679808616,0.0816045626997947,-0.0981380045413971,0.0981377363204956,-0.0981368497014045,-0.0853817388415336,0.0587312951683998,0.0333907380700111,0.0951021239161491,-0.0787142068147659,-0.0945643633604049,0.0981380194425582,-0.0971995890140533,-0.0826506614685058,0.09812743216753,-0.0047064065001904,-0.0976106077432632,-0.0051649291999638,0.0862108170986175,0.0981300324201583,-0.0946841314435005,0.0976260602474212,-0.0933020487427711,-0.0974903330206871,-0.098086267709732,-0.0981380119919776,0.004474414512515,0.09722850471735,-0.097119390964508,-0.0971159264445304,0.0866967961192131,0.0981219410896301,0.0894859954714775,0.0977920368313789,0.0152695644646883,-0.0941696465015411,0.0976810902357101,0.0974810570478439,-0.097679503262043,0.0976807847619056,0.0566956177353858,0.0971873551607132,-0.0976810827851295,-0.0881539657711982,-0.0679275318980217,0.0976031720638275,0.0976799875497818,-0.0741344019770622,-0.0960333868861198,-0.0737729743123054,0.0965344682335853,0.0599202811717987,-0.0875648185610771,0.0975195840001106,-0.0975732132792472,-0.0835178941488266,-0.0938676372170448,-0.096289150416851,-0.0974436625838279,-0.0951365306973457,-0.0575592890381813,0.0976668000221252,-0.0289608165621757,-0.0456260628998279,0.0876962319016456,-0.054643053561449,0.0880095288157463,-0.0967230126261711,-0.0976808369159698,-0.0887640863656997,-0.0919705033302307,-0.0702636316418647,-0.0976789221167564,0.0950100496411323,-0.0972268208861351,0.0440586432814598,0.0431561432778835,0.0971000269055366,-0.0976808369159698,0.0708879977464675,-0.0976385325193405,-0.0976810306310653,0.0957768186926841,0.0924753993749618,-0.0946512892842292,0.0976800397038459,-0.0962048098444938,0.0548288486897945,-0.0930605381727218,0.0943312421441078,0.0975207537412643,-0.0902946069836616,-0.0968968644738197,-0.0441585257649421,-0.0965817421674728,-0.0974524766206741,0.0677769258618354,-0.097440980374813,0.0976719856262207,0.0976679995656013,0.0976780951023101,-0.0975769534707069,0.0976788625121116,0.0901168882846832,-0.0905190855264663,0.0976765230298042,0.0849233195185661,-0.0399825572967529,0.0976751893758773,0.0942428261041641,0.0900723040103912,0.0630953982472419,0.0188716687262058,0.0976809337735176,0.0916690528392791,0.0139001915231347,-0.0745912790298461,-0.0443763136863708,0.0974223017692565,-0.0974357575178146,0.0351764485239982,0.0964319109916687,0.0974999666213989,0.0958925709128379,-0.0976810380816459,0.097613088786602,0.0820220932364463,0.0099126249551773,-0.0960030481219291,-0.09767597168684,0.0962690040469169,-0.0974690243601799,0.0976473540067672,0.0971039161086082,0.0915819779038429,0.0922465324401855,0.0432286970317363,0.0943935737013816,0.0976808369159698,0.097157783806324,-0.0952670201659202,-0.0697690322995185,-0.097680889070034,0.09767796844244,-0.0975603386759758,-0.0975906029343605,-0.0965950563549995,0.0761845186352729,-0.097250759601593,-0.0976497083902359,-0.0976807326078414,-0.0965131893754005,-0.0976773500442504,0.0959518030285835,0.0976684391498565,-0.0975378230214119,0.0939846709370613,-0.0959972888231277,0.0900259464979171,0.0959582030773162,-0.0788840278983116,-0.0975231975317001,0.0895348787307739,0.0974877402186393,0.0903340354561805,-0.0881999656558036,0.0475130453705787,0.0362349823117256,-0.0972315594553947,-0.1016676351428031,0.100831925868988,0.0058335084468126,0.1016847714781761,-0.0895506739616394,0.0188518352806568,-0.0753042250871658,-0.1017206385731697,-0.1017141342163086,0.0986409112811088,-0.0250653475522995,0.1016153544187545,0.1013388633728027,-0.1017098426818847,-0.1017150729894638,-0.1005409881472587,0.1016924977302551,0.0320903658866882,0.1016927063465118,-0.0796140730381012,0.0973144695162773,0.0083380732685327,0.1011878922581672,-0.1015379652380943,0.0972675010561943,-0.096818059682846,-0.1010547429323196,0.1016891077160835,-0.1017090454697609,-0.0439958609640598,-0.0020453399047255,-0.1016857996582984,-0.1000954806804657,-0.1002155393362045,-0.0610955171287059,-0.1016799136996269,0.1014508008956909,0.1014596000313758,0.0919222831726074,0.0755277276039123,-0.0610965713858604,0.0422345884144306,-0.0043406928889453,0.1009160131216049,0.1001985669136047,-0.0998788848519325,0.1016951277852058,0.0995528399944305,0.0998340770602226,-0.101600281894207,0.0531546734273433,0.1003366932272911,-0.075247623026371,-0.1016506999731063,0.0794656425714492,-0.0137174446135759,-0.0092151835560798,0.0983398333191871,-0.0908299162983894,0.0865088030695915,-0.1017116978764534,0.1008877456188201,0.0997651889920234,0.1008726134896278,0.101139061152935,-0.0657799541950225,-0.1015678867697715,-0.0969386100769043,0.0997005477547645,0.1016311198472976,-0.1016450151801109,0.07370325922966,0.0964354500174522,0.098022349178791,0.0846757963299751,0.0329377353191375,0.101402923464775,-0.0842192769050598,-0.1017011925578117,-0.1004485860466957,-0.0686012655496597,0.1017166674137115,-0.0969121977686882,-0.0893941819667816,0.0964381024241447,0.101593442261219,0.0884246006608009,-0.0748041272163391,0.101572647690773,-0.1004748791456222,-0.1017193794250488,-0.0984767824411392,0.1013966724276542,0.0864142775535583,-0.0146019887179136,-0.1017206013202667,-0.0961821004748344,0.092104472219944,0.031345073133707,-0.10157261043787,-0.0621694400906562,-0.0883468836545944,0.1017168313264846,0.002098556375131,0.0774855688214302,-0.0836324244737625,-0.0155255068093538,0.0982521846890449,0.1011636555194854,0.0978554561734199,-0.094545692205429,0.1014673560857772,-0.1017097532749176,0.1017206460237503,-0.0980018973350524,-0.1016819328069686,0.1014776453375816,0.0487612932920455,0.1015820428729057,0.1013119518756866,-0.0999444499611854,-0.0997765362262725,0.0221613720059394,-0.0412174351513385,-0.1141282618045806,0.0070662079378962,0.0506149008870124,0.1157044768333435,-0.1100501045584678,0.1002107411623001,-0.0340634249150753,0.1274829506874084,0.0899401977658271,-0.0760945007205009,0.081327199935913,-0.0738032460212707,-0.1258253455162048,-0.061878964304924,-0.1097954213619232,-0.1278538405895233,0.0437502562999725,0.0482516549527645,-0.0782693922519683,0.0962236076593399,0.0910386592149734,0.0561650395393371,0.0698790103197097,0.0471944473683834,0.0445736609399318,0.0260511469095945,-0.0216621104627847,0.1066974252462387,-0.0997870713472366,0.02338807284832,0.113069899380207,-0.0768483430147171,0.0963364169001579,0.077267900109291,0.108373038470745,0.041655421257019,0.1217370852828025,0.1277121752500534,0.0861239209771156,0.1198193430900573,0.0548198409378528,0.1253542900085449,-0.0937344282865524,0.1117424741387367,-0.0131603293120861,-0.0696029365062713,-0.0863528251647949,0.0762950032949447,0.124101772904396,0.0904837697744369,-0.0837211310863494,0.1189301759004592,-0.0794418230652809,-0.0744538456201553,0.0134305991232395,-0.0702236592769622,0.1260643750429153,-0.0550591014325618,0.1186114624142646,-0.0860126018524169,-0.0555135421454906,0.0473897233605384,-0.1183330714702606,0.0354049354791641,-0.0760847851634025,-0.0259144734591245,-0.1267742961645126,0.1249373853206634,-0.0998468026518821,-0.0670016780495643,-0.101731926202774,-0.0970646291971206,-0.1113066151738166,0.071479208767414,0.1016419604420661,0.0950603187084198,0.0253492351621389,-0.012761385180056,-0.0873855054378509,-0.0647314935922622,0.1190802901983261,-0.1186228320002555,-0.12495818734169,0.1055977642536163,0.127273216843605,-0.122277595102787,0.1279222816228866,0.1024746969342231,0.1121175661683082,0.0210603531450033,0.1250977963209152,-0.1112291738390922,0.0114986384287476,-0.0149864312261343,-0.0128280883654952,0.1246989369392395,-0.1110590174794197,-0.1019162386655807,-0.1122761592268943,0.0823786929249763,-0.0430154278874397,0.0272468402981758,-0.1206946223974227,-0.003974619321525,0.0547651909291744,0.1265984773635864,0.0182200167328119,0.1259138137102127,-0.1199157312512397,0.1079584956169128,-0.0216180179268121,-0.0638327747583389,0.0465869754552841,-0.1134331673383712,-0.0064125759527087,-0.0576479844748973,0.0930269137024879,-0.0286148432642221,-0.12120271474123,-0.0999833196401596,0.0322863012552261,0.102855198085308,0.0758577361702919,-0.0266612228006124,-0.044628482311964,0.127554640173912,0.0721979737281799,-0.1358110010623932,0.0537013970315456,0.1324883252382278,-0.0817018449306488,0.062407799065113,0.1247169896960258,0.1624995172023773,0.0705437213182449,0.0761173367500305,-0.0177732519805431,0.0507822148501873,-0.086034283041954,0.1458246856927871,0.1105837225914001,-0.0948182940483093,-0.1433600187301635,0.0634492561221122,0.1195523515343666,-0.1061819419264793,0.0084090325981378,-0.0832438766956329,-0.1083751395344734,-0.1534712016582489,0.0450207740068435,-0.1105780228972435,0.1380612701177597,-0.1519720703363418,0.0659965053200721,-0.152953028678894,0.0906553193926811,-0.0218291096389293,0.121258907020092,0.0760042816400528,0.0543455146253109,0.1093512549996376,-0.0820948332548141,0.0116983195766806,-0.0837028250098228,-0.0282106585800647,0.0877976864576339,0.0930116847157478,0.0350161045789718,-0.1007536873221397,0.0115853901952505,-0.0285752229392528,0.0445156283676624,-0.0880017504096031,-0.0302100349217653,0.0940129533410072,-0.0963124111294746,0.0939001590013504,0.0697033181786537,0.023544106632471,0.0141271110624074,0.0835924074053764,-0.0685927867889404,-0.1152558103203773,0.0266240984201431,0.1104830801486969,-0.022186929360032,0.0343214832246303,0.0274104513227939,-0.0429363064467906,0.1168191879987716,-0.1011388152837753,-0.0446390509605407,-0.0290400590747594,0.07899921387434,-0.0656661987304687,0.1182168275117874,-0.0795527249574661,-0.0328389294445514,-0.1411733776330948,0.0252834353595972,0.1524703055620193,-0.1229195743799209,0.0847924351692199,0.0294997263699769,0.0583168379962444,0.0602377876639366,-0.042114820331335,-0.0309220235794782,-0.0029311936814337,0.0980167761445045,-0.0377507358789444,-0.1500246077775955,0.0736464038491249,-0.0686260536313057,-0.0850045010447502,0.1514991968870163,0.0446163192391395,-0.0520242676138877,-0.1687788516283035,0.0259174928069114,0.1448336690664291,-0.0463887602090835,0.1207014247775077,-0.1275212466716766,0.0462043583393096,-0.0153280487284064,-0.046129822731018,-0.0398199744522571,0.0407455824315547,0.1043425127863884,-0.0906491503119468,0.0823008716106414,0.0277723018079996,0.0807481482625007,0.0486138388514518,-0.023249814286828,-0.1491236686706543,0.0211028642952442,0.1624384671449661,-0.0418478325009346,0.104511983692646,-0.0082907313480973,0.1753560900688171,-0.1438000947237014,0.004284169524908,-0.0037697474472224,-0.1109276488423347,0.0115862004458904,-0.049399759620428,-0.1017052680253982,-0.084510862827301,0.0824544504284858,-0.047851275652647,-0.0054693669080734,-0.0872819572687149,0.0658401697874069,-0.0447372607886791,0.0876250639557838,0.0853835418820381,0.1316435188055038,0.1475681662559509,0.1256195902824401,-0.1169911623001098,0.0107969781383872,0.0602406375110149,-0.0175817795097827,-0.1182255446910858,-0.0220127459615468,0.0476149432361125,-0.0610326752066612,0.1268440783023834,-0.1198352947831153,-0.0941608771681785,-0.144541710615158,-0.0184441953897476,0.0843455493450164,-0.1085097342729568,-0.0648756250739097,-0.0924253165721893,0.0492777153849601,-0.1119892746210098,0.0632299706339836,0.0566226057708263,-0.0382194742560386,0.1303306072950363,0.0566476061940193,-0.0148035595193505,0.0516932047903537,-0.0541900843381881,0.128496915102005,-0.0065412404946982,-0.0601628944277763,0.0507397465407848,-0.1167908012866973,-0.0367611423134803,-0.1132631078362464,-0.0263789519667625,-0.0568696036934852,0.1262852400541305,-0.1049471423029899,0.1432060301303863,-0.039150170981884,0.099553681910038,-0.0983646437525749,-0.1298300474882125,0.0852107480168342,0.016007101163268,0.0636774972081184,0.1256370693445205,-0.1422683149576187,-0.1063432469964027,-0.0453801080584526,-0.0978086814284324,0.0525490865111351,-0.0578980445861816,-0.1077468320727348,-0.0748894065618515,-0.080372929573059,0.0951297655701637,-0.0413703769445419,-0.1030210480093956,0.0250917598605155,0.0580628924071788,-0.1128557249903678,-0.0949548035860061,-0.0554099082946777,0.0821863710880279,0.0161255337297916,-0.1318209022283554,-0.1334937512874603,-0.1175882369279861,-0.0556770712137222,-0.028765158727765,-0.066176913678646,-0.086317665874958,-0.1368575096130371,-0.0412422455847263,-0.1116539686918258,-0.0761876478791236,0.1398288607597351,-0.0620421692728996,-0.114104613661766,-0.0164944361895322,-0.0543385483324527,0.1220534220337867,0.0219106022268533,-0.0755579769611358,0.0632686614990234,-0.1372774094343185,0.0692397505044937,-0.0193644538521766,-0.0093997241929173,-0.0619454607367515,-0.0223592519760131,-0.1148850545287132,0.1381129175424575,-0.0171569027006626,-0.0829871073365211,-0.1184081882238388,0.0927569642663002,-0.0324174202978611,0.0121672023087739,0.0523801110684871,-0.0420960374176502,0.1287050098180771,-0.1281148791313171,0.1407602429389953,-0.0530883744359016,0.078606367111206,-0.0890834704041481,-0.088488221168518,-0.0193854086101055,-0.0679490715265274,-0.1002557873725891,0.1236676722764968,0.1343178004026413,0.1487555205821991,0.0498691201210022,0.0014816822949796,-0.1287868469953537,0.0412208288908004,-0.0733471363782882,XDLZLZLNEXUFKL-UHFFFAOYSA-N,COc1ccc(NC(=O)CCOCC(C)C)c(OC)c1
-0.051085490733385,0.0954703316092491,0.0992426872253418,0.0997015610337257,0.0996825248003006,-0.0174093097448349,-0.0608443841338157,0.0754462331533432,0.0530805476009845,0.0951230525970459,-0.050028420984745,0.0782597884535789,0.0996769294142723,0.0995611026883125,0.0997775420546531,-0.0997004210948944,0.0765454694628715,0.0985971167683601,-0.0872909948229789,0.0997834503650665,-0.0990234389901161,-0.0585583560168743,-0.0969834551215171,0.099336177110672,-0.0747999027371406,-0.0995219945907592,-0.0997779071331024,-0.097365029156208,-0.0962548404932022,0.0971100777387619,-0.0922538116574287,-0.0605483092367649,-0.0864038318395614,0.0940744802355766,-0.0997838824987411,-0.0996476337313652,-0.0983839780092239,0.0997367426753044,-0.0699817612767219,0.0321948230266571,-0.0997547432780265,-0.0950311347842216,-0.0992959514260292,-0.0457868911325931,0.0991039425134658,0.0899977907538414,-0.0956162810325622,-0.0996784195303917,0.0996981859207153,0.0580274164676666,0.0987634062767028,0.0974994450807571,0.0376775078475475,0.0997841507196426,-0.0833161026239395,0.0593319311738014,-0.0202200431376695,-0.02402382530272,-0.0969211980700492,0.0992474853992462,0.0453685782849788,0.0997347012162208,0.0252653658390045,0.0996027588844299,0.0969021469354629,-0.0997808203101158,-0.099784031510353,-0.0935803204774856,0.0520138703286647,-0.0997170135378837,0.0350773371756076,0.0997806042432785,0.0996075272560119,-0.0997798517346382,-0.0997112467885017,-0.0969490557909011,-0.0982499122619628,-0.0988907068967819,-0.0836526528000831,-0.0997519195079803,-0.0793350711464881,0.0997744128108024,0.099763385951519,0.0549575015902519,-0.0013426773948594,0.0996569544076919,0.0893552973866462,0.099565140902996,-0.0997476503252983,0.0996461510658264,0.0993388518691062,0.0924466475844383,-0.0898888707160949,-0.0883557051420211,-0.0997039154171943,0.0996396914124488,-0.0966241583228111,0.0913717001676559,0.0957742258906364,0.0995339676737785,-0.0993583351373672,0.0995940193533897,0.0997817888855934,0.0994294732809066,-0.0993757992982864,-0.0588927306234836,0.0997728928923606,0.09625755995512,-0.0618286915123462,0.0699523538351059,0.0995576456189155,0.0995524749159812,-0.0569170005619525,-0.0997544303536415,0.0997841879725456,0.0992228761315345,-0.0997818559408187,-0.090350903570652,-0.0994147956371307,-0.0966154485940933,0.0951616391539573,0.0969222709536552,0.0973492115736007,0.0943494662642479,-0.071707546710968,0.0359880290925502,0.0244860704988241,-0.0997425243258476,0.0931584909558296,-0.0937606990337371,0.0797837153077125,0.0960601568222045,-0.0123469503596425,0.0853994637727737,0.0897414833307266,0.0908995047211647,0.0819032564759254,-0.0943634957075119,0.0960631594061851,-0.0660102218389511,-0.0922327265143394,-0.0862547233700752,-0.0949307307600975,-0.0898884534835815,0.0800630301237106,-0.0516221113502979,-0.0960631594061851,-0.0960548818111419,-0.0957388058304786,-0.0957998260855674,-0.0959931686520576,-0.0904653668403625,0.0960603877902031,-0.0959462597966194,0.0940231084823608,0.0650652647018432,-0.0960154086351394,-0.0958975702524185,-0.0946353822946548,-0.095962643623352,-0.0960631221532821,0.0959908068180084,0.0827687308192253,-0.0960271283984184,0.0960606411099433,-0.0960631445050239,0.0960274785757064,0.0909514352679252,0.0762066766619682,0.0649020597338676,0.0960627198219299,-0.0960539653897285,0.0893728956580162,-0.0958321094512939,-0.0950730144977569,0.0959691256284713,-0.0960601270198822,0.096059575676918,0.0960213914513588,-0.0960555076599121,-0.0783477947115898,-0.0960626080632209,0.0917311087250709,0.094534233212471,0.038983054459095,-0.0960631594061851,-0.0949789434671402,-0.0960306227207183,0.0647079646587371,0.0925822481513023,-0.0960331931710243,0.0326008833944797,0.0960631594061851,-0.0360748171806335,-0.0817558169364929,0.0960458368062973,-0.0960604846477508,0.0880111828446388,-0.094525471329689,-0.096017025411129,-0.0960350483655929,-0.0918744355440139,-0.0960370153188705,-0.0756385549902916,-0.0956285521388053,0.0958709716796875,0.0925937592983245,0.0954923704266548,-0.0948260650038719,0.082757830619812,0.0897539779543876,-0.0927925854921341,-0.0959824174642562,-0.0606891885399818,-0.0960516557097435,0.0823249369859695,-0.0950337797403335,0.0956990197300911,-0.096061885356903,-0.092643953859806,-0.0960622653365135,0.096062995493412,-0.0956036522984504,-0.0652689784765243,-0.0950627774000167,-0.0159671772271394,0.0934969410300254,0.0482065379619598,0.0933771431446075,0.0960611701011657,-0.0854085981845855,0.0960517674684524,0.0957229509949684,0.095949113368988,0.092548482120037,0.0874342024326324,-0.0958109125494957,-0.0960626602172851,0.091567113995552,0.0960575491189956,-0.0854804888367652,-0.0958216935396194,0.0952426642179489,-0.012829284183681,-0.0910431072115898,0.0958281010389328,-0.0957136899232864,-0.0958107486367225,0.0959197655320167,-0.0417980290949344,-0.0950584784150123,0.0116826528683304,-0.0924436375498771,-0.0960628688335418,-0.0960631370544433,0.004456038121134,0.0477281771600246,-0.0920913740992546,0.0947412103414535,-0.0812769383192062,0.1004589572548866,-0.1027949154376983,0.102343626320362,-0.0982521623373031,-0.08964104950428,0.0156052177771925,0.1024639755487442,-0.1026136502623558,-0.1025350242853164,-0.102769136428833,-0.0720723792910575,0.0849551409482956,-0.0413458794355392,0.0899520963430404,0.0899329110980033,-0.0819484367966651,-0.1025926545262336,-0.0725153014063835,0.0972530171275138,0.0975122973322868,0.0357162803411483,0.0801738500595092,-0.0032925363630056,0.1019678637385368,0.0971666425466537,-0.1017649099230766,-0.0847333371639251,-0.1025293543934822,-0.0748782008886337,-0.1026935502886772,0.10175621509552,-0.0798659026622772,-0.0145607329905033,-0.1028241142630577,0.0242532417178154,-0.1021957248449325,-0.021150080487132,0.100418210029602,0.0965945795178413,-0.1025123670697212,0.1026259437203407,0.0776882842183113,-0.0990413725376129,-0.1006311774253845,0.0397667437791824,-0.0970931202173233,-0.0305605009198188,-0.1025623306632042,-0.1028217002749443,0.1027535423636436,-0.0898587554693222,0.1027877256274223,-0.0931310877203941,0.0943864360451698,0.0777036547660827,0.0974070280790329,-0.0981895327568054,0.0968051925301551,0.1028152778744697,0.0947237238287925,0.0928021371364593,0.1012100577354431,0.1012562438845634,0.0945949926972389,0.1028241962194442,0.0783921778202056,-0.1005395501852035,-0.0945905223488807,-0.0936338230967521,0.1028249561786651,-0.0856052711606025,-0.1027016937732696,-0.1016002595424652,0.0985127985477447,0.0431651324033737,-0.0994589254260063,-0.0794458240270614,0.0860665068030357,0.1027422174811363,0.1026121973991394,-0.1028129085898399,0.0003741774708032,0.1026759594678878,0.0983608663082122,-0.0869489759206771,0.0805299058556556,0.0606415681540966,-0.0761443451046943,-0.0246153958141803,-0.1019660383462905,-0.0417544059455394,-0.1026771441102027,-0.0885781124234199,0.1024985238909721,0.1028079465031623,-0.1028206050395965,-0.1028237789869308,0.0396627075970172,0.0877287685871124,0.102417804300785,-0.0838012620806694,-0.0262696389108896,0.0486431345343589,-0.0866882130503654,0.0484045520424842,0.0795323029160499,0.10170578956604,0.0994486585259437,0.0459836572408676,-0.0858059078454971,0.102817453444004,-0.1009370535612106,-0.0593346618115901,-0.1020802780985832,0.1028282716870307,0.1027343496680259,-0.0953767076134681,0.0974991768598556,0.1026805341243743,0.0828820094466209,0.0906103178858757,-0.0987031832337379,-0.0928962752223014,-0.0139210717752575,0.1166324317455291,0.1213998422026634,0.0231453608721494,-0.1064593270421028,-0.0453583896160125,-0.1055979281663894,-0.1170601248741149,-0.0540220998227596,-0.0811028108000755,-0.0860061645507812,-0.002097733085975,0.0950554981827735,0.0032483679242432,0.0667020455002784,0.0088086342439055,0.1107408851385116,0.0139199364930391,-0.0739995688199997,0.1275386810302734,0.0946010798215866,-0.1124594286084175,0.0071757216937839,-0.0665770322084426,-0.1197895482182502,0.1064453497529029,-0.0360920615494251,-0.1043082475662231,0.0573632605373859,-0.0826769545674324,-0.1256740093231201,-0.1190478950738906,-0.059578787535429,-0.1284723281860351,0.12385955452919,0.1084750741720199,0.0734496489167213,0.0662210136651992,-0.1137091293931007,0.0827981755137443,0.1128675937652587,0.1150203943252563,-0.1073239594697952,-0.0293716676533222,0.0396918356418609,-0.091774083673954,-0.107060857117176,-0.126271978020668,0.0160245634615421,-0.1216918677091598,-0.0396886058151721,0.1108805239200592,-0.1061302796006202,-0.0930482074618339,0.0837883427739143,0.1172587871551513,-0.1036293432116508,0.0967222303152084,0.0893632024526596,0.1115436553955078,0.1149001196026802,-0.0642229914665222,0.0407312735915184,-0.040384653955698,-0.1155062243342399,0.109104998409748,0.0403084307909011,0.0413945727050304,0.0034094511065632,-0.1022607311606407,0.1120331063866615,0.109230913221836,0.0061224028468132,0.0790415480732917,0.0890057310461998,-0.0937064364552497,0.099418357014656,0.1137803345918655,-0.0170354880392551,0.0257623977959156,-0.0729293525218963,0.1017920598387718,0.0937306582927703,-0.0922580882906913,-0.1193511560559272,0.0595690235495567,0.0784993469715118,-0.0056968261487782,0.1086157783865928,0.1274452805519104,-0.0861477926373481,-0.1169714853167533,0.0766084864735603,-0.092109739780426,-0.0899063274264335,0.0898917093873024,-0.0497959740459919,-0.1050714179873466,0.1267774403095245,0.0707313045859336,0.0088424235582351,0.0291363969445228,-0.0817992314696312,0.0887222737073898,0.0308901686221361,-0.0993333980441093,-0.0386143140494823,0.0733842253684997,-0.0476592369377613,0.1010365039110183,0.0801805779337883,-0.0536152087152004,-0.1062803640961647,-0.0128434533253312,-0.1007719412446022,-0.0956709831953048,-0.0678987875580787,0.1005079224705696,0.1232735440135002,-0.108032613992691,0.0326647274196147,0.1059811860322952,0.0135248489677906,0.1041916534304618,-0.1055115535855293,-0.1265163123607635,-0.1130770370364189,-0.0471740812063217,-0.0811749398708343,-0.0286969076842069,0.0938965305685997,0.1334499418735504,-0.0100043714046478,0.0564335398375988,0.1063289567828178,0.1369081288576126,-0.0628887638449668,0.133875772356987,-0.1297709047794342,-0.0682414844632148,0.0083333067595958,0.0829437747597694,0.0872533097863197,0.093241199851036,-0.1204517558217048,0.0858581364154815,-0.0510273501276969,0.0665129348635673,0.0199777111411094,-0.1207284554839134,-0.0643842667341232,-0.0383045896887779,0.1109882742166519,-0.1336821466684341,0.1371968686580658,-0.1220595985651016,-0.0594117492437362,-0.1069024875760078,0.1171092167496681,0.0959565415978431,0.0695272013545036,-0.0076946830376982,-0.1146449372172355,-0.1041827723383903,-0.0965055525302887,0.0619354210793972,-0.0807429775595665,0.024177499115467,-0.0720902010798454,-0.1215388774871826,0.0491251610219478,-0.0595088191330432,-0.1245001554489135,-0.0972931087017059,-0.0145507715642452,-0.0963452830910682,-0.0696980059146881,0.0322735011577606,-0.1312916874885559,0.1160875409841537,0.10552429407835,0.1334247142076492,-0.1204704642295837,0.0973652675747871,0.0691923573613166,-0.0197206102311611,-0.0270498469471931,0.1223143264651298,0.0149138374254107,-0.094602957367897,0.0973527804017067,0.0357687436044216,0.1005920246243476,-0.0213869418948888,-0.0821791291236877,0.0418539345264434,0.1093498319387435,0.0051161842420697,-0.0196706354618072,-0.0287514310330152,-0.1205078959465026,0.0091191735118627,0.0053068553097546,-0.0436306744813919,0.0143021270632743,0.0872645527124404,-0.0272492375224828,-0.0633174106478691,-0.0601607859134674,-0.0110884821042418,-0.1238497421145439,-0.1107606962323188,-0.0611863732337951,-0.1201785430312156,0.0445403680205345,-0.0025112861767411,0.0784973055124282,0.0419854819774627,0.1270976811647415,0.0970223173499107,-0.120242491364479,-0.133136972784996,0.0936357378959655,0.1348904222249984,-0.0634100958704948,0.1238805875182151,-0.0689154118299484,-0.0862887203693389,0.0136817507445812,0.0976959615945816,-0.0248346105217933,-0.1201833188533783,-0.0570308044552803,0.0143331978470087,0.1113856583833694,-0.0120186991989612,0.1291643679141998,-0.0570219494402408,0.1180473119020462,-0.0760613083839416,0.0470292568206787,0.0986240953207016,-0.1253538727760315,-0.056639164686203,-0.1071056276559829,0.1383857429027557,-0.1012600734829902,0.1299651116132736,0.0786623731255531,-0.1372081339359283,-0.114908717572689,-0.0370858609676361,0.0298196412622928,-0.0782861486077308,-0.1048004180192947,-0.1325055062770843,-0.0089521137997508,-0.0218501929193735,0.0010829366510733,-0.0284494291990995,-0.0791173055768013,0.0225711818784475,0.1120758652687072,0.1584925651550293,0.1308688521385193,-0.0224251355975866,0.0990530401468277,0.0785187259316444,-0.0015929258661344,-0.015317041426897,0.0578758455812931,-0.0881485641002655,-0.0348589569330215,0.1293575912714004,-0.1419607400894165,-0.1060183718800544,-0.0860199034214019,0.0304050184786319,0.0165684390813112,-0.1039521470665931,0.0891821011900901,-0.0881234407424926,0.0141476886346936,-0.0517206639051437,0.0373724140226841,-0.0465896502137184,-0.1188647225499153,0.0558308884501457,0.0536164455115795,-0.0780245959758758,0.0275105368345975,-0.1310953944921493,0.0285124219954013,0.1080621406435966,0.0766765400767326,0.0629622712731361,-0.0475102104246616,0.0652064383029937,-0.0185371339321136,-0.0744673311710357,-0.0574086084961891,0.127188429236412,-0.0477681048214435,0.0114110596477985,-0.0141827315092086,-0.0121706472709774,-0.0952366441488266,-0.1394660621881485,0.0463501773774623,-0.1008417308330535,0.0347155109047889,0.0992416068911552,-0.1303068101406097,-0.149887666106224,-0.1191160827875137,-0.0255110133439302,-0.0396519526839256,0.009001936763525,-0.0502255633473396,0.078476071357727,-0.0842547267675399,0.1463392823934555,-0.0110558271408081,0.0786452069878578,-0.1199215129017829,0.1227219328284263,0.0118586923927068,-0.0319705717265605,-0.1300040483474731,-0.0289106480777263,0.12697134912014,-0.1468210965394973,-0.1232590302824974,-0.036167774349451,-0.0744445994496345,0.0608313605189323,0.0283622350543737,-0.1212067827582359,-0.0685725435614585,-0.0780375897884368,-0.1008786857128143,-0.1191974729299545,0.1221214458346366,-0.129188984632492,0.0005351966246962,-0.0801940187811851,-0.1205002218484878,0.0719920843839645,0.0254800859838724,-0.044232327491045,-0.1056512296199798,-0.1369534134864807,-0.0285857859998941,0.0855622440576553,0.1053756475448608,0.1296195536851883,0.0625323727726936,-0.055262591689825,0.1053271815180778,0.1046450138092041,-0.0046408730559051,-0.0455769635736942,0.14002425968647,0.0905666202306747,0.0611720085144043,0.0132495313882827,0.0011776561150327,-0.0548177324235439,-0.0574620217084884,0.1424721330404281,-0.0838946104049682,0.1361606419086456,-0.1527138203382492,0.0249854531139135,-0.0555639117956161,0.1196183785796165,-0.0731567442417144,0.1119051352143287,0.1608860045671463,0.142418771982193,-0.047456968575716,0.0525224134325981,-0.1361680626869201,0.1155896708369255,-0.141010895371437,QWXBVRRUKZHDQL-UHFFFAOYSA-N,CC(C)NC(=O)c1ccc(C(C)C)cc1
0.1086075901985168,-0.0669868066906929,0.0934548676013946,0.0757305175065994,0.0745018795132637,-0.1021276637911796,-0.1089103519916534,-0.0314221791923046,0.0473145022988319,-0.0552155971527099,0.0737557634711265,-0.048796821385622,0.1072167009115219,0.1065471097826957,0.0071118953637778,0.0400089100003242,-0.0768412724137306,0.0006221810472197,-0.1075768023729324,0.1087963804602623,-0.1082849353551864,-0.0751375630497932,0.1089002788066864,-0.0089803570881485,-0.1073637679219245,-0.1077430620789527,-0.1085813045501709,0.0833377093076706,0.1070002540946006,-0.090005874633789,0.1051868349313736,-0.1070491150021553,0.0718384981155395,-0.108846329152584,0.0982106551527977,0.1012173444032669,0.0069849570281803,-0.0694964975118637,-0.1082006841897964,-0.0377504676580429,-0.1088376641273498,-0.0979253947734832,-0.1065391674637794,0.0659949630498886,0.0417739413678646,-0.1065159887075424,0.0997794345021247,-0.0997235774993896,-0.0931420549750328,-0.0925188437104225,0.0891712605953216,-0.1086020469665527,-0.0635103061795234,0.1085192412137985,0.1062345653772354,0.1016457974910736,0.1044119223952293,-0.0219606608152389,-0.0971577242016792,0.103037491440773,-0.1033697873353958,0.108768306672573,-0.0940027236938476,-0.0917610302567482,-0.1063707172870636,0.1084995865821838,-0.100749485194683,-0.0859005376696586,-0.0876045748591423,-0.1048826351761818,0.0789328515529632,0.0936982110142707,-0.1017081886529922,0.0967656448483467,0.1077823340892791,-0.1088949590921402,-0.1074544265866279,-0.048939973115921,-0.1076736748218536,0.0643086731433868,0.083043023943901,0.0788809731602668,0.1076309829950332,-0.0643743276596069,-0.0830899104475975,-0.0543311052024364,0.0778981372714042,0.0942305549979209,-0.1083811894059181,0.0569385550916194,0.0559133812785148,0.0204061679542064,0.1011745855212211,0.0959509164094924,-0.1074894219636917,0.067978948354721,-0.0208823904395103,0.1040600314736366,-0.0943377614021301,0.1078774780035018,0.0761549770832061,0.0140888541936874,0.1059744209051132,0.1086552366614341,0.0029987031593918,-0.0268515273928642,0.1084552034735679,0.0914193093776702,-0.1067578196525573,-0.0296783559024333,0.101851686835289,0.1033579111099243,-0.0341132059693336,-0.1049479693174362,0.0957144945859909,0.0965874269604682,0.0292392820119857,0.106581762433052,0.1052176356315612,-0.0953426510095596,-0.0742146074771881,-0.0582637004554271,0.106852002441883,0.0442964248359203,-0.1043973490595817,0.0943809822201728,-0.0550132133066654,-0.1069736778736114,0.106060579419136,-0.0707681402564048,-0.026127764955163,0.1055033877491951,0.0681787505745887,0.094887726008892,-0.1016431227326393,0.099451445043087,0.1037120223045349,0.1058437451720237,0.1052568033337593,0.1054461076855659,0.0862195789813995,0.0413951948285102,0.1019178330898284,0.0669509768486023,-0.0766704156994819,-8.403084211749956e-05,-0.0638502612709999,-0.1059599816799163,-0.0401094779372215,0.0917192921042442,0.0387397855520248,-0.046049952507019,-0.1029552295804023,0.1060520485043525,-0.1029576361179351,0.0971195995807647,0.0940331220626831,-0.1003428921103477,-0.1028637960553169,-0.0926237031817436,0.0742941200733184,0.0535336658358573,0.0836855992674827,0.1025242432951927,-0.0238591283559799,0.0382628329098224,-0.0791787728667259,0.0727743208408355,0.0978482887148857,-0.0964556038379669,-0.1060968786478042,-0.0969035252928733,0.0967907458543777,-0.1058251932263374,-0.1038991659879684,-0.0205076970160007,0.0932585746049881,0.1060800403356552,-0.0498206205666065,0.0701370164752006,-0.1059946566820144,0.1059953719377517,0.0523142032325267,-0.1055504232645034,-0.0959523171186447,0.0902786403894424,0.0153732858598232,-0.0988594889640808,0.1055205166339874,-0.0838481113314628,-0.0850497186183929,0.074439138174057,0.1044675037264823,0.1033900454640388,0.0968354642391204,-0.0218813568353652,-0.0983090475201606,0.0855023488402366,0.050591517239809,-0.0617430172860622,0.1060262396931648,-0.0559420436620712,-0.1050479784607887,-0.1040298268198967,-0.1050317361950874,0.0977924764156341,0.0391325689852237,-0.1030364260077476,-0.0948022827506065,-0.0347023829817771,0.0971977189183235,0.094940960407257,-0.1012483984231948,0.1019257307052612,0.105570450425148,-0.1044883280992508,-0.1060997769236564,0.100831538438797,-0.0982657894492149,-0.0767741575837135,0.0982516109943389,0.0823199450969696,0.105625957250595,0.1059120222926139,-0.0163576174527406,0.1060889810323715,-0.0898081287741661,0.0953336730599403,-0.0786601230502128,-0.1055415943264961,-0.0416701808571815,0.100016675889492,-0.1046425774693489,-0.0908420383930206,-0.1061012297868728,0.0897683054208755,-0.0937330946326255,-0.0939029231667518,0.0938669368624687,0.0814398005604744,-0.0784902125597,0.0014152975054457,-0.1057046949863433,0.0898509249091148,-0.1027900129556655,-0.0472181253135204,0.0504611991345882,-0.1060971394181251,0.0597058944404125,-0.1026445031166076,0.0915662795305252,0.105271965265274,0.0983348414301872,-0.1020394042134285,-0.0982932746410369,0.0821947008371353,-0.0736983641982078,-0.003139134729281,0.1004529222846031,0.0229301434010267,-0.0318363867700099,-0.105730727314949,-0.0569759719073772,0.1050621941685676,0.0993643403053283,0.1083384081721305,0.1037600338459014,-0.109225258231163,-0.1104833334684372,-0.0988180264830589,0.1103250533342361,-0.0380205959081649,-0.0364641509950161,0.1045695319771766,0.10373255610466,0.0957070887088775,-0.0617420673370361,0.0916905403137207,-0.0251634679734706,-0.0264097936451435,-0.0094016389921307,-0.0188097693026065,0.1004083454608917,-0.1091857179999351,0.0929427519440651,0.0994820743799209,-0.0755234882235527,0.1030439361929893,-0.095200128853321,-0.0799967050552368,0.1094021722674369,-0.0730442106723785,-0.1102222800254821,-0.1012138351798057,-0.1101215109229087,-0.059246189892292,0.0965501442551612,-0.0887796953320503,0.1090754494071006,-0.0848814323544502,0.1074554622173309,-0.0144450319930911,-0.0715292543172836,0.0891874358057975,-0.070422813296318,0.1033509075641632,0.1095543950796127,-0.0963405519723892,0.0172124449163675,0.1101238578557968,-0.1088764145970344,-0.0965100973844528,-0.0926462635397911,0.0342178642749786,-0.0098765697330236,-0.1078716740012168,0.0408834218978881,-0.1103511825203895,0.0938575714826583,-0.0266628954559564,0.0246258806437253,0.0843106657266616,-0.0600803345441818,0.0972557812929153,0.1103944703936576,0.1094972118735313,-0.0828759521245956,0.0637208893895149,-0.0646543949842453,-0.0457346513867378,0.1104785203933715,0.1072934120893478,0.0995952263474464,0.1100811883807182,-0.002224997151643,-0.109522521495819,-0.0492244958877563,0.0622736401855945,0.1101006045937538,-0.0621020458638668,-0.1021528989076614,-0.0895554199814796,0.0717129781842231,-0.1102820411324501,0.0009753866470418,-0.1104506999254226,-0.1100242137908935,-0.0489512234926223,0.0758388340473175,0.1104677468538284,-0.1034195274114608,-0.1079063192009925,0.1052228063344955,-0.1087263971567154,0.078735314309597,0.1079630702733993,0.0194214470684528,0.1099459379911422,-0.0743476897478103,-0.1091080829501152,-0.1104332134127616,0.1104871109127998,-0.1104455739259719,0.1098371967673301,0.1101700738072395,-0.0409857705235481,-0.1100552380084991,0.082225851714611,0.1008414402604103,0.1104267761111259,-0.1096181720495224,-0.0794037729501724,-0.0896152779459953,-0.1102364361286163,0.0256532989442348,0.1081281900405883,0.1100362166762352,-0.1101311221718788,-0.0320401713252067,0.0932291448116302,-0.1061222031712532,-0.0802686959505081,-0.0663517713546752,-0.0315905027091503,0.0291960015892982,0.0930037274956703,-0.1343789249658584,0.1191259026527404,0.098005935549736,-0.108556643128395,-0.0193389300256967,0.0815853551030159,0.150641530752182,-0.1059525683522224,0.0365921221673488,0.0529990866780281,0.0547582544386386,-0.1798300892114639,0.033916775137186,-0.1062246635556221,-0.1090548262000083,-0.0867709666490554,0.0183905269950628,-0.0211810637265443,0.0398095287382602,0.1575774997472763,-0.0926506668329238,0.0114562418311834,0.1306851804256439,0.1212717667222023,-0.108625128865242,0.0832638442516326,0.0004052520671393,-0.1228715181350708,-0.0554530918598175,0.1283992081880569,-0.0189880337566137,0.0475529581308364,-0.0908655300736427,0.0807514265179634,0.0083851087838411,0.0400948598980903,0.1795512288808822,-0.0250201616436243,0.1093332096934318,-0.105864830315113,0.024557800963521,0.0369453802704811,0.1274786591529846,0.1503952890634536,-0.0739739537239074,-0.1467631608247757,0.0086713014170527,0.1635623723268509,-0.0667490363121032,-0.1602865606546402,0.1609267145395279,0.0731763169169426,0.0430046580731868,-0.0163179524242877,-0.1511585116386413,0.0207733921706676,0.0201126635074615,0.0126772793009877,-0.170396015048027,-0.0646964460611343,0.0333708301186561,-0.0790936201810836,0.1592251360416412,-0.0402058698236942,-0.0495641119778156,-0.102563552558422,-0.0184026826173067,-0.0250722225755453,-0.0734049528837204,-0.0255778804421424,0.0086653120815753,-0.0471191219985485,-0.0001344236079603,0.0739426910877227,0.1609433144330978,-0.0807188972830772,0.0569253303110599,-0.1315564960241317,-0.09029221534729,0.0866848453879356,-0.0842673406004905,-0.1772102266550064,0.0025289049372076,0.1415133625268936,0.0172587968409061,0.1138919666409492,-0.0796946957707405,-0.0097591029480099,-0.0189951732754707,0.0496991351246833,0.0173048879951238,0.1171003505587577,0.099090352654457,-0.0668354853987693,0.1621304005384445,-0.0337356142699718,-0.112456314265728,0.0801959931850433,-0.0203105378895998,-0.0106216957792639,0.031359490007162,-0.0920722484588623,0.022116620093584,0.0260879062116146,0.0849749818444252,-0.126151829957962,0.0924567356705665,-0.0762926191091537,-0.1148308590054512,0.0514144375920295,-0.1011109948158264,0.0445951260626316,-0.0030699605122208,0.087057240307331,-0.0632512271404266,0.1202652975916862,0.0843725576996803,0.0438348092138767,-0.0128503032028675,-0.0375996455550193,0.0025968549307435,0.0042315172031521,0.0826321840286254,0.075047567486763,0.0237730965018272,-0.0093277599662542,-0.1200329735875129,0.0407293476164341,0.1371226608753204,-0.1205978617072105,0.077479563653469,0.126148372888565,0.1396722942590713,0.0871065855026245,0.0733102858066558,-0.0306502636522054,-0.0181515868753194,-0.0478069335222244,0.131860926747322,0.109139584004879,-0.0506301000714302,-0.1317804902791977,0.1283215582370758,-0.0021945997141301,-0.1173508241772651,-0.0562622882425785,-0.1167861074209213,-0.1256409138441085,-0.1197036728262901,-0.0418925248086452,-0.1229142248630523,0.137826457619667,-0.1343275159597396,0.0689183250069618,-0.1322652101516723,0.1135096177458763,-0.05718594789505,0.1346669644117355,0.0948134735226631,-0.0273937676101923,0.0859245359897613,-0.0564659424126148,-0.0065317689441144,-0.0499798357486724,-0.0884059965610504,0.0568278171122074,0.0646552368998527,0.1191340163350105,-0.0815902352333068,0.0112920263782143,0.0116570685058832,0.0140070840716362,-0.0080929948017001,0.0037660847883671,0.0541112013161182,-0.1070619821548461,0.0727450251579284,0.0991734117269516,0.120922565460205,-0.0774708911776542,0.1129169017076492,-0.0053280987776815,-0.0773067325353622,-0.0622234083712101,0.1145975738763809,-0.0651780292391777,-0.0099527686834335,0.0834417045116424,-0.0683728978037834,0.0360514335334301,-0.1003920435905456,-0.0696593672037124,-0.0281442552804946,0.0638633444905281,-0.0878892391920089,0.0916334465146064,-0.121969074010849,-0.0967998132109642,-0.1149942129850387,-0.0507053919136524,0.1052015796303749,-0.0772525444626808,0.0940815210342407,0.0546995289623737,0.0444237552583217,0.0517683401703834,-0.1024387925863266,-0.0239393394440412,-0.0143543761223554,0.0161212030798196,0.0027527424972504,-0.1209262758493423,0.087887667119503,-0.0908870100975036,-0.079448327422142,0.1417017579078674,0.0919294729828834,-0.1053500100970268,-0.1395685076713562,0.0761549770832061,0.1339483708143234,-0.0754857659339904,0.1278411149978637,-0.0977169200778007,0.0095744542777538,0.0455338582396507,-0.0379961170256137,0.015045796521008,-0.026834474876523,0.0903598591685295,-0.0684571638703346,0.1227071210741996,0.0183573700487613,0.1174869686365127,-0.051201194524765,0.0374924913048744,-0.1220488101243972,0.059977289289236,0.1259052455425262,-0.0943176448345184,0.1200729832053184,-0.0680194273591041,0.1435205638408661,-0.1305101215839386,0.0362318828701972,0.0314768329262733,-0.1318317800760269,0.0681978985667228,-0.0677669495344162,-0.1212778985500335,-0.0684666186571121,0.0962597206234932,-0.1013559252023696,-0.0486017726361751,-0.067456915974617,-0.0527607202529907,-0.073204904794693,0.0599724017083644,0.026412583887577,0.138387382030487,0.1581965684890747,0.1894477009773254,-0.0706746205687522,-0.0370145477354526,0.1738253831863403,-0.0081347227096557,-0.0324867777526378,-0.0365955084562301,-0.0069754626601934,-0.0081480834633111,0.013535969890654,-0.1158453971147537,-0.1036846563220024,-0.0789349675178527,0.0691762417554855,0.1146251931786537,-0.0015604891814291,-0.0708005502820015,-0.0320835821330547,0.1169414147734642,0.0158393289893865,0.1038333028554916,-0.0560053884983062,-0.0535216331481933,0.0392465554177761,0.1399958282709121,-0.0581046901643276,-0.0352077335119247,-0.1820638477802276,0.0282123014330863,0.0426428392529487,0.0583443716168403,0.0865936279296875,0.0981444045901298,0.1278271675109863,-0.0283346530050039,-0.0969411134719848,-0.0674351826310157,0.1703354269266128,0.0177073627710342,0.1605690866708755,-0.1338250637054443,-0.0802253782749176,0.0720439553260803,-0.0584785565733909,-0.0023676620330661,-0.0525739826261997,-0.0062237377278506,0.0003987015224993,-0.0220507383346557,-0.1410619914531707,-0.0735130757093429,0.0014159439597278,-0.0271980874240398,-0.0694459825754165,-0.0611027367413044,0.0792839005589485,-0.149781122803688,0.1694702208042144,-0.0741645321249961,0.0838220864534378,-0.0738730728626251,0.0972461998462677,0.0783838853240013,-0.1591019034385681,-0.1148087084293365,-0.0967355817556381,0.1040418446063995,-0.0733696296811103,-0.083163596689701,-0.0852544903755188,-0.0322515144944191,-0.0477007180452346,0.022776011377573,0.0063872942700982,-0.0988659709692001,-0.0337924472987651,-0.0292411819100379,-0.1030709519982338,0.0620721317827701,-0.0244483612477779,0.0259334817528724,-0.1361377984285354,-0.0964751616120338,-0.0179248321801424,0.1174277514219284,-0.01548707857728,0.0354682579636573,0.0065842671319842,-0.0440691411495208,0.1057365983724594,0.0053206463344395,0.1154684051871299,0.0571500770747661,-0.0151458075270056,0.0708794146776199,-0.0027316533960402,-0.0220809280872344,0.0226101074367761,-0.0064430548809468,-0.0514080114662647,-0.0434920638799667,-0.0203998908400535,-0.1738640815019607,0.0007781331078149,-0.017143677920103,0.1915945708751678,-0.1134317442774772,0.1845365613698959,-0.1854070276021957,0.0341526642441749,-0.1006794422864914,0.0015705965925008,0.0923097282648086,-0.0380019694566726,0.1397349834442138,0.1896953135728836,0.0530402287840843,0.0850287079811096,-0.1238418594002723,-0.007671907544136,-0.0593487434089183,IHHKZXQTYSOUQN-UHFFFAOYSA-N,COc1ccc(C(=O)NCC2(C)COC2)c(F)c1F
-0.0022741991560906,0.1020865887403488,0.1020313501358032,-0.0325783491134643,-0.102049708366394,0.1002511233091354,0.0611225105822086,-0.0677890256047248,-0.0932798832654953,0.0492332503199577,0.1018178090453147,-0.0904105678200721,0.0663347840309143,-0.1020333990454673,-0.052568282932043,0.102040410041809,0.1001270860433578,-0.0005349160637706,-0.1007543578743934,-0.0942156165838241,-0.0537336133420467,-0.0955002605915069,0.0923805311322212,-0.0888107493519783,0.10208660364151,-0.0632229521870613,-0.1020562797784805,0.1013970971107482,0.0659279972314834,-0.0999536216259002,-0.0921444222331047,0.0957777351140976,0.0779892280697822,-0.0518222749233245,-0.0691935122013092,0.1016101092100143,-0.0972317680716514,-0.0956967398524284,0.1010596677660942,-0.1020636484026908,0.0723411217331886,-0.0717944949865341,0.0033384775742888,0.1013485714793205,0.1012471914291381,0.1020860448479652,0.0188242457807064,-0.0918800011277198,-0.1013847216963768,0.013571748510003,-0.0648212954401969,0.0972713604569435,-0.1014142706990242,-0.1020840033888816,0.1015812680125236,0.0524957701563835,-0.1020671129226684,0.0998649671673774,-0.100559301674366,-0.101808987557888,0.101211741566658,0.1020865738391876,0.0871609672904014,-0.0847090780735015,0.1020863577723503,-0.0617480613291263,0.1000706255435943,0.0933534651994705,0.0742129161953926,-0.0138503545895218,0.0980183631181716,0.102085180580616,0.0720314309000969,-0.0901181772351265,-0.0722941979765892,0.0667106285691261,-0.0705943927168846,0.1013239696621894,0.1013780683279037,0.1003904268145561,0.0782420560717582,0.0966293290257453,-0.1018197461962699,0.1020843163132667,-0.0770914778113365,0.0176846142858266,-0.0991879999637603,-0.096146285533905,0.1020500212907791,0.1020746752619743,-0.0862108021974563,0.1004092544317245,-0.1020863652229309,0.1002454534173011,-0.1020865961909294,0.0526647828519344,-0.0289999619126319,0.1014711037278175,0.0815262869000434,0.1011098325252533,0.0968365296721458,-0.101971834897995,0.0813063383102417,0.1019247323274612,-0.0864102020859718,0.1017265990376472,0.1014720201492309,-0.0993183478713035,0.1013574004173278,0.1009519845247268,-0.1020865887403488,-0.1015369519591331,-0.0901397317647934,-0.0434484332799911,0.0981888622045517,0.0826314985752105,-0.0978797450661659,-0.1017210185527801,-0.0728734210133552,0.1020290255546569,0.0801218897104263,-0.1006860882043838,-0.0559170432388782,0.1020850837230682,-0.1005886942148208,-0.1018647402524948,-0.0483626015484333,-0.0983474999666214,0.089262381196022,-0.0801709815859794,0.0983586981892585,0.0809745118021965,-0.0935931131243705,0.0315177254378795,0.0939903557300567,0.0896998420357704,0.0993133261799812,0.0858742073178291,0.0032807197421789,-0.0979621112346649,0.0528046190738678,-0.0623161941766738,-0.0912099704146385,-0.0966247767210006,0.0950274392962455,0.1000358387827873,-0.0948523804545402,0.0994868651032447,-0.0202739052474498,0.0866243839263916,-0.1000311747193336,-0.1000231429934501,-0.0816244781017303,0.0607608631253242,-0.0984788611531257,0.0935394018888473,-0.0988319665193557,-0.0993550196290016,-0.0331020355224609,-0.08350221067667,-0.0960355401039123,0.0995751619338989,-0.0915988832712173,0.09992516040802,-0.0964757055044174,-0.0969680249691009,-0.0586514919996261,-0.0619227066636085,0.0828805118799209,0.097827561199665,0.0676750093698501,-0.1000252068042755,-0.0992049649357795,0.0999100357294082,-0.1000220999121666,0.1000339165329933,-0.1000433042645454,0.1000457555055618,0.098740316927433,-0.0954206213355064,-0.0994275361299514,-0.1000275984406471,-0.0263348706066608,-0.0053587267175316,0.0925679951906204,-0.0995101034641265,-0.09878421574831,-0.0959147959947586,0.0882415845990181,-0.0990808680653572,-0.0879658088088035,-0.0949968174099922,0.100043199956417,-0.0981674194335937,-0.0992614328861236,0.0993207842111587,0.0963560342788696,0.0999845191836357,0.0909785404801368,-0.1000440195202827,-0.0999414697289466,-0.0989234000444412,-0.0985330194234848,0.0959422811865806,-0.0995587930083274,0.0998142585158348,0.0885024741291999,-0.0994416549801826,-0.0998841300606727,0.0968655422329902,0.0983195081353187,0.0858589708805084,-0.0998468697071075,-0.0955781191587448,-0.0982600525021553,-0.0254059955477714,-0.060911439359188,0.0674239918589592,0.1000106260180473,-0.0130406087264418,-0.0878610834479332,0.0917473658919334,-0.097622126340866,0.0999596193432807,-0.0978842675685882,-0.1000257432460784,0.0631820261478424,-0.0993171334266662,0.1000000536441803,0.1000367999076843,-0.0982211157679557,-0.0988589972257614,-0.0009725551935844,0.0685734376311302,-0.088643841445446,0.0829718112945556,0.043515395373106,-0.0997227877378463,0.0700905993580818,0.1000383496284484,-0.0974482670426368,-0.0718200653791427,-0.0859523639082908,-0.0829484239220619,-0.0987071990966796,-0.0094214743003249,0.098307155072689,-0.0827734991908073,0.0999975502490997,0.0758669003844261,0.0088468883186578,0.0569212362170219,-0.0937285497784614,-0.1000458523631095,0.0960608273744583,-0.0949592739343643,-0.099968783557415,0.0980304330587387,-0.1028719097375869,0.0965124741196632,0.1042567268013954,0.0173967238515615,0.1021674573421478,-0.0299216415733099,-0.1010860800743103,0.0958326011896133,0.0880183801054954,0.1039167419075965,-0.1041482910513877,0.0903627499938011,0.0694965347647667,0.1042529195547103,0.09541767090559,0.1039540991187095,0.0824460014700889,0.1021615788340568,0.1042537167668342,0.1042567491531372,0.1042449250817298,-0.0225737635046243,0.1029705181717872,0.0088361008092761,-0.0854542329907417,0.1042567640542984,-0.1001676172018051,0.0567935146391391,0.1041616722941398,-0.1040262207388877,0.0948897749185562,0.0575706288218498,-0.1042502373456955,0.0896723419427871,-0.0980956479907035,0.0973989218473434,0.0758719965815544,0.0991081446409225,0.1003898903727531,-0.047021172940731,-0.0078371744602918,-0.1041934788227081,0.0999218970537185,0.0986807718873024,0.1040084064006805,-0.1042566522955894,0.1042542159557342,0.0937793925404548,-0.1037979125976562,-0.0531602129340171,-0.0803064182400703,-0.0099000399932265,-0.0997208282351493,-0.0822474732995033,0.1042510196566581,0.0699433162808418,-0.0894686505198478,0.1034369990229606,0.1040424406528472,-0.0935621410608291,0.1042567044496536,-0.0750853195786476,0.0901630520820617,-0.0307182222604751,0.055343110114336,-0.1024719625711441,0.0535069704055786,-0.1033660620450973,-0.0853913575410842,-0.039168931543827,0.0866549685597419,-0.104213573038578,0.0785698890686035,-0.1041714772582054,0.1041266694664955,0.0509138815104961,-0.1042492762207984,0.0519631318747997,0.1041298434138298,0.1042538657784462,0.0040380647405982,-0.1007835566997528,-0.1042437404394149,0.0680298805236816,0.093500867486,0.1018460914492607,-0.0974334999918937,-0.0758377835154533,0.1031809225678443,0.0926904380321502,0.0353443659842014,-0.1031881645321846,0.0700206384062767,-0.1038670241832733,0.1027845293283462,0.1001776233315467,0.0985839366912841,-0.0546938702464103,0.020365634933114,0.1007124334573745,-0.0998491197824478,-0.079133354127407,-0.0642666518688201,-0.0406464636325836,0.098822645843029,0.0851150751113891,-0.0727081149816513,-0.0887256935238838,0.1042433306574821,0.1041202098131179,-0.0922929868102073,0.0985664799809455,0.1042004376649856,0.1034386456012725,-0.0243787802755832,-0.1042550653219223,0.1042566001415252,-0.0881718173623085,-0.0330565199255943,0.033036071807146,-0.0687776729464531,-0.101456232368946,-0.1028414890170097,-0.0377188138663768,0.1040684357285499,0.1001076027750969,-0.1060275882482528,0.1086704358458519,0.0977177768945694,-0.0922422781586647,-0.0934179797768592,0.1080586984753608,-0.065912052989006,0.1017789542675018,0.0475472025573253,-0.1028924733400344,0.1044187918305397,0.1084036231040954,0.1081206053495407,0.1054935753345489,0.0845195576548576,-0.0512956008315086,0.1065405085682869,0.1019089668989181,-0.1002557203173637,-0.1055684834718704,-0.0932012051343917,0.1003714427351951,-0.0850659310817718,0.1074519231915474,-0.1016433089971542,-0.096942089498043,-0.0261345598846673,0.100522294640541,-0.0515161827206611,-0.1044113263487815,-0.106790006160736,0.1085372865200042,-0.0288975350558757,-0.0801462680101394,-0.0561865530908107,0.1088565662503242,0.1088625490665435,-0.083975963294506,-0.0743897408246994,0.1088387370109558,-0.1088188216090202,0.0734103992581367,-0.0276688337326049,0.1082942634820938,-0.1001467630267143,-0.1054453998804092,-0.1075061932206153,0.1063345670700073,0.0859412103891372,-0.032464861869812,-0.0005804223474115,0.1079298481345176,0.0923549756407737,0.106763444840908,0.0514872334897518,0.1056969165802002,0.1085304394364357,0.1088573262095451,-0.107368916273117,-0.0594363734126091,-0.1083785742521286,-0.0798865333199501,0.1031809300184249,-0.017142416909337,0.0965893343091011,0.1087685003876686,-0.0993682518601417,0.1043028011918068,-0.0843250676989555,0.1045466065406799,0.1080886274576187,-0.0637276545166969,-0.106631189584732,0.0615281127393245,0.0623680502176284,0.0603596679866313,0.0867645666003227,-0.1084128394722938,-0.0462949275970459,0.1003088876605033,0.0242197643965482,0.1078426912426948,-0.0362885519862175,-0.1087541058659553,-0.0193954147398471,-0.0600476115942001,0.1074759066104888,0.1078722476959228,-0.0292517431080341,0.0928682088851928,0.0960102677345275,0.0826728343963623,0.108490914106369,0.0811573714017868,0.0092558031901717,-0.0421968512237072,0.0319871790707111,0.100718155503273,-0.0978027582168579,-0.098687082529068,-0.0817331224679946,0.015309146605432,0.1088376194238662,-0.0133197847753763,0.1088699772953987,-0.0862206444144249,0.0748951286077499,0.0413562580943107,-0.0950021892786026,0.1029130741953849,0.0532745122909545,0.1031927689909935,-0.0901489108800888,-0.1088158041238784,-0.0458911061286926,-0.1056778207421302,-0.1083760187029838,0.090097926557064,0.0099552990868687,0.0566915273666381,0.0070504946634173,0.0817314982414245,-0.1076798364520073,0.0379210636019706,0.1047857552766799,-0.1084608435630798,0.090670645236969,-0.0982349812984466,-0.1269295513629913,0.0824544578790664,0.1304465383291244,-0.1233029589056968,0.131912887096405,0.1228338927030563,0.1335131525993347,-0.0291060283780097,0.0902554616332054,0.1279245913028717,-0.0153511194512248,-0.0760635882616043,-0.0238172393292188,0.1035026982426643,-0.0059813219122588,-0.0952102094888687,0.0448464043438434,-0.0932052209973335,0.0373327732086181,0.1173570677638053,0.117842823266983,-0.0651447996497154,-0.1144610047340393,-0.0718527138233184,-0.1167297288775444,0.0820661187171936,-0.0183130409568548,-0.1055642664432525,0.0938780307769775,0.0864266902208328,0.1236860156059265,0.0906584709882736,0.0959343537688255,0.0592490881681442,-0.1234316825866699,0.0873786211013794,0.127465084195137,-0.0685272887349128,0.020148042589426,0.0623829178512096,0.0268516261130571,0.0816648602485656,-0.007166997063905,0.0740782916545867,0.0824224278330802,-0.0786801949143409,0.0466950722038745,-0.0842343047261238,-0.1453440636396408,-0.0581719018518924,0.0279767550528049,-0.0284685660153627,0.1305310726165771,-0.0639924257993698,0.0861990302801132,-0.1156418099999427,-0.0003122595371678,0.1064995229244232,0.1154911443591117,-0.116987258195877,-0.1209250539541244,-0.0579703412950038,-0.0305674560368061,0.0628555491566658,-0.1302071511745453,-0.0542197003960609,-0.110873244702816,0.0288123879581689,0.1176372766494751,0.0524624437093734,0.0896521434187889,-0.0946599617600441,0.0071347877383232,-0.1439882069826126,-0.0531100071966648,-0.1189280003309249,0.0460091270506382,0.0693455561995506,-0.092527650296688,0.0468688495457172,0.025315212085843,-0.013368098065257,-0.1095473915338516,0.0964417904615402,-0.0574766397476196,0.1105435490608215,-0.0500476881861686,-0.0695439353585243,-0.0446959286928176,0.0139017347246408,-0.0817784592509269,0.0249208994209766,-0.1412534266710281,-0.137385681271553,0.1472451537847519,0.1357849240303039,-0.0720134228467941,0.1212851926684379,0.0896971747279167,-0.1294878721237182,-0.0789810717105865,0.0803185924887657,0.0047898599877953,-0.0296127703040838,0.1218693628907203,0.0902559012174606,0.0811856463551521,-0.0154243381693959,-0.0049521415494382,0.0919497013092041,-0.0766230300068855,-0.0635068491101265,0.1515934318304062,-0.0658110752701759,0.128503605723381,-0.098303198814392,0.1107390224933624,-0.0951534211635589,0.1240550056099891,0.1112215295433998,-0.0783307775855064,0.020398998633027,0.0290657021105289,-0.0192880798131227,0.0751650556921958,-0.0319814309477806,0.01315498072654,0.0667121931910514,-0.1145752146840095,-0.002690372057259,-0.0240934621542692,0.0447654537856578,-0.0694350525736808,0.0624218992888927,0.0844843685626983,0.1479258388280868,0.0240733921527862,-0.1194616481661796,0.0309990216046571,-0.0035014986060559,-0.1269625127315521,-0.0836503952741622,0.0958045050501823,0.0297617595642805,-0.0962594673037529,-0.051183383911848,-0.142963171005249,-0.0551189482212066,0.0928519368171691,0.0839847326278686,-0.0074114250019192,-0.0985331535339355,0.0775415524840354,-0.0612332858145237,0.1051357239484787,0.1407710462808609,-0.0516188293695449,-0.1342812180519104,0.002920382656157,0.105242945253849,0.1257076412439346,-0.0205604210495948,-0.0864939838647842,0.1421409398317337,0.143837422132492,-0.0446661561727523,0.1141398176550865,-0.0188049506396055,0.1410780102014541,0.1047368273139,-0.0348810255527496,-0.1485718935728073,-0.0157417748123407,0.1215233281254768,0.1440562456846237,-0.0397239327430725,-0.075818233191967,0.100389078259468,-0.0812671035528183,0.0683066025376319,-0.1138189285993576,0.0403486527502536,0.0194827187806367,0.0579782985150814,-0.1186015233397483,-0.0016130156582221,-0.0156464111059904,0.1093655973672866,0.083916425704956,0.1327079981565475,0.0492528602480888,0.0156867019832134,0.0299631636589765,-0.1285568624734878,0.0391438975930213,-0.0144066549837589,0.1242024451494216,0.1377456784248352,-0.1476563513278961,-0.0641421526670456,-0.0334842279553413,-0.0196150206029415,-0.0026300700847059,0.1067891493439674,-0.1222808435559272,0.0330655686557292,-0.141074389219284,0.0017204438336193,0.1164349243044853,-0.0489217527210712,0.0552373081445694,-0.0304591674357652,-0.0879457294940948,0.0412927269935607,0.1243185549974441,0.0763337239623069,-0.0757262483239173,-0.0152092771604657,0.0790624767541885,0.0038077074568718,-0.0806431323289871,0.0310820695012807,-0.096893310546875,0.016226090490818,0.0781296417117118,0.1120338216423988,0.0385145843029022,-0.0259967986494302,0.1081082671880722,0.1217033490538597,0.047227568924427,-0.0265880152583122,0.1179767996072769,0.0116946557536721,-0.1421311944723129,-0.1402160972356796,-0.0534779541194438,-0.1427485942840576,0.0862245261669159,-0.0750139504671096,0.1457341164350509,-0.0983551517128944,0.0324770174920558,-0.1117186397314071,-0.0248183626681566,-0.133948341012001,-0.1234654933214187,-0.0366957709193229,-0.0103959925472736,0.1284446120262146,0.1421343386173248,-0.0923322364687919,0.1206375285983085,-0.0470754355192184,0.0567562207579612,0.008919833227992,GPYIUKDIYRBIJR-WATHFIQWSA-N,CN(CC(=O)O)NC(=O)C[C@H](N)[C@H](O)[C@@H](O)CN
-0.0424837879836559,0.0683228448033332,0.1052107140421867,0.060075256973505,0.061233963817358,0.0025973774027079,0.0147363720461726,0.0973524302244186,-0.1042971387505531,0.0664158537983894,-0.1038485616445541,-0.1039931178092956,0.0889606401324272,0.093012198805809,0.0934585928916931,-0.1014319881796836,-0.1051829755306243,-0.0961865186691284,0.1048966348171234,0.0961445644497871,0.0937075465917587,0.0814606621861457,0.1052087992429733,-0.1042069271206855,0.0218342095613479,-0.1048450171947479,-0.0974475517868995,-0.099138505756855,0.1014541089534759,0.1051480993628501,0.0605322048068046,-0.0774133875966072,-0.1022431403398513,-0.0957573503255844,0.0142999216914176,0.1052027195692062,0.0308749414980411,-0.101378746330738,0.1027487143874168,0.1050853729248046,-0.0967634096741676,-0.1051958575844764,0.1009310781955719,-0.0214641112834215,0.1050584837794303,0.0925959944725036,0.1050549149513244,0.1052102670073509,0.1051671355962753,0.0257872454822063,-0.0925202146172523,-0.1033114194869995,-0.1051061898469924,-0.0070481421425938,-0.1050505936145782,0.0598786808550357,0.1052109599113464,-0.1046165153384208,-0.1036872789263725,-0.0534148402512073,-0.1052092760801315,-0.1052074879407882,-0.0030743819661438,-0.1051976755261421,-0.0999014526605606,0.0943421572446823,0.0603184327483177,0.0598484724760055,0.1052109897136688,0.1049303784966468,0.1046808362007141,0.1047627404332161,0.0016509044216945,0.0937602892518043,0.1052107438445091,-0.0337115488946437,0.0812594965100288,-0.0953011289238929,0.1030144244432449,0.0982188433408737,0.1030930131673812,-0.0843279361724853,0.10083819180727,0.0525735616683959,0.1037565618753433,0.1015692800283432,-0.0815435647964477,-0.0834146067500114,0.105190061032772,-0.0854238495230674,0.0965249091386795,-0.0821931585669517,-0.0238717384636402,0.1028657034039497,0.104686789214611,0.1040752232074737,0.1017880141735076,-0.105209395289421,-0.0956600531935691,-0.1016015261411666,-0.0659278184175491,-0.0884618461132049,-0.1050043255090713,0.0485408492386341,-0.1052092388272285,0.0459816120564937,0.0399295687675476,-0.1045466065406799,0.0911323502659797,0.0525938607752323,0.0540332309901714,0.1044636368751525,0.0812937542796135,0.0147393960505723,-0.1039948835968971,-0.1052103862166404,-0.0924639329314231,-0.1052105650305748,0.0845565423369407,-0.0554242841899395,-0.1050780415534973,-0.0512810125946998,-0.097830593585968,-0.0676357224583625,-0.0842246189713478,0.1046012341976165,0.0760896652936935,-0.0642603561282157,0.098764419555664,0.0720850974321365,-0.0987640917301178,0.0681971386075019,0.0980833321809768,-0.0881320536136627,-0.0987644419074058,-0.0941255092620849,-0.0938810482621193,0.0982177704572677,0.0980340242385864,0.056714903563261,-0.0986218675971031,0.0986898615956306,-0.0955564752221107,0.0968266576528549,0.098749503493309,0.0985893309116363,-0.0931840762495994,-0.0890438631176948,-0.098659910261631,-0.0688592791557312,-0.0987466722726821,0.083297275006771,0.0943358093500137,0.0987628176808357,-0.0923023298382759,-0.0981521308422088,-0.0633175447583198,-0.0956222340464592,0.0982285141944885,-0.0705250352621078,-0.0967167392373085,-0.0719825699925422,-0.0827680528163909,-0.0314096622169017,-0.0987644419074058,-0.0951640829443931,-0.0781838819384574,-0.088702417910099,0.0692166686058044,0.0987424328923225,-0.0987145900726318,0.0987491384148597,-0.0986399203538894,-0.0987554863095283,0.0986523181200027,0.0978651270270347,-0.0412499345839023,0.0793901979923248,0.0035720642190426,0.0970740914344787,-0.0982016548514366,0.0760338753461837,0.0607503466308116,-0.0987346246838569,-0.0936866328120231,0.0948047786951065,0.0223256070166826,-0.0923312753438949,-0.0986922234296798,-0.0297801308333873,0.098764419555664,0.0987153053283691,0.0987480133771896,-0.097770832479,0.0987643748521804,-0.067941777408123,0.0295859742909669,0.0984497219324112,0.0987254306674003,-0.0788687020540237,0.0987282246351242,-0.0076889381743967,0.0666170716285705,0.0986438319087028,0.0985624566674232,0.0987616628408432,-0.0938239097595214,-0.098332941532135,0.0180038567632436,-0.0146511336788535,0.0906524285674095,-0.0985914543271064,0.0639699101448059,0.0985969379544258,0.0987127795815467,0.0986459553241729,-0.0987536162137985,-0.0140530122444033,0.0976923778653144,0.0956369563937187,0.0783398300409317,-0.0987628698348999,-0.0807652696967125,-0.0987232774496078,0.0982401520013809,-0.060073398053646,-0.0975769907236099,0.0987393856048584,-0.0811496824026107,0.0770925432443618,0.0987138822674751,0.0575109235942363,-0.0948709174990654,0.098513513803482,-0.0971975624561309,0.0987642109394073,-0.0909176543354988,-0.0984072089195251,-0.098723366856575,0.0934566631913185,-0.0970604345202446,-0.0936083272099495,-0.0987489372491836,-0.0986241921782493,-0.0960604175925254,0.0982576310634613,0.0987644344568252,0.0952078551054,0.0981788486242294,-0.0987449884414672,-0.0697626695036888,0.0987079516053199,-0.0072444239631295,0.0855337977409362,0.0978198125958442,0.0943092554807663,0.1038810834288597,-0.1051179319620132,0.0527835749089717,-0.0882908105850219,-0.0767949745059013,-0.1051476299762725,-0.1021717488765716,0.1039697527885437,0.1051519960165023,0.1050736531615257,-0.1051488816738128,-0.1051253005862236,-0.1051506176590919,-0.1048784777522087,-0.0007169047021307,-0.0344353355467319,0.1049863621592521,-0.0648749098181724,-0.0996695756912231,-0.0436885692179203,-0.099006749689579,0.1049941405653953,0.1041361764073371,0.1015779003500938,-0.0761513113975524,-0.0833624675869941,0.0010989318834617,-0.0520618930459022,0.0099342335015535,0.1050924062728881,0.1047357842326164,-0.0240717567503452,0.0476322695612907,-0.1051471903920173,-0.1045717298984527,-0.0632193088531494,-0.0143010271713137,-0.0833250284194946,-0.0979445800185203,0.10309998691082,-0.1051521599292755,-0.0939981639385223,-0.1011365205049514,0.1015175133943557,-0.1011062487959861,0.0731336399912834,0.1049980521202087,0.0842150971293449,0.10514397919178,0.0845952257514,0.0104072419926524,0.1051528081297874,0.1051528006792068,-0.1051347702741622,-0.0352886319160461,-0.0908925980329513,0.1051527336239814,-0.1051527857780456,-0.1049075722694397,0.1051157638430595,-0.1002226024866104,0.1050294116139411,-0.1050263121724128,0.0976112633943557,0.0937900021672248,0.0930928438901901,-0.0131400916725397,0.0979936122894287,-0.1039778515696525,-0.005354159977287,-0.1027784645557403,-0.1051528081297874,-0.1029137223958969,0.0486321412026882,0.1049410179257392,-0.1044682562351226,-0.0843763351440429,-0.0099708382040262,-0.0284884329885244,0.1051525771617889,-0.0984295234084129,-0.0916230902075767,-0.1051101982593536,-0.0996682792901992,0.0849468186497688,0.1032724604010582,0.1051509007811546,-0.1051146686077117,-0.0944970175623893,0.1044915094971656,0.1051526144146919,0.0783003568649292,0.0991264507174491,0.0986634418368339,-0.0878635570406913,-0.1036572530865669,0.009941654279828,-0.0245833452790975,-0.1032655164599418,0.1036661565303802,-0.0739497169852256,0.0942945405840873,0.1031838953495025,-0.0873553603887558,-0.0995563566684722,-0.0415477715432643,0.0053873336873948,0.0904913917183876,-0.1051421165466308,-0.1030394956469535,-0.1051423624157905,0.104343369603157,0.1051198244094848,0.0826058760285377,0.1048280447721481,0.0431726947426795,0.0464562736451625,-0.0108372410759329,-0.0341670140624046,-0.1002761572599411,-0.1051412150263786,0.1039255410432815,-0.1046642959117889,0.0517387278378009,0.0731689929962158,-0.0360346436500549,-0.0434786714613437,-0.062577411532402,0.066483698785305,-0.1102557629346847,0.0295178703963756,0.0647786557674408,0.0427369549870491,-0.1139278933405876,0.1195574849843978,0.0652841553092002,0.1229021027684211,-0.0289590563625097,-0.055727545171976,0.064600758254528,-0.0958190783858299,-0.1216323524713516,-0.0124735357239842,-0.0944432914257049,-0.1230427697300911,0.0368375182151794,0.0519877411425113,-0.1142626404762268,0.1101812422275543,0.0820814371109008,0.0680570006370544,0.0087787015363574,0.1052466928958892,-0.0141706801950931,-0.0796560421586036,0.0787068307399749,0.0702401995658874,-0.0708086639642715,0.1101433485746383,0.1206600442528724,-0.0885170921683311,0.0879366397857666,0.07449322193861,0.0923458859324455,-0.0408641919493675,0.1054109558463096,0.1226269379258155,-0.0243460666388273,0.1181145682930946,0.0922977998852729,0.12149029225111,-0.0688467696309089,0.0486048199236393,-0.0840411931276321,-0.0547064095735549,-0.0600632615387439,0.092362955212593,0.1129715293645858,0.0485730282962322,-0.0413814075291156,0.1159026101231575,-0.0231156907975673,0.0431794971227645,0.0722641572356224,-0.0829140916466713,0.1194583550095558,-0.0206957533955574,0.1213751956820488,-0.0968986824154853,-0.1103220432996749,-0.0228313710540533,-0.1199201047420501,0.106736347079277,-0.0998642742633819,0.0683494880795478,-0.1194813847541809,0.1202751025557518,-0.1016719415783882,-0.1187295466661453,-0.0151359410956501,-0.0646854266524314,-0.1221751794219017,0.0386513248085975,0.110567882657051,0.1070475652813911,0.0725350081920623,-0.0219612959772348,-0.1007062643766403,-0.0269165113568305,0.0932999476790428,-0.1146072372794151,-0.1221509575843811,0.0991922318935394,0.1214797347784042,-0.1142245903611183,0.1230388730764389,0.0327908433973789,0.0991910472512245,-0.0070136557333171,0.1224322915077209,-0.0653015151619911,0.0590985417366027,-0.0910546630620956,-0.002027767477557,0.1227041780948638,-0.0799911171197891,-0.0904214009642601,-0.0784619972109794,-0.0771488025784492,0.0136453453451395,0.0829855278134346,-0.1188199967145919,-0.0950482636690139,0.016865162178874,0.1206915229558944,-0.1093926131725311,0.1210842207074165,-0.1185572817921638,0.1176952794194221,0.0535103380680084,-0.0289827976375818,0.0457653887569904,-0.1202538162469863,0.051222488284111,-0.111090287566185,0.0788054391741752,-0.048060979694128,-0.1213929429650306,-0.116688035428524,0.1075140088796615,0.0854206904768943,0.0776492953300476,-0.0454925261437892,-0.0982680842280387,0.1227968037128448,0.0125591671094298,-0.0976718217134475,-6.668634159723297e-05,0.1192922294139862,-0.0931053087115287,0.0590635575354099,0.0835870578885078,0.12264034897089,0.1236626282334327,-0.0497002340853214,-0.0164059903472661,-0.0156569220125675,-0.0908841267228126,0.1257729977369308,0.1175558194518089,-0.1180823072791099,-0.1167377978563308,0.0997127071022987,0.0106398286297917,-0.1257269531488418,-0.0897255167365074,-0.1167789921164512,-0.1285212486982345,-0.1235896870493888,-0.0564676485955715,-0.1183889880776405,0.1129483953118324,-0.1242474094033241,0.1211086064577102,-0.12989541888237,0.0946706086397171,-0.0992658138275146,0.1223228052258491,0.089021123945713,0.0376012846827507,0.1277913749217987,-0.0090176509693264,-0.0839966461062431,0.0855031237006187,-0.1034183278679847,0.115429438650608,0.1197314783930778,0.1194613799452781,-0.1102878302335739,0.0714636668562889,0.0240975655615329,-0.0356593951582908,-0.0325277782976627,0.0631475374102592,0.0627984181046485,-0.0969383046030998,0.0990188047289848,0.1180041059851646,0.0552347004413604,0.0059856162406504,0.1135303154587745,-0.0046283681876957,-0.0979576110839843,-0.069493681192398,0.0661661922931671,-0.0367065109312534,-0.0470803007483482,0.0588878318667411,-0.0007374075939878,0.0676250010728836,-0.0609066300094127,-0.0097513357177376,-0.0858630761504173,0.0612156093120574,-0.1098969876766204,0.1241231337189674,-0.1245736926794052,0.0360181890428066,-0.1053645238280296,0.0565045475959777,0.1077386513352394,-0.1202878803014755,0.0547096282243728,0.0462887622416019,0.1009655147790908,0.0552067384123802,-0.1142247840762138,-0.0095516154542565,0.0754208117723465,0.0284441672265529,0.0471154190599918,-0.1166663318872451,0.0903881043195724,-0.1275028437376022,-0.0255896262824535,0.1273017823696136,-0.0055028293281793,-0.0527162328362464,-0.1289705336093902,0.0756230801343917,0.0970514193177223,-0.0874686688184738,0.1203895658254623,-0.1161289140582084,0.0205418411642313,0.0145733775570988,-0.0886872708797454,-0.0278997085988521,0.0283286925405263,0.0434785187244415,-0.0894992277026176,0.0717117115855217,0.10980686545372,0.0889147818088531,-0.0041650319471955,-0.073903314769268,-0.1212247237563133,0.0799663364887237,0.0723109617829322,-0.0348068177700042,0.1205492541193962,0.0018972512334585,0.1281692683696746,-0.1264190673828125,-0.072544977068901,0.0249913558363914,-0.0752809569239616,0.1250481754541397,-0.1018706709146499,-0.1247552633285522,-0.0539017803966999,0.1021166518330574,0.0058604362420737,-0.1066279560327529,-0.0709684789180755,-0.0165707152336835,-0.0609813742339611,0.1099502891302108,0.0916649401187896,0.1443755477666854,0.1552552431821823,0.1385986804962158,-0.1016492173075676,-0.0552030615508556,0.0568450503051281,-0.0327160209417343,-0.1530154198408126,-0.0148692987859249,0.0827292948961258,-0.0580834709107875,0.0696732923388481,-0.1351198703050613,-0.0938797816634178,-0.1526843309402465,-0.0036083057057112,0.0402250625193119,-0.0978852435946464,-0.0610261857509613,-0.0898429453372955,0.0934736505150795,-0.1176535636186599,0.0679556131362915,0.0512521304190158,0.0124784559011459,0.127004936337471,0.0339886471629142,0.0609698668122291,0.0322630889713764,-0.0085012223571538,0.1263827681541443,0.0723652020096778,-0.0736699476838111,0.0123506551608443,-0.1288067251443863,-0.0272305011749267,-0.0847460031509399,-0.0348773896694183,0.0153562566265463,0.1143735349178314,-0.1085775047540664,0.1567882895469665,-0.0255800746381282,0.0717164799571037,-0.0072540855035185,-0.056581761687994,0.1161232739686966,0.0668796822428703,0.0096313590183854,0.0726466178894043,-0.1301269829273224,-0.0813021808862686,-0.0158368088304996,-0.0837303772568702,0.0236217938363552,-0.04262300953269,-0.0876828953623771,-0.1097597554326057,-0.0841642990708351,0.00268184999004,0.029903432354331,-0.1069064289331436,0.0186736546456813,0.042451974004507,-0.1055782884359359,-0.1292402148246765,-0.0593970008194446,0.0659673735499382,-0.0219408143311738,-0.1179288551211357,-0.1182746589183807,-0.1537032127380371,-0.0214512646198272,-0.071107879281044,-0.0091241681948304,-0.0323560014367103,-0.1425207108259201,0.0188887845724821,-0.0605243071913719,-0.0384119786322116,0.1435112804174423,-0.0279628261923789,-0.1257729232311248,-0.0775449872016906,-0.0693738386034965,0.1121277660131454,-0.0427138283848762,-0.0688608661293983,0.0616693310439586,-0.1467362493276596,0.0266319513320922,-0.1047943234443664,-0.062773622572422,-0.0848588868975639,-0.118534155189991,-0.0948131009936332,0.1550157070159912,-0.043099895119667,-0.0686039999127388,-0.1060723587870597,0.031095452606678,-0.124032013118267,-0.0769508630037307,0.1196629181504249,-0.0943187326192855,0.1478943079710006,-0.1347509622573852,0.1410945057868957,-0.0839342102408409,0.0116051780059933,-0.0183199625462293,-0.088994100689888,-0.0562794283032417,-0.1050611212849617,-0.0852294042706489,0.1164306178689003,0.1070240885019302,0.1483036875724792,0.0715899690985679,0.0500609651207923,-0.1029674708843231,-0.0777169167995452,-0.0369904227554798,XORQJYUNRQDTMQ-UHFFFAOYSA-N,Cc1ccc(NC(=O)Cn2nc3ccc(SC(C)C)nn3c2=O)c(Cl)c1
0.0175885576754808,-0.1073019355535507,0.1073040217161178,0.1071697399020195,0.0481558628380298,0.1044036149978637,0.031652495265007,-0.1048882752656936,-0.0638555288314819,-0.0912015214562416,0.0142356380820274,-0.1069625094532966,-0.0294288173317909,0.1058694720268249,0.0827936455607414,-0.0773070901632309,-0.0952004939317703,-0.0965271666646003,-0.070433385670185,0.106886439025402,0.0266702342778444,-0.0849979296326637,-0.1023027077317237,-0.0936076790094375,-0.0542615987360477,0.0982060059905052,-0.1066411808133125,-0.106316827237606,-0.1068162098526954,0.096686877310276,-0.1051362156867981,0.0545172803103923,-0.0595216825604438,-0.0925153270363807,-0.1041687801480293,-0.1053937748074531,0.0908991172909736,0.1041763722896575,-0.0885083675384521,-0.0209989678114652,-0.1001418158411979,-0.1039406955242157,-0.012557347305119,-0.0267842672765254,0.0718680471181869,0.048488363623619,0.0558041222393512,0.1053773090243339,0.1003548130393028,-0.0319346264004707,-0.0711103305220604,0.1066736206412315,-0.1039161682128906,0.1055198013782501,-0.092473529279232,-0.0057338774204254,0.1016030013561248,0.1060383319854736,-0.0886906832456588,0.1070325896143913,-0.1054575443267822,-0.0395398139953613,0.0352471210062503,0.0804963409900665,-0.0886252149939537,-0.097111627459526,-0.1069563701748848,0.106954887509346,0.1073095723986625,0.0996386185288429,-0.1026990413665771,0.1071032360196113,0.0838751345872879,-0.1072200909256935,-0.063776783645153,-0.1067857220768928,-0.0873290225863456,-0.1032398492097854,-0.1052306368947029,0.0354455299675464,-0.0634739845991134,-0.0618516653776168,0.1072473973035812,0.0932213962078094,-0.105076640844345,0.1051113978028297,0.1057567819952964,0.1071826964616775,-0.0227811690419912,0.1027316898107528,0.0307885985821485,-0.1070516258478164,0.0854830369353294,-0.1041174009442329,-0.1058194041252136,0.0719783380627632,-0.1057210639119148,-0.091911606490612,-0.0987565219402313,0.0511498712003231,-0.1016289815306663,0.1072959750890731,-0.104306936264038,0.0610193349421024,0.0969365611672401,-0.0545807220041751,0.1001308932900428,-0.0487955883145332,0.1071470081806182,-0.0961338430643081,0.1070751845836639,0.1064921468496322,-0.0875388011336326,-0.1051823943853378,-0.0319057554006576,-0.0890554338693618,-0.0601890832185745,-0.1035108715295791,-0.0965221524238586,-0.101334661245346,-0.1069496721029281,-0.0314632654190063,0.0725366845726966,0.105826623737812,0.0884349271655082,0.0508930310606956,0.0840387195348739,-0.1050329506397247,0.10422383248806,0.0841609686613082,-0.1042879149317741,0.0960360467433929,0.0681203380227088,0.0789297595620155,-0.1038325875997543,0.0424407646059989,0.104559525847435,-0.1033054441213607,0.1045021936297416,-0.0465681925415992,-0.0869280472397804,-0.1040352657437324,-0.1032940000295639,0.0685257092118263,-0.0792613476514816,-0.0974948406219482,-0.1045218631625175,-0.1027699261903762,-0.0986782759428024,-0.047060053795576,-0.0969189181923866,-0.054871778935194,0.1011086478829383,-0.0143601894378662,0.1040319874882698,0.0240918789058923,-0.1044972911477088,-0.0999087691307067,0.0171992350369691,-0.0822821483016014,-0.0878185480833053,0.0870935469865799,0.1037774309515953,-0.0813025757670402,-0.0014137806138023,-0.1045568436384201,-0.0442017428576946,0.1045024469494819,-0.0838022828102111,-0.0535558834671974,0.1023349687457084,-0.1042910516262054,-0.08378616720438,-0.1026870757341384,0.0903632193803787,-0.0935337617993354,-0.104135550558567,0.0328310094773769,-0.0921537578105926,-0.0990743115544319,0.1037048250436782,-0.1045637801289558,0.079951487481594,-0.0973223447799682,-0.0486940257251262,-0.1044732108712196,-0.0282169301062822,-0.0766607820987701,-0.1045146808028221,0.1036170646548271,-0.1030646488070488,-0.0985576212406158,0.1045689135789871,-0.1042296439409256,0.1028752326965332,0.1029313057661056,-0.1040253713726997,-0.1013192385435104,-0.0804479494690895,-0.094709612429142,-0.0887162238359451,-0.09457428753376,0.0460050143301487,-0.1040386781096458,0.1019441485404968,0.10446048527956,-0.0015395233640447,0.0202494245022535,-0.1041401773691177,0.0955205410718917,0.1022904142737388,-0.0157221090048551,-0.0446560978889465,0.0074003539048135,-0.102814495563507,-0.0849730297923088,0.0991257950663566,0.1040662676095962,-0.0896507427096366,-0.0877696722745895,-0.0982908979058265,0.1024633049964904,-0.0936857536435127,-0.1019526049494743,-0.0997052639722824,-0.1007939949631691,-0.072210781276226,0.1042129918932914,-0.1023845300078392,0.1044610440731048,0.1006109863519668,0.1016900092363357,0.1033942177891731,0.0571379587054252,-0.096480093896389,0.104534812271595,-0.1001539826393127,-0.0981655120849609,-0.1038289219141006,-0.0693778395652771,-0.0711091160774231,-0.081943392753601,0.0953677222132682,-0.1014752313494682,-0.0985436215996742,-0.0386792011559009,0.0935768038034439,0.048587292432785,-0.0024828619789332,-0.1007770523428917,0.1022892594337463,-0.0030088175553828,-0.0984627231955528,-0.1041794419288635,-0.0547170415520668,-0.0656996592879295,0.1018701568245887,-0.0505087077617645,0.1060160845518112,-0.10243571549654,0.0820871964097023,-0.1091774329543113,0.0487012155354023,-0.1073559820652008,-0.0947621464729309,-0.0780056864023208,-0.1049627140164375,-0.0481905117630958,-0.0854961797595024,-0.0978981554508209,-0.1083102971315383,0.1025657579302787,-0.0013183247065171,-0.0978120565414428,-0.1047349572181701,0.0584518685936927,-0.1093947514891624,-0.0991381406784057,-0.1028160005807876,-0.0266077909618616,0.1036750674247741,0.1070328578352928,0.0941443145275116,0.1077507585287094,-0.103474348783493,0.0993194878101348,0.1084491461515426,-0.1082842424511909,0.0900042578577995,-0.1080313771963119,-0.0200581084936857,-0.1041306480765342,0.0986135378479957,0.0243395790457725,-0.094280831515789,-0.0469520986080169,-0.1052967458963394,0.1004457846283912,-0.0767025798559188,-0.0107172830030322,-0.0966105759143829,0.0594561658799648,-0.108796626329422,-0.1079937741160392,-0.0782191306352615,0.0923683419823646,0.1012267395853996,0.1015955284237861,-0.1023543700575828,-0.0916799381375312,0.0075328857637941,0.0047389860264956,0.1078844517469406,0.0593871921300888,-0.0646800622344017,-0.0810154378414154,0.0030445063021034,0.0344780795276165,0.0841410085558891,0.077775701880455,-0.076305016875267,0.0998602211475372,0.1023063361644744,0.1035446003079414,-0.0596740171313285,0.093692772090435,-0.0201714001595973,-0.1040564477443695,0.0985539704561233,0.1093938425183296,-0.0422259159386158,-0.108556792140007,-0.1040098518133163,0.1075698584318161,0.0833747908473014,-0.0656383335590362,-0.1091678664088249,0.0451105311512947,-0.0065015642903745,0.0919642820954322,0.0368959344923496,-0.0929192304611206,0.1087121739983558,-0.1020796224474906,-0.0726296678185463,0.1076269820332527,0.1054361760616302,-0.1029130443930625,-0.1079492345452308,-0.0880435854196548,0.0982162356376648,-0.0826268345117569,-0.040821623057127,-0.0869520977139473,0.1068580225110054,-0.0966633111238479,-0.1092713996767997,-0.0846474096179008,-0.0480678007006645,0.097369372844696,0.1078116744756698,0.0431175455451011,0.0183726791292428,0.091931365430355,-0.1077916920185089,0.1017973273992538,-0.0570123381912708,-0.1091139167547226,-0.0943522825837135,-0.0991311445832252,0.1078287214040756,-0.105636216700077,-0.0136467646807432,0.1065059006214141,0.1091204807162284,-0.1061010286211967,-0.1085689440369606,-0.0784144252538681,0.0578190796077251,0.0843840986490249,-0.0736635848879814,-0.1038557589054107,-0.0056258724071085,0.1065194830298423,0.0337167121469974,0.0499309934675693,-0.0429319888353347,0.0385232828557491,0.0311573017388582,-0.030275983735919,-0.1032453253865242,0.0319975316524505,0.097774751484394,-0.0821896642446518,0.0522180572152137,0.0346567668020725,-0.0234733112156391,0.031275637447834,-0.1308332234621048,-0.0025911519769579,-0.1730063706636428,-0.0161235909909009,0.1305599510669708,0.0535064041614532,-0.0529497750103473,0.1212143898010253,0.0811813548207283,-0.0279156621545553,0.0499808602035045,0.1119182556867599,-0.1135158166289329,-0.0413683950901031,-0.0106369107961654,-0.1347106993198394,-0.0452547147870063,0.0747795775532722,-0.1616010814905166,0.1546265035867691,0.151759997010231,-0.0117041999474167,-0.0270725172013044,-0.0927815362811088,0.1361243277788162,0.0569372214376926,0.1185238286852836,-0.0912240147590637,0.0399882234632968,-0.0465883798897266,0.0973261967301368,0.0065224734134972,-0.0030668566469103,0.0947762951254844,0.0377519950270652,-0.034169852733612,-0.0225239507853984,-0.019020739942789,-0.0661139339208602,-0.0237015504390001,0.0812882855534553,-0.0565049387514591,0.1042278259992599,0.1609207838773727,0.0679800882935524,0.1084201261401176,0.0362019874155521,0.0146738002076745,0.1617249399423599,-0.0339521840214729,0.1212026253342628,-0.125105544924736,-0.1257725059986114,-0.0503208339214324,-0.0192664489150047,0.0131839346140623,0.081336535513401,-0.112141728401184,-0.0075793587602674,0.0385519862174987,-0.0142748076468706,-0.110086515545845,0.1437060832977295,-0.1504508256912231,-0.0652233809232711,-0.0212844256311655,0.1272076070308685,0.1585868000984192,-0.0528858974575996,-0.1777045130729675,0.0471222177147865,0.0789449959993362,-0.1182317584753036,0.1640520840883255,0.1349919736385345,0.0805724933743476,-0.0321067832410335,0.1449440121650695,-0.1305306106805801,-0.042064119130373,0.0202487092465162,-0.0619039162993431,0.0899449214339256,0.1155561357736587,-0.0280787888914346,-0.1389589011669159,0.0937056690454483,0.0444957949221134,0.1389219462871551,0.0819160640239715,-0.0509559512138366,0.0396711491048336,0.0446527861058712,0.0412660390138626,0.1685554087162017,-8.358423656318337e-05,-0.020300418138504,0.0587333552539348,0.0915920659899711,-0.0717582628130912,0.1002369076013565,0.069630317389965,0.1437181085348129,-0.0026475926861166,-0.1243433356285095,-0.0494414716958999,-0.0354774333536624,0.0495083965361118,-0.0323569625616073,0.0670845806598663,-0.1360991299152374,-0.0916967540979385,0.1152153983712196,-0.0301955118775367,-0.0092986263334751,0.0694977268576622,0.1506530046463012,-0.0645914822816848,0.0692133083939552,0.1146813035011291,0.144364446401596,-0.0325341187417507,0.1418285965919494,-0.0989691540598869,-0.1042382046580314,0.0015612659044563,0.1350158900022506,0.1078724116086959,-0.0314960554242134,-0.1027997806668281,0.0918586552143096,-0.0206828825175762,-0.0314792655408382,-0.0243689622730016,-0.126359075307846,-0.1176147013902664,-0.107805036008358,0.0574987716972827,-0.1424386948347091,0.149851381778717,-0.1463832557201385,0.0319224745035171,-0.1352182328701019,0.087717168033123,0.0351926013827323,0.0847042202949523,0.0823418572545051,-0.1145077124238014,0.0455676317214965,-0.0298305675387382,0.0384767949581146,-0.0069898208603262,-0.0034245960414409,-0.0063901701942086,-0.0842080265283584,0.1034970879554748,-0.0949638411402702,-0.0816626697778701,-0.0632851421833038,-0.0935983806848526,-0.1214453876018524,0.0369453877210617,0.004732712637633,-0.1406840980052948,0.0802685022354126,0.14649298787117,0.1407130658626556,-0.1127790883183479,0.107158675789833,0.0623930059373378,-0.0925301685929298,-0.0798281356692314,0.085283949971199,-0.0209935512393713,-0.0944229587912559,0.0840780660510063,0.0458226203918457,0.1271805167198181,-0.0520884878933429,-0.0848106071352958,-0.0948787853121757,0.0806234627962112,-0.1123301014304161,0.0985488072037696,-0.0772605612874031,-0.1168728470802307,0.0472746156156063,-0.0237344298511743,-0.0645286738872528,-0.0362868271768093,0.1003104746341705,-0.0831234008073806,0.0662836655974388,-0.0327037423849105,-0.0963500216603279,-0.0907842367887497,-0.0209071915596723,-0.0580307953059673,-0.0992598906159401,0.0072749778628349,-0.0253073293715715,-0.003888459643349,0.084156759083271,0.1317537128925323,0.0414223931729793,-0.1257917582988739,-0.1328397244215011,0.0413898043334484,0.1171284914016723,0.0332467034459114,0.1358927488327026,-0.0745997428894043,0.0202875752002,-0.0585486590862274,0.0577187091112136,0.0371107533574104,-0.0894331708550453,-0.0552986785769462,0.0141367688775062,0.0722617954015731,0.0931984409689903,0.1438076645135879,-0.0431416295468807,0.0641156733036041,-0.1160159111022949,0.0312525667250156,0.1047288477420806,-0.0690372586250305,-0.0156087130308151,-0.0574589408934116,0.1530006229877472,-0.1196231469511985,0.1157887130975723,0.1132924929261207,-0.1292395740747451,-0.0366091765463352,-0.0687880963087081,-0.1119543984532356,-0.0806295946240425,-0.0566625334322452,-0.1095266118645668,-0.0827767103910446,0.0948464646935463,0.1188603192567825,0.1103862822055816,0.0730345398187637,-0.1208066195249557,0.066204585134983,0.0316775254905223,-0.0122013660147786,-0.1057402119040489,0.1030692309141159,0.0996538773179054,0.0547483526170253,0.0378258675336837,-0.0964970216155052,-0.1127471551299095,0.0406949631869792,0.0899733379483223,0.0554798766970634,0.1014707311987876,-0.0073413508944213,0.1045402437448501,0.1216825917363166,-0.1143272146582603,-0.0600060820579528,-0.011984079144895,0.0667545646429061,0.1208025887608528,0.118640124797821,-0.1071002781391143,0.0025458976160734,0.1211721003055572,-0.055667009204626,-0.0263680405914783,0.0658160746097564,-0.1215928569436073,-0.1034018397331237,0.0760639309883117,-0.0438270345330238,0.0062057361938059,-0.0706092789769172,0.1211209371685981,-0.074780024588108,0.1169706284999847,-0.1160248816013336,0.1140956208109855,0.1045686081051826,0.1140542179346084,-0.0211905762553215,0.0976988449692726,-0.1226077005267143,-0.0347527861595153,-0.0072479089722037,-0.0362927019596099,-0.012198812328279,0.1262424886226654,-0.105715587735176,-0.1137749254703521,-0.0635104849934578,-0.1247801929712295,-0.115455724298954,0.0467477701604366,-0.0622104480862617,0.014097879640758,-0.1190188601613044,0.1264649778604507,-0.0903969705104827,0.1018850207328796,0.0515472888946533,-0.0318171754479408,-0.1193848028779029,-0.0515564270317554,-0.1221988573670387,0.0415891520678997,0.1181579381227493,-0.0741186365485191,0.0219044331461191,0.1006418317556381,0.0134096918627619,-0.0572484880685806,-0.085017554461956,-0.1172302737832069,0.0872510522603988,-0.1211085319519043,-0.0214404165744781,0.0384646467864513,-0.0338144600391387,0.0822265371680259,0.1100479215383529,0.1245165765285492,-0.0805070102214813,0.1267161965370178,0.1038377285003662,-0.0156471095979213,-0.1075081005692482,0.0206611342728137,0.0591508969664573,-0.1125224381685257,-0.042842898517847,0.1234574690461158,-0.0019560537766665,-0.0615828409790992,0.1270498931407928,0.1015100926160812,-0.0978972390294075,-0.0447196699678897,0.0857198312878608,-0.082911230623722,-0.1193027943372726,0.0700198784470558,-0.0607710629701614,-0.1171525716781616,-0.0568217486143112,0.1055067926645279,-0.112187959253788,0.1261478513479232,-0.127430647611618,-0.011436453089118,0.0440585315227508,-0.0614550672471523,-0.1263735890388488,-0.0229542832821607,0.004225455224514,0.127212643623352,0.0124294003471732,0.1168301627039909,-0.1123028919100761,0.0857668220996856,-0.1238421574234962,WCNJYVFXCKSEDW-UHFFFAOYSA-N,CC(C#N)OC(=O)c1cc(=O)[nH]c2ccccc12
0.0992227867245674,0.0988785251975059,-0.1013826727867126,0.069347009062767,0.1018723472952842,-0.0988066643476486,-0.1021492481231689,0.0903068110346794,0.0674654394388198,0.0975137427449226,-0.0731581822037696,0.0731422156095504,-0.0837646424770355,0.0985333397984504,0.1020489782094955,-0.1021611765027046,-0.1016119569540023,0.0787830576300621,0.0460677109658718,0.0793223679065704,-0.1021262630820274,-0.0779163464903831,0.0967907905578613,0.1010746359825134,-0.1004992350935936,-0.0991637408733367,-0.0976116582751274,0.0954884067177772,0.1008393988013267,0.0325804650783538,-0.0888368785381317,-0.1011538803577423,0.0990180522203445,0.0391836278140544,0.1017860248684883,0.0678304433822631,-0.0855553373694419,-0.0909705907106399,-0.0647990554571151,-0.1015136167407035,-0.1007825136184692,-0.0841345489025116,-0.1016625463962555,-0.094779796898365,0.085082896053791,-0.0925773233175277,-0.1019950285553932,-0.067912720143795,0.0868738740682601,0.0664075687527656,-0.0965758934617042,-0.0979971066117286,0.0916677266359329,0.1022004559636116,0.0883064046502113,-0.0818360894918441,0.0895817503333091,-0.0986880213022232,0.089754581451416,0.0728300660848617,0.1019451990723609,0.1019784286618232,-0.1011898070573806,-0.0969231650233268,-0.0984111055731773,0.0860174447298049,-0.1021800339221954,-0.0827262625098228,-0.0799353048205375,-0.1006435006856918,0.1010738760232925,-0.0909489542245864,0.0680061727762222,0.0679972991347312,-0.1020474210381507,-0.1002581864595413,-0.1021549627184867,0.0830105543136596,0.0073778433725237,-0.1020920276641845,-0.070521093904972,0.1004738137125969,0.097814567387104,-0.0863524749875068,-0.0683905109763145,-0.092489905655384,0.0613444484770298,0.0906255766749382,-0.099518209695816,0.101299874484539,0.1021831631660461,0.1021494045853614,0.098667211830616,-0.0294388085603714,0.0313581153750419,-0.0250572655349969,-0.0625325143337249,0.1021823585033416,0.0800269618630409,0.0979805365204811,-0.0986339375376701,0.0838742926716804,0.1017649173736572,0.0885150283575058,-0.0962460115551948,-0.1020914986729621,0.100146859884262,0.0786986798048019,-0.0385969504714012,0.0914514809846878,0.1019305810332298,-0.0700449869036674,-0.0903450697660446,-0.0987008959054946,0.1009463891386985,0.1021024510264396,-0.1007083058357238,-0.0400108993053436,-0.1004404127597808,-0.0977942273020744,0.0975995361804962,0.0310236252844333,0.1016893982887268,-0.1021991148591041,0.0396059937775135,0.0618133805692195,-0.0401989594101905,-0.0607215724885463,0.1012226641178131,-0.0685479268431663,0.0949169173836708,0.0847852677106857,0.0985241755843162,-0.0583189688622951,0.0721937343478202,0.1011319309473037,0.0847817659378051,0.1008690670132637,0.1001852005720138,0.0992123857140541,0.1012111827731132,-0.0729054287075996,0.1007908880710601,0.0114404922351241,-0.0960866063833236,0.0208346918225288,-0.1009209528565406,-0.1008211448788642,-0.0933990851044654,-0.1001845002174377,-0.1008114889264106,-0.0954369828104972,0.1005896255373954,0.0959169715642929,-0.1008046939969062,0.0751320868730545,-0.0972488522529602,-0.1012521535158157,-0.1012480780482292,-0.0102710500359535,0.0889539569616317,0.1012773960828781,0.100134365260601,0.097066044807434,0.1010517552495002,-0.1012915298342704,0.0946215167641639,0.0371080785989761,0.1007267907261848,0.0701749101281166,0.0615401752293109,-0.0953047052025795,0.1012401580810546,-0.0992927849292755,-0.1012815088033676,-0.0775635838508606,0.0935211032629013,0.101264476776123,-0.0391015484929084,0.0456593967974185,-0.0574100911617279,-0.0728336721658706,-0.096003733575344,-0.1006302684545517,0.0281599648296833,-0.1012910529971122,-0.0881110504269599,-0.1012774854898452,0.0994765013456344,0.1010942459106445,-0.1011848375201225,-0.0995945334434509,0.1012929379940033,-0.0203250367194414,-0.0277406740933656,0.1009521260857582,-0.1011027246713638,0.09926488250494,-0.0355479829013347,-0.0513196140527725,-0.1012594327330589,-0.056778896600008,-0.101283274590969,-0.1011110246181488,-0.1012900620698928,0.1010542809963226,-0.1011855602264404,-0.0936863273382186,-0.0964905098080635,0.0766115114092826,-0.0647158995270729,0.1001293212175369,-0.0985075011849403,0.0703558102250099,0.0934994891285896,-0.084732100367546,0.0872429758310318,0.0022862250916659,-0.1009288132190704,-0.0695856362581253,0.0915940478444099,0.1012905016541481,-0.0735389292240142,0.101265974342823,-0.0991451442241668,-0.092868372797966,-0.0543684065341949,0.1010962799191474,0.0748907402157783,-0.0879465490579605,-0.0996574908494949,-0.0924261361360549,-0.0866672843694686,-0.0404773019254207,0.0777368023991584,0.0737988203763961,-0.1006671711802482,-0.093522198498249,0.0673806220293045,0.0817028284072876,-0.0987686663866043,0.0195739232003688,0.1012605279684066,0.1012069135904312,-0.0995862856507301,0.0968762189149856,-0.0957387909293174,-0.101199097931385,0.1009780392050743,-0.091915912926197,-0.0898494943976402,0.0975273549556732,-0.0950543656945228,-0.1010661274194717,-0.1012543886899948,0.0780519545078277,-0.0952278077602386,0.0300618223845958,-0.0511570312082767,-0.0629617124795913,0.1012888625264167,0.0781277194619178,-0.1014392077922821,0.0890432149171829,0.0908902287483215,0.0999000295996666,0.1013467982411384,-0.099346287548542,-0.0582482740283012,0.0917388871312141,0.0979122221469879,-0.0713127255439758,-0.101508192718029,-0.0975107252597808,0.1012437269091606,-0.1012725606560707,-0.1015011742711067,-0.1012992337346077,0.0936156287789344,0.0989518463611602,-0.0594185814261436,-0.0860641002655029,-0.056832768023014,-0.101376973092556,0.1014949083328247,-0.0362537279725074,0.0868740677833557,0.0295763406902551,-0.1014872416853904,-0.0810020491480827,0.1013296395540237,0.0579668395221233,0.1012482270598411,-0.1012985780835151,0.0574369467794895,-0.0963818654417991,0.1011810526251792,0.1000354588031768,-0.0205279923975467,-0.1015088111162185,0.0998587012290954,-0.1011864766478538,-0.1001880094408989,0.0875170454382896,-0.1014907136559486,-0.1013575345277786,0.0987120643258094,-0.101510189473629,-0.1015100106596946,0.1015101447701454,-0.0725360885262489,0.1015036702156066,-0.0234471671283245,0.0938293933868408,0.0998323634266853,0.0045631960965693,0.0960860103368759,0.1003725379705429,0.0745295509696006,0.0158742927014827,-0.1013188287615776,0.1015043035149574,0.1005664393305778,0.1004595831036567,0.1015102192759513,0.0846820697188377,-0.1000855937600135,0.0876223593950271,-0.1004428565502166,0.0994314327836036,0.0581233315169811,0.1015101745724678,-0.0863348171114921,0.0970616564154625,0.1012255474925041,-0.0998099818825721,-0.0310935862362384,0.0926436707377433,0.1014603227376937,0.101503737270832,-0.101509965956211,0.0293985586613416,0.1015027537941932,-0.1013848707079887,-0.1014800667762756,-0.0532457903027534,-0.1015058457851409,-0.1009884178638458,0.1014993637800216,0.1013575196266174,-0.0817503184080123,-0.1012638285756111,0.069304808974266,-0.0633606910705566,0.1014344915747642,-0.1015075668692588,-0.1015097424387931,0.0235905293375253,-0.1013838127255439,-0.0630844682455062,-0.0421762727200984,0.0989733636379242,-0.0796471312642097,-0.1014601811766624,0.1015102118253707,0.0798845067620277,-0.0605973228812217,-0.0932158902287483,0.1014485657215118,-0.1012620702385902,-0.0880327299237251,-0.0707103833556175,0.1009669005870819,0.1002964228391647,0.0111261690035462,0.1014015823602676,0.0996382236480712,-0.1008380055427551,0.070397600531578,0.1014970019459724,-0.0464209951460361,-0.0578022114932537,-0.0016615480417385,-0.1001792922616005,0.0279167369008064,0.1599932760000229,-0.1388234496116638,0.031028363853693,0.1209567189216613,-0.0991337597370147,-0.0118220271542668,0.1076532900333404,0.0550436079502105,-0.0600682571530342,0.1192552596330642,0.0766540244221687,-0.1027316823601722,-0.0634651929140091,0.1175720542669296,0.0814434438943862,-0.0543586239218711,0.0461161322891712,0.1319965273141861,0.0594656430184841,0.0573416799306869,0.060751736164093,-0.0724789500236511,-0.1329546123743057,0.1507558822631836,0.1331472396850586,-0.0304528903216123,0.1140335500240325,-0.0275728516280651,-0.1407409906387329,-0.1353731304407119,-0.0469793267548084,-0.1626481860876083,0.0365783087909221,-0.0730171576142311,0.0009214370511472,0.0586175620555877,0.0521537996828556,0.0097934063524007,0.1141054704785347,0.1121618002653122,-0.1409644931554794,-0.0745127499103546,0.1153853610157966,-0.0841527879238128,-0.0507366247475147,-0.1072268858551979,-0.0344728119671344,0.0026668505743145,0.1385119408369064,0.0749165192246437,-0.1273172795772552,0.1172321736812591,0.1361544281244278,0.1038208231329917,0.0577551424503326,-0.0267873536795377,-0.0686150416731834,-0.0004283832677174,-0.0393187217414379,-0.0903396531939506,-0.0037552816793322,-0.1210708916187286,-0.0757083147764206,0.134384736418724,0.0853262841701507,0.0133627858012914,0.0986102819442749,0.0023628410417586,-0.0278630461543798,0.0761655941605568,-0.0100294668227434,0.1402936577796936,-0.0591423250734806,-0.0440453439950943,0.1017257869243621,0.1064591705799102,-0.0960481688380241,0.1098392978310585,-0.0166684444993734,-0.000637280056253,0.0742463991045951,0.0503799021244049,0.0532195828855037,0.0021677203476428,0.0877611488103866,-0.0250677093863487,0.1108194813132286,0.0145607981830835,-0.1048107221722602,-0.0573011562228202,0.0727532431483268,0.1302602887153625,0.0658580511808395,0.1306615173816681,-0.0548413544893264,-0.0250361673533916,0.104509063065052,-0.1163681894540786,-0.1234069168567657,-0.0945663303136825,-0.0138427214697003,0.0787930563092231,0.1169523820281028,-0.0473372340202331,-0.1497144699096679,0.123194932937622,-0.1379049271345138,-0.109057106077671,-0.1417829841375351,-0.0275676194578409,0.1075475141406059,-0.0972505435347557,-0.0793012082576751,-0.1267722696065902,-0.0027380678802728,0.0636677667498588,0.0442423149943351,0.065019354224205,0.0690236166119575,0.0940700322389602,-0.0740416124463081,-0.0778348222374916,0.025344556197524,-0.0688374117016792,-0.0379261448979377,-0.0732582733035087,-0.0107884891331195,-0.1231473311781883,0.0436527840793132,-0.1063463240861892,-0.013045803643763,0.0526023507118225,-0.1118668168783187,0.1075787171721458,0.0462058708071708,0.1246638000011444,0.0632527917623519,-0.0087830079719424,0.0850252360105514,-0.108506791293621,0.0465065352618694,0.0029732498805969,0.1187674775719642,0.120145782828331,-0.0281533654779195,0.0939589217305183,0.0526744052767753,0.1215508058667182,0.085991732776165,-0.1102389842271804,0.1254740953445434,0.107962928712368,0.093086689710617,-0.1198925077915191,0.1247855499386787,-0.1127243116497993,-0.1191394180059433,0.1202618181705474,-0.0835662558674812,0.0130538633093237,0.1117879971861839,0.0168187208473682,0.0855234637856483,0.0777257308363914,-0.0225592479109764,-0.0912540927529335,-0.0035287362989038,-0.0991405621170997,-0.0248940847814083,-0.1116033941507339,0.0221624728292226,0.113446906208992,-0.0925732627511024,-0.1172386407852172,-0.0332104712724685,-0.1138627976179122,0.1032565906643867,0.0063413502648472,0.0906058326363563,-0.0435039103031158,0.0298802945762872,-0.1037467867136001,0.0463397242128849,0.0174524970352649,0.1106677129864692,0.123979739844799,0.0609994158148765,-0.1034750491380691,0.006051312200725,0.0427285060286521,0.1238081157207489,-0.0992676094174385,0.1261987537145614,0.1221050694584846,0.0271384045481681,0.0751305893063545,0.0304141119122505,0.1001378670334816,-0.1155572608113288,-0.0801140218973159,0.0822549983859062,0.1069268807768821,-0.1253088116645813,-0.0565982013940811,-0.1183359995484352,-0.051508005708456,-0.0405491217970848,0.0996605306863784,0.1251240819692611,-0.0422287434339523,0.121922567486763,-0.0985325649380683,0.0813445523381233,-0.0952105298638343,-0.0208316557109355,-0.0916470289230346,0.1231014132499694,0.120175264775753,0.0990855023264885,-0.1259021908044815,-0.1044212654232978,0.0939359217882156,0.0038825240917503,0.0538276806473732,0.1150580793619155,0.0260376688092947,-0.0869338884949684,-0.0468751303851604,0.088957741856575,0.0822972357273101,0.1194625496864318,0.022391889244318,0.1152407377958297,0.0503703877329826,-0.0147996265441179,0.0062097245827317,-0.1090147867798805,-0.1248335912823677,0.0124043831601738,0.1115960925817489,-0.0859475508332252,-0.1141898185014724,-0.026594128459692,0.019198689609766,-0.122768260538578,0.1259307712316513,-0.067936323583126,-0.1234669834375381,0.0132029997184872,0.0270442198961973,0.1103614121675491,-0.1259598582983017,0.0069322320632636,-0.0643982365727424,-0.0883930474519729,-0.075249508023262,-0.0407209433615207,0.0860979855060577,0.0833211243152618,-0.0376337990164756,0.0635609328746795,0.0710788741707801,0.1273712813854217,0.1161690652370452,-0.0044365534558892,0.0679331794381141,0.0758150368928909,0.0807312875986099,-0.0671850964426994,-0.0551456622779369,0.0479585491120815,0.1075924411416053,-0.04883773624897,-0.0202117301523685,0.0912592336535453,-0.1358319520950317,-0.0238327533006668,0.0319493748247623,-0.1371239125728607,0.0242023225873708,0.0035877584014087,0.1354950368404388,-0.0997608825564384,-0.0843487456440925,-0.0770043060183525,-0.1248398870229721,0.0376900248229503,-0.1132756918668747,-0.0040502473711967,0.0736142173409462,0.0270202532410621,0.0567203983664512,-0.0211680456995964,0.1133768185973167,-0.1049780845642089,-0.0810879543423652,-0.1248981952667236,0.0479088090360164,-0.0125905768945813,0.0332510881125927,0.000615376222413,0.1349818408489227,0.1242011412978172,-0.1084588393568992,0.0864828079938888,-0.0246241781860589,0.1071335822343826,-0.1217633336782455,0.1333021074533462,-0.1241641044616699,0.0108138946816325,-0.0499705411493778,-0.0778979584574699,-0.0176714975386858,0.1389354169368744,0.0736697167158126,-0.0283107701689004,0.0612164586782455,0.1207973361015319,-0.1080524772405624,-0.1116784885525703,-0.060389369726181,0.0296805948019027,0.0251675862818956,-0.0404422841966152,-0.0983508676290512,0.0634175315499305,0.1405257284641266,0.1191109716892242,-0.1401843130588531,0.0118211833760142,-0.0254836492240428,-0.1359200477600097,-0.0412778072059154,-0.100333996117115,0.0863605290651321,-0.059745617210865,-0.0263462848961353,0.1081540063023567,-0.1275599151849746,-0.1160912811756134,-0.0376450978219509,-0.118808701634407,-0.0732882320880889,-0.0034760239068418,-0.0341827385127544,0.1032104268670082,0.1332454830408096,-0.0164016466587781,-0.0575737804174423,0.0289459861814975,-0.0624642334878444,0.1148500442504882,0.0585602149367332,0.1404689103364944,0.1093097031116485,-0.1181075647473335,-0.0946906507015228,0.0709142908453941,0.1304424256086349,0.0590843670070171,0.0393358208239078,-0.0788797736167907,0.1111539229750633,-0.0716501772403717,0.0831520035862922,0.1259941756725311,0.0960995778441429,-0.1192260235548019,0.1425361782312393,-0.0583523213863372,0.1302300542593002,-0.1314767003059387,-0.1086962670087814,0.1303226202726364,-0.0367358885705471,0.1254400312900543,0.1375891119241714,-0.0483882874250412,-0.048319537192583,-0.0862993150949478,-0.0413777381181716,0.0813164785504341,VKTDOPXBQLUXNL-UHFFFAOYSA-N,O=C(NC1CCCc2ccccc21)c1ccncc1
-0.0885634571313858,-0.1065510064363479,0.1109286397695541,0.1137354001402854,0.053658403456211,0.0686763226985931,0.1027942895889282,-0.0067412117496132,-0.0509506314992904,-0.1104661375284195,-0.1036546975374221,-0.1085528805851936,0.0274180695414543,0.0652110204100608,0.1110335662961006,0.0234969798475503,-0.005783227737993,-0.07503043115139,0.1104815304279327,0.1112327203154563,0.0832411274313926,0.0552098415791988,0.044762335717678,0.0910963341593742,0.072953276336193,-0.0890655741095542,-0.1101285070180893,-0.1098566204309463,-0.1114764362573623,-0.0234382487833499,0.0998953431844711,0.057341668754816,-0.0779931172728538,-0.0412684939801692,-0.0309179592877626,0.0856527835130691,-0.0995753854513168,-0.0637334957718849,0.0714358240365982,0.0928323119878768,0.0860216915607452,-0.1138380318880081,0.10262231528759,-0.0952145084738731,0.1132239997386932,0.1131155490875244,0.087166890501976,0.1138539463281631,0.104884572327137,0.1063177436590194,-0.1104957461357116,0.0918729975819587,-0.0853928178548812,0.1103737279772758,-0.0605653710663318,-0.0632600039243698,0.106346309185028,-0.0835490971803665,-0.0349516719579696,0.0843278095126152,-0.0868502259254455,-0.1137126237154007,-0.0973166450858116,-0.1001073345541954,-0.0970256030559539,-0.0080128777772188,-0.0691756829619407,-0.0710735693573951,0.1138385832309722,0.1062285080552101,0.1099971160292625,0.0341580733656883,-0.0774369314312934,0.1085019707679748,0.1127871349453926,-0.0543024875223636,-0.0701876953244209,0.0244176220148801,-0.0728977024555206,0.1115540862083435,0.0673969089984893,-0.1131351664662361,-0.1059592440724372,0.0934362187981605,-0.0207803528755903,-0.0172808039933443,-0.0006941096507944,0.1115891113877296,0.1022324413061142,-0.0448118783533573,0.1012074798345565,-0.1004785522818565,0.099058099091053,0.1093499511480331,0.1135485023260116,-0.0401511266827583,0.0612574778497219,-0.1123797222971916,0.0631438568234443,0.090050920844078,-0.1026227474212646,-0.1097717955708503,-0.1111384406685829,0.0182531308382749,-0.1110070198774337,0.1077866405248642,0.1024424135684967,-0.1005332246422767,0.1123506128787994,0.0703543871641159,0.0700952261686325,0.1102132722735405,-0.0810354426503181,-0.1126008927822113,0.0833015888929367,-0.113769993185997,-0.1091542094945907,-0.11336300522089,-0.0208552610129117,-0.0100102201104164,-0.1135395616292953,0.1036506593227386,0.0298832040280103,-0.050136249512434,-0.105481170117855,0.0975973531603813,0.0509024523198604,-0.1029502749443054,0.0392804741859436,0.0483162105083465,0.0966134816408157,0.1034623384475708,-0.0283223874866962,-0.06335961073637,-0.1032964438199997,0.0533149056136608,-0.1069405674934387,-0.0873289629817009,0.1066187992691993,0.1061698272824287,-0.0174453873187303,0.0627802982926368,-0.1068423017859458,0.0813589617609977,0.1068284660577774,0.0886747390031814,-0.1046931222081184,-0.1004917174577713,-0.1069134101271629,-0.1005502045154571,-0.1066565662622451,0.0603182427585125,0.1061490178108215,-0.1065786108374595,0.0744920745491981,0.0924145653843879,0.1066071391105651,0.0058502298779785,0.105227343738079,-0.1052378863096237,-0.1069512739777565,0.0890443250536918,-0.106826439499855,-0.1069317683577537,-0.1067380532622337,0.0729165375232696,0.1069282442331314,-0.0966696739196777,-0.0092001911252737,0.103340171277523,0.1065055951476097,0.1064420640468597,-0.0553080439567565,-0.1000176593661308,0.099498301744461,0.1062190979719162,0.0548895969986915,-0.078188307583332,0.0217870157212018,0.0800520256161689,-0.1058056056499481,-0.0777548179030418,0.0986875742673873,0.1067380532622337,-0.1009328663349151,0.1030450910329818,0.0272479075938463,0.0461067557334899,-0.0651957988739013,0.0950346142053604,0.0930280312895774,0.1050443574786186,0.0442840941250324,0.1023346483707428,0.1008263528347015,0.0436240844428539,0.0310661997646093,0.1022166833281517,-0.1030343547463417,0.0949628725647926,-0.0890301018953323,0.0405267179012298,0.0243394542485475,0.1049990952014923,-0.0702179670333862,0.0751919597387313,-0.0429563857614994,0.106895588338375,0.0572134479880332,-0.0965300127863884,-0.1067908778786659,-0.0769191309809684,0.1038848832249641,0.1053558140993118,-0.1066666767001152,0.0996304377913475,-0.106853999197483,-0.0264498703181743,-0.1064920872449874,0.0969843119382858,-0.1066872328519821,-0.1064269766211509,-0.0954860597848892,-0.1068158373236656,-0.0436256155371665,-0.0457740575075149,0.0685470923781395,0.0880865305662155,0.1011781394481659,0.0704016610980033,-0.1025589704513549,0.043883953243494,0.1005491092801094,0.1067799180746078,0.1068779826164245,0.0955436900258064,-0.064552366733551,-0.0638810396194458,0.0304427593946456,0.0748858675360679,0.1068123281002044,-0.0750102251768112,0.1064551398158073,0.1044745296239852,0.1046024933457374,0.1065435409545898,0.0735671371221542,0.0948805958032608,0.0946262776851654,-0.0229149013757705,-0.1054396033287048,0.0956533923745155,-0.0970682799816131,0.0671702399849891,-0.1062730923295021,-0.0806413888931274,0.099878005683422,-0.0995299369096756,0.0893304198980331,-0.112229436635971,-0.1132658272981643,-0.0253873951733112,0.0856873467564582,-0.0814821645617485,0.1060801371932029,0.1045500412583351,-0.1132829114794731,0.0278113391250371,-0.1102444380521774,-0.1066748797893524,-0.0903378948569297,-0.1130230724811554,0.0895440503954887,-0.1095271408557891,0.0250665377825498,-0.1108870431780815,-0.0636048689484596,0.0319099798798561,0.0511459112167358,-0.1032486483454704,0.103248193860054,-0.0615519136190414,-0.0939557999372482,-0.1135817244648933,-0.0983858257532119,-0.04606644064188,0.099309504032135,0.0646330565214157,-0.1055137887597084,0.0136261107400059,0.0932521373033523,-0.092985562980175,-0.079995647072792,-0.0415513478219509,-0.0465497933328151,0.1134619787335395,-0.0465452000498771,-0.0338389910757541,0.1031669154763221,0.0575602576136589,-0.095243327319622,-0.1061329245567321,0.0930335819721221,0.1092104092240333,-0.0100464327260851,-0.1096744537353515,0.0395884700119495,0.113563522696495,0.1132619380950927,-0.1063978672027587,0.1136075258255004,0.0265455096960067,0.1129676699638366,-0.0959851220250129,0.0268426425755023,-0.0780616477131843,0.0544725395739078,0.1113705709576606,-0.1136098206043243,0.1100871264934539,-0.0284505765885114,0.1132047623395919,0.0990965887904167,0.0064643891528248,-0.1040077582001686,-0.1119525507092475,-0.112778440117836,-0.113520473241806,0.0510745905339717,0.1133961901068687,0.098296046257019,-0.0685355588793754,-0.1056052297353744,-0.0517508052289485,0.1134054586291313,0.1136066317558288,-0.0028873628471046,0.1050592139363288,-0.1051638796925544,0.0912737846374511,-0.107757419347763,0.0735289081931114,0.0108196465298533,0.0292900037020444,0.0759724155068397,0.0601384676992893,0.112993910908699,0.10735335201025,-0.0791841000318527,-0.0822582766413688,-0.0513916760683059,-0.0373742990195751,-0.0647298172116279,-0.1005703210830688,0.113076664507389,-0.0584850274026393,-0.1044578924775123,-0.0996667370200157,0.1009909361600875,0.1125672161579132,-0.1070451885461807,0.032138105481863,0.0688830614089965,-0.0826479643583297,-0.1094553023576736,0.0711879432201385,0.0323319770395755,-0.1119830608367919,0.0131700159981846,0.1097365766763687,0.1104682087898254,-0.0888785347342491,-0.0619175881147384,0.0700092017650604,0.0167142264544963,-0.081497736275196,-0.1133376732468605,0.1127806305885315,-0.0832034572958946,0.1118864566087722,0.0759376510977745,-0.110717624425888,-0.0808408483862876,-0.0863570272922515,0.0841306895017623,-0.0797121524810791,-0.0139108020812273,-0.1162038147449493,-0.0362984165549278,-0.11918306350708,0.123208999633789,-0.0036108184140175,0.0718433484435081,-0.0506142415106296,-0.0993903130292892,0.0230373963713645,-0.0678528621792793,-0.0912551879882812,-0.0225524771958589,-0.0844191089272499,-0.1377028673887252,0.1009479686617851,-0.0144547615200281,-0.1047711297869682,0.0467674881219863,0.1130939945578575,0.1222660019993782,0.0600882284343242,0.0286024305969476,-0.0166285149753093,-0.0430610999464988,0.0233733225613832,-0.0041724848560988,0.0129204802215099,0.1053831428289413,0.1241268664598465,-0.0584764070808887,0.0868541225790977,0.1027663871645927,-0.0460825935006141,-0.1184334158897399,0.0880786329507827,0.0390312187373638,-0.0590570382773876,0.1250077337026596,0.1332362741231918,0.0739922896027565,-0.0282865036278963,0.0096296845003962,-0.1210263893008232,-0.0420114286243915,0.0498587004840374,-0.0115589397028088,0.110624648630619,-0.0567389465868473,0.0347738601267337,0.0841310918331146,-0.0588275790214538,-0.1186986416578292,-0.0909868404269218,0.1030294075608253,0.052449382841587,-0.0569931082427501,0.1240599527955055,0.025892000645399,-0.1014187932014465,-0.0234138891100883,-0.101435050368309,0.1168714836239814,-0.0644223541021347,0.1071037352085113,-0.1320540606975555,0.1250867992639541,-0.0900289490818977,-0.1312028914690017,0.1170555278658866,-0.0712217092514038,-0.0505787543952465,-0.081127181649208,0.0791231989860534,0.1078427582979202,0.0842742621898651,-0.1397547870874405,-0.105981670320034,0.0859550982713699,0.1012424230575561,-0.1312894225120544,-0.1125120148062706,-0.0535493120551109,0.0456725619733333,-0.1236564144492149,0.1395759731531143,0.0693532899022102,0.0843401029706001,0.0385445617139339,0.1318951994180679,-0.1078758984804153,-0.1168484687805175,-0.1014411970973014,0.0290868319571018,0.1058059409260749,-0.1053052991628646,0.0591990277171134,-0.0830503478646278,0.0162164457142353,0.0767093002796173,-0.08510622382164,-0.1174584105610847,-0.1183952689170837,0.0935580134391784,0.045386865735054,0.0218892656266689,0.0320487581193447,-0.0932190418243408,0.1172797828912735,0.066774733364582,0.0177004244178533,0.1205411627888679,-0.1302489340305328,0.0386614389717578,-0.1087628901004791,0.034379206597805,-0.1029424518346786,-0.1279600858688354,-0.114129938185215,0.1020806357264518,0.0249283704906702,-0.0827091187238693,-0.1162978559732437,-0.1256970763206482,0.117532692849636,0.0224110875278711,-0.0059824734926223,0.1042820736765861,0.1376919597387313,-0.1060852780938148,0.0720860436558723,0.1160709485411644,0.1275402009487152,0.069410853087902,0.006714938674122,0.0368068441748619,-0.0733441412448883,-0.0191982835531234,0.132037952542305,0.1067024245858192,-0.0724642500281333,-0.0593213811516761,0.0255666822195053,-0.0294751599431037,-0.1005702316761016,-0.0852402225136756,-0.1239588260650634,-0.1350360214710235,-0.1250844150781631,-0.11290243268013,-0.1279726475477218,0.1318602114915847,-0.1220509707927703,0.1113860979676246,-0.1305747032165527,0.0843511074781417,-0.0418357551097869,0.0706027001142501,0.1224967464804649,-0.0113591011613607,0.1261765658855438,-0.0248666871339082,0.0454786531627178,0.1050198450684547,-0.0408914051949977,0.0950556769967079,0.1256495118141174,0.076511338353157,-0.121456928551197,0.0339201018214225,0.1183545514941215,0.0543409958481788,0.0107358926907181,0.0701700299978256,-0.0233518034219741,-0.099271647632122,0.040917444974184,0.1342964172363281,0.0738656222820282,-0.1165864244103431,0.0660805478692054,-0.0851130858063697,-0.1055668219923973,-0.101238802075386,0.0122843356803059,0.0205594785511493,-0.0833138674497604,0.0581384152173996,0.039934404194355,0.1118869036436081,-0.1224744021892547,-0.1111522018909454,-0.1196945309638977,0.00163607718423,-0.0687962174415588,0.115018680691719,-0.1114033609628677,-0.0387439802289009,-0.0547781772911548,-0.004139591474086,0.1182391718029975,-0.1033332571387291,0.0716189891099929,0.0661253258585929,0.1011642292141914,0.1006810963153839,-0.0945827513933181,-0.0312279779464006,0.0172740835696458,0.0923236533999443,0.0374158807098865,-0.1130118891596794,0.1104407534003257,-0.1145534068346023,-0.0580423474311828,0.1258215308189392,-0.1132996901869773,-0.0641728490591049,-0.1171631664037704,-0.00535883102566,0.1147323474287986,-0.0610957443714141,0.1259695589542389,-0.1034859716892242,0.0436334535479545,-0.0893582329154014,-0.0672695189714431,-0.0926636308431625,-0.0474072992801666,0.0541897602379322,-0.0006842428701929,0.0912082493305206,0.115384005010128,0.050957303494215,-0.0074952929280698,0.0098158912733197,-0.1320386826992035,0.0257340651005506,0.0940940752625465,-0.0171327739953994,0.0917094647884368,0.1041943505406379,0.134424015879631,-0.1073819622397422,-0.0539989098906517,-0.0142507487908005,-0.0905985310673713,0.098351739346981,-0.1033400818705558,-0.1116156056523323,-0.0563501827418804,0.0822783187031745,-0.0964129343628883,-0.0674275532364845,-0.0126308128237724,0.0569312311708927,0.0038710739463567,0.1267219483852386,0.0535027235746383,0.1641258895397186,0.1652362197637558,0.1130268052220344,-0.0725359246134758,-0.0313888750970363,0.1221304014325141,-0.0433944165706634,-0.1480665951967239,-0.0284475106745958,0.0044980319216847,-0.0283754523843526,0.0527442470192909,-0.1120744198560714,0.0044845063239336,-0.1558949202299118,0.0116898724809288,0.0909173041582107,-0.0942120999097824,-0.0586133003234863,-0.0740137845277786,0.0787456035614013,-0.0706242099404335,0.0155658163130283,0.0208464581519365,0.0283528603613376,0.149389311671257,0.0132877537980675,0.0231161527335643,0.064311183989048,0.0177509970963001,0.085629254579544,0.0733811259269714,-0.0946479588747024,0.0097224209457635,-0.1360703557729721,-0.0077659091912209,-0.0791738778352737,-0.0208273027092218,0.0303353611379861,0.1027410849928855,-0.1169577166438102,0.1783201843500137,0.0162205807864666,0.0525706857442855,-0.0329446755349636,-0.0555659793317317,0.1313232183456421,0.0351762175559997,-2.6396248358651064e-05,0.104448564350605,-0.1383104771375656,-0.0151410177350044,0.0145063837990164,-0.1159252524375915,0.0110922334715724,-0.0506998710334301,-0.1018862873315811,-0.1383111774921417,-0.072815790772438,-0.0261191353201866,0.0289971958845853,-0.0985916033387184,0.0575546026229858,-0.0314455777406692,-0.1232854351401329,-0.1078472360968589,-0.0635665580630302,0.0641156211495399,-0.0222911071032285,-0.1216094121336937,-0.1062679812312126,-0.1556862145662307,0.0087382458150386,-0.0490301400423049,0.0028675226494669,-0.045016024261713,-0.1466267108917236,-0.017005817964673,-0.062811754643917,-0.0076483394950628,0.1524296551942825,0.0019639886450022,-0.1179768294095993,-0.0190517753362655,-0.0790990069508552,0.1155681386590004,0.0110682966187596,-0.0027266002725809,0.0371052101254463,-0.1486202478408813,0.0526386760175228,-0.1365455687046051,-0.1056290864944458,0.0184132773429155,-0.1123832985758781,-0.090256929397583,0.1763392686843872,-0.0105552095919847,-0.0761185884475708,-0.0963165163993835,0.0289262514561414,-0.1441671848297119,-0.1161749362945556,0.1467979401350021,-0.1154139712452888,0.1329752206802368,-0.1118115112185478,0.1387632638216018,-0.0859066992998123,0.0781222954392433,-0.0268282145261764,-0.071534588932991,-0.0771164372563362,-0.1193851456046104,-0.1014894470572471,0.0553129687905311,0.0350041911005973,0.1728465557098388,0.092364527285099,0.0586111843585968,-0.1002001091837883,-0.0957622453570365,0.0006356625235639,LNBBCOCRJLXCNG-UHFFFAOYSA-N,Cc1ccc(NC(=O)Cn2nc3cc(C)nc(Nc4ccc(F)c(C)c4)n3c2=O)cc1
-0.0949097126722335,0.0949097126722335,-0.0898290425539016,-0.0949097126722335,0.0949093177914619,0.0804984271526336,0.0949096754193306,-0.0682000666856765,0.0942282602190971,0.0937826484441757,0.0948479250073432,-0.0940740630030632,-0.0948564708232879,-0.0932689607143402,-0.0646375343203544,0.0926823616027832,-0.0949029922485351,-0.090484008193016,-0.0916297063231468,-0.0949097126722335,0.0944867432117462,0.0949097126722335,-0.0949096754193306,-0.0923263058066368,0.0949095711112022,0.0949097052216529,-0.0844829902052879,-0.0949080511927604,0.0820819362998008,0.0526799298822879,0.063404805958271,0.0937952920794487,-0.0949095711112022,0.0938555747270584,0.0912123024463653,-0.0949096754193306,-0.0944686979055404,-0.043201308697462,-0.0943785011768341,-0.0890657007694244,0.0142595125362277,0.0896051898598671,0.0949094370007515,-0.0895580425858497,-0.0949097126722335,0.0949097126722335,0.0949097126722335,0.0871872082352638,0.0949062332510948,0.0864439457654953,0.0430766381323337,-0.0928379595279693,-0.0826160833239555,-0.0949097126722335,0.0949068367481231,-0.0852494686841964,-0.094908595085144,-0.0949079170823097,0.0949097126722335,-0.0949090346693992,0.0949097126722335,0.0949004963040351,0.0938606560230255,-0.0504756420850753,0.0949097126722335,0.0941950306296348,0.0221666805446147,0.0948848575353622,-0.0949097126722335,0.0075658378191292,-0.0832208320498466,0.0948724597692489,-0.0947457700967788,0.0949089005589485,0.0924279689788818,0.0949051678180694,-0.094535194337368,0.0946082845330238,0.0859703570604324,-0.0459486059844493,-0.0949090421199798,-0.0948768481612205,0.0930243209004402,-0.0944012030959129,-0.0949095338582992,-0.0949094519019126,0.0935269221663475,0.0949097126722335,-0.0947684645652771,0.0949097126722335,0.0942320674657821,-0.0889581739902496,-0.0949097126722335,0.094663381576538,-0.0949095264077186,-0.0066653965041041,0.094907209277153,0.0850306674838066,0.0230011641979217,-0.0943297147750854,0.0359356105327606,-0.0939006879925727,0.0933901891112327,0.0949014723300933,-0.0948980674147605,-0.0949096977710723,-0.0948935002088546,0.0949096381664276,0.0949096977710723,-0.0946664586663246,-0.0949097126722335,-0.0096165677532553,-0.0949085354804992,-0.0949097126722335,0.0948919355869293,-0.094853475689888,-0.094909556210041,-0.0948022678494453,0.0909747630357742,-0.0927787348628044,-0.094909556210041,0.0949051454663276,0.0711741372942924,-0.0949082672595977,-0.0571369528770446,0.0868564918637275,0.0921546593308448,0.0936497375369072,-0.0918484926223754,0.0914573594927787,-0.091898500919342,-0.0918983593583107,-0.0918984860181808,-0.0839300826191902,-0.091898038983345,0.0918910875916481,-0.0916668474674224,0.0844097808003425,0.0862272009253501,0.0918944478034973,0.091898500919342,-0.0588051229715347,-0.0918982326984405,-0.0912015810608863,-0.0918985232710838,0.0918985232710838,0.0918985232710838,0.0918964892625808,-0.0918982475996017,-0.0515046492218971,0.0896603539586067,-0.0918984562158584,-0.0918586179614067,-0.0541759729385376,-0.0918985232710838,0.091898500919342,-0.0783035606145858,-0.0918985232710838,0.0918985232710838,-0.0917985439300537,-0.0918984711170196,0.09087385982275,-0.0915069058537483,0.0918975844979286,0.0918056517839431,0.0918985232710838,-0.0918023586273193,-0.0918957293033599,-0.0918982475996017,-0.0851320847868919,-0.0917857438325882,0.0918981283903122,0.0844579562544822,0.0918985232710838,-0.0918985232710838,0.0918976813554763,-0.0743978172540664,0.0918977111577987,-0.0918981060385704,0.091379314661026,0.091898500919342,0.0918744578957557,-0.0570048242807388,0.0918523371219635,0.084480807185173,0.0918985158205032,0.0918972864747047,0.0918783545494079,-0.0918980166316032,-0.0756745487451553,0.0918985083699226,-0.0918985232710838,-0.0918985232710838,-0.0917660892009735,-0.0905495882034301,0.0875729694962501,0.0918985158205032,0.0909273102879524,-0.067560888826847,0.0918926000595092,0.0884611308574676,0.0918985083699226,0.0917846783995628,0.0916469693183898,0.0917910188436508,0.0918985158205032,0.0918619707226753,0.089666835963726,-0.0918985232710838,0.0847406536340713,-0.0918979719281196,-0.07385815680027,0.0915519371628761,0.0904917046427726,0.0918985158205032,-0.0918712615966796,0.0918484479188919,0.0795158073306083,0.0918982625007629,0.0918941870331764,0.0265762973576784,0.0715024694800376,0.0916174873709678,-0.0878261998295784,0.0918694287538528,-0.0918984413146972,0.0916975662112236,-0.0918917283415794,-0.0918981656432151,0.0918985232710838,-0.0916239395737648,-0.0918985232710838,0.0918985232710838,0.0894888788461685,0.0842548385262489,-0.0918985158205032,0.0918985232710838,0.0918985232710838,0.0918985158205032,0.0916081741452217,0.0893876180052757,0.0401984862983226,0.0918938815593719,0.0883857607841491,0.0914608538150787,-0.0918982997536659,-0.0911307856440544,0.0918985158205032,-0.0380887538194656,0.0879973620176315,-0.0918851122260093,-0.0911763906478881,0.0908941105008125,-0.0918983742594719,0.0918450281023979,0.0918226838111877,0.084236703813076,0.0921221226453781,-0.0921225100755691,0.0921226665377616,0.0921226665377616,0.0921225696802139,-0.0921160876750946,0.0921226665377616,0.0916670933365821,0.0380265414714813,-0.0920799747109413,-0.0921203568577766,-0.08964604139328,0.0921226665377616,-0.0921226665377616,0.0921226665377616,-0.0919619053602218,0.0884871184825897,-0.091696061193943,-0.0921122655272483,0.0921226665377616,0.0921226665377616,0.0921226665377616,-0.0919927433133125,0.0619522146880626,-0.0920683369040489,-0.0817363709211349,0.0921221598982811,-0.0921221151947975,0.0919370874762535,0.091933973133564,0.0845348611474037,0.0921203568577766,0.0921191051602363,-0.0920701846480369,0.0921226665377616,0.0921226665377616,0.0921226665377616,0.0917289406061172,0.0921226665377616,-0.0921211317181587,-0.0873657539486885,-0.0873544588685035,0.0920507833361625,0.0905160307884216,0.0921223685145378,0.0921226665377616,-0.0921226516366005,0.0921213179826736,-0.0897247046232223,-0.0921226665377616,-0.0918236598372459,0.0921222940087318,-0.0921226665377616,-0.0921223983168602,-0.0918611139059066,-0.0906494632363319,-0.090773195028305,0.0921226665377616,-0.0921226665377616,-0.0917988792061805,-0.0921219512820243,0.0919778198003768,0.0920704677700996,-0.0808229520916938,0.09210254997015,-0.0913649201393127,-0.0920688137412071,0.0919205099344253,0.0921042934060096,0.05540132522583,-0.082169584929943,-0.0766466781497001,-0.0921226665377616,-0.0921226367354393,-0.09165520966053,-0.0920028612017631,-0.0879652127623558,-0.0921225771307945,0.092122659087181,0.0598689690232276,-0.0921223238110542,-0.0920574963092804,0.0921226516366005,-0.092122659087181,-0.0524152554571628,-0.0921226665377616,0.028177160769701,0.092122659087181,-0.0879933014512062,0.0019659118261188,0.077960230410099,-0.0921062305569648,0.0038091619499027,0.055509228259325,0.0921226516366005,-0.0850675329566001,-0.0921222865581512,0.0920939072966575,0.0921226665377616,0.0921226665377616,-0.0920715630054473,-0.0921226665377616,0.0921226665377616,0.0920419245958328,0.085398644208908,-0.0913801193237304,-0.0921150222420692,0.0921224653720855,0.0921226665377616,0.0921226665377616,0.0921226665377616,-0.0910248607397079,0.0876101106405258,-0.0877697169780731,0.0920118018984794,-0.0920647457242012,-0.0921044498682022,-0.0920176282525062,0.0916023552417755,0.0921211540699005,-0.0921180248260498,-0.0908133238554,0.0921195447444915,0.0921151116490364,0.0920693427324295,-0.0673217549920082,-0.0921224877238273,0.1036075949668884,0.0996758639812469,0.0945759192109108,-0.1037960723042488,-0.0609438456594944,0.1008285284042358,-0.0364381559193134,-0.0798018425703048,-0.0943244770169258,-0.1035261824727058,0.0896209627389907,0.1031425669789314,0.1035512313246727,0.1009767577052116,-0.0789861008524894,-0.1037982851266861,0.0914565026760101,-0.0390090011060237,-0.097315028309822,-0.0866864100098609,-0.1022577956318855,0.1033051759004592,-0.1036431044340133,-0.0865436792373657,-0.0937217846512794,-0.0977123752236366,-0.1013096943497657,0.1037068143486976,-0.0699468031525611,0.0685132890939712,0.0786084234714508,0.102431334555149,0.0753159523010253,-0.0717416629195213,0.0764732435345649,0.1019712537527084,0.1036788076162338,-0.0471910312771797,-0.0798554271459579,0.0974322184920311,-0.0999534726142883,0.1033765748143196,0.0192096214741468,0.1038667112588882,-0.1031917780637741,-0.0641944333910942,0.093890830874443,0.0993298515677452,0.0372552573680877,0.0751590728759765,0.1015965938568115,0.0920849591493606,0.0316692851483821,0.1030033454298973,-0.1033613309264183,0.098272755742073,0.0629905760288238,0.1037308350205421,-0.1036940068006515,0.0883112326264381,-0.103747472167015,0.0210858881473541,0.0983237773180008,0.0806140601634979,0.102404311299324,0.0515545047819614,-0.1037565395236015,0.0511917658150196,-0.0410438776016235,0.100836843252182,-0.0939423441886901,0.1008726060390472,-0.0984814241528511,0.1007678061723709,-0.1037949472665786,0.1037272214889526,0.1021376103162765,-0.0771486833691597,-0.1015621200203895,0.0679860785603523,0.0083606792613863,0.1033516302704811,-0.1004118248820304,-0.103678822517395,-0.1032628342509269,0.0198664329946041,0.1031684726476669,0.0987236499786377,-0.1012508571147918,0.0969692319631576,-0.0837788581848144,0.0891896784305572,-0.0996475294232368,-0.0858226045966148,0.0529480390250682,0.0939749851822853,0.0923186019062995,0.0033340426161885,0.1034665703773498,0.1007079258561134,-0.0817075967788696,-0.0904157608747482,0.1024007797241211,-0.073834553360939,0.1035422682762146,0.1030085235834121,-0.1034998819231987,0.0994245037436485,-0.0510872565209865,0.1037821471691131,-0.0804816707968711,0.0951125174760818,0.0912724137306213,-0.0982153639197349,-0.1016157567501068,-0.0399282202124595,-0.099599689245224,0.0859890207648277,-0.0783588215708732,-0.0338596254587173,0.0386517569422721,0.0645231381058693,0.1004756763577461,-0.1036693528294563,0.0453861951828002,-0.0626968592405319,0.0944147929549217,0.0821552947163581,-0.067083291709423,0.1119596138596534,0.1100485175848007,0.0795739069581031,0.122441679239273,0.0719146803021431,0.0285946875810623,-0.0117073440924286,-0.0737290605902671,0.0443736612796783,-0.0867499038577079,0.0653022453188896,0.0580410324037075,0.0880944207310676,-0.0101947784423828,-0.1216478869318962,-0.1201642677187919,0.1242114081978797,-0.1125598698854446,0.1198711022734642,-0.1077352911233902,-0.064975120127201,0.0018187781097367,0.0172863863408565,-0.0570329427719116,0.1078393906354904,-0.0861119329929351,-0.1086510866880416,0.1150001138448715,0.0552493929862976,0.1138095632195472,-0.1027619019150734,0.1156844422221183,-0.0861510187387466,0.1065297424793243,-0.1123266741633415,0.0031102863140404,-0.1021869108080864,-0.1133353635668754,0.1077953875064849,0.1079466789960861,-0.0929814502596855,-0.0787646174430847,-0.1189352124929428,0.0061799623072147,0.1177228614687919,-0.1121566742658615,-0.0733518153429031,0.0166995096951723,-0.0906125158071518,-0.1103776395320892,-0.0412373468279838,0.0026749635580927,-0.006965632084757,-0.0786450430750846,-0.0683612450957298,-0.032424259930849,-0.0140106938779354,0.1077569723129272,-0.0419197417795658,0.0874482318758964,0.0759810954332351,-0.1117157936096191,-0.057711623609066,-0.118203617632389,-0.1215097233653068,-0.0688896998763084,0.0489117838442325,0.0722715258598327,0.0651119202375412,-0.0880627632141113,-0.0357035510241985,-0.1174132078886032,0.0664783045649528,0.1224129647016525,-0.0879691988229751,-0.0985554382205009,0.0307315178215503,0.1026177182793617,0.1208961755037307,0.1181795820593833,-0.1051365658640861,-0.1210293695330619,0.1160311475396156,0.1245173811912536,-0.1024014577269554,0.1150209605693817,0.0608026683330535,-0.1191552802920341,-0.1170356348156929,-0.0316794291138649,0.0764992237091064,-0.113938994705677,-0.0742072388529777,0.1152811795473098,-0.0423667021095752,0.1143216043710708,-0.0919349491596221,0.1050447300076484,-0.0943217724561691,-0.0393541939556598,-0.0875507891178131,-0.0102180084213614,0.1231782212853431,0.1082686185836792,0.1030850484967231,0.0248407553881406,-0.0693591609597206,-0.0712909027934074,0.1228536143898963,0.0438831225037574,-0.079284556210041,0.0534218810498714,-0.1234739199280738,0.0871979743242263,0.0783501714468002,0.0983436703681945,0.0067410483025014,0.0199695397168397,-0.0609951056540012,-0.1213687807321548,-0.0424928665161132,0.1101537346839904,0.0776044949889183,0.0191355887800455,0.1103597804903984,-0.1068479642271995,-0.0028360716532915,-0.0322877466678619,0.0326850898563861,0.0187728181481361,-0.0596256628632545,-0.0244484674185514,0.143381267786026,0.1533767282962799,0.1305936425924301,-0.0753305032849311,-0.1287111043930053,0.0387654714286327,-0.0634441748261451,-0.1478805243968963,0.0261656623333692,-0.0423015318810939,0.1322950422763824,-0.0834234803915023,-0.1120239049196243,0.0018933801911771,-0.1551617830991745,0.0720679983496666,0.0690062344074249,-0.0044405260123312,0.0326632224023342,0.0364229567348957,0.012401140294969,0.0209634713828563,0.0423555597662925,0.0201172586530447,0.0008880093810148,0.0647371336817741,0.0364366360008716,0.1249034106731414,-0.1183187291026115,-0.0372347868978977,-0.0172121971845626,0.1344203799962997,-0.0995935946702957,-0.0499512329697608,-0.0010544472606852,0.0421474762260913,0.0963878482580185,-0.1528166681528091,0.0206475183367729,0.0234194640070199,-0.1348538547754287,0.1312153488397598,0.0047033596783876,0.0246310662478208,0.1022960692644119,-0.1496061384677887,0.0138048790395259,-0.0457743816077709,-0.1240322813391685,0.0544144883751869,0.0362183786928653,0.1041932106018066,0.1074842289090156,0.1005033478140831,0.1027976647019386,0.0712386593222618,-0.0141054140403866,-0.0031267420854419,-0.0535709671676158,0.0031736050732433,0.0756176188588142,-0.1049849465489387,0.1099489256739616,0.049235999584198,0.0906256511807441,-0.0403426513075828,0.0503090806305408,-0.0766237825155258,-0.1143465042114257,0.0230202600359916,0.1035627052187919,-0.1199143975973129,0.1350684911012649,-0.1252855658531189,0.1054504886269569,0.0380124300718307,-0.0870590731501579,0.1090318635106086,0.0438633635640144,-0.0558384135365486,0.1409031748771667,0.0727320462465286,-0.1202244758605957,-0.0989845320582389,-0.0636645779013633,-0.0689109042286872,-0.0819327533245086,0.0622007399797439,0.0140116168186068,-0.1360102742910385,0.0749844014644622,-0.0745269134640693,0.0720608383417129,0.0626113936305046,0.0312951914966106,0.061617437750101,0.1204347983002662,0.1343114525079727,0.129877433180809,-0.0430441312491893,-0.0154285263270139,-0.1528238207101822,-0.1163725107908248,0.1282033175230026,-0.1383432000875473,0.133719116449356,-0.0880352035164833,-0.0172615330666303,-0.0439405851066112,-0.1112142726778984,-0.0124078197404742,-0.0693427249789238,-0.1546598970890045,-0.0637393519282341,-0.0077996985055506,0.0431796200573444,0.0934444516897201,0.1463652700185775,-0.1169340759515762,0.1325059384107589,0.0992790758609771,-0.0634361505508422,0.1141977980732917,UKNSBNVKSFTZOJ-XRUKWLHHSA-N,CO[C@@H]1[C@@H](O[C@@H]2O[C@H](C)[C@@H](O[C@H]3C[C@@](C)(OC(=O)CC(C)C)[C@@H](O)[C@H](C)O3)[C@H](N(C)C)[C@H]2O)[C@@H](CC=O)C[C@@H](C)[C@@H](O)C=CC=CC[C@@H](C)OC(=O)C[C@H]1OC(C)=O
-0.0795875862240791,0.0299871917814016,0.0984717831015586,0.1024598330259323,-0.1023438945412635,-0.0931164100766182,-0.1018809601664543,0.0972044914960861,-0.0553828999400138,-0.089173600077629,0.0892437621951103,-0.1009363308548927,0.0251331683248281,-0.1016163080930709,0.1024797111749649,0.099851444363594,0.1018487215042114,0.0989081040024757,0.0339618101716041,0.1022062823176384,-0.0848296508193016,-0.066233105957508,0.1021216660737991,-0.0893725082278251,0.1024404168128967,-0.099908135831356,-0.1021661758422851,0.1024595275521278,-0.0292488690465688,0.0821917429566383,-0.0799063295125961,-0.1005037501454353,-0.0104234460741281,0.1020650044083595,-0.1024742275476455,0.077178806066513,0.1004507467150688,0.1006416752934455,0.1018672510981559,0.0757422372698783,-0.1024787351489067,-0.0465995296835899,-0.0456256382167339,0.1010184288024902,0.1024860069155693,0.101175270974636,-0.0950233936309814,-0.1024455055594444,-0.0196158178150653,0.0938219279050827,0.0007481390493921,-0.0974175781011581,-0.0817786827683448,0.0876275226473808,-0.0930278524756431,0.0799017548561096,0.0824259221553802,-0.0045560216531157,-0.0620201006531715,-0.0907325521111488,-0.0432515367865562,0.0044519403018057,-0.0983940064907074,-0.0964580625295639,0.1024852618575096,-0.102418415248394,-0.0908934101462364,-0.1016429141163826,0.0925532504916191,-0.1021535024046897,-0.0832172483205795,0.1023154929280281,0.0894671604037284,-0.1024643406271934,0.0959042459726333,0.0016161677194759,-0.1021201759576797,0.1022379770874977,0.0913763716816902,-0.0949591249227523,0.0959380567073822,0.1018475294113159,-0.1015291213989257,-0.0298737213015556,0.1024354845285415,0.0359785668551921,0.1000847816467285,0.0995670333504676,-0.100557804107666,0.0842729285359382,-0.0948559343814849,0.0997861698269844,-0.0929156839847564,0.1024331972002983,-0.1024846360087394,0.0540148019790649,-0.1024859175086021,0.1024428457021713,0.0242528971284627,0.0996378064155578,-0.0592125542461872,-0.0924278870224952,0.1024352684617042,0.1024123951792717,-0.1008887141942977,-0.1022404432296752,0.1024602800607681,0.1016953140497207,-0.0940530896186828,0.0764143392443656,0.0240606386214494,0.049810703843832,-0.0271701030433177,0.1011398807168006,0.1022396087646484,-0.0998620837926864,-0.0990046709775924,-0.1024853214621543,-0.1020819097757339,0.1024854704737663,-0.0611411333084106,0.0991142094135284,-0.0994648784399032,0.1022999808192253,-0.0453719422221183,0.0692966803908348,-0.0942006707191467,-0.1007935926318168,0.104993849992752,0.103523775935173,0.104696899652481,0.0982681736350059,-0.0759939104318618,0.1033282727003097,-0.1012722104787826,-0.1042341515421867,0.0998094975948333,0.0393440537154674,-0.0536408312618732,-0.1047199517488479,-0.1032740250229835,-0.1049891710281372,0.1039099991321563,-0.0798550024628639,0.0267890971153974,0.1049920320510864,-0.1049005165696144,0.0825681611895561,-0.1031280755996704,0.0089192856103181,-0.1027109026908874,-0.1007145643234252,-0.1036471500992775,-0.0968967601656913,-0.0328876860439777,0.0203269068151712,0.0950340330600738,0.1047035455703735,0.1005965396761894,-0.0785788297653198,-0.1048451736569404,0.1047372072935104,0.0890960618853569,-0.0964157059788703,-0.0887950137257576,-0.0901421681046485,-0.0939022973179817,-0.1044337004423141,0.0827397033572197,0.1041934415698051,0.0576503723859787,-0.1049643978476524,-0.0974724665284156,-0.1048477962613105,0.0894114822149276,-0.1035240516066551,-0.1048981472849845,0.1048862189054489,0.1017577722668647,-0.1049267277121543,-0.1043966561555862,0.0710009336471557,0.1019611284136772,0.0667202323675155,-0.0845090150833129,0.0023631607182323,-0.1045762673020362,-0.06293336302042,-0.0870643556118011,-0.0957099199295044,-0.1045539900660514,-0.0233125686645507,0.1028028652071952,-0.0775542631745338,-0.0734812691807746,0.1042351275682449,-0.0598002187907695,0.1049165949225425,-0.0979117155075073,-0.1048106774687767,-0.1034312695264816,-0.0945844203233718,-0.0023831080179661,0.1014505177736282,-0.1043853163719177,0.1039547696709632,0.0696584284305572,0.0067039784044027,-0.1035706475377082,-0.1017121747136116,0.1048758998513221,-0.1015996634960174,0.1038224771618843,-0.1049163863062858,-0.0066567212343215,0.1048757582902908,0.0752710625529289,0.1025291606783866,0.0495778769254684,-0.032641801983118,-0.0587109662592411,-0.0293533820658922,0.1013795435428619,0.0609235502779483,0.1049945503473281,-0.1046480983495712,0.1030658930540084,-0.1048439815640449,0.1048648729920387,0.1048266291618347,0.1049907729029655,-0.0595473460853099,-0.0499192401766777,-0.0047489320859313,-0.0832999423146247,0.1044490039348602,-0.1049556881189346,0.1022600084543228,-0.1046811863780021,-0.0838461890816688,-0.0248712245374918,0.0921736508607864,0.0113275879994034,0.0470573231577873,-0.0879546925425529,-0.1045241951942443,0.0459559187293052,0.0999389737844467,0.1047715470194816,-0.020967299118638,0.1046274527907371,0.0106124747544527,-0.0459428392350673,-0.104030892252922,0.1020692959427833,-0.0242653153836727,-0.1053777560591697,-0.1052338257431984,0.0865023285150528,0.0626320540904998,0.1064523309469223,0.0996598154306411,0.1062545329332351,-0.1015721186995506,-0.0831246525049209,0.0019092558650299,0.1057342886924743,-0.0830956548452377,0.0484813041985034,-0.0496355220675468,-0.0546853356063365,0.1062816604971885,0.0176939461380243,0.0911260843276977,0.0741690695285797,0.1037779673933982,0.1062711551785469,0.106269396841526,0.1064625605940818,-0.1048038601875305,0.1042191982269287,0.0147154526785016,-0.0070497435517609,0.1064760461449623,0.1046807616949081,-0.0551723539829254,0.0995167419314384,-0.1062981113791465,0.0707302242517471,0.1062099188566207,-0.087524227797985,-0.1057902052998542,-0.1064415872097015,-0.089822918176651,-0.0237450879067182,0.0272698793560266,0.1061574444174766,0.0694514289498329,-0.0548740737140178,-0.1057166904211044,0.0916904807090759,0.0224027596414089,0.0208641905337572,-0.1064304932951927,0.106475755572319,0.1025116592645645,-0.0537748225033283,-0.0920827090740203,-0.1062757149338722,0.106455273926258,-0.0810314640402793,0.1024584248661995,0.1059735566377639,0.0327969267964363,-0.1052978932857513,0.0676891803741455,0.0978071242570877,0.1052272915840148,0.1064709201455116,-0.0898120254278183,-0.0786558985710144,-0.102915272116661,0.0036402207333594,-0.0048154788091778,0.0136386388912796,-0.1040171980857849,-0.1058442741632461,0.1060526818037033,-0.1062105521559715,0.0953136757016182,0.0809676200151443,-0.1063334718346595,-0.0513833798468112,-0.0903353840112686,-0.1054228469729423,-0.0885457620024681,0.0810776725411415,0.106308564543724,-0.0999761447310447,-0.105347990989685,-0.1064733192324638,-0.1006777882575988,0.0935681387782096,0.0948003977537155,-0.1063249036669731,0.1058001816272735,0.1060920804738998,0.0928426757454872,0.0306724738329648,-0.1054572016000747,0.0236946288496255,-0.1061969771981239,-0.0007149520679377,0.1055911108851432,0.0992452576756477,-0.1048593521118164,-0.096684992313385,0.1062525287270546,0.1041421219706535,0.0949852094054222,-0.0735457837581634,-0.1043044701218605,0.0182442553341388,0.09861371666193,0.0285322908312082,-0.0895065739750862,0.1040535792708396,0.0542541891336441,-0.0970629304647445,-0.0145679451525211,0.1062563434243202,-0.0705149099230766,-0.0500100925564765,-0.1064800545573234,0.106480062007904,-0.0947865322232246,-0.0282266680151224,0.1054397821426391,0.0228051394224166,0.0872224122285842,-0.1033888980746269,-0.1005923822522163,-0.0890159234404563,0.1062080860137939,0.1428559273481369,-0.0417073816061019,-0.0251757428050041,-0.0192237515002489,0.1041998490691185,-0.0458519384264946,0.0021232389844954,0.0587046705186367,0.02897484973073,0.0178195014595985,0.1161763072013855,0.1060963869094848,0.0432353988289833,0.0180744063109159,-0.1299698054790496,-0.0397886484861373,-0.1780789494514465,-0.0816840380430221,0.0927485600113868,-0.0639622882008552,-0.0184805709868669,0.2015363425016403,-0.0954117849469184,-0.1266254335641861,0.0178780499845743,0.0036723010707646,-0.0726647898554802,-0.0078072068281471,-0.104768767952919,-0.0498700626194477,0.0108643248677253,0.1000040769577026,-0.1261713057756424,0.0870648697018623,0.1327471286058426,0.0144459875300526,-0.0171215459704399,-0.1332960575819015,0.1549192070960998,0.0511884279549121,0.0191765706986188,-0.0562088079750537,0.1091982647776603,0.0612789988517761,-0.0681827589869499,-0.038288053125143,-0.1100462153553962,-0.076978251338005,-0.0857064500451088,0.0854932814836502,0.152816966176033,-0.1407307386398315,0.140237420797348,-0.0181443020701408,-0.0492354333400726,-0.0492127388715744,-0.0614438615739345,0.1272769421339035,0.0253337081521749,0.1772042512893676,-0.1029774099588394,-0.0087527455762028,0.0685705691576004,-0.0441942922770977,-0.0732808336615562,-0.1180010065436363,-0.152556300163269,-0.0140558630228042,-0.1092646270990371,0.0200845580548048,0.0730423405766487,-0.1342634111642837,0.0783563628792762,-0.0603506229817867,-0.0022946794051676,0.1181236281991005,0.1103696823120117,-0.157417356967926,-0.0620383620262146,-0.0835072472691536,-0.0727985501289367,0.0598019137978553,-0.1059763208031654,-0.1479785442352295,0.0739019885659217,0.0412304289638996,0.0344916060566902,0.1435302048921585,0.0163432173430919,0.1578254252672195,0.0223666615784168,-0.0444515161216259,-0.0974781140685081,0.0148756774142384,0.0719950273633003,-0.0858490839600563,-0.0129548283293843,-0.0457437746226787,0.0271837767213583,0.0211066454648971,0.0719800218939781,-0.0917267575860023,0.1209120899438858,0.0023722779005765,-0.0580241680145263,-0.0573390610516071,0.0235352516174316,0.106886088848114,0.1666961908340454,0.1052025333046913,-0.0764558240771293,0.0209048055112361,0.0930344834923744,-0.023504676297307,-0.0961902439594268,-0.0470711477100849,0.1460651606321334,0.1077024266123771,-0.0672890096902847,0.0539770796895027,0.0221926309168338,-0.0355283543467521,0.1065160483121872,-0.0829517990350723,-0.164511352777481,0.015408793464303,0.1056911200284957,-0.0151286041364073,-0.1168056577444076,-0.0945911183953285,0.1347285956144333,-0.06849966943264,0.0429044440388679,0.1234961673617363,0.0879898220300674,0.0189065877348184,0.0610625818371772,-0.0908373817801475,0.1377289593219757,-0.1146276518702507,0.1074907928705215,0.0339525714516639,0.1165156811475753,-0.137537345290184,0.121689073741436,-0.0251306295394897,-0.0048236618749797,-0.0318991839885711,-0.1080333963036537,-0.0884400755167007,0.0230050459504127,-0.0554914660751819,-0.0773290693759918,0.1372125148773193,-0.0188791956752538,-0.1249288320541381,-0.0691844671964645,0.0749734118580818,0.0707611814141273,0.140628308057785,-0.0618445165455341,0.0677877888083458,-0.1367262154817581,-0.0547928176820278,0.0862985625863075,-0.1275397539138794,0.0507759749889373,-0.0549599342048168,-0.0740167871117591,0.0884969159960746,0.049250092357397,-0.006179513875395,-0.1181441694498062,0.1100573316216468,0.0840684100985527,-0.0450681932270526,0.054823275655508,-0.0627793744206428,0.0839685425162315,-0.1008387133479118,0.1402083933353424,-0.0827216953039169,0.0410843789577484,0.0303234849125146,0.0613421201705932,0.0159241091459989,0.1307257413864135,-0.016412291675806,0.1078802868723869,0.1063859835267067,-0.0784122496843338,-0.0840411484241485,-0.0304946769028902,-0.0970472693443298,0.0528384149074554,-0.0084289917722344,0.0510979779064655,-0.0420064777135849,-0.0311399456113576,-0.0962714478373527,-0.1211110353469848,-0.0883221253752708,0.0431024730205535,0.0851669311523437,0.1282941102981567,0.0785548761487007,-0.1245063692331314,-0.0800152793526649,-0.0562841370701789,-0.0961742848157882,-0.0788300633430481,0.0367386490106582,-0.1062614992260932,-0.1259303092956543,0.0581843592226505,0.0994565337896347,-0.1185725778341293,0.1429081857204437,0.1350422352552414,-0.1145569384098053,-0.110647365450859,0.1111981123685836,0.1384127587080001,-0.0914483517408371,-0.0343831926584243,-0.0153181431815028,-0.0740970075130462,0.0556576363742351,0.0812842920422554,-0.0063654603436589,-0.0806149095296859,0.0783239379525184,-0.055007766932249,0.0760747417807579,-0.1401086002588272,0.0346097536385059,-0.0204362720251083,0.089037537574768,0.0373698249459266,-0.0350649170577526,0.1028200760483741,-0.1067235171794891,0.121153600513935,-0.1354494094848632,0.1303222328424453,0.0465078130364418,-0.0656707286834716,0.0542075373232364,-0.1301820278167724,-0.0965608730912208,0.0723084136843681,-0.0965287238359451,-0.0076813767664134,0.0550479479134082,-0.1119126081466674,0.1154090836644172,-0.0828327313065528,0.0146107980981469,-0.0355176404118537,0.1235734075307846,-0.056111142039299,0.127441331744194,0.1507307291030883,0.1522340625524521,-0.0464454740285873,-0.1136563345789909,0.0750569850206375,0.0185478031635284,-0.136851817369461,0.0313712432980537,0.0010429230751469,-0.0247782580554485,0.036162756383419,-0.1368696540594101,-0.128746747970581,-0.0427378267049789,0.0459365099668502,0.0506185144186019,-0.0857806727290153,-0.0850216597318649,-0.048491433262825,0.0585752613842487,0.0096017867326736,0.066029779613018,-0.0424988716840744,0.0296868495643138,0.0426277369260787,0.1264751255512237,0.0912272557616233,0.041718490421772,-0.0649436861276626,0.1153729036450386,0.1067288741469383,-0.0296278558671474,0.0993664264678955,-0.1043006405234336,0.0622887909412384,-0.1132288798689842,-0.0236824229359626,-0.075244553387165,0.1432776004076004,-0.0189520213752985,0.1750403493642807,-0.1011121273040771,-0.025161039084196,0.073968805372715,-0.0522490851581096,0.1191983520984649,-0.0484581552445888,0.1104817688465118,0.1011819913983345,-0.0880912840366363,-0.0709858536720275,-0.0070635811425745,-0.0980752259492874,0.0346752926707267,-0.0622751675546169,0.0254787411540746,-0.0308980531990528,-0.046147059649229,0.0963117778301239,-0.1272224187850952,-0.0420892238616943,-0.0012929453514516,0.089407093822956,-0.0421022921800613,-0.1590820252895355,-0.113038033246994,0.0710681080818176,0.0871156603097915,-0.10638939589262,-0.1071055904030799,-0.1529481410980224,-0.0558770932257175,-0.0675818249583244,-0.0236124210059642,-0.0073513821698725,-0.0581683069467544,0.0114355869591236,-0.1140383183956146,-0.1052628681063652,0.0107991583645343,0.0623268485069274,-0.0109960166737437,-0.1083906143903732,0.0419453456997871,0.1558708995580673,0.0200152974575757,-0.0452360287308692,0.0538601391017437,-0.1135107427835464,0.0198863334953784,-0.0596117191016674,-0.0536923520267009,-0.0486145503818988,-0.0184683986008167,-0.0530266910791397,0.144973799586296,-0.0430612042546272,-0.1488232761621475,0.0359832122921943,0.0086863758042454,-0.1313650012016296,-0.1223395019769668,0.0714090168476104,-0.1459014117717743,0.1377710700035095,-0.1189612373709678,0.1584703475236892,-0.1075252965092659,0.1390272080898285,-0.1321602910757064,0.0353814549744129,-0.0974139049649238,-0.0863907262682914,-0.0571541488170623,-0.0041540148667991,0.0845913589000701,0.1762970238924026,0.0928219258785247,0.0828285440802574,-0.1502633690834045,-0.0643237233161926,-0.0324224159121513,FOPPPORKIRKHCP-UHFFFAOYSA-N,CN(CCCOc1ccccc1)CC(=O)NCCC#N
-0.1055617704987526,-0.1108722761273384,-0.1113990694284439,-0.1048128455877304,-0.0616747997701168,0.0791455209255218,-0.0016661311965435,0.0449227392673492,-0.0339195802807807,0.0624221563339233,0.0840531885623931,0.1060147508978843,0.0372478067874908,-0.1108024045825004,-0.0705537796020507,-0.1054918393492698,0.1005033105611801,-0.1112758889794349,0.0424075163900852,-0.094047725200653,0.1102286279201507,-0.0970367491245269,0.0168385785073041,0.0104509284719824,-0.0689065679907798,0.1069718971848487,0.0373414903879165,0.0958852246403694,0.0923956409096717,-0.1108754575252533,0.1112723276019096,-0.0103665785863995,-0.1041204258799552,0.0507492832839489,0.103825107216835,-0.0819955095648765,-0.0703345388174057,0.1026789098978042,-0.1113552823662757,0.0968383625149726,-0.024757046252489,-0.1114080250263214,0.1114153638482093,0.1101946681737899,0.0612202398478984,-0.0317557118833065,0.0575093440711498,0.0988898798823356,-0.111295610666275,-0.0175390914082527,-0.1113599836826324,0.0064669460989534,0.1113929525017738,0.1094044521450996,0.1102583184838295,0.06586754322052,-0.1079523190855979,0.1098823994398117,-0.1110653653740882,0.0998114794492721,0.0500108189880847,-0.1003001853823661,0.0960034951567649,0.1113517582416534,-0.1102242842316627,0.0998382270336151,-0.0732207000255584,0.0482040867209434,-0.097814030945301,0.0931526347994804,0.0799315348267555,-0.1114105507731437,-0.0137627776712179,0.1107179895043373,-0.0083660241216421,-0.0871221199631691,0.0238006319850683,-0.1055421009659767,0.0833156630396843,0.1107608154416084,-0.1109799593687057,-0.0821363255381584,-0.0982712879776954,0.0525830127298831,0.0321105644106864,-0.1113053485751152,0.0437713712453842,-0.1105813309550285,0.1109575107693672,-0.1079071909189224,0.0502404570579528,-0.0406549349427223,0.1104450896382331,-0.0242982469499111,0.1114192381501197,0.0872248336672782,-0.096150979399681,0.1109900325536727,-0.0893307328224182,-0.0102453175932168,0.0605717040598392,-0.1069356352090835,0.0969704985618591,-0.1054066345095634,0.1077619567513465,-0.0420358143746852,-0.1076761558651924,-0.0065237185917794,-0.0531840920448303,-0.0989675223827362,0.1087765544652938,-0.1005783155560493,0.1070464998483657,0.1111375093460083,0.0724541321396827,-0.1090815141797065,-0.1094132736325264,0.0670127719640731,-0.1086802408099174,-0.0892878398299217,0.1095520034432411,0.0539670027792453,0.0208747088909149,-0.1028281971812248,-0.0786681622266769,-0.0991953462362289,0.0938708484172821,-0.1107344925403595,-0.1023921146988868,-0.1020055785775184,-0.0334325060248374,-0.0808992534875869,-0.0152752632275223,0.1003870218992233,-0.0989357158541679,0.0967820957303047,-0.1022823452949523,-0.0403177924454212,-0.1023996472358703,-0.1022077277302742,-0.066217616200447,0.1023607403039932,0.0994556918740272,0.1022175624966621,0.1020159944891929,-0.1018933877348899,0.090042807161808,0.1021681949496269,0.0803851559758186,0.0853114649653434,-0.0974912717938423,0.1024001613259315,0.1022083088755607,0.0828855112195015,0.0937571376562118,-0.1018787026405334,0.1022571846842765,0.100716233253479,-0.1001027375459671,0.1023836359381675,0.1023902967572212,0.0866536721587181,-0.089350938796997,-0.1023865714669227,0.1023909673094749,-0.0041162534616887,-0.0345899388194084,0.1022263392806053,0.100812129676342,-0.1003187298774719,0.1020679920911789,-0.1012928411364555,-0.0997974276542663,0.0988128632307052,0.0489492677152156,0.0748149827122688,0.1023956313729286,0.075345292687416,-0.0660553351044654,0.1014234349131584,0.0770832300186157,0.1023988798260688,0.0598957240581512,-0.0963563323020935,0.1021669134497642,0.1019964516162872,0.1008394286036491,0.1023999378085136,0.0982586815953254,0.0265824478119611,-0.0745644494891166,0.1010318621993064,0.0615698397159576,-0.0631116852164268,0.10236606746912,0.1020614504814148,-0.1024001464247703,-0.0906012058258056,-0.0445311181247234,-0.1020059213042259,-0.1008920073509216,0.1024001613259315,-0.1017926111817359,0.1024000495672226,-0.0423519387841224,-0.0771807581186294,0.1020650789141655,-0.0036384530831128,-0.0268906913697719,0.0771862268447876,-0.0326137840747833,0.09800636023283,-0.1023875921964645,0.1023742482066154,0.1007268279790878,-0.0228323731571435,-0.0741560831665992,-0.1023559942841529,0.0961330085992813,-0.0995967611670494,-0.0430579259991645,-0.1023675054311752,0.0792698934674263,-0.0700637474656105,0.1023234277963638,0.1023121252655983,-0.1023801863193512,0.0868543460965156,-0.0969976186752319,-0.1023828312754631,-0.0739689394831657,0.0954015329480171,0.1021068468689918,0.0204609688371419,0.1020781248807907,-0.0927268490195274,0.0796663761138916,0.0003995286533609,0.1015561670064926,-0.10054362565279,0.1016206368803978,-0.1023526713252067,0.0299181248992681,-0.0708841606974601,0.003269252134487,-0.1022005900740623,0.1023536100983619,-0.0934618264436721,-0.0331249125301837,-0.0512309148907661,0.0878165885806083,-0.0743924006819725,-0.0901503711938858,0.1024000123143196,0.1023995503783226,0.0923986807465553,0.0985969826579094,0.0983519703149795,-0.0860716477036476,0.0756892561912536,-0.0986137390136718,0.0985926240682601,0.0911563113331794,-0.0985812470316886,-0.0981571823358535,0.0683426260948181,0.0983054637908935,-0.0973720550537109,0.0897562801837921,0.0982193276286125,-0.095748484134674,0.0973906815052032,-0.0986135974526405,0.0985747203230857,-0.0985961854457855,0.0941966399550437,-0.0979950651526451,-0.0985148549079895,-0.0986126139760017,-0.0634472221136093,0.0980100631713867,-0.0978217124938964,-0.0985027328133583,-0.0815577283501625,0.0513594262301921,0.0975877493619918,-0.0985660180449485,0.0954049155116081,-0.0980817079544067,-0.0967491865158081,-0.0985127910971641,0.0968565866351127,0.018131997436285,0.098514124751091,0.0985480993986129,0.084153801202774,0.0649613067507743,0.0881959199905395,0.0984326377511024,-0.045143898576498,-0.098613440990448,0.0973084643483161,-0.0931444838643074,0.0777278989553451,-0.0965334251523017,0.0970484316349029,0.098056711256504,-0.0669364482164383,-0.0827426612377166,0.0985876247286796,0.0980816632509231,-0.0832488313317298,0.0985930263996124,0.0985657796263694,-0.0952646657824516,0.0964286178350448,0.0986137241125106,0.0970167964696884,-0.0985776931047439,0.0695048198103904,0.0972891971468925,0.0965856984257698,0.0977856665849685,-0.0985951274633407,-0.0432594716548919,0.097607135772705,-0.0883469507098198,0.098613753914833,0.0985836759209632,-0.0910497084259986,0.0977242365479469,0.0900589153170585,0.0958721414208412,0.0957650765776634,0.0986064597964286,-0.0644351094961166,0.091068685054779,-0.0930123031139373,-0.0875337049365043,0.0657587796449661,0.0539432764053344,0.0952252149581909,0.0984576642513275,0.0811910629272461,0.0964833050966262,0.0982313379645347,-0.0986103862524032,-0.0986000001430511,0.046006079763174,-0.0452903732657432,-0.0957459509372711,0.0983829200267791,-0.0206010285764932,-0.0980713441967964,-0.0465545877814292,-0.0583419874310493,0.0395257771015167,-0.098470851778984,0.0924719274044036,0.0879101455211639,-0.0940600037574768,0.0273575000464916,0.0323272384703159,0.0986137464642524,-0.0942993611097335,-0.0793378949165344,-0.0594490356743335,-0.0984110534191131,0.0457068011164665,0.0942747369408607,-0.079790711402893,0.0984992831945419,0.0230430848896503,0.0984641462564468,0.0219963677227497,-0.0909808650612831,0.0982193797826767,0.0984737426042556,-0.0941256433725357,0.0985964611172676,0.0961009114980697,0.0907475426793098,0.098274677991867,0.0779569074511528,0.0955226346850395,-0.0566650256514549,-0.0725577622652053,-0.0918276309967041,0.0922872200608253,0.0944271460175514,-0.0950145199894905,-0.0895490050315857,-0.0966016873717308,-0.0953360423445701,-0.0953813195228576,0.0942726284265518,0.0935998633503913,0.0968402400612831,0.0965494140982627,-0.0971618220210075,-0.015929827466607,0.0968871265649795,-0.0965915545821189,0.0947966203093528,0.0774656608700752,0.0958398953080177,-0.0968276113271713,-0.0972133949398994,-0.0969417765736579,0.0949122458696365,-0.0793972760438919,0.0974512100219726,0.0974667519330978,-0.0898977145552635,0.0854938253760337,-0.0938687548041343,0.0917316377162933,0.0968385115265846,-0.0846756249666214,0.0937152281403541,0.0920091718435287,-0.065003253519535,-0.0967434644699096,0.0944994762539863,0.0964605510234832,0.0762963816523552,0.0820240229368209,0.0879934206604957,0.0774227231740951,0.0973134785890579,0.0945139303803443,0.0972059518098831,0.0931718423962593,-0.082126960158348,-0.0722777768969535,0.0947935879230499,-0.0968003347516059,0.0974028557538986,-0.0833333954215049,0.095954917371273,-0.0958600789308548,0.0972271263599395,-0.0964093878865242,-0.0916837900876998,-0.0714517831802368,0.0962640792131424,-0.0896076709032058,0.0879265740513801,0.0973818600177764,-0.075233444571495,-0.0875606164336204,0.0481098890304565,0.0890819504857063,0.0416622273623943,-0.0968368276953697,0.0970080569386482,0.0682675912976265,0.095496080815792,-0.0970350876450538,0.0972567349672317,0.0974025279283523,0.0575854182243347,-0.0906462520360946,0.0893340185284614,0.0974310413002967,-0.0657804757356643,-0.0867137014865875,-0.0927799120545387,-0.0927670076489448,0.0920387804508209,0.0746442973613739,-0.0970035418868064,-0.022086277604103,0.0871290266513824,0.079495184123516,0.0954098999500274,-0.0964126214385032,-0.0940629169344902,0.0921381190419197,0.0973000675439834,0.0942132323980331,0.0713090375065803,0.0767211988568306,0.097146600484848,-0.0801934078335762,0.0748574361205101,-0.0515763014554977,-0.0944089144468307,0.0963958352804184,0.0886456295847892,-0.0972480922937393,0.0968996658921241,0.0956677496433258,0.087172731757164,-0.0964712426066398,0.0968340635299682,0.0396583378314971,-0.067334771156311,-0.0969993621110916,0.0916871502995491,0.0884595215320587,0.0851133316755294,-0.0974798500537872,-0.0974856093525886,0.0706746578216552,-0.0849338322877883,-0.0851126089692115,0.0475339367985725,0.0959586501121521,0.0925137102603912,0.0959354415535926,-0.0957206413149833,-0.0492019690573215,0.1128667667508125,0.1264321506023407,-0.0340811200439929,0.1601505279541015,0.1308156251907348,0.1613398343324661,-0.0966877788305282,0.0497553907334804,0.0867983028292656,0.0171252600848674,0.1325724720954895,0.0568950362503528,0.0416783653199672,-0.0561782978475093,-0.0925464555621147,-0.0887625366449356,0.0970575809478759,-0.1184973493218422,0.1336684077978134,-0.0290404912084341,-0.0464710742235183,-0.1070513725280761,0.0712251961231231,-0.0153304506093263,0.0018636373570188,-0.0076093645766377,0.0473024137318134,-0.0202895179390907,0.0369863361120224,0.1164229661226272,-0.0948738902807235,0.1237491518259048,-0.0077409832738339,0.0886539071798324,-0.0838185921311378,0.1340545415878296,-0.1508662849664688,0.0808761492371559,-0.0195434391498565,0.0554285645484924,-0.002888191724196,-0.1147329732775688,-0.0708595067262649,0.0342102162539958,0.1604425460100174,-0.1521092355251312,-0.116496704518795,-0.0449591167271137,0.0316072888672351,-0.0896090641617775,-0.0838538408279419,-0.0616511702537536,-0.0859192088246345,-0.0682140886783599,-0.0428192876279354,-0.1401848942041397,0.0536142997443676,0.0504881553351879,-0.0971022844314575,-0.0396016873419284,0.0908237323164939,-0.1383103728294372,0.0467650927603244,-0.142424002289772,-0.0596753694117069,0.0543193444609642,0.0895715951919555,0.0199938900768756,-0.0694068893790245,-0.0362225025892257,-0.0958357974886894,-0.1595729887485504,-0.0514377430081367,0.1678212732076645,-0.0537738874554634,0.0749977156519889,0.1049265712499618,0.0299990493804216,0.1421730369329452,0.1468859314918518,-0.0673511996865272,-0.093967817723751,0.1779711097478866,0.0478038191795349,-0.0761540755629539,0.0615490898489952,0.051209021359682,-0.1253407001495361,-0.0512680336833,-0.1156591773033142,0.0314204692840576,-0.1785043478012085,-0.0867216363549232,0.1617035120725631,0.024226089939475,0.0594111308455467,-0.0142202777788043,0.0498574487864971,-0.0576410852372646,-0.0182918235659599,0.0571247451007366,0.0143988393247127,0.0828153938055038,0.0144002744928002,0.0507212653756141,-0.0293536633253097,0.0524260997772216,-0.0562938377261161,0.0293228030204772,-0.0802606418728828,-0.0857598111033439,0.1776936203241348,-0.0232367292046546,-0.023751750588417,0.0826438665390014,0.1567137241363525,0.01572878472507,0.0584631189703941,0.0604574643075466,-0.1061876565217971,-0.1339869797229766,0.012962925247848,-0.0302684009075164,-0.0835401713848114,-0.0499109774827957,0.0101842582225799,-0.0458959527313709,0.0229232367128133,-0.0359508208930492,-0.0792786106467247,0.0942226648330688,0.0180645678192377,-0.1773402094841003,0.0809232518076896,0.0415685586631298,-0.1009059324860572,-0.0331648476421833,-0.1140565499663353,-0.027550546452403,-0.0190708581358194,-0.1168372333049774,0.1487392336130142,-0.0120156332850456,0.1072835698723793,0.0250746123492717,-0.0383382886648178,-0.0789537653326988,-0.018693845719099,-0.0788812264800071,-0.050987534224987,-0.0148769859224557,0.0644205808639526,0.1144447103142738,-0.0496976971626281,-0.0420308336615562,0.0698433667421341,0.0437135249376297,-0.164024993777275,-0.0270600747317075,-0.0316649191081523,-0.1325706839561462,0.0186678525060415,0.0490382835268974,-0.0985827073454856,0.1043851226568222,0.0791841074824333,0.0398604683578014,0.0429593659937381,-0.0723910555243492,0.0222158133983612,-0.1693864613771438,0.0501050874590873,-0.0771005302667617,-0.1516453027725219,0.151624396443367,0.0435723699629306,-0.058667816221714,0.1051180735230445,0.0417980663478374,-0.0141368117183446,-0.0929429233074188,-0.1050973162055015,-0.0333522744476795,0.0161032080650329,0.070984773337841,0.1168106123805046,0.1106145977973938,-0.0618526488542556,-0.0797222703695297,0.0269128791987895,-0.040452055633068,0.0922867283225059,-0.0891270264983177,-0.0417850986123085,-0.0225157421082258,0.0228975862264633,0.0266849473118782,-0.0560269467532634,-0.1114557757973671,0.1211830824613571,0.0599617324769496,-0.162285029888153,-0.015602670609951,-0.1569927781820297,0.0384335070848465,-0.0491785556077957,-0.1411623656749725,0.0044839992187917,0.1154503524303436,0.1134900823235511,0.1441679447889328,-0.0347580648958683,0.0855020061135292,-0.0760024189949035,-0.0002902817795984,0.1175490096211433,0.0236971508711576,-0.0846539512276649,-0.1430065482854843,-0.1099717393517494,-0.109928160905838,0.0228773318231105,0.1220339834690094,0.0704144090414047,0.0651023983955383,-0.1915745437145233,-0.0385838411748409,-0.1126631572842598,-0.1262587755918502,-0.1298862993717193,-0.1033135578036308,0.0804926007986068,0.1208156421780586,0.1322176903486251,0.004806688055396,0.0303551089018583,0.1391385793685913,0.030844883993268,-0.054190557450056,-0.0944262072443962,0.0680440515279769,-0.075663574039936,0.1162344217300415,0.0655886083841323,-0.1569304019212722,0.0656927898526191,-0.0917500331997871,0.0445467345416545,-0.0640118569135665,-0.1586178392171859,0.0872996225953102,-0.010789968073368,-0.0288038924336433,0.0987367630004882,0.1051840260624885,DIXCMUJPKFMADG-UHFFFAOYSA-N,O=C(O)c1cn(C2CC2)c2cc(-n3cc(CN4CCOCC4)nn3)c(F)cc2c1=O
-0.0856116190552711,0.0033938668202608,0.1112024933099746,-0.1111459508538246,0.0107813421636819,0.0651768594980239,-0.0431511774659156,0.0473728962242603,0.0550369508564472,-0.1033063009381294,-0.0425579883158206,0.0384656153619289,0.0957084819674491,0.0120596820488572,0.1110077425837516,0.0765168070793151,-0.0811700224876403,0.1110797822475433,-0.1109397485852241,0.0427098125219345,-0.1059035584330558,-0.0252396408468484,-0.1109480187296867,0.0989255607128143,0.108839526772499,-6.781418778700754e-05,0.0301731992512941,-0.0575296394526958,-0.0916757211089134,-0.0580030977725982,-0.1103788912296295,0.1108955740928649,-0.107604943215847,0.111244723200798,-0.1112047657370567,-0.0670198500156402,-0.0824673995375633,0.1095466464757919,-0.0398450493812561,0.0892731398344039,-0.1101614907383918,0.0877398326992988,0.1111256256699562,-0.0988428592681884,0.0723769217729568,0.1104804798960685,0.0292201954871416,-0.1101674363017082,0.0855655893683433,0.1090166047215461,0.1052494868636131,-0.0013774622930213,0.1100333780050277,0.1007058471441268,-0.108328603208065,0.0170877743512392,0.0792165175080299,0.1016095653176307,-0.0618008598685264,-0.0901873409748077,-0.0822306722402572,0.0964287221431732,0.0839970484375953,0.0988378748297691,0.0250280238687992,-0.1111304759979248,-0.0719251036643982,-0.1093519181013107,0.0744899809360504,-0.1104815900325775,0.1069885939359664,0.1112281754612922,-0.0297324918210506,-0.1112405136227607,0.0473968721926212,-0.106374368071556,-0.0340762734413147,-0.1091349571943283,0.1087360456585884,-0.111143372952938,-0.1110359877347946,0.1111968532204628,0.1112463474273681,0.0908471941947937,0.0513871163129806,0.0934811010956764,-0.1061936691403389,-0.0810345783829689,-0.0952096283435821,-0.1077831909060478,-0.1051648929715156,0.0031943952199071,-0.0634824410080909,-0.1112446263432502,-0.1112158298492431,0.0438667386770248,-0.1091647371649742,-0.0918164476752281,0.0178407523781061,0.0494590438902378,0.1022112593054771,0.0084776524454355,0.1093868538737297,0.0933030024170875,-0.1099074035882949,-0.021318819373846,0.1044458672404289,0.0420423336327075,-0.1046917140483856,0.1112171933054924,0.1099564284086227,0.0876430496573448,-0.0535337515175342,0.1063252687454223,0.106065846979618,0.0928520560264587,-0.0994944870471954,-0.1095879226922988,-0.1106777340173721,0.106414645910263,0.1047236323356628,-0.0402461811900138,-0.0239566657692194,0.1105509027838707,0.037749495357275,0.1016160622239112,0.1029212400317192,0.074181392788887,0.0999066904187202,0.0999746620655059,-0.0969413593411445,0.0999790057539939,0.0972450748085975,0.0999791398644447,-0.0999766215682029,-0.0790546014904975,0.0967704281210899,-0.0934277176856994,0.0999552384018898,0.0965043306350708,-0.080326609313488,-0.0996515452861785,0.0999790355563163,-0.0999791398644447,0.0970890074968338,0.0978198125958442,0.0999791398644447,-0.0199427548795938,0.0999791398644447,0.0497616045176982,-0.0998832359910011,-0.0322942063212394,-0.066091388463974,0.01121212169528,0.0939754918217659,-0.0154010644182562,0.0750146135687828,0.0980102196335792,-0.0797033160924911,-0.0842828825116157,-0.0999565050005912,0.0792610868811607,0.0999791100621223,-0.0209341067820787,-0.0980719327926635,0.0034178632777184,0.0999791398644447,-0.0039717289619147,0.0551247484982013,0.0999644175171852,0.0798959955573082,0.0999791398644447,-0.0998353883624076,-0.0999787151813507,0.0989559069275856,-0.0913370922207832,-0.0933273211121559,0.0822789147496223,-0.0925896540284156,-0.0584387555718421,0.012166584841907,-0.0999077409505844,0.0842262282967567,0.0999790951609611,0.0999791324138641,-0.0999631434679031,-0.0999791398644447,-0.0949357226490974,-0.0999630466103553,-0.0999791175127029,0.0469050630927085,0.099976859986782,-0.0999791398644447,-0.0999791398644447,-0.0999791398644447,0.0979916974902153,-0.099452219903469,0.0997142791748046,0.0999790951609611,0.0983358100056648,0.0999783128499984,-0.09876099973917,-0.08993910998106,-0.0905489176511764,0.0999791398644447,-0.0999791398644447,0.0573290064930915,0.0967719256877899,0.0999791249632835,-0.0977239459753036,0.0807280763983726,-0.0999791398644447,0.0990303605794906,0.0999011471867561,-0.0999791398644447,0.0545804984867572,-0.0452823154628276,0.0876340344548225,-0.0387276001274585,0.0844142362475395,-0.0999673902988433,-0.090522825717926,-0.0875528827309608,-0.0983408018946647,0.0012880092253908,-0.0991565212607383,0.098481960594654,0.0999504625797271,0.0675140544772148,0.098212756216526,0.0857862532138824,-0.0618987455964088,0.0965444445610046,-0.0999791398644447,-0.0486294627189636,0.098694160580635,-0.099780760705471,-0.0946934968233108,0.0974134504795074,0.0808902382850647,0.0827738642692565,-0.0999241173267364,-0.0005361661314964,0.081996239721775,-0.0990810841321945,0.0982255414128303,0.0996407344937324,0.0992414802312851,-0.0999791398644447,-0.0638862326741218,-0.0999788790941238,0.0233887434005737,-0.0967091619968414,0.0944076627492904,-0.0967922359704971,0.0973710417747497,-0.1070970147848129,-0.0844888612627983,0.0881630554795265,-0.0791276916861534,0.1055982336401939,-0.1205966174602508,0.1208162605762481,-0.1108116284012794,-0.0699319690465927,0.020392095670104,0.0918982177972793,-0.1034047603607177,-0.116358608007431,-0.1165916621685028,0.0822295993566513,0.0506620183587074,0.1134978085756301,0.0959335938096046,-0.0150665901601314,-0.0772401168942451,-0.0591989681124687,0.0615246444940567,0.0947302803397178,0.0592511557042598,-0.0593226067721843,0.0994992852210998,-0.022776523604989,0.1209148094058036,0.0592870451509952,-0.1156558617949485,-0.0771498754620552,-0.1208183318376541,0.0882866084575653,-0.0997304618358612,0.0219898335635662,-0.0562999807298183,-0.1119853854179382,-0.112933449447155,0.010209915228188,-0.1197832450270652,0.0132520264014601,0.11851816624403,0.1003309562802314,-0.0688453167676925,0.1161743700504303,0.0061831553466618,-0.097605675458908,-0.1183604449033737,0.1129228323698043,0.0123785706236958,-0.0409355498850345,-0.0946448296308517,-0.1054964736104011,0.1213668808341026,-0.118947148323059,0.1196034550666809,-0.1048103868961334,-0.0233611725270748,-0.085993580520153,0.1180505082011222,-0.1075865104794502,0.0796334967017173,0.1224370971322059,-0.044861689209938,0.1083415448665618,-0.0972103402018547,0.1166864410042762,0.0714909061789512,0.1191329658031463,0.007492359727621,-0.0843241214752197,-0.0313642919063568,0.0012945614289492,0.1195009499788284,-0.0392583534121513,-0.120243027806282,0.0141190439462661,-0.02676965855062,-0.1046810448169708,-0.0946563929319381,0.015639653429389,0.116761215031147,0.0537113025784492,0.0210474133491516,-0.1198822557926178,0.0578704513609409,0.1193601787090301,0.1207741573452949,-0.0478223897516727,0.0618017986416816,0.1179618835449218,-0.0395798869431018,0.0522672347724437,-0.090890996158123,-0.0955325365066528,-0.118230290710926,-0.0456448346376419,0.1158729121088981,0.0411884412169456,-0.1169823259115219,-0.1217090636491775,-0.0258011631667614,0.1030764132738113,0.1173698976635932,0.0046201660297811,-0.1038359776139259,0.0501188933849334,-0.0147214643657207,-0.0217465180903673,-0.0057847122661769,0.0825088322162628,0.0972680374979972,-0.0232204608619213,-0.0489722229540348,0.1207590699195861,-0.0879781320691108,0.0085621746256947,-0.1224000304937362,0.1224573105573654,0.0900402888655662,-0.1149112358689308,0.1138538122177124,0.1197430938482284,0.0258792322129011,0.0051306588575243,-0.1134178712964057,-0.1176282092928886,0.041734505444765,-0.0965829715132713,0.1025213971734047,-0.0738922506570816,0.0424086861312389,0.053720436990261,-0.019064662978053,0.0596455261111259,-0.0483158603310585,0.1446796804666519,0.0138147296383976,0.0682696625590324,-0.0883607044816017,0.0413603708148002,-0.0740041360259056,-0.1322893500328064,-0.0475245751440525,-0.1511949747800827,0.0455757081508636,0.028135959059,-0.0526008829474449,0.0084826722741127,-0.0144972214475274,0.0003276339266449,0.061680369079113,0.1744019240140915,0.0344577468931674,-0.0454848892986774,-0.0222971327602863,-0.0422128140926361,-0.1105218827724456,-0.0425276942551136,0.1378692239522934,0.0410429388284683,-0.0088258190080523,0.017934737727046,0.0295555796474218,0.1480148732662201,0.1132891774177551,0.1671180874109268,0.153916522860527,0.0730184167623519,0.0079469634220004,0.0899869054555893,-0.0311344526708126,0.1255013793706894,-0.02060192450881,0.0789039433002471,-0.1068919971585273,-0.00332783581689,0.0714705809950828,-0.0378892086446285,0.0060349735431373,0.1060328558087349,0.0425091944634914,0.0688454508781433,0.1234130561351776,0.0758338570594787,0.1442031413316726,0.0385109186172485,0.1067283526062965,-0.1490294188261032,-0.1307957917451858,0.0553252138197422,-0.0501883216202259,0.1682873368263244,-0.061734415590763,-0.0781175568699836,-0.0716438814997673,0.0580952391028404,-0.0372195914387702,0.1351840049028396,-0.0464473851025104,0.07249416410923,-0.1138879656791687,-0.0657249018549919,0.1030701100826263,0.0463919229805469,-0.0038977176882326,0.0905639752745628,-0.0449833273887634,-0.1233473941683769,-0.0037718105595558,0.1162334233522415,-0.1505183577537536,-0.0359785817563533,0.1050886884331703,-0.1266462057828903,0.2007999122142791,0.072778545320034,-0.0712645500898361,0.0869654268026351,0.1449687182903289,0.0747366920113563,-0.1191210597753524,-0.1087540909647941,0.0110774803906679,0.0766310393810272,0.1450823098421096,0.0058002392761409,-0.0874184593558311,-0.0677126422524452,-0.1464489102363586,0.08611860871315,-0.1026945486664772,0.1305201649665832,0.0631985440850257,0.0014688671799376,-0.089218683540821,0.1552053093910217,-0.1559861749410629,0.0534600317478179,-0.0167771149426698,0.0618572160601615,-0.1178331077098846,-0.0279308520257473,0.0610986612737178,-0.009542005136609,-0.0086860135197639,-0.0649125054478645,0.0327612832188606,-0.0079755745828151,-0.00837645214051,0.0072925700806081,0.0871609896421432,0.0887951329350471,-0.0261077731847763,0.1414778232574463,0.1097342371940612,-0.1203520223498344,-0.0637957230210304,0.1315397024154663,-0.1185377091169357,-0.00052017433336,0.1246346235275268,0.1235815957188606,0.1287630796432495,0.0576316304504871,-0.0888536721467971,-0.0106912283226847,-0.12893146276474,0.1344372332096099,0.1205877959728241,-0.0222062300890684,-0.1354358494281768,0.1181227415800094,-0.0605787523090839,-0.117131806910038,-0.1198213249444961,-0.1000417843461036,-0.1362605392932891,-0.1182005628943443,-0.0572869554162025,-0.1088083833456039,0.1338552087545395,-0.1351112872362136,0.038201056420803,-0.1285858899354934,0.0917624309659004,-0.1120036169886589,0.1311860531568527,0.0309612937271595,0.0162265580147504,0.0783519372344017,0.0152214085683226,-0.0818166583776474,0.0441541075706481,-0.1027916520833969,0.1105739846825599,0.0650532618165016,0.0887409523129463,0.0078121335245668,0.0712473317980766,-0.0384916327893734,-0.0375181809067726,0.0526450760662555,0.0365476608276367,0.0089992824941873,-0.1303145140409469,0.1257322579622268,0.1081300228834152,0.1254172325134277,-0.0667271688580513,0.1047744750976562,-0.0848757103085517,0.0248588491231203,-0.0675803869962692,0.1205161362886428,-0.0563009455800056,0.071944385766983,0.0379454940557479,-0.001425580587238,0.0819945931434631,0.0102819530293345,-0.0543832257390022,-0.1076480522751808,0.0824312269687652,-0.1087328717112541,0.1259104311466217,-0.1311433464288711,-0.0303989239037036,-0.0372170358896255,-0.0157411601394414,0.0310752168297767,-0.0861137881875038,-0.0208845753222703,0.0133263105526566,-0.0514770820736885,-0.0788908079266548,-0.1354673355817794,-0.0340128988027572,0.0615975335240364,-0.1123097017407417,0.0047732037492096,-0.1090287789702415,-0.0330210663378238,-0.0904124304652214,-0.0277939569205045,0.1379683911800384,0.0797203555703163,-0.1137647554278373,-0.116514928638935,0.0653366893529892,0.1078636646270752,-0.1062967926263809,0.1153596565127372,-0.0894447937607765,-0.0186744518578052,0.0737276375293731,0.0149829844012856,0.0071950606070458,0.0630446150898933,0.0025081639178097,-0.1031628176569938,0.0487205050885677,0.0662486404180526,0.1237917095422744,0.0073356674984097,0.0802527666091919,-0.0968140587210655,0.0969579443335533,0.0689222961664199,-0.0192694831639528,0.1236107721924781,-0.124238483607769,0.1362291425466537,-0.1226497516036033,-0.0280563589185476,-0.002461849246174,-0.0918297916650772,0.1235075742006301,-0.0579626560211181,-0.0963585451245307,-0.0769941210746765,0.1318745762109756,-0.0353949032723903,-0.0311822704970836,-0.0624783933162689,0.0117754647508263,0.0369481071829795,0.0476375073194503,-0.0199693534523248,0.1425131261348724,0.1330980658531189,0.0899974778294563,0.034148596227169,0.0140935461968183,0.0752244517207145,0.1038141772150993,-0.0875246450304985,0.1039784923195838,-0.0385588519275188,-0.0227478984743356,0.1078110262751579,-0.0691874027252197,-0.0841335281729698,-0.0554576106369495,0.0943065956234932,0.000186083081644,-0.0645712092518806,-0.0732814967632293,0.0175381489098072,0.0090732397511601,0.0619901269674301,0.0664937421679496,-0.1681866645812988,-0.0263478253036737,0.0399718284606933,0.1149094477295875,0.0786515399813652,0.0591328181326389,-0.128400057554245,0.0679978877305984,0.1154555901885032,0.092787392437458,0.117301344871521,-0.067824512720108,0.0827114507555961,-0.0025628672447055,0.0272869914770126,-0.1229094117879867,0.0044173649512231,-0.0030238227918744,0.1786131411790847,-0.0088274795562028,-0.101500853896141,-0.0918429866433143,-0.1204857006669044,0.0326741859316825,-0.0665961503982544,-0.0056636580266058,0.1388818472623825,-0.1456421911716461,-0.1150680631399154,-0.0990594178438186,-0.1655121445655822,0.0551063865423202,0.0558180436491966,0.0108623150736093,-0.0957837402820587,-0.0277761630713939,0.086561843752861,-0.0961435288190841,0.0827538818120956,-0.0512834824621677,0.0232625566422939,-0.0184505246579647,-0.1121606826782226,-0.1032506674528122,0.0285275634378194,0.077393040060997,-0.1528957635164261,-0.0189207252115011,-0.0638370513916015,-0.0312503539025783,0.0004329921794123,0.0937710925936698,-0.066496655344963,-0.1151481866836547,0.0065310271456837,-0.0923008024692535,-0.1159588694572448,0.1030882000923156,-0.0655616819858551,-0.0159332510083913,-0.0078316964209079,-0.0236252602189779,0.1906328052282333,0.0322220288217067,-0.1127730831503868,0.0095631508156657,-0.1312014758586883,0.0224664956331253,-0.1034040376543998,-0.0114367073401808,0.0887145921587944,0.014704193919897,-0.0328870713710784,0.1613317131996154,0.0156832206994295,-0.0481851585209369,-0.0430401973426342,0.1492492705583572,-0.1034419238567352,-0.0595995858311653,0.0347473323345184,-0.0805800184607505,0.0147852720692753,-0.1324905604124069,0.1224918514490127,0.0113683147355914,0.1502587646245956,-0.1477967798709869,-0.0250073913484811,0.0268673356622457,0.0070281457155942,-0.1559368371963501,0.0396991148591041,0.1544401049613952,0.2021037489175796,-0.0652837008237838,0.0957282334566116,-0.1296747624874115,0.013327800668776,-0.1606795191764831,KSHLSNAJNGQBCW-UHFFFAOYSA-N,CCc1ccc(N(C(C)C(=O)NC)S(C)(=O)=O)cc1
0.028674267232418,-0.1263259053230285,-0.1277076303958892,0.0810309648513794,0.0166812855750322,0.021923791617155,0.0370964035391807,0.0673896223306655,0.028529679402709,0.0103680901229381,0.0619917809963226,0.1056437492370605,-0.0454479195177555,-0.1108449175953865,-0.022311320528388,-0.0958292931318283,0.1232772320508956,-0.1267688274383545,-0.0854413732886314,-0.0086758974939584,0.1130589321255683,-0.095359593629837,-0.0431848168373107,0.0061958758160471,-0.0895766615867614,0.1054242029786109,0.0759582296013832,0.0793489664793014,0.0761301591992378,-0.1222507879137992,0.1251374334096908,-0.0457412116229534,-0.083490639925003,-0.0313016101717948,0.0694716721773147,-0.0610681250691413,-0.02905317209661,0.1155802384018898,-0.1236715763807296,0.11945291608572,-0.0026791766285896,-0.1261532455682754,0.1264210492372512,0.1204249039292335,0.0141087276861071,0.0935240760445594,-0.0319812223315238,0.1000993549823761,-0.1275416314601898,-0.054790548980236,-0.122980810701847,0.0070186234079301,0.1276974081993103,0.1201440691947937,0.1240240857005119,0.043203305453062,-0.1025963798165321,0.1196916550397872,-0.1244678422808647,0.0291521474719047,0.0177796296775341,-0.0495647564530372,0.1233887150883674,0.1270079463720321,-0.0786904841661453,0.1185206696391105,0.0869403332471847,-0.0093970214948058,-0.1077562719583511,0.0263491962105035,0.088484488427639,-0.1260961890220642,-0.0489763766527175,0.1115584298968315,0.0102391997352242,-0.0438509583473205,0.0003974020073655,-0.0991725772619247,0.0979746282100677,0.1237719655036926,-0.1197090148925781,-0.0871286392211914,-0.1188420131802558,-0.068321369588375,-0.0414549373090267,-0.1258952319622039,0.0815839245915412,-0.1219496354460716,0.113170139491558,-0.1261010915040969,-0.0384050793945789,0.0741378664970398,0.125396266579628,0.1208011880517005,0.1279226392507553,0.0419704169034957,-0.1160766407847404,0.1248294413089752,-0.0931522771716117,-0.1139452308416366,0.1061775535345077,-0.0125221628695726,0.0945343375205993,-0.0475910864770412,0.1206952407956123,-0.0039706737734377,-0.1055299937725067,0.0465445928275585,-0.0776604190468788,-0.035082496702671,0.1001527458429336,-0.081019178032875,-0.0153399016708135,0.1249394789338111,0.0870469510555267,-0.1186227947473526,-0.0944212973117828,0.1011245027184486,-0.0431412421166896,0.0030865604057908,0.1067046597599983,0.0691067725419998,-0.0569835714995861,-0.041653785854578,0.0327951945364475,-0.1063790321350097,-0.0175673738121986,-0.0157179441303014,-0.1051891669631004,-0.0987418368458747,-0.0221450570970773,-0.0994166433811187,-0.0912700593471527,0.0772956684231758,-0.0987989380955696,0.091575875878334,-0.1035268157720565,-0.0793742313981056,-0.1052635312080383,-0.0980619341135025,-0.1002154052257537,0.1052385866641998,0.0428717173635959,0.1051275879144668,0.1032683849334716,-0.0443721301853656,0.1039461344480514,0.0799618512392044,0.0715002715587616,0.0908185765147209,-0.0998159497976303,0.1053360924124717,0.1001388952136039,0.0435779988765716,-0.0025829407386481,-0.1029342338442802,0.105173647403717,-0.0030563324689865,-0.021754378452897,0.1041212230920791,0.1047494783997535,0.1014682874083519,-0.0853007361292839,-0.105054847896099,0.1051999181509018,0.1015070751309394,-0.0703265070915222,0.0966409519314765,0.0782840624451637,-0.1010939106345176,0.1029296442866325,-0.0989350080490112,-0.1001117378473281,0.1038447842001915,-0.0650313720107078,0.1041222587227821,0.1053402721881866,0.0947831496596336,-0.0979882031679153,0.1042658686637878,0.0080004688352346,0.1051960811018943,0.099521517753601,-0.0381398648023605,0.1022399216890335,0.1052899435162544,0.1044899970293045,0.1053461804986,0.0730596110224723,0.0742436125874519,0.0115079088136553,0.0910221114754676,0.0278580207377672,-0.0646502152085304,0.1025039106607437,0.1025649383664131,-0.1053058505058288,-0.0949436128139495,-0.0689902007579803,-0.100480742752552,-0.0909505635499954,0.10535529255867,-0.0975561663508415,0.1053531095385551,-0.0186363644897937,-0.021446730941534,0.1031859368085861,0.0545220598578453,-0.0973193794488906,-0.0785172656178474,0.0165012963116168,0.0976475030183792,-0.105212815105915,0.1052912697196006,0.0778383314609527,-0.0810708925127983,-0.1033236533403396,-0.1048495694994926,0.0815708935260772,-0.0949675366282463,-0.0768442749977111,-0.1052727028727531,0.0682846754789352,-0.0772595107555389,0.096496857702732,0.1035429984331131,-0.1048112660646438,0.0961248949170112,-0.1048757284879684,-0.1039814725518226,-0.1044182106852531,0.0018225797684863,0.1050060018897056,0.1005971208214759,0.1051103100180625,-0.1033166125416755,0.0976057946681976,0.0289350375533103,0.1050218492746353,-0.0963501334190368,0.1025981158018112,-0.1038648337125778,-0.0564488656818866,0.0399202443659305,-0.0194667857140302,-0.1020310372114181,0.1034477576613426,-0.0800382941961288,-0.0493711791932582,-0.0871065407991409,0.0037270942702889,-0.0315322689712047,-0.023825068026781,0.1053096055984497,0.1052286401391029,0.0832779631018638,0.1052885726094245,0.1045038178563118,-0.0925481170415878,0.0183448269963264,-0.1058596894145011,0.1057198271155357,0.0188956428319215,-0.1056770533323288,-0.1041358709335327,0.0087152775377035,0.1046923249959945,-0.0958489254117012,0.0836966037750244,0.1031161174178123,-0.1026091501116752,0.0837775245308876,-0.105821892619133,0.1043750420212745,-0.1058008968830108,0.0788015499711036,-0.0978171080350875,-0.1058095693588256,-0.1057770475745201,0.0614185556769371,0.1054790243506431,-0.0992822498083114,-0.1031069457530975,-0.0978877991437912,0.0740730389952659,0.0932484716176986,-0.1025867909193039,0.0780481994152069,-0.0720598399639129,-0.0538281723856925,-0.1048064306378364,0.0952063724398613,-0.0725671127438545,0.1051356792449951,0.1056102737784385,0.0508747398853302,0.09086574614048,0.0402779839932918,0.1045867055654525,0.0522129014134407,-0.1058593243360519,0.1006774976849556,-0.0310616493225097,0.0877894535660743,-0.0655511021614074,0.0946967005729675,0.0941567346453666,-0.0570941716432571,-0.0757360532879829,0.1057062745094299,0.1041445434093475,-0.0743329748511314,0.1025840565562248,0.1036345735192298,-0.1045084819197654,0.0861625373363494,0.1057891994714737,0.0978911891579628,-0.1049476414918899,0.0255948714911937,0.1026266291737556,0.0978835448622703,0.1052253171801567,-0.1053769215941429,-0.0984208360314369,0.0987029448151588,-0.0980955511331558,0.1058600097894668,0.1050930172204971,0.025178138166666,0.103024698793888,0.0959860980510711,0.0683362856507301,0.0775787830352783,0.1041703894734382,-0.101229727268219,0.1000697761774063,-0.051760971546173,-0.1009927839040756,-0.0553106069564819,0.0673487186431884,-0.0401910915970802,0.0952786803245544,0.0543886125087738,0.0949376001954078,0.1043750643730163,-0.1057711541652679,-0.1053967773914337,0.0661291629076004,-0.0258590206503868,-0.0928051248192787,0.1049370840191841,-0.0516640618443489,-0.1053132191300392,-0.0811543464660644,-0.0601874031126499,0.0479126423597335,-0.1049269065260887,0.0973174273967742,0.0881970599293708,-0.0961832031607627,0.0095173809677362,-0.0005210684030316,0.1058586090803146,-0.0964885503053665,0.0180239789187908,-0.1004865020513534,-0.1044587418437004,0.0733095705509185,0.081341452896595,-0.0670092105865478,0.0798704326152801,0.0538625158369541,0.0987670272588729,0.0844785422086715,-0.102245308458805,0.1056959778070449,0.1002334728837013,-0.0984157472848892,0.1005580797791481,0.0801133289933204,0.0650652199983596,0.1045135557651519,0.0311793368309736,0.0918791443109512,-0.0530832819640636,-0.088341124355793,-0.0908863246440887,0.0912152975797653,0.0918166115880012,-0.0918491780757904,-0.0871760547161102,-0.092014379799366,-0.0915134996175766,-0.0916545838117599,0.0917020738124847,0.0897542685270309,0.0920515209436416,0.0919722244143486,-0.092102400958538,0.0157021824270486,0.092095099389553,-0.0920497104525566,0.0920799896121025,0.0882192775607109,0.0919365435838699,-0.0919988229870796,-0.0921041667461395,-0.0921034067869186,0.0916452854871749,-0.087551899254322,0.092114120721817,0.0921144932508468,-0.0890442952513694,0.0853106752038002,-0.0917887464165687,0.0908880606293678,0.0919928103685379,-0.0872220769524574,0.091352678835392,0.0898442640900611,-0.0792565867304802,-0.0920949354767799,0.0910838618874549,0.0920668765902519,0.0888662338256836,0.0867879763245582,0.0876694619655609,0.0879265964031219,0.0921063870191574,0.0911520272493362,0.0920337066054344,0.0896648615598678,-0.0884161740541458,-0.0824730098247528,0.0915005207061767,-0.09207484126091,0.0921113565564155,-0.0808086618781089,0.0918015539646148,-0.0919960886240005,0.0920971855521202,-0.0920874178409576,-0.09112099558115,-0.069390133023262,0.091875210404396,-0.0918930023908615,0.0892201662063598,0.0921112671494484,-0.0847094133496284,-0.0910139679908752,0.0658318921923637,0.0903166159987449,0.0688165873289108,-0.0920658931136131,0.091988980770111,0.087177999317646,0.0919224768877029,-0.0920864194631576,0.0920631289482116,0.0921130925416946,0.0793529078364372,-0.0914240479469299,0.0899952501058578,0.0921139195561409,-0.08369842171669,-0.0868710651993751,-0.090920403599739,-0.0915433913469314,0.0917921140789985,0.0865537747740745,-0.09210916608572,-0.0186589416116476,0.0875943750143051,0.0901519134640693,0.0910611003637313,-0.0920349583029747,-0.0912189185619354,0.0903421193361282,0.0921022295951843,0.0916478037834167,0.0769979730248451,0.0882060453295707,0.0920808389782905,-0.0897009894251823,0.0871809795498848,-0.0764987766742706,-0.0913942903280258,0.091960534453392,0.089132934808731,-0.0921021029353141,0.0921032279729843,0.0916257873177528,0.0901444405317306,-0.0917785093188285,0.0920752733945846,0.0658741071820259,-0.0859444364905357,-0.0920869708061218,0.0918487757444381,0.0916555002331733,0.0913355946540832,-0.0921146273612976,-0.0921146795153617,0.0894444957375526,-0.0903655961155891,-0.0900847613811492,0.0465582236647605,0.0913736522197723,0.0919029787182807,0.0919637084007263,-0.0917771905660629,-0.064348429441452,0.0685839429497718,0.1235716491937637,-0.054359208792448,0.1608938574790954,0.1441742777824401,0.1584468334913253,-0.1009960919618606,-0.0085210977122187,0.1373552978038787,0.085257388651371,0.1584510058164596,0.0474427156150341,0.0425637848675251,0.0391809232532978,-0.1408072859048843,-0.0112143717706203,0.0729332119226455,-0.1275575160980224,0.1536891311407089,-0.0260390304028987,-0.0006381619605235,-0.0448028296232223,0.0464475452899932,0.0614665448665618,0.0279563926160335,-0.0185532644391059,0.0026917427312582,0.0635539963841438,0.0541108511388301,0.0995183959603309,-0.0041332296095788,0.079618439078331,-0.0505975633859634,0.0686848759651184,-0.0802096277475357,0.1076207682490348,-0.1595269441604614,0.1131779477000236,-0.0838831141591072,0.0099798860028386,-0.0304011888802051,-0.0622198469936847,-0.0938304811716079,0.0645448118448257,0.1614233255386352,-0.147171214222908,-0.1472654193639755,-0.0437437258660793,0.064249612390995,-0.1248650923371315,-0.0607745610177516,0.0526790060102939,-0.0233744103461503,-0.0358269959688186,-0.0462235920131206,-0.1176445856690406,0.0313246883451938,0.082735538482666,-0.1191901266574859,0.058196872472763,0.0796659141778945,-0.1725220829248428,-0.045558638870716,-0.1196409836411476,-0.0683045238256454,0.0009610436391085,0.0783753618597984,-0.0272951908409595,-0.064664214849472,-0.0281219352036714,-0.0784573927521705,-0.165185734629631,-0.1057266891002655,0.1312979757785797,0.0469025075435638,0.0586045049130916,0.0654413402080535,0.0480212345719337,0.1446533203125,0.1605845540761947,-0.0190971791744232,-0.0485310181975364,0.1856710761785507,0.1192945390939712,-0.0854426547884941,0.004872818943113,0.0786942541599273,-0.1279359012842178,-0.0833515971899032,-0.0333278030157089,0.0306315198540687,-0.1801869422197342,-0.1056407690048217,0.1585147529840469,0.0206486079841852,0.003433394478634,0.0412095412611961,0.0591644458472728,-0.0263977628201246,2.5182220269925892e-05,0.0772356241941452,0.0229951608926057,0.0925525203347206,0.0481555797159671,0.0188759472221136,-0.0462810508906841,0.0716659426689148,-0.0765988528728485,0.0405516251921653,0.0452765561640262,-0.076746717095375,0.184230163693428,-0.0564225912094116,0.0402018390595912,0.0252273865044116,0.1229920536279678,-0.0032411492429673,0.0101591106504201,0.0922667831182479,-0.0891366526484489,-0.1623175293207168,0.0231616720557212,-0.059236790984869,-0.0901315882802009,-0.0063007515855133,0.0335815623402595,-0.0164537355303764,-0.0587004907429218,-0.029587147757411,-0.0984768494963646,-0.001475759781897,0.0919418334960937,0.1043087989091873,0.1528160870075225,0.0918528065085411,0.0001378237648168,-0.0926383435726165,0.060114812105894,-0.0166441146284341,-0.0895675122737884,-0.0958586782217025,0.156259536743164,0.0450102537870407,0.0253067333251237,-0.1119167804718017,-0.0459855198860168,-0.2068937122821808,0.1441543251276016,0.0541750602424144,-0.003732711309567,-0.0488240681588649,0.1181781068444252,0.0464419834315776,0.0059034596197307,-0.0246301311999559,-0.0384577140212059,-0.1213195547461509,0.0607253648340702,0.0470295846462249,0.1721700429916381,-0.0496283434331417,-0.1492906659841537,0.0890268832445144,0.1292354762554168,-0.0317016467452049,0.054961260408163,-0.0479812920093536,0.1243124455213546,0.1278698295354843,-0.1218775734305381,-0.1787949353456497,0.0268328133970499,0.0169463716447353,0.1605856418609619,-0.0397418104112148,-0.0351019874215126,0.0123709328472614,-0.1524272412061691,0.0730866864323616,-0.1025225147604942,-0.0581383071839809,0.0151597335934638,-0.0056869816035032,0.0119917849078774,-0.1152522787451744,-0.0019904316868633,0.088035300374031,0.0518901497125625,0.0573966838419437,-0.0689989104866981,-0.0251126773655414,0.1093069016933441,-0.0162402763962745,-0.0712663382291793,-0.0323746837675571,0.113357089459896,0.1122576519846916,-0.1343867480754852,-0.0452550612390041,-0.0577664785087108,-0.111955314874649,0.0113309081643819,0.0242282506078481,-0.1348162293434143,0.0465680100023746,-0.1286056339740753,-0.0098528563976287,0.0721432194113731,-0.1435693204402923,0.0955579057335853,-0.0340166315436363,0.0036533372476696,0.152484580874443,0.0191188100725412,-0.0087889777496457,-0.0742697194218635,-0.0992875024676323,-0.0140017410740256,0.0278525501489639,-0.0916425213217735,0.1015369445085525,-0.1224968358874321,-0.0101358210667967,0.0155358044430613,0.0901445299386978,0.0157606285065412,-0.0670368745923042,0.036379124969244,0.1357985436916351,0.0529779717326164,0.0236269738525152,0.0034417880233377,-0.0016480481717735,-0.1467233300209045,-0.1415262222290039,0.1117717251181602,-0.1052590161561966,0.1293863356113433,-0.1231959536671638,0.1309946775436401,-0.0270150415599346,-0.0258090645074844,-0.0367074497044086,-0.0885249450802803,-0.1711025983095169,-0.0720732435584068,-0.1141612455248832,-0.0231422055512666,0.1012525707483291,0.1485340446233749,-0.0382049083709716,-0.0006749748717993,0.0606444776058197,0.1123947650194168,-0.0064020985737442,VHMBIGLCHQOBEX-UHFFFAOYSA-N,O=C(O)c1cn(C2CC2)c2cc(-n3cc(CNC4CCCCCC4)nn3)c(F)cc2c1=O
-0.027726724743843,-0.074676476418972,0.0980069413781166,0.0927878841757774,0.0941027775406837,0.096260592341423,0.0225289352238178,0.0978748500347137,-0.074006050825119,-0.0930932834744453,-0.0773097425699234,-0.090278647840023,0.0976238995790481,-0.0257555823773145,0.0980023443698883,-0.0846464857459068,-0.0479317568242549,0.0979929789900779,-0.0980001464486122,0.0979650020599365,-0.0973223075270652,0.0776032879948616,-0.0979207605123519,0.0968712270259857,-0.0886468961834907,0.0976253375411033,-0.0979631319642067,-0.0965925529599189,-0.0653747618198394,0.0977475196123123,-0.0980067998170852,-0.0360132046043872,0.0949430167675018,0.0946275815367698,-0.0980069935321807,0.0262670200318098,0.0975066870450973,0.0980054214596748,-0.0974548161029815,0.0554191172122955,-0.0980070754885673,-0.0557581894099712,-0.0957007333636283,-0.0694395899772644,0.0004224996373523,0.0699653252959251,-0.097593069076538,-0.0979695245623588,0.0979823693633079,-0.0936025455594062,0.0714766755700111,0.0973497331142425,-0.0902398154139518,0.0980013236403465,0.0224438030272722,0.057523924857378,0.0953045561909675,0.087891012430191,-0.0160799957811832,0.097984954714775,-0.0958869457244873,0.0977179929614067,0.0961387827992439,0.0979476869106292,0.0957608148455619,-0.0980068817734718,-0.0978077948093414,0.0889733582735061,-0.0709003582596778,-0.0812160670757293,-0.0909067392349243,0.0980070307850837,0.0980063155293464,-0.0980070829391479,-0.0947699472308158,-0.0595924109220504,-0.0818331837654113,-0.0980062186717987,-0.0756703615188598,-0.0900986343622207,-0.0969806164503097,0.0979956686496734,0.0980069413781166,-0.0694037154316902,0.0948252603411674,-0.047034852206707,0.0977933555841445,-0.070120058953762,-0.0979325175285339,0.0976880118250846,-0.0954560190439224,-0.0911120399832725,-0.0947558730840683,-0.0980037972331047,-0.0980070829391479,0.0979305133223533,-0.0980066359043121,0.0978830009698867,0.0975380986928939,-0.0219552647322416,-0.0979091972112655,0.0969962179660797,0.0979538857936859,0.0980070456862449,0.077589102089405,-0.0968782007694244,0.0980060324072837,0.0963280126452446,-0.0913610830903053,-0.0977939516305923,0.0980065613985061,0.098005935549736,0.0874015763401985,-0.09560377150774,0.098002403974533,0.09754029661417,-0.0979842469096183,-0.046431329101324,-0.0933866500854492,-0.075894646346569,-0.0918870642781257,-0.0932904779911041,0.0977334454655647,0.097999021410942,0.0978911891579628,0.0974373817443847,-0.0953149124979972,-0.0974838733673095,0.0996053665876388,0.0578505843877792,-0.098990187048912,0.0996663123369216,0.0888006538152694,0.098615787923336,-0.0995553731918335,0.0996321365237236,0.0996574014425277,-0.0938529446721077,0.0996678322553634,-0.0825674161314964,-0.0640229657292366,-0.0995610728859901,0.0128850163891911,0.0195057168602943,-0.0990044176578521,-0.0473918914794921,-0.0996659845113754,-0.0996495634317398,-0.0989398807287216,-0.0782618671655654,-0.098042219877243,-0.0876357182860374,0.0995677560567855,-0.060303259640932,0.0992693677544593,0.0869359076023101,-0.0995832085609436,-0.0995911285281181,-0.0807669311761856,-0.097796194255352,-0.0995184928178787,0.0959241613745689,0.0981171056628227,-0.0988745838403701,0.0996207892894744,-0.0996547788381576,0.0651354044675827,0.0996492877602577,0.0846063047647476,-0.0289020165801048,0.0994132831692695,-0.0996264293789863,0.0240663439035415,-0.0996589511632919,-0.0983490645885467,0.0506283864378929,-0.0996489748358726,0.0996464639902114,-0.0923191756010055,-0.0876638814806938,0.0991581678390502,-0.0996650904417038,0.0955953821539878,-0.0060854195617139,-0.0703561976552009,-0.0996677950024604,-0.0991723835468292,-0.0994110405445098,-0.0797757357358932,0.0996526479721069,-0.099634975194931,-0.095633216202259,0.0996678248047828,-0.0995694771409034,0.0992856547236442,0.09966342151165,-0.0996673330664634,0.0789235159754753,-0.0995367839932441,0.0232974719256162,-0.0972293019294738,-0.015425844117999,0.0556596629321575,-0.0996548309922218,-0.0266290567815303,0.0996674969792366,0.098177894949913,0.0993712320923805,-0.099587932229042,0.0925771594047546,0.0994368121027946,-0.0181094035506248,-0.0797874182462692,0.0916706547141075,-0.0974870845675468,-0.0996358171105384,-0.0504587553441524,0.0994540899991989,-0.0991163924336433,-0.0996166989207267,-0.0996676757931709,0.0987074524164199,-0.087545059621334,-0.0990725234150886,-0.0996421575546264,-0.0905365198850631,0.0990111678838729,0.0994258821010589,-0.0920836627483367,0.0994683280587196,0.0260917581617832,0.099629171192646,0.0993500873446464,-0.0661233365535736,-0.0877764523029327,0.0996273830533027,-0.0993656888604164,-0.0996668264269828,0.0159067995846271,0.0321421399712562,0.0050885584205389,-0.0960040166974067,0.0995594263076782,-0.0966571569442749,-0.0996310487389564,-0.0857865363359451,-0.0585049502551555,-0.0959987491369247,0.0817184969782829,-0.048851229250431,0.0967800691723823,-0.0743665099143982,-0.0994796380400657,-0.0996665358543396,-0.0993940383195877,0.0788158327341079,-0.0669133588671684,-0.0969072133302688,0.0997956991195678,-0.100088432431221,0.0998986288905143,-0.0999774858355522,0.1000941023230552,-0.0990759208798408,-0.0914080739021301,-0.0853294357657432,-0.0994358509778976,-0.0998821929097175,-0.1000532209873199,0.0345509685575962,-0.1000548377633094,0.099178671836853,0.100091777741909,-0.0398959517478942,0.1000871732831001,0.0815057829022407,-0.1000673845410347,-0.0700273588299751,-0.0810320749878883,0.0995458737015724,0.0059462040662765,0.052982822060585,0.0978916063904762,0.1000962629914283,0.0966856032609939,-0.0002838623768184,0.0998477190732956,-0.1000034287571907,0.1000834107398986,-0.099872775375843,0.0996583402156829,0.017583817243576,0.098318301141262,-0.0990346893668174,0.0315485000610351,-0.0985419228672981,0.0807182267308235,0.1000665128231048,-0.0874979048967361,-0.1000596731901168,0.0886839106678962,-0.015168534591794,-0.0989079624414444,-0.0998435467481613,-0.0984606519341468,0.0764223039150238,0.0381503589451313,0.092865489423275,-0.1000162661075592,0.0986426025629043,0.0770439207553863,0.1000973284244537,0.0321534909307956,0.0877324044704437,-0.1000618785619735,0.0989486575126648,-0.0740028545260429,0.0541457943618297,0.1000086888670921,0.0998945161700248,0.0919838845729827,-0.0744319111108779,0.0998801812529563,0.0989695638418197,0.0998502150177955,-0.0171193648129701,-0.0992980748414993,-0.0607738569378852,0.0993887558579444,0.100075826048851,-0.0999736189842224,-0.0859267860651016,-0.0639950633049011,0.0252114236354827,0.0950716137886047,-0.0780802592635154,-0.0999563708901405,0.0965044125914573,0.068180076777935,0.0928865000605583,-0.1000899001955986,-0.0986169129610061,0.0997088626027107,0.0884185656905174,-0.0408159531652927,0.0990662723779678,0.1000951752066612,-0.0999894812703132,-0.0964056178927421,-0.0959115624427795,-0.0967871844768524,-0.0993866696953773,-0.0567404404282569,0.0961231440305709,0.1000950932502746,-0.0970491915941238,-0.1000973805785179,-0.1000098884105682,-0.0996180400252342,0.0993028506636619,0.0999503508210182,-0.0696095749735832,0.099535621702671,0.074279561638832,0.0994664803147316,-0.0401384197175502,0.0985054820775985,-0.0979202166199684,0.0993288680911064,-0.0967065617442131,0.1000616028904914,-0.0993861109018325,-0.09943787753582,0.0762243121862411,0.1000293865799903,0.0132269943132996,-0.1000965759158134,-0.0061339922249317,-0.0864137858152389,0.0979387536644935,-0.0932378321886062,-0.090870626270771,0.0960866659879684,-0.05091043561697,0.0556778758764267,-0.0369906723499298,-0.0092830033972859,0.0592995770275592,-0.132642924785614,0.1022038087248802,-0.0226810835301876,0.0958812236785888,0.1281369924545288,-0.1047168150544166,-0.0829372927546501,-0.1039224416017532,-0.0186065807938575,-0.1218901053071022,0.1141065880656242,-0.1310050338506698,-0.0835127085447311,-0.1190816536545753,0.0054591409862041,0.1077747866511344,0.0730081275105476,0.0539802201092243,0.0566432885825634,0.0450024716556072,0.1186826154589653,0.0658459886908531,-0.1068671718239784,0.039080373942852,0.1200557127594947,-0.1361722499132156,0.0898331552743911,0.0437139123678207,-0.1394626349210739,0.0036675443407148,0.0917658880352974,-0.0836944282054901,-0.0960462987422943,-0.148134246468544,0.1384714543819427,-0.0380908660590648,0.081369362771511,-0.1482891887426376,-0.0476308539509773,-0.0795168802142143,0.0160511638969182,0.1205677092075347,-0.0475052371621131,-0.0496610254049301,0.0167339630424976,-0.0192668512463569,-0.0191839151084423,-0.0311362836509943,-0.1081817373633384,0.1108788251876831,0.0835618078708648,-0.137974202632904,-0.1265733540058136,-0.0147966193035244,0.1271024346351623,0.1156327947974205,-0.1249778121709823,-0.0789327844977378,0.1380616724491119,-0.0661050602793693,0.1095151230692863,-0.1290952265262603,0.0876392126083374,-0.0800476148724556,0.1127272769808769,0.1263430416584015,-0.0830028802156448,0.0879193618893623,-0.1092800125479698,0.1034307405352592,-0.116935946047306,-0.0899561792612075,-0.0433808155357837,-0.1000610888004303,-0.0890557318925857,-0.0326982177793979,0.0843698307871818,0.1188034266233444,-0.0350560061633586,-0.1512859761714935,-0.0937568098306655,0.0480323247611522,-0.0519174933433532,-0.0402236767113208,0.0066914814524352,0.0168758854269981,0.0549440458416938,-0.0872441753745079,-0.0276859328150749,0.133811742067337,0.0333090014755725,0.0125416498631238,0.1314657181501388,0.1216186136007309,-0.0993040725588798,0.054749384522438,-0.0451175346970558,0.1219984665513038,0.0140360342338681,-0.0458524189889431,-0.1245779767632484,0.1123979538679122,0.0125266052782535,-0.0871680304408073,0.1221120506525039,0.1168157085776329,-0.1074295118451118,-0.1364953964948654,-0.0672394484281539,0.0142259541898965,-0.0020137482788413,0.038434874266386,0.0579539947211742,0.1152446419000625,-0.0806626603007316,-0.0535555891692638,0.0022061199415475,0.0161587093025445,0.0884020626544952,-0.0358420833945274,0.0340809188783168,-0.0412746332585811,-0.0948115959763526,-0.038336094468832,-0.0717905610799789,0.0944101810455322,0.1159064024686813,-0.1055043041706085,-0.0371643081307411,0.1068621948361396,0.1209565177559852,-0.0136914830654859,0.1153870224952697,-0.118216373026371,-0.101645603775978,-0.0016414878191426,0.1183488592505455,0.1187174767255783,0.0497847907245159,-0.1181252375245094,0.0975473225116729,-0.0942969769239425,-0.0188830867409706,-0.0927179083228111,-0.1184128001332283,-0.0720653533935546,-0.0903699621558189,0.1115153729915618,-0.1188921108841896,0.1211390644311904,-0.1198950856924057,0.0754343569278717,-0.1161003559827804,0.1028680205345153,0.0063191945664584,0.0930318683385849,-0.0183379761874675,-0.1166256144642829,-0.0646629184484481,-0.0387004278600215,-0.0722376480698585,0.0627114027738571,-0.0802478715777397,0.088132694363594,-0.0979468375444412,0.0998689010739326,-0.0631245821714401,-0.1123295202851295,-0.0664343237876892,-0.0937332063913345,-0.0999717488884925,-0.0529916696250438,0.0355004630982875,-0.1199345216155052,0.1142629012465477,0.1176899969577789,0.1211428791284561,-0.0899537503719329,0.1021981760859489,0.0518212057650089,-0.0361383222043514,-0.100459523499012,0.1168621927499771,0.0971468612551689,-0.0663674995303154,0.0844293534755706,0.043955847620964,0.1157180294394493,0.0489903390407562,-0.0542387403547763,-0.0363636389374733,0.1100005581974983,-0.1055896133184433,0.0597720742225647,-0.0586527250707149,-0.1002899259328842,0.086854301393032,0.0912427529692649,-0.0449032559990882,-0.0971253663301467,-0.0290976725518703,-0.1074827909469604,-0.0810120776295661,-0.1133571341633796,-0.1048230305314064,-0.0917322933673858,-0.0992746502161026,-0.1036209911108017,-0.0469338707625865,0.0106486082077026,-0.0750929340720176,-0.0113349976018071,0.1026823744177818,0.1200396493077278,0.0757123753428459,-0.1142559275031089,-0.1065583229064941,0.1034108400344848,0.1091823652386665,-0.0560450665652751,0.1193047538399696,-0.0475851967930793,-0.0755374953150749,0.0876125320792198,0.0921966135501861,0.0205466691404581,-0.0966738015413284,-0.0434166528284549,0.0291218142956495,0.1047454625368118,0.0785177499055862,0.1165932491421699,-0.0744694769382476,0.1090435236692428,-0.0405702032148838,0.1092754378914833,0.0678284913301467,-0.0871188268065452,0.0062074200250208,-0.1040307506918907,0.1203936487436294,-0.1113205775618553,0.1057655215263366,0.0138495918363332,-0.1170003041625022,0.0236172396689653,-0.0467949248850345,-0.0206017699092626,-0.1148400530219078,0.0134641397744417,-0.1116549968719482,-0.0783996358513832,-0.0080288173630833,-0.023459393531084,0.0944025069475174,-0.0171035900712013,-0.0543154925107955,0.0933166742324829,0.1211519092321395,0.126749649643898,0.1029107421636581,0.0878405272960662,0.050105694681406,0.0273660607635974,0.1072757095098495,0.0355115681886673,-0.1161327138543129,-0.0728306919336319,0.1049375534057617,-0.1261341571807861,-0.1011043041944503,0.1105891764163971,-0.0741356685757637,0.0261955130845308,-0.1013659909367561,-0.0599902793765068,-0.0256590917706489,-0.0868406593799591,0.0466058552265167,-0.0543698444962501,-0.0867501869797706,-0.1235180124640464,-0.0808241665363311,0.0457490943372249,-0.1138312965631485,0.0633953139185905,-0.0101663377135992,0.0462563373148441,0.1189768984913826,0.1230152398347854,0.0892834141850471,-0.0789579600095748,-0.0316216461360454,-0.0914645045995712,-0.0441418811678886,-0.0921186208724975,0.0461538918316364,-0.0450185723602771,0.0158958658576011,0.0571864135563373,-0.102416954934597,-0.0966502726078033,-0.1061001271009445,0.1068496629595756,-0.128478541970253,0.1263211965560913,0.0490216948091983,-0.1242903918027877,-0.1283745467662811,-0.1178229376673698,-0.0595104843378067,0.1178018674254417,0.0946160033345222,-0.0015806100564077,0.1072904840111732,0.0684697031974792,0.0999252423644065,-0.1213991269469261,0.1060445010662078,-0.106191337108612,0.0119486507028341,-0.0584706254303455,0.0221165753901004,-0.0795472264289856,0.1120105758309364,0.1250738501548767,-0.1300122588872909,-0.087755300104618,0.0203846096992492,-0.1261669993400573,0.1030190885066986,-0.0689141005277633,0.0216273590922355,-0.0693599581718444,-0.1229032278060913,-0.0627367570996284,-0.1262594014406204,-0.0340696610510349,-0.1233814880251884,-0.0224708393216133,-0.107106901705265,-0.0334585718810558,0.1044405102729797,0.1075065657496452,0.0478967763483524,-0.1150505989789962,-0.1128219440579414,-0.0428727604448795,0.0536791011691093,0.1212748363614082,0.1248368024826049,0.1038856953382492,0.0706564709544181,-0.0539885833859443,0.0226630773395299,0.0054037934169173,0.0537229627370834,0.1273932605981826,0.117166481912136,0.0490758009254932,0.0114755714312195,-0.0484656952321529,-0.1180267855525016,0.0723103955388069,0.082468144595623,-0.058326207101345,0.1288517415523529,-0.1249837577342987,0.0767263174057006,-0.119215190410614,0.1074225232005119,-0.054413765668869,-0.0047767921350896,0.1299786269664764,0.1252658367156982,-0.0041764955967664,-0.0340294614434242,-0.1291642487049102,0.1149236187338829,-0.1005671694874763,SKTYQPHUUJSWEG-UHFFFAOYSA-N,CC(=O)c1cccc(COC(=O)c2cccnc2)c1
0.108081579208374,-0.04624655097723,-0.110334888100624,0.1131001934409141,0.0955201610922813,0.0752392262220382,0.0622023344039917,0.048317726701498,-0.0838917344808578,0.0697228536009788,-0.0931063219904899,0.0304757226258516,-0.1015616580843925,0.1088683977723121,0.1039650663733482,-0.1112397015094757,0.1123936921358108,-0.110180914402008,-0.0613044388592243,0.1093780398368835,0.0776549652218818,-0.1090605407953262,-0.0110782049596309,-0.1017327830195427,0.0798660293221473,0.059622373431921,0.0953356549143791,-0.0747296512126922,0.1124199479818344,-0.0653586015105247,-0.0271334797143936,-0.0259013436734676,-0.0230927281081676,-0.1051790192723274,-0.1111536771059036,-0.1116507574915885,0.0858423486351966,0.0746495351195335,0.1122270002961158,0.1123876273632049,-0.0642761588096618,0.04789599776268,-0.1034922450780868,0.1076506078243255,0.1041909083724021,0.0927546098828315,-0.1126830205321312,-0.1104141473770141,-0.1129571124911308,-0.098982036113739,-0.0146088832989335,-0.0570644773542881,0.1118513122200965,-0.0115287182852625,-0.1090583652257919,-0.0116834994405508,-0.0963856950402259,-0.1121608614921569,-0.1112078949809074,-0.0588532388210296,0.0568371191620826,0.1126226335763931,0.1042502894997596,-0.0119650922715663,0.0981933996081352,0.0531826205551624,-0.0623750984668731,0.0417826920747756,-0.1089149191975593,-0.0354408100247383,0.1084394380450248,0.1131120175123214,0.0738360658288002,-0.1128039732575416,-0.1093464270234108,0.0811001881957054,-0.1109924241900444,0.1006951555609703,0.0970037505030632,-0.1059447601437568,0.1031046062707901,0.0981083735823631,0.0200739484280347,0.0878415629267692,0.0951962694525718,0.1105110943317413,-0.0655932202935218,0.1032771915197372,-0.0162314940243959,-0.1089003309607505,0.0131228193640708,0.11195570230484,0.106139026582241,0.1130796447396278,-0.1031804010272026,0.0087587609887123,-0.1131088361144065,0.1122091934084892,-0.0850768759846687,-0.0149160046130418,0.0994168370962143,0.1101888790726661,0.1089543178677558,-0.0880328565835952,-0.1062261089682579,-0.0176749322563409,-0.1088245287537574,0.0942070037126541,0.0328010916709899,0.1091299802064895,-0.0872519016265869,-0.0663211941719055,-0.1122133582830429,-0.0734445080161094,0.1079291403293609,0.002512281993404,-0.0836027637124061,0.0229896791279315,-0.1052312105894088,0.1113516762852668,-0.0126245599240064,0.0697029009461402,-0.1073211431503295,0.0090986853465437,0.0722080469131469,0.1068585515022277,-0.1114862039685249,-0.0257033091038465,-0.0018496242118999,-0.0944369435310363,-0.1002208366990089,-0.0998008102178573,-0.0835456773638725,-0.0786476135253906,0.1000490561127662,-0.0818467810750007,0.1005035862326622,-0.0539778545498847,0.1004044935107231,-0.0985997542738914,-0.0998462364077568,-0.0916221812367439,-0.0821074694395065,-0.0970842242240905,-0.0011396018089726,-0.1005043014883995,-0.1005170494318008,-0.1001525893807411,0.0985791012644767,-0.0983776822686195,-0.096906304359436,0.0706901997327804,0.1004888191819191,0.0957190990447998,0.0943779572844505,-0.0999605879187583,-0.1005164235830307,-0.0729547590017318,-0.1005120500922203,0.0797745436429977,-0.0818668156862258,0.1003984659910202,-0.0018893551314249,0.0991472527384758,0.0959763526916503,-0.1005170568823814,-0.0999810695648193,0.0961786359548568,0.1002071276307106,-0.0890335738658905,0.1005157902836799,-0.1005170568823814,0.0969366952776908,0.0917097255587577,0.0181600507348775,0.0996830835938453,-0.0976803302764892,0.0899350047111511,0.1004687845706939,-0.1005161106586456,0.1004657223820686,-0.1004543229937553,0.0917333662509918,-0.1005167886614799,0.0742094814777374,-0.1005170717835426,-0.0956737697124481,-0.0999618843197822,-0.0874461606144905,0.0912384986877441,0.0649184957146644,-0.0459307841956615,0.1005170568823814,-0.0730332285165786,-0.1004922688007354,-0.0906064733862876,-0.0991974100470542,-0.100514531135559,0.0183365363627672,-0.1005166172981262,-0.092442862689495,-0.1001910343766212,-0.1000277400016784,-0.0142843052744865,-0.0800098106265068,-0.007985976524651,-0.0859761536121368,-0.0774284675717353,0.094679519534111,0.0163601320236921,0.1003158017992973,0.0921052098274231,-0.100407563149929,-0.0766946151852607,0.0985608100891113,0.0584900230169296,0.0995060876011848,-0.0058559295721352,-0.1003287583589553,-0.0333714112639427,0.0984628796577453,0.1005170568823814,-0.082802377641201,0.1005126610398292,0.0500327460467815,0.0998860821127891,-0.0808392688632011,0.0424721203744411,-0.0902571082115173,0.0998598784208297,0.0995229035615921,0.0886423364281654,0.0987215638160705,0.1005169600248336,-0.0356699712574481,-0.0998362079262733,-0.072636179625988,-0.0999397337436676,-0.014151101000607,0.090994581580162,-0.1005170345306396,-0.1001188531517982,-0.1004881486296653,-0.0510755740106105,-0.0954367592930793,0.0958391427993774,-0.1004923954606056,-0.0977079719305038,-0.0947895869612693,-0.0413892976939678,-0.1004985272884368,0.0829584524035453,0.0999362990260124,-0.1004886403679847,-0.0870984718203544,-0.0979097783565521,-0.108088843524456,0.1057126298546791,-0.0273766368627548,-0.0692908838391304,0.107739433646202,-0.068117931485176,-0.1079587042331695,-0.108116365969181,-0.0751075074076652,-0.0711549594998359,-0.0384859889745712,0.1079299449920654,0.0890121161937713,0.1034543290734291,0.0592304579913616,0.1075542867183685,-0.0605661123991012,0.0416507199406623,-0.107647493481636,0.1038778871297836,-0.0945085138082504,-0.1081039682030677,0.0085026361048221,0.107924148440361,0.1061769053339958,0.0340008698403835,0.0371510311961174,0.1078653112053871,-0.1045986860990524,-0.0971635207533836,0.107935719192028,-0.1014673262834549,0.1070664823055267,0.1063112393021583,-0.0750635042786598,-0.1076645180583,0.0559429191052913,-0.0797617733478546,0.0961373597383499,0.065215840935707,-0.0833075046539306,-0.0017956882948055,0.0619047433137893,0.0916107818484306,-0.0688949227333068,0.1064241230487823,0.0324696041643619,-0.1030484214425087,0.1080290079116821,-0.1071268618106842,-0.0371608361601829,-0.0975505635142326,0.0808361694216728,-0.0935748592019081,-0.1074317470192909,-0.1080708429217338,-0.1015642508864402,0.0129710026085376,-0.0947335287928581,-0.0356490388512611,-0.0655210018157959,0.1008062437176704,0.1040152758359909,-0.0708160549402237,-0.0970977023243904,-0.0606455132365226,0.0937751531600952,0.02662218734622,-0.1081134229898452,0.0844608470797538,0.074721947312355,0.0137790590524673,0.0867552459239959,0.0264606866985559,0.1071557626128196,-0.1037304475903511,-0.1051465719938278,0.0726335421204567,-0.1068992465734481,-0.1073519587516784,0.1054145395755767,0.0975621417164802,0.1066541820764541,0.0986415743827819,0.1068260222673416,-0.1081125140190124,0.0975596159696579,-0.0816604942083358,-0.1015871539711952,-0.0882824063301086,-0.052282053977251,-0.1073294803500175,0.0219641719013452,0.0408553965389728,0.1065388694405555,0.0300385374575853,-0.0912315249443054,-0.1071462854743003,-0.1074899286031723,-0.0439088009297847,0.0554906316101551,-0.0787130370736122,0.1066808775067329,-0.0964047014713287,-0.0172717068344354,-0.0394420437514781,-0.1031412631273269,0.107785016298294,-0.1081141829490661,0.0967368930578231,-0.0863003134727478,-0.1081126108765602,0.1065267249941825,-0.1079318299889564,-0.1060083135962486,-0.0998106300830841,0.0670260041952133,0.0974753275513649,0.1080875843763351,-0.0430395863950252,0.1081184744834899,-0.1046813875436782,0.0915945917367935,-0.1080145239830017,-0.0981785655021667,-0.0665191262960434,0.0295109711587429,0.1070611402392387,-0.0315396450459957,0.0998140424489975,0.0899940058588981,-0.1117647141218185,0.0291877631098032,-0.0562196299433708,-0.0995165407657623,-0.0360599495470523,0.0782765224575996,-0.0642255395650863,-0.1121874898672103,-0.0305147729814052,-0.0365251488983631,0.1186467334628105,-0.0845177695155143,-0.1073382273316383,-0.0508587211370468,0.0367097631096839,0.1387930065393448,0.0464940629899501,-0.0276929195970296,0.0964471846818924,0.0415116213262081,-0.1115194261074066,-0.011237109079957,0.0097604449838399,0.0322579555213451,0.1124979108572006,0.0198647808283567,-0.1551950126886367,-0.0568572655320167,-0.0706822499632835,-0.1341599524021148,0.15979865193367,0.1516359597444534,0.0349769555032253,0.0678109973669052,0.0135668041184544,0.110112726688385,0.1478931754827499,0.0598102174699306,0.0699912160634994,0.1213100552558898,-0.1378354430198669,0.0657202899456024,-0.0826127603650093,-0.132530853152275,0.0757499411702156,-0.0133209228515625,-0.0289043933153152,0.0369178652763366,0.1001897305250167,-0.1236317604780197,-0.0652839466929435,0.0885248035192489,-0.0767337307333946,0.0552535690367221,0.1557318568229675,0.0009986631339415,0.0325763821601867,0.0146334655582904,-0.0739718452095985,0.0973354056477546,-0.0667303651571273,0.0792016610503196,-0.1123730093240737,-0.0665171295404434,-0.0639291852712631,-0.11138416826725,0.123169295489788,0.0725349709391594,-0.1067239120602607,0.0208869595080614,0.067016914486885,-0.0054540559649467,-0.0558528453111648,0.1441761404275894,-0.092929907143116,-0.1454309523105621,0.0865181162953376,0.1521386355161667,0.1538622975349426,-0.0301781073212623,-0.1401085704565048,0.0694806724786758,0.1090249270200729,-0.0334568545222282,0.0846175849437713,0.1136833652853965,-0.0668575838208198,-0.0814613625407219,0.1217740923166275,-0.1232114732265472,-0.1223502904176712,0.0941079705953598,0.0236733350902795,0.0017834001919254,0.1552708595991134,-0.0095610953867435,-0.0021960334852337,0.0562390424311161,0.0185897946357727,0.1096859872341156,-0.1192501336336135,-0.0643846541643142,0.1002568528056144,0.0629725530743599,0.1129932776093483,0.1194062680006027,0.0224147289991378,0.0354234613478183,0.0329903326928615,-0.0048980866558849,-0.0206290613859891,0.0201691295951604,-0.0159408506006002,0.1132066771388053,0.1277317702770233,-0.1412593871355056,-0.1421600729227066,-0.0176567509770393,-0.0540956556797027,-0.0207130294293165,-0.0659413337707519,-0.037506204098463,-0.0337443053722381,0.1169979274272918,-0.1308774650096893,-0.0876213982701301,0.1304295361042022,0.1715946793556213,-0.1102950200438499,0.1250881105661392,0.1613753587007522,0.177296370267868,0.0120570808649063,0.0375872254371643,0.0760512351989746,-0.0421487092971801,0.0636035725474357,0.0749005004763603,0.0544627979397773,-0.0086004883050918,-0.1394443362951278,0.0916604176163673,-0.0255036801099777,-0.1048347428441047,0.0968956425786018,-0.0847787111997604,-0.0950366854667663,-0.0705948993563652,-0.0480076931416988,-0.1288699954748153,0.1621705591678619,-0.0452423766255378,-0.0083586685359478,-0.0151197966188192,0.1158958673477172,0.0963525846600532,0.1278114020824432,0.1099336072802543,-0.0420502871274948,0.0066789835691452,-0.0276848059147596,0.0682660266757011,-0.063882865011692,0.0243055969476699,-0.0682314708828926,0.0339906439185142,0.0841914489865303,-0.1063986867666244,-0.0462602227926254,0.0145425414666533,0.1184929609298706,-0.0456030666828155,-0.0884966626763343,-0.0580376498401165,-0.0670513212680816,-0.0540745742619037,0.0482307523488998,0.1415041238069534,-0.0893819406628608,0.0802989155054092,0.005619004368782,-0.0772447362542152,-0.0456449873745441,0.1163366138935089,-0.0784917399287223,-0.0602348707616329,0.0177363883703947,-0.0946806594729423,0.0078823072835803,-0.152154728770256,-0.1051959991455078,0.0135290129110217,0.0761966109275817,0.0154921161010861,-0.0319295302033424,-0.0476186759769916,-0.1196892410516738,-0.1430915743112564,-0.07204320281744,0.1209239587187767,-0.0494535118341445,0.110836811363697,0.0765133500099182,-0.0456853546202182,0.1239105910062789,0.0943739712238311,-0.0663806498050689,-0.0818491131067276,0.1452485769987106,0.0571773238480091,-0.0720300897955894,0.0804806724190712,0.0387002453207969,-0.105831854045391,0.1197672113776207,-0.0156961139291524,-0.0946779623627662,-0.1729205995798111,0.0455189049243927,0.1474606841802597,-0.0504036583006382,0.0493170246481895,0.0107747316360473,0.0500952340662479,0.0004018179315607,-0.0501739121973514,0.0105598587542772,-0.117447942495346,0.0744602978229522,-0.0049999384209513,0.1324645280838012,-0.006147283129394,0.0608388110995292,-0.0959720239043235,0.0996665209531784,-0.093123622238636,-0.0739339366555213,0.1449123173952102,-0.1094080135226249,0.1258320361375808,-0.0324687995016574,0.1682804524898529,-0.0615462027490139,0.1040154695510864,0.0860194861888885,-0.1333301216363906,-0.0384923629462718,0.0029566679149866,-0.0995551571249961,-0.0968081951141357,-0.0260053258389234,-0.1102743595838546,-0.0334595367312431,-0.0828536078333854,-0.1036583632230758,-0.0011334521695971,-0.072301872074604,0.0259943436831235,0.0287522561848163,0.1708399355411529,0.1397219449281692,0.0423055998980999,0.001101249596104,0.0410358197987079,-0.054381214082241,0.0062433602288365,-0.073589339852333,0.0479811839759349,0.0242776051163673,0.0979990735650062,-0.1216127723455429,-0.1169281601905822,-0.0737411826848983,-0.0717496946454048,0.0763765722513198,-0.0444170907139778,-0.1016130447387695,0.1188545003533363,-0.0442627519369125,0.0689710229635238,-0.0886062383651733,0.0085067395120859,-0.1377782076597213,-0.1144266054034233,0.059687566012144,-0.032191801816225,-0.0020195608958601,-0.0414876975119113,0.1481878012418747,0.1515649110078811,0.0281237419694662,0.0656981393694877,-0.0636567845940589,-0.019096890464425,-0.023196056485176,-0.1028218567371368,-0.1271897107362747,0.0337255299091339,-0.0042049759067595,0.0914791971445083,0.046946357935667,-0.0101170297712087,0.0350302457809448,-0.1491024047136306,0.0834108740091323,-0.1542957872152328,0.1470345556735992,-0.0308374036103487,-0.0506580770015716,-0.0897425413131713,-0.1102705225348472,0.0738324746489524,0.1894342452287674,0.1358077526092529,0.1276489198207855,0.1279375106096267,0.0632742345333099,0.0379457287490367,-0.1338932067155838,-0.042913906276226,-0.0180880539119243,0.129288837313652,0.0880230441689491,-0.0546556375920772,-0.0049312310293316,0.0695457160472869,0.0507038012146949,-0.1393388658761978,0.0169680286198854,-0.0025812576059252,-0.1204753518104553,-0.1261957883834839,-0.1123109981417656,0.0807808563113212,-0.0967727601528167,-0.0465241819620132,-0.0984982326626777,-0.142766997218132,-0.0659134164452552,-0.0420697033405303,-0.0449995622038841,-0.1264665424823761,-0.0231828447431325,-0.0210273079574108,0.1254798024892807,0.0299409255385398,0.0295395590364933,-0.07622642070055,-0.0516980923712253,0.0727031007409095,0.1614835709333419,0.0256183296442031,0.0963892489671707,0.0842675939202308,-0.0800563171505928,0.0447239093482494,0.040504902601242,0.1420662552118301,0.1070116758346557,0.044447761029005,-0.0351497530937194,0.0406802035868167,-0.0260190349072217,0.0250208247452974,-0.0219563394784927,0.1164031475782394,-0.1110610365867614,0.1300756633281707,-0.1031277775764465,0.0516846068203449,-0.1757032424211502,0.0211784280836582,0.0701716095209121,0.0323192402720451,0.1505642235279083,0.1482365429401397,-0.0720716714859008,-0.061841282993555,-0.0947176069021225,0.1293302178382873,0.0263367630541324,XPNGNBJTVDMHEA-UHFFFAOYSA-N,Nc1ncc(I)cc1F
0.1015731990337371,0.0407899655401706,0.0805160626769065,0.1090866848826408,-0.0317665599286556,-0.1045978441834449,0.0320007912814617,-0.0022808427456766,-0.0483964122831821,0.0596792623400688,-0.0990680605173111,0.0858696103096008,0.0792178139090538,0.1102510467171669,0.1109164059162139,-0.0580578781664371,0.1075688302516937,0.0274043679237365,0.055019237101078,0.1102982088923454,-0.0654132589697837,-0.1106431484222412,0.0180529914796352,0.0157943908125162,0.0938033461570739,-0.1093582585453987,-0.1093807369470596,-0.0962469428777694,0.1050091907382011,-0.1082934513688087,-0.0518163219094276,0.0209906194359064,-0.1096180155873298,0.1109364852309227,-0.1108298748731613,-0.1109308898448944,-0.1082322373986244,0.0921781435608863,0.1109487637877464,0.0762698575854301,-0.0489519461989402,0.1049137338995933,-0.1045982539653778,0.1087635084986686,0.111106276512146,0.1104187667369842,-0.1105203330516815,-0.1108991801738739,-0.1056966334581375,-0.0174061506986618,0.1090258583426475,-0.0347461551427841,0.0759307891130447,0.0904211699962616,-0.1098808571696281,-0.01009729411453,-0.0839627683162689,-0.1092760637402534,-0.0945604294538497,-0.0981665700674057,0.1004723832011222,0.1110380291938781,-0.0516999438405036,-0.1037470400333404,0.109602615237236,-0.1002324521541595,-0.1102488562464714,-0.1083398982882499,0.0903675854206085,-0.1087046489119529,0.1063289120793342,0.1112171187996864,-0.0478698350489139,-0.1111639961600303,-0.1103700771927833,-0.0470832027494907,-0.1105358451604843,0.109769806265831,0.0395726151764392,-0.1106349974870681,-0.0183921232819557,0.1100837215781211,0.0024869090411812,0.0403460077941417,0.0745317935943603,0.1111468374729156,0.0020405333489179,0.1064353883266449,-0.1058377474546432,-0.0807938277721405,0.1104992032051086,0.1095596477389335,0.0975153893232345,0.1003437861800193,-0.1110097840428352,0.0031166800763458,-0.0804474204778671,-0.0669412910938263,-0.0505020506680011,0.1031045019626617,0.0785741731524467,-0.0085319355130195,0.1098861023783683,-0.0839612707495689,-0.1112156063318252,-0.0795942917466163,0.034765999764204,0.0195063110440969,-0.0919755548238754,0.1109153255820274,-0.0983250141143798,-0.0893515944480896,-0.0415611118078231,-0.0237695686519145,0.110784463584423,0.089025892317295,-0.0603082925081253,-0.1006345972418785,-0.1111546978354454,0.1110549122095108,0.1081421002745628,0.0967040807008743,-0.018833577632904,0.020867932587862,-0.1061987280845642,-0.0456074513494968,-0.0132060134783387,-0.1093346998095512,0.1108559370040893,-0.0100291613489389,0.0953974798321724,0.0575301013886928,-0.0682764053344726,0.0456007048487663,0.0391795933246612,0.092805303633213,0.1047138646245002,-0.0594843998551368,0.1081436648964881,-0.1046688854694366,-0.1107455417513847,-0.1032501608133316,-0.0343092456459999,-0.0479124635457992,0.0936053469777107,0.0903500393033027,-0.1124480888247489,-0.0954510197043418,0.0397765636444091,-0.0846456661820411,-0.1121896877884864,-0.0218886323273181,0.0841240361332893,0.0613775812089443,-0.0693278610706329,-0.0899981558322906,-0.1011082604527473,-0.0912831127643585,-0.0863562300801277,0.0190781243145465,-0.1107872799038887,0.1124322637915611,0.1032561138272285,-0.0144109753891825,0.0921403244137764,-0.1124457791447639,-0.0109049221500754,-0.0777255967259407,0.1055535823106765,0.0872024148702621,0.1103021502494812,-0.1124471127986908,0.0929946228861808,-0.0747440308332443,-0.0845265313982963,0.0964980870485305,-0.1111146509647369,0.1122922599315643,0.1114495396614074,-0.1120414212346077,-0.1094948351383209,-0.1065528020262718,0.0176864583045244,-0.1037048548460006,0.0702311471104621,-0.1124272644519805,-0.1082183346152305,-0.1104689389467239,-0.0054823504760861,0.0089762192219495,-0.0998051166534423,0.049380600452423,0.1124596074223518,-0.0125719038769602,-0.1115452349185943,0.1071656718850135,-0.1105544567108154,0.0698891505599021,0.0470771975815296,-0.1124288588762283,-0.1094235703349113,-0.1092606708407402,-0.1120537891983985,0.1065577194094657,-0.1096641421318054,0.1047687605023384,-0.0462721772491931,-0.0854041650891304,-0.1026223674416542,-0.0561913698911666,0.1081831827759742,0.0400213748216629,-0.1000279635190963,-0.1051173135638237,-0.0778308808803558,0.1076699793338775,0.0283216759562492,0.0822549238801002,-0.1098934784531593,-0.1045525148510932,-0.0396248884499073,0.1123022958636283,-0.0619883202016353,0.1121462360024452,0.0971517041325569,-0.0868648588657379,-0.0850756391882896,-0.0202931277453899,0.1037243753671646,0.1106480658054351,0.0961010232567787,0.0211696550250053,0.1045026779174804,0.112078920006752,0.0614316947758197,-0.0391859486699104,-0.1110392734408378,-0.0966122597455978,-0.0525968149304389,0.1048787534236908,-0.1106019020080566,-0.0127485813573002,0.0079094860702753,0.107569932937622,-0.1110111102461814,0.0338823050260543,0.0102128246799111,-0.1026128083467483,0.111032485961914,-0.1006618738174438,-0.0870517492294311,0.1097669824957847,0.0555157922208309,-0.1123222038149833,-0.0528777129948139,-0.048847559839487,-0.1019710302352905,-0.1026752591133117,0.1033618077635765,-0.1035640090703964,0.1045746356248855,-0.1028546020388603,0.0985139012336731,-0.1039851307868957,-0.100360669195652,-0.088995486497879,0.104440227150917,-0.0888631120324134,0.088693156838417,-0.0961898118257522,0.0209342576563358,0.0917479842901229,-0.0438767708837986,-0.0177783649414777,-0.0446188524365425,0.1018379554152488,-0.0064872084185481,-0.0933295115828514,0.1031921878457069,-0.084193505346775,0.0990248844027519,0.0880222618579864,0.0813883766531944,0.1045116409659385,0.0958574563264846,-0.0993896648287773,0.1030791997909545,-0.104342296719551,0.0501167476177215,-0.0138553772121667,-0.0660947188735008,-0.1042471528053283,-0.0968951359391212,-0.1045468747615814,-0.092137798666954,-0.0880095511674881,0.1001213043928146,0.0993122681975364,0.0089624570682644,-0.1042132005095481,0.0992050990462303,0.099968284368515,-0.0953283682465553,-0.1023496612906456,0.1042911782860755,-0.0624412409961223,0.0886590704321861,-0.0994562953710556,-0.1045344620943069,0.0812528654932975,-0.0825318992137909,0.0901722162961959,0.0102462051436305,-0.0912242233753204,-0.0424484126269817,0.1034652292728424,-0.0664049014449119,0.1042325645685195,0.104607954621315,0.0267376694828271,0.0309094581753015,-0.0086774695664644,0.0960079580545425,0.092783011496067,0.0391845554113388,-0.0541718117892742,-0.1036205887794494,0.0484328642487525,-0.0762239545583725,0.1045449376106262,0.0741183757781982,-0.1045823097229003,-0.1042231619358062,-0.0352260582149028,-0.1036356911063194,-0.1009875610470771,-0.0153703959658741,0.1041512861847877,0.0013878067256882,0.0891326963901519,-0.1043879613280296,-0.0898341163992881,0.0969702154397964,0.0151780853047966,-0.1012675166130065,0.0984397232532501,0.104454182088375,-0.0775033831596374,0.0945032238960266,-0.0979646444320678,0.0937118977308273,-0.0998247489333152,-0.0996678993105888,0.1020395383238792,0.0973895862698555,-0.1045512333512306,-0.0937506034970283,0.0957490876317024,0.0954399853944778,0.1027245447039604,0.1009465530514717,-0.0934973806142807,-0.0997224152088165,0.0573052167892456,-0.1026992052793502,0.072018451988697,0.0879706740379333,0.0790236145257949,0.0779909268021583,-0.1027367413043975,0.1045718863606453,-0.1030735522508621,-0.0981642007827758,-0.1043556481599807,0.1046100705862045,0.1039777994155883,0.0335854478180408,0.079634815454483,0.0917912945151329,-0.0895308703184127,-0.0966385379433631,-0.0466440357267856,-0.0878520831465721,0.1010836139321327,0.0296139381825923,0.1046983376145362,0.0831970572471618,-0.0573328249156475,0.0777167528867721,-0.1403667330741882,-0.0010847183875739,-0.0555670335888862,-0.046810008585453,-0.1242590397596359,0.0555656589567661,-0.0105900093913078,0.0265799313783645,-0.0896508246660232,-0.0091024916619062,0.1234142407774925,-0.1336586326360702,-0.0519416220486164,-0.00857759360224,-0.0990540981292724,-0.0406415872275829,0.0922989100217819,-0.0789934024214744,0.03254184871912,0.0464465618133544,0.1115630716085434,-0.1442435383796692,0.0412610098719596,-0.106724813580513,0.034832838922739,-0.1050047054886818,0.0224074460566043,-0.0234504472464323,0.1008748263120651,-0.012243166565895,0.1057474762201309,0.0941915512084961,0.0618050470948219,0.1211703941226005,-0.1091292053461074,-0.0635395869612693,0.0319125540554523,-0.0040111639536917,0.1305259764194488,0.062869943678379,-0.0432141534984111,0.0733106285333633,0.0143938940018415,0.0179390925914049,0.1324743330478668,-0.1313975602388382,-0.0200466383248567,0.1297836303710937,-0.0519147552549839,-0.0145070618018507,0.052498210221529,0.0463680401444435,0.061152197420597,0.0910833030939102,-0.1108043044805526,-0.1419042199850082,0.0392031967639923,0.1422454267740249,0.0015470298239961,0.1152362450957298,-0.1144267544150352,-0.1125257313251495,-0.040968332439661,-0.0989199355244636,-0.1265984326601028,-0.112337090075016,0.0444333478808403,0.0100691802799701,0.0264974310994148,0.0187436006963253,0.0875129550695419,0.1380398422479629,0.0265237670391798,0.0415953174233436,-0.1497812420129776,-0.1021653190255165,0.1257320195436477,-0.0879458039999008,-0.1520975679159164,0.017193654552102,-0.0594011396169662,0.1352890580892563,0.1511022895574569,-0.1414523720741272,0.0265639126300811,-0.1197864413261413,0.1142296940088272,-0.1035861819982528,-0.0981239452958107,-0.0864070355892181,0.048976395279169,0.1224583014845848,-0.0058187604881823,0.1156095638871193,0.0120567381381988,0.1423241943120956,-0.09199870377779,0.141835942864418,0.0213494375348091,0.0822638198733329,0.0497769340872764,-0.1083973348140716,-0.1110851094126701,0.0888099670410156,-0.0592040605843067,0.0564011633396148,0.0702871978282928,0.0881610363721847,-0.0662101060152053,0.1287143975496292,0.1140254661440849,-0.0677283257246017,-0.1094579920172691,0.0860017985105514,0.1113586649298667,-0.0786546319723129,0.0921883061528205,0.0914797708392143,0.136723056435585,0.0313122756779193,0.0276006311178207,0.0075236237607896,0.0849577859044075,-0.1701519340276718,-0.0537581369280815,0.0585087873041629,0.0736822783946991,0.0794284790754318,0.0398633703589439,0.15608711540699,0.1382959485054016,0.1359224319458007,-0.0118167791515588,0.1030503138899803,-0.0467738881707191,0.0068927737884223,-0.0132220145314931,0.0542684569954872,-0.1007368490099906,0.1229632198810577,0.0259974971413612,-0.0236583221703767,0.0364494584500789,-0.0084333531558513,-0.0854608342051506,-0.0873409733176231,0.1135786399245262,0.0839474722743034,0.1400641351938247,-0.0926942154765129,0.0379699096083641,-0.0007368125370703,0.0419681034982204,0.1269108355045318,0.0687900334596633,0.0507465414702892,0.1339697241783142,0.0853714123368263,-0.0026683069299906,0.0353395342826843,-0.1159352958202362,-0.0666975304484367,-0.0970265790820121,-0.0863068550825119,-0.0166079904884099,-0.1232639476656913,-0.0337997935712337,0.041662972420454,0.0891828835010528,-0.0983374416828155,-0.0409259088337421,0.0140008814632892,0.0153927439823746,0.0192626025527715,0.0387179814279079,0.0182744991034269,0.0088389804586768,-0.05125093460083,-0.0463016927242279,0.0620021298527717,0.123108185827732,0.1480112969875335,-0.0447143241763114,-0.0338327065110206,0.0743221417069435,-0.0653062090277671,0.0896420329809188,-0.1431989967823028,0.0812990516424179,0.1148987933993339,0.0694581344723701,0.1111784130334854,0.0478021167218685,-0.0416020825505256,-0.103696808218956,-0.1226199194788932,0.0897576063871383,0.1261728107929229,-0.14225934445858,0.0940479859709739,0.0196654461324214,-0.048713780939579,0.0515883564949035,-0.0026438189670443,0.0592527985572814,0.0299623496830463,0.0856719613075256,-0.0769614651799202,0.0099244294688105,0.0488623678684234,-0.020397325977683,-0.157640740275383,0.1381817162036895,0.160118743777275,0.0395856350660324,-0.1897867769002914,-0.0565946586430072,0.1504886299371719,-0.1409712731838226,-0.0610270351171493,0.0021367296576499,0.0300520434975624,-0.0824074521660804,-0.0654204413294792,-0.0441681444644928,0.0680006295442581,0.1509846746921539,-0.061379212886095,0.0731280669569969,-0.0639015138149261,0.0380409955978393,0.110834851861,-0.0568836741149425,-0.1368996798992157,-0.0705471858382225,0.1228161081671714,-0.1573628187179565,-0.0316686145961284,-0.1340973973274231,0.1299278289079666,-0.0825188308954238,0.1063989996910095,-0.0191179402172565,-0.178188070654869,-0.0370725095272064,0.0463036336004734,0.0480381026864051,-0.109106533229351,0.0820534229278564,-0.1364556103944778,0.0144013240933418,-0.0964719429612159,0.0683272033929824,-0.0892541259527206,0.1180942878127098,0.0684884041547775,0.1550935804843902,0.1446888446807861,0.1515171974897384,-0.0284839998930692,-0.0619764439761638,0.1320071816444397,0.0349184945225715,-0.1260176002979278,-0.0700020194053649,0.1234317943453788,0.0377764478325843,0.0303009655326604,-0.0862001255154609,-0.0572320744395256,-0.1553995162248611,0.0113625992089509,0.0251948069781065,-0.0763605013489723,-0.1245489940047264,-0.0077173383906483,0.0047017461620271,0.0303065832704305,0.0800289288163185,-0.0405953526496887,-0.0619422122836113,0.101358063519001,0.0548333302140235,0.0717158839106559,0.0105772875249385,-0.0700107961893081,0.1257692873477935,0.1318013966083526,-0.0833282172679901,0.0835518017411232,-0.1489400416612625,0.0878232344985008,-0.0588843375444412,-0.0547368340194225,-0.0844124406576156,0.0916030332446098,-0.0081515712663531,0.1822908520698547,0.0382545441389083,-0.0025098279584199,0.044375255703926,-0.1112128049135208,0.0918759852647781,-0.0050032916478812,0.0237642750144004,0.0489377714693546,-0.0789563208818435,-0.0743150860071182,-0.0413860976696014,-0.1205391362309455,0.0705982595682144,-0.0249850675463676,-0.0123212989419698,-0.0994939282536506,-0.0292942505329847,0.0197042636573314,-0.0597211346030235,-0.0870418474078178,-0.0268004946410655,0.0755800902843475,-0.02932720631361,-0.1443813890218734,-0.0591601505875587,0.0695139020681381,-0.0804324969649314,-0.1195268705487251,-0.0351267121732234,-0.1511213630437851,0.0566377155482769,-0.0761605650186538,-0.0846088528633117,0.0721395835280418,-0.1454582214355468,0.0765726268291473,-0.0055809668265283,-0.0524468347430229,0.1325003653764724,0.0439767464995384,-0.0999999120831489,-0.0407194718718528,-0.0973191857337951,0.1237020269036293,0.0016844624187797,0.004001794848591,0.092839702963829,-0.1498398184776306,0.099237285554409,-0.0756751969456672,0.0448809079825878,-0.0169354528188705,0.0110320458188653,0.0101338298991322,0.1682282239198684,-0.0267735589295625,-0.0363902598619461,0.0386591702699661,-0.0029100733809173,-0.1194747686386108,-0.1392365247011184,0.1093158945441246,-0.1454016119241714,0.1500522792339325,-0.0762398615479469,0.162308007478714,-0.0975329577922821,0.1273998469114303,-0.0537865981459617,-0.0766999423503875,-0.1035186946392059,-0.1294143944978714,-0.0829856842756271,-0.0059622474946081,0.120455615222454,0.1767087578773498,0.0060223336331546,0.0623444356024265,-0.0952212288975715,-0.0005043811397626,0.0497631393373012,AFLHBXAYSOTKED-UHFFFAOYSA-N,Cc1ncccc1CNC(C(N)=O)c1ccc(F)cc1
0.0998943820595741,-0.0870722308754921,-0.1040428876876831,0.1041757091879844,-0.1041533350944519,-0.0986885353922844,0.091421365737915,-0.0973556861281395,-0.1038516163825988,0.0877155289053917,-0.1034387797117233,0.0056596994400024,0.0316082090139389,-0.0249899718910455,-0.1042381525039672,0.1039003282785415,0.1042432710528373,0.0960324332118034,-0.1042181625962257,-0.0814996883273124,-0.1036283746361732,0.0743181854486465,0.1020364165306091,-0.0924493297934532,0.0442641749978065,0.1026990339159965,0.1042443811893463,0.0882476493716239,-0.1037257984280586,0.0077880937606096,-0.1020659878849983,0.1042401865124702,0.1040628477931022,-0.0970383882522583,-0.1040091961622238,-0.0144855631515383,0.1035611927509307,0.0838019847869873,-0.1003225743770599,-0.0791734531521797,-0.1042443066835403,-0.1042176559567451,0.0285439398139715,-0.1040262952446937,0.026350624859333,-0.1041743382811546,-0.1033948212862014,-0.0109245292842388,-0.101930521428585,-0.0063293930143117,-0.1042334958910942,-0.0134652722626924,0.1042239964008331,-0.1042388454079628,-0.0866259709000587,-0.0680371671915054,-0.0917268320918083,-0.0163196437060832,-0.1035459637641906,0.0533271096646785,-0.1042434573173523,-0.0738445967435836,-0.1037824302911758,0.1035033985972404,0.1042085811495781,0.0066225766204297,0.1041874885559082,-0.0767744332551956,-0.1037580147385597,0.1042319536209106,-0.081372283399105,0.1033865958452224,0.0953478217124939,-0.0570712573826313,0.0960301905870437,-0.0836730077862739,0.0217529181391,-0.0020128551404923,-0.0698846876621246,0.1036085933446884,0.1042432785034179,0.0995333194732666,0.0898769944906234,-0.0677766054868698,0.1025117933750152,0.0988639071583747,-0.103789784014225,0.0950395464897155,0.1041536331176757,-0.1042004078626632,-0.1042444705963134,-0.1040174216032028,-0.1041333675384521,0.1042424440383911,-0.1040321364998817,-0.1006761789321899,-0.1042444631457328,0.1042442992329597,-0.0973253101110458,-0.1016617268323898,-0.1041980683803558,0.1022702977061271,-0.1019446775317192,0.0474827773869037,0.1042444482445716,-0.0311539936810731,-0.1041813641786575,0.0147095713764429,-0.031420711427927,0.1035386621952056,-0.1015263795852661,-0.076874278485775,-0.028630094602704,0.1041416749358177,-0.103777565062046,-0.1030626744031906,0.1012927517294883,0.0762424692511558,0.0222477316856384,0.0986077338457107,0.024124851450324,-0.074227288365364,-0.0293040834367275,-0.0332620739936828,0.0824859887361526,-0.1005456522107124,-0.1033206135034561,0.0715565532445907,-0.0513839125633239,-0.0981620326638221,-0.0981659963726997,-0.0781805366277694,0.0981633737683296,-0.0977481678128242,0.0980398878455162,0.0939719900488853,-0.0775830596685409,-0.0981257483363151,0.0981411263346672,-0.0959155410528183,-0.0728135332465171,-0.0980167388916015,0.0908383578062057,0.0642674416303634,-0.098166823387146,0.092506468296051,-0.0971063822507858,-0.0910022929310798,-0.0976885333657264,0.0979446321725845,0.0981633514165878,-0.0981620401144027,0.0903244987130165,-0.0981537625193595,-0.0206896923482418,-0.0936838835477829,-0.0967899933457374,0.0882338359951973,0.0895805805921554,0.0890640541911125,0.0760928615927696,-0.09816575050354,0.0552507080137729,0.0930057913064956,-0.0753753334283828,0.0955507680773735,-0.0807375013828277,-0.0329666882753372,-0.0024926511105149,0.0513433627784252,0.097579650580883,-0.0981664583086967,-0.0981668680906295,-0.0924615934491157,-0.0981666818261146,0.096294991672039,-0.0981668159365654,0.0957974195480346,0.0979792475700378,-0.0981668531894683,0.0981666073203086,0.0067382277920842,0.0981106758117675,0.098166786134243,0.0978207364678382,0.0954500436782836,0.0978045463562011,0.0981409400701522,0.0455895289778709,-0.0981343835592269,-0.0824138224124908,-0.0981668829917907,0.0948487296700477,0.0954435244202613,-0.0909541472792625,0.0931227728724479,0.0183207970112562,0.0970410332083702,0.0981596484780311,0.0971821844577789,0.0410537645220756,0.098164364695549,0.098166823387146,0.0981616824865341,0.0975143238902092,-0.0972273647785186,0.0981668680906295,0.0052376585081219,-0.0393512435257434,-0.0981502309441566,-0.0759183391928672,-0.0858425572514534,0.0981451794505119,-0.0937303751707077,0.0962682142853736,0.0767282769083976,-0.0105601884424686,-0.0825359299778938,-0.0981502085924148,-0.0981663092970848,0.0862481668591499,-0.0966143757104873,-0.0944992080330848,0.0205401983112096,-0.077547550201416,0.0980697274208068,0.0981668829917907,-0.0981659963726997,0.0594614744186401,0.0981481671333313,-0.0948130115866661,0.0980097874999046,-0.0980518385767936,0.0978042930364608,-0.0979306325316429,-0.0981614962220192,0.098164215683937,0.0256197843700647,0.0954774841666221,-0.0981666594743728,0.0981640070676803,0.0944843590259552,0.098074197769165,-0.0981516614556312,-0.060953039675951,-0.0981464609503746,-0.0927052795886993,-0.0977899804711341,0.0981650426983833,0.0981573835015297,-0.0076422421261668,-0.0981666147708892,0.0981668457388877,0.0758668482303619,-0.0831528604030609,0.0931424647569656,0.0945554077625274,0.0952753722667694,-0.0942738503217697,0.0889267101883888,-0.0940514355897903,-0.0927289798855781,-0.0952283814549446,-0.0950245931744575,-0.0835549682378768,-0.094833105802536,0.0767646506428718,0.095281682908535,-0.095288448035717,0.0950899645686149,-0.0952886790037155,0.0952887386083602,0.095205582678318,-0.0933932960033416,-0.0935366973280906,0.0925431996583938,-0.0952886939048767,-0.0031102036591619,-0.0944623425602912,0.0952865332365036,0.0874252840876579,0.0910083577036857,0.0948209688067436,0.0952887386083602,-0.0952881276607513,0.0952886193990707,0.0887557566165924,-0.0476193092763423,0.0952887386083602,0.0830005705356597,-0.0923542082309722,-0.0796520933508873,0.0375286675989627,0.0624002292752265,0.0408361107110977,0.0944728553295135,-0.094967283308506,-0.0940474346280098,-0.0155127570033073,0.0952887311577797,-0.0952742472290992,0.0942480266094207,-0.0879096984863281,-0.0928735062479972,0.093724139034748,0.0952626541256904,0.089005708694458,0.0895067676901817,0.0690684169530868,0.0526590198278427,-0.0938503369688987,-0.0782063156366348,-0.0951348841190338,0.0952828451991081,0.0159847009927034,-0.0934392884373664,-0.0888034924864769,-0.0952725559473037,-0.0708231255412101,0.0952853634953498,-0.0707864612340927,-0.0914460644125938,-0.0742623880505561,0.0947642549872398,-0.0952885523438453,-0.0932806953787803,0.0952678173780441,0.0952838659286499,0.0864739120006561,0.0952451899647712,-0.0948797687888145,-0.0951957404613494,-0.0526433996856212,0.0952887386083602,-0.0820248275995254,-0.0952831357717514,0.0320894196629524,-0.0520040430128574,0.0952534824609756,-0.0933835804462432,0.0952802821993827,-0.0952887386083602,-0.0949760898947715,-0.0938775986433029,-0.0950802266597747,-0.0852116346359252,-0.0949775800108909,-0.0930416584014892,-0.0952887386083602,-0.0941377878189086,0.0952792018651962,-0.0939584895968437,-0.0800359696149826,0.0834642499685287,0.0951843187212944,-0.0927006155252456,-0.0952887386083602,-0.0952887311577797,-0.0950220748782157,0.0937990397214889,-0.09528848528862,0.0952566415071487,0.0952857434749603,0.0952886790037155,-0.0952601432800293,0.0182645246386528,-0.0907180681824684,-0.0952886641025543,-0.0946457386016845,0.0952410772442817,-0.0951243042945861,-0.0881028920412063,0.0244711209088563,0.0922197923064231,0.0952887386083602,-0.0952887386083602,0.0952858328819274,-0.0952138900756836,-0.0952165946364402,0.0942556262016296,-0.0927960947155952,0.0946636274456977,-0.0833718404173851,0.095209464430809,0.1037009134888649,0.1044558063149452,-0.0445917770266532,-0.0234903581440448,0.0275397412478923,-0.1183410882949829,0.0651112645864486,-0.1196890622377395,-0.1117213293910026,-0.1100682318210601,-0.1062818691134452,-0.0526057258248329,-0.0253904350101947,0.014192784205079,0.070916011929512,-0.0563571453094482,-0.0175859499722719,-0.1340222060680389,0.1336974650621414,-0.0916227325797081,-0.1076734364032745,0.1194904148578643,-0.0330969728529453,-0.0308681037276983,0.107403926551342,0.041018970310688,-0.0785894319415092,-0.0061807078309357,-0.0313784517347812,-0.0123307751491665,-0.0020123654976487,0.0069845863617956,0.1148264929652214,-0.0240224208682775,-0.12907175719738,-0.0420975424349308,-0.047253094613552,0.1173268631100654,0.1227679923176765,-0.0989857837557792,0.0526640191674232,0.127059668302536,0.1118599772453308,0.032450396567583,0.0924201533198356,0.1167693212628364,-0.10963686555624,-0.1052251309156417,-0.0953990519046783,0.1208928376436233,-0.1046923696994781,-0.0078066801652312,0.1369722038507461,-0.1029015332460403,-0.1367121785879135,0.0330238044261932,-0.0476860180497169,-0.0039635645225644,0.1037829667329788,-0.0475027337670326,-0.1309356391429901,0.1217287704348564,0.1278112232685089,0.1232240498065948,0.0995773077011108,-0.0301387589424848,-0.1166237965226173,0.0389837138354778,-0.1208129003643989,0.0867078676819801,-0.0778747946023941,0.001087169512175,0.0032701380550861,0.1064103320240974,-0.0292526111006736,0.0691870227456092,0.1374014168977737,0.1296221762895584,0.0330743864178657,-0.1013398841023445,-0.1145199313759803,-0.1113355904817581,-0.1033142060041427,-0.1247605606913566,0.0155575312674045,0.114852674305439,0.0557052157819271,0.1122881397604942,-0.0208543706685304,0.0312962867319583,0.0316606611013412,-0.0328502841293811,-0.0843364000320434,-0.1315312683582306,0.0736538618803024,-0.1120775714516639,-0.0303096957504749,-0.1197593510150909,0.0972760692238807,0.1329884380102157,0.1195992082357406,0.0437553338706493,0.0201488249003887,-0.065102145075798,0.0409141667187213,0.1274713277816772,-0.0854130163788795,0.0722432434558868,0.1006100177764892,-0.0640027970075607,-0.0921186953783035,0.0985463485121727,-0.0577179044485092,0.1266048997640609,-0.0762146562337875,0.0825386568903923,0.0861446633934974,-0.110870212316513,-0.0484163239598274,0.0121050402522087,-0.1188263222575187,-0.0042444462887942,-0.0948046669363975,-0.1197324320673942,0.0030465254094451,-0.0052462858147919,0.1272924095392227,0.0961387827992439,-0.0203936025500297,0.0172170605510473,0.093376986682415,-0.0742826461791992,0.0771621242165565,0.0271963197737932,0.1352559328079223,-0.0038416951429098,0.0466834641993045,-0.0741334557533264,0.1271692067384719,0.1026120111346244,0.1305727958679199,0.1160044893622398,0.1231611371040344,-0.1305060684680938,-0.0134297171607613,-0.1177028864622116,-0.1033962368965148,-0.1291646361351013,-0.1280102133750915,-0.0839362293481826,0.0671790912747383,0.0899514853954315,-0.1083014532923698,0.0667946860194206,-0.1326545625925064,0.1065342351794242,-0.1210686787962913,0.1075792461633682,-0.0306499451398849,-0.1138014197349548,0.0500218831002712,-0.1258215606212616,0.0168876461684703,0.0160232223570346,0.1270299404859542,-0.0364942401647567,0.0641621276736259,-0.0385151170194149,0.0443558022379875,0.100297100841999,-0.0546223670244216,-0.1157023683190345,0.1242485120892524,0.1275527775287628,-0.0370658338069915,-0.1239973232150077,0.051338855177164,-0.0153183517977595,0.0586488991975784,-0.072897270321846,0.1244154050946235,-0.1310303211212158,-0.0063009057193994,-0.0481971465051174,-0.0695295482873916,0.0345256775617599,0.0450164638459682,0.0101361973211169,-0.0085567664355039,0.1293393671512603,-0.131921038031578,-0.0588750317692756,0.0985967442393302,0.0681495144963264,0.0185550767928361,0.0975226610898971,-0.0083606177940964,-0.0995556712150573,-0.125729814171791,0.0693114548921585,0.0410134866833686,-0.0873755812644958,0.1286740452051162,0.0390604473650455,0.1184091344475746,0.0558734349906444,-0.1188240125775337,-0.0795877650380134,-0.0522599034011364,-0.0810128897428512,0.0779056102037429,0.1254279017448425,0.0433047451078891,0.0542595013976097,-0.0263202395290136,-0.1249304115772247,-0.0795628875494003,0.0284973531961441,-0.0310143232345581,-0.011270466260612,-0.1043923199176788,-0.0945348516106605,0.1344375312328338,-0.1278781145811081,0.0674412250518798,-0.0958656966686248,-0.1202489212155342,0.1111481338739395,0.1235645711421966,0.0965694263577461,0.0193764865398406,-0.1146655604243278,-0.0329642631113529,0.006267299875617,0.080376848578453,0.1305301189422607,-0.0286730285733938,0.1073547154664993,0.0327163375914096,0.1303345113992691,0.1153417155146598,-0.0827366635203361,-0.0018083977047353,-0.0843298360705375,0.1114309430122375,-0.1076983213424682,-0.0889435186982154,-0.0410333462059497,-0.0962292626500129,-0.1149105206131935,-0.1290382444858551,0.073192149400711,-0.0691755563020706,-0.0122802322730422,-0.0048784841783344,-0.102369450032711,-0.1354350000619888,-0.0917701795697212,-0.050114631652832,-0.0063784387893974,0.0655670911073684,0.0434832535684108,0.1520774662494659,0.1139155030250549,0.0353437773883342,-0.0444421060383319,-0.091870978474617,-0.011708490550518,-0.095225028693676,0.0160979945212602,0.1388738006353378,-0.05689362809062,0.1369896978139877,-0.1384584605693817,-0.0951577797532081,-0.1418874710798263,-0.0451695993542671,0.0261263884603977,-0.0764350518584251,0.0362335853278636,-0.0029025787953287,-0.1168725416064262,-0.1104195863008499,-0.0188523437827825,0.1132844612002372,-0.0681187063455581,0.0985335260629654,0.1232757419347763,0.1060769036412239,0.054583866149187,-0.0176711566746234,0.1504826545715332,0.1035631299018859,0.0207570679485797,0.1116123422980308,-0.0534421242773532,-0.0613173022866249,-0.0527068078517913,0.0200242064893245,-0.1302892416715622,0.0950026586651802,-0.0099654672667384,0.1431993842124939,-0.0807046368718147,0.0929945409297943,0.0174666102975606,-0.1422742754220962,0.0559202171862125,-0.0482383370399475,0.1213380247354507,0.0263902749866247,-0.0535932928323745,-0.1256482154130935,-0.1241615861654281,0.0366922430694103,0.1502843052148819,-0.0054617878049612,0.1136358231306076,0.0147998360916972,0.0934248268604278,0.007398874964565,-0.0990804135799408,-0.1036995649337768,-0.0237225499004125,0.113644964993,0.0639427974820137,-0.1297434866428375,-0.0505339205265045,0.1194043755531311,0.0371435172855854,-0.0959193408489227,-0.0582321435213089,-0.1430488973855972,-0.105859637260437,-0.1241859719157219,-0.0799141600728035,-0.036950446665287,-0.1249070391058921,0.0752366855740547,-0.1252640336751938,-0.0776867568492889,0.1070692837238311,-0.0433096550405025,-0.0391668081283569,-0.0842187032103538,0.0038034317549318,-0.0210812911391258,0.0058241221122443,-0.1163607761263847,0.0991179272532463,-0.1414145976305008,-0.0599492266774177,0.0896467566490173,0.0966963022947311,-0.0621165819466114,-0.0008143537561409,0.0387811101973056,0.0777981281280517,-0.0588053055107593,-0.0922392606735229,0.0623796395957469,0.0397223085165023,-0.0879402682185173,0.0296151470392942,-0.0692642852663993,-0.0025238019879907,0.1186878830194473,-0.1484753936529159,0.1316988170146942,-0.1271518021821975,-0.0120542896911501,-0.0464767143130302,0.0328556559979915,-0.1410941779613495,-0.1008540540933609,0.0111909862607717,0.1226271614432334,0.1421009004116058,0.1362833976745605,0.0506336987018585,-0.0881348773837089,-0.0461769253015518,0.0245620291680097,-0.0514599457383155,ABRFPSOBECPPFG-JHGYPSGKSA-N,CN(C)c1ccc(/C=C/c2cc(NCCCO)c3ccccc3[n+]2C)cc1.[I-]
0.0980252772569656,0.1097003817558288,0.0580683089792728,-0.1057057604193687,0.1176917850971221,0.061758205294609,-0.042094811797142,0.058690920472145,0.0936310067772865,-0.0983156263828277,0.1053732186555862,-0.0809339955449104,-0.0019901944324374,-0.0922058448195457,-0.1173807978630065,-0.1183332502841949,-0.1038235202431678,0.0643498376011848,0.0215559024363756,-0.1184729486703872,-0.0973108932375907,0.0044021094217896,-0.0406354665756225,0.0325040891766548,-0.0320006385445594,0.1184950545430183,0.1178003475069999,-0.0899698957800865,0.1033794060349464,-0.0745112970471382,-0.108492188155651,-0.0561708584427833,-0.0858383029699325,-0.0391855761408805,-0.0523306317627429,-0.1094146966934204,-0.0521248131990432,-0.1169702857732772,-0.1169341504573822,0.0531412884593009,-0.1173122525215148,-0.1088656634092331,-0.0264850370585918,0.096078872680664,-0.1184145808219909,-0.0117194931954145,-0.0969592854380607,-0.1082672104239463,0.0248893555253744,0.0784175097942352,-0.0434500575065612,-0.0473088324069976,0.1175289750099182,-0.1182750985026359,0.0560120306909084,-0.0487692542374134,-0.0139056826010346,-0.0606744028627872,0.1177698597311973,-0.0556046143174171,0.1182688847184181,0.0923719480633735,-0.1093205064535141,-0.0327274575829505,0.0711285918951034,0.1089810132980346,-0.0903818905353546,-0.0923841446638107,-0.1182057708501815,0.0212097484618425,0.0300709325820207,0.1162885874509811,-0.0158695522695779,-0.0862317383289337,0.0894913598895073,0.0926375836133956,0.1122550442814827,-0.1162513494491577,-0.059085190296173,0.0849979594349861,-0.0861701145768165,0.1111403405666351,0.0419364050030708,0.0502187497913837,0.061356596648693,-0.1158916875720024,0.094499260187149,0.0825877264142036,-0.1131621301174163,-0.0087458984926342,-0.1182152181863784,-0.1144731864333152,-0.0931412503123283,0.1086475774645805,-0.1183994710445404,0.0218494646251201,-0.1182359978556633,0.1181555837392807,0.0955111309885978,-0.0783131197094917,-0.1123945340514183,-0.0908535346388816,-0.114194743335247,0.1148621886968612,0.1182338669896125,-0.037069909274578,-0.1181814521551132,-0.0965580120682716,0.0708192959427833,-0.0252977143973112,0.061244610697031,0.0974994823336601,0.0958483964204788,-0.114659160375595,-0.0949429348111152,0.0007263376028276,0.0036590644158422,0.0986612662672996,0.1112334281206131,-0.1153659000992775,-0.0752636864781379,0.0892445519566536,-0.0433222725987434,-0.1184795275330543,-0.1008201241493225,-0.0951974242925643,0.0490401722490787,-0.0971619561314582,-0.0211330447345972,-0.0287517663091421,-0.1133535057306289,-0.1032230406999588,-0.0568289533257484,0.0882295966148376,0.0231753066182136,0.106931671500206,-0.1105448827147483,0.0960204154253006,0.0421232767403125,0.0842986404895782,0.1200089082121849,-0.0845779180526733,0.0072057996876537,0.0878264233469963,-0.1200375407934188,0.094312734901905,0.1169329509139061,0.0103576527908444,-0.1146774962544441,-0.0969486162066459,0.1197487786412239,-0.1191159337759018,0.0165869053453207,-0.0348974801599979,-0.119719460606575,-0.0116204712539911,-0.0415279418230056,-0.1162034124135971,0.1046545803546905,0.0932736098766326,-0.0185161232948303,-0.1197113096714019,-0.1038646325469017,0.0573540814220905,-0.0876164138317108,0.1174709349870681,-0.0826562568545341,-0.0816176980733871,-0.091966338455677,-0.0369915291666984,-0.0967316776514053,-0.0002212817198596,-0.0907714292407035,0.099679060280323,-0.1180867403745651,-0.0144839258864521,-0.1181997954845428,-0.0557985939085483,-0.1102356612682342,-0.0875994339585304,0.1200377196073532,0.1150797605514526,-0.0813002213835716,0.1170464307069778,0.0072584939189255,0.0800936222076416,-0.0052347327582538,0.0919709205627441,0.0425204932689666,-0.1026329100131988,0.0763402804732322,-0.1200308576226234,-0.1078543812036514,0.0861597135663032,0.1055688858032226,0.1144298091530799,0.1018857657909393,0.1103474497795105,0.1125631555914878,0.1197585687041282,0.0952523276209831,0.0941752418875694,0.1198712736368179,0.0932383313775062,0.1013696640729904,0.113009974360466,0.0050132386386394,0.0507421270012855,-0.0594815053045749,-0.1180521249771118,-0.114154614508152,0.1086525842547416,0.1146320328116417,-0.0735369771718978,0.0073948372155427,-0.0049088867381215,0.0249658059328794,0.0531018413603305,0.0073722722008824,0.0404187813401222,-0.0518698617815971,-0.0952229052782058,-0.0657564774155616,0.0901077762246131,0.0157320536673069,-0.077615849673748,0.1149294003844261,-0.1052221134305,-0.1194450184702873,0.0233359578996896,0.1080530434846878,-0.0652999207377433,0.0394057147204875,0.0658811032772064,-0.0299223978072404,-0.0914895087480545,0.1200107634067535,0.0937158316373825,0.0941419228911399,-0.1161512956023216,0.1168922930955886,-0.1031167656183242,0.1143774166703224,-0.0837220475077629,0.0976058840751648,-0.1188963279128074,0.0144159235060215,0.089765153825283,0.0321550332009792,0.1169789507985115,0.0923421084880828,-0.114773504436016,-0.0279762484133243,0.0949024409055709,0.1065561845898628,0.0169889964163303,-0.1081633940339088,0.1074563786387443,0.0525464825332164,-0.0459603294730186,0.0574042573571205,0.1076274886727333,-0.1081526130437851,0.1063616722822189,-0.1068611443042755,0.1067678034305572,-0.0895576030015945,-0.1056983321905136,0.090408943593502,0.1081833243370056,-0.1081601306796073,-0.0217471085488796,0.0681189373135566,-0.0483196265995502,-0.0899456590414047,0.0132855419069528,-0.0339664034545421,0.0759007558226585,-0.1059655919671058,0.0746172294020652,-0.1069993823766708,0.0819818153977394,-0.0196250341832637,0.1071086376905441,-0.1072760000824928,0.1021369248628616,-0.0995474830269813,-0.0971938446164131,0.0816380307078361,0.1078414767980575,0.0408281795680522,0.098345436155796,0.1081690117716789,-0.0729538947343826,-0.083151988685131,0.060267224907875,-0.1044440940022468,0.0918789505958557,0.0576086826622486,0.1072099804878234,0.0967355743050575,-0.1081413701176643,0.1042082235217094,0.1004477441310882,-0.1081490889191627,-0.1020587310194969,0.1002218499779701,-0.0872078314423561,0.017330627888441,0.0944881811738014,-0.1080533862113952,0.1081814765930175,-0.0542407929897308,-0.1036457568407058,0.1076326742768287,-0.0258770585060119,-0.0207360479980707,0.1074551716446876,0.0750665664672851,0.1026676371693611,0.0920745953917503,-0.0772828534245491,-0.1056137531995773,-0.0984886363148689,0.0182740036398172,0.027340667322278,0.0219764616340398,0.1081312000751495,-0.1067705824971199,-0.1081146970391273,-0.0969063341617584,0.108016662299633,-0.1029886826872825,0.0995839089155197,-0.1080983877182006,0.107878528535366,-0.0893825218081474,-0.1039400473237037,-0.0733787417411804,-0.0910340473055839,-0.1080959215760231,-0.1053971424698829,0.1074150577187538,-0.042877409607172,0.0107789002358913,-0.0372440442442894,0.0297671630978584,0.0542520582675933,0.0442212522029876,0.0867779701948165,-0.1004552096128463,0.1081371754407882,0.0923707783222198,-0.0859402865171432,0.0864596515893936,0.1081312149763107,-0.108145035803318,-0.1077686175704002,-0.1081833466887474,0.1066383719444274,-0.0230172891169786,-0.1081006973981857,-0.0836849063634872,0.0076550231315195,0.1081278622150421,-0.0872690305113792,-0.063760407269001,-0.1077280268073082,-0.0191285517066717,-0.106412336230278,-0.1081326305866241,0.0313497260212898,-0.0906041488051414,0.106874905526638,-0.1081471294164657,0.0805871561169624,0.07343190908432,-0.0690893456339836,0.0920500010251998,0.0970840528607368,0.1072498932480812,-0.0135011244565248,-0.0647843033075332,0.0785888731479644,0.1125796139240264,0.1084211841225624,-0.1156066209077835,-0.1154431328177452,0.0789975374937057,0.1135667487978935,-0.0409653633832931,0.0809738561511039,-0.0286725964397192,-0.0770815312862396,0.1180845499038696,0.1125198677182197,-0.012854790315032,0.0529419556260108,-0.009084453806281,-0.0989669933915138,0.1010279431939125,0.1177963614463806,-0.0619514323770999,0.0439444407820701,-0.1156200990080833,0.1147486120462417,-0.1155413836240768,-0.0579765178263187,-0.1085628122091293,-0.1085040643811225,0.0084725422784686,0.1140692606568336,0.0432427860796451,-0.0973771959543228,-0.1024237871170044,0.0045464746654033,0.0274652708321809,-0.0590659491717815,-0.0154241537675261,0.1164446100592613,0.1175719127058982,-0.1069749817252159,-0.1139456778764724,0.1068529710173606,0.0369122922420501,0.0398077704012393,-0.0444687977433204,0.1168894544243812,-0.0969458147883415,0.1049980893731117,-0.0679887682199478,-0.0745340585708618,-0.1099967956542968,0.0338872894644737,0.113467201590538,-0.0928417295217514,0.0884145498275756,0.1181283742189407,-0.1126213297247886,0.0052284817211329,-0.0847921296954155,0.1020648926496505,-0.0892877876758575,0.0797632709145546,-0.118753008544445,0.0173622537404298,-0.0695821195840835,0.0837223455309867,0.1136218011379242,0.0216329079121351,-0.1176130771636962,0.1006761789321899,0.0722413659095764,0.1087345033884048,0.107276402413845,0.0183687470853328,0.0517229624092578,0.1155653074383735,-0.1171987205743789,0.1113803759217262,0.1172168254852294,0.0075252586975693,-0.0625730976462364,0.0577743463218212,-0.0921005383133888,0.0702627077698707,-0.0106216436251997,-0.116762176156044,-0.1081545352935791,0.0954483672976493,0.1158549040555954,-0.0346682630479335,0.0072681559249758,0.1172998696565628,0.1135723963379859,-0.0846751481294632,-0.0792436674237251,0.0654884427785873,0.0851080864667892,-0.0072339563630521,0.1116086393594741,-0.0476479791104793,0.0521377809345722,0.0118599692359566,-0.1124486997723579,0.0712151303887367,-0.0403725989162921,0.0831475779414177,0.1179043278098106,-0.0257810596376657,-0.0806782394647598,0.1151533424854278,-0.1058121398091316,0.1096110269427299,0.0040935222059488,0.1033141613006591,0.1005561649799346,-0.1133687272667884,-0.1175607964396476,0.0423593521118164,0.0670216158032417,0.1184526532888412,-0.1128031089901924,0.1064082980155944,0.1170207187533378,0.0245953369885683,-0.0586792677640914,-0.114720806479454,-0.0608618073165416,0.0851276293396949,0.1068499460816383,0.0952393785119056,-0.0719038769602775,0.0511574037373065,0.077711746096611,0.0366839617490768,0.0565452240407466,-0.0370989888906478,0.1056364029645919,0.0785524398088455,-0.0340045690536499,-0.0074935811571776,0.0139547530561685,-0.0889291912317276,0.0892957970499992,0.1132439225912094,-0.144348070025444,-0.0877889469265937,-0.0056688273325562,0.1019513234496116,-0.1348803639411926,0.0473811253905296,-0.1118082329630851,-0.0894231498241424,-0.1414548009634018,0.103851594030857,-0.1027452647686004,-0.0384926758706569,-0.1296314150094986,0.1200665310025215,-0.1221601814031601,0.1208887919783592,-0.1008397564291954,0.0304034296423196,0.1026729866862297,0.0134051479399204,0.1283121258020401,-0.1115333810448646,-0.0320843644440174,-0.0075738378800451,-0.1189756020903587,0.1287362724542617,0.1315094977617263,0.0733212754130363,-0.0363899618387222,0.0625329911708831,-0.0069633270613849,-0.0585497505962848,-0.0769418627023696,0.0067368559539318,0.1130860969424247,-0.0379381775856018,0.0193253736943006,-0.0842796340584755,-0.0970320552587509,0.0638131126761436,0.1115905344486236,0.0516633428633213,-0.1432774066925048,0.0124595183879137,0.0930332690477371,-0.1044885143637657,-0.0425491258502006,0.0334873795509338,0.0018076942069455,0.0517020523548126,-0.1190352290868759,0.0042776283808052,0.0090938555076718,0.0533221140503883,-0.0486254543066024,0.0840948894619941,-0.0658133253455162,0.120267242193222,-0.1325469613075256,0.0611438192427158,0.1348675638437271,-0.1284728944301605,0.0967365205287933,0.0657741352915763,0.1406414955854416,0.1196149587631225,-0.0605257302522659,-0.0532421842217445,-0.0408713445067405,0.1108556240797042,-0.022858016192913,-0.0851409807801246,0.1227668076753616,-0.130860149860382,-0.1131398305296897,0.0039703319780528,0.054312665015459,-0.0502448640763759,-0.1345214247703552,0.0522623918950557,0.1418356895446777,-0.1031134277582168,0.1370371133089065,-0.1332467645406723,0.042133018374443,-0.0043000890873372,-0.1174481362104415,-0.0255678799003362,0.0194391719996929,0.0836608111858367,0.0201934333890676,0.0242134351283311,0.015725677832961,0.0808950439095497,-0.031358502805233,-0.1356254816055297,-0.1177608892321586,-0.0101568521931767,0.1328651756048202,-0.0914064794778823,0.1115650236606597,0.0713728368282318,0.137157455086708,-0.1304660737514495,-0.1024506762623786,-0.0275572761893272,-0.0336477011442184,0.1022869050502777,0.0232864301651716,-0.1187757328152656,0.096570961177349,0.1231487244367599,0.0060313348658382,-0.1055850759148597,-0.0096839424222707,0.0845695957541465,-0.0372774824500083,0.0915813818573951,0.0058079953305423,0.1551731526851654,0.1441857069730758,0.0597291961312294,-0.1156135872006416,-0.0824288800358772,0.1093857586383819,-0.086343839764595,-0.1176688149571418,-0.0483085215091705,0.0685800909996032,-0.0847418159246444,0.0772021412849426,-0.0416194312274456,0.0289123952388763,-0.168018028140068,-0.0226753372699022,0.0815600305795669,-0.0826290547847747,-0.1393089145421981,0.0189004205167293,0.0489494912326335,-0.0299888607114553,0.014070457778871,0.048289481550455,-0.0369048714637756,0.1621232032775879,-0.0841154903173446,0.051374290138483,0.0456558018922805,-0.0102867316454648,0.1463740766048431,0.0637263059616088,-0.1126740798354148,-0.0668496638536453,-0.1401283740997314,-0.010669844225049,-0.0310064069926738,-0.0235446989536285,-0.0012385916197672,0.0675824880599975,-0.076614610850811,0.1700026094913482,0.0144787309691309,0.0667767524719238,-0.0273249633610248,-0.0975568890571594,0.1381130367517471,0.0894751921296119,0.0290901772677898,0.1361895948648452,-0.1662697941064834,-0.0481356456875801,-0.0709064528346061,-0.1346997022628784,0.0888553634285926,-0.0229768492281436,-0.0774253010749816,-0.1466544568538665,-0.0928767472505569,0.0345849655568599,0.0033617075532674,-0.0866454318165779,0.0252625625580549,0.0982705727219581,-0.1017613261938095,-0.0966018959879875,0.0198221467435359,0.0509256981313228,-0.0491815134882926,-0.0830873847007751,-0.077603779733181,-0.121399238705635,0.0129521386697888,-0.0307309124618768,-0.086293950676918,-0.033057365566492,-0.145264133810997,0.0127496151253581,-0.1007749587297439,0.0501739382743835,0.1184133738279342,-0.0051805945113301,-0.1133848652243614,0.019382320344448,-0.0555909276008605,0.1455425024032592,0.0231064166873693,-0.0993466079235076,0.0592145062983036,-0.1167785599827766,-0.0347312353551387,-0.1381656378507614,-0.0946062803268432,-0.07493257522583,-0.1387363374233245,-0.1295006424188614,0.1750625073909759,-0.0273394752293825,-0.060022484511137,-0.0520828366279602,0.019288495182991,-0.1009155139327049,-0.1027325242757797,0.1457479745149612,-0.0495291948318481,0.1188346743583679,-0.1088683828711509,0.161327838897705,-0.035374280065298,0.0608684234321117,0.0223135333508253,-0.0859120935201644,-0.0040202792733907,-0.1174991130828857,-0.1211976334452629,0.1006411612033844,-0.0173991844058036,0.1687245517969131,0.0573039874434471,0.0123252617195248,-0.0546552501618862,-0.0342606864869594,-0.0304510779678821,ZHADOZYRFGHPPP-KBKYJPHKSA-N,C=CCOc1c(OC)cc(/C=N/NC(N)=S)c2c1CN1CCc3cc4c(cc3C1C2)OCO4
-0.0311896186321973,-0.1093834489583969,-0.1094086840748786,-0.0181791353970766,-0.0280070547014474,0.090636596083641,-0.0455131419003009,0.0222889054566621,-0.0861020907759666,0.0618341043591499,0.0941680744290351,0.073341816663742,-0.0080446004867553,-0.0979086458683013,-0.0916390568017959,-0.0998535752296447,0.1049370095133781,-0.1089369654655456,-0.1070481687784195,-0.0482317097485065,0.1086288020014762,-0.1035941615700721,-0.0385546647012233,0.0533140785992145,0.0168316736817359,0.1083681285381317,0.106667973101139,0.0620361119508743,0.0880384445190429,-0.1090838238596916,0.1090435311198234,0.0797170102596283,-0.0965719670057296,0.0076793408952653,0.0166705287992954,-0.0712466016411781,-0.0592669881880283,0.106884628534317,-0.1093171536922454,0.1042379364371299,0.0794324502348899,-0.1094101518392562,0.1094068884849548,0.1035875156521797,-0.0442471764981746,0.0774533972144126,-0.0211566016077995,0.1067923307418823,-0.1093927696347236,0.0565439388155937,-0.1093997061252594,-0.0614841915667057,0.1094103902578353,0.1085238009691238,0.1064662635326385,0.0976930409669876,-0.1089276894927024,0.1080244779586792,-0.1092319339513778,-0.0094984266906976,0.0141516327857971,0.0866837427020073,0.1092999204993248,0.1093007326126098,-0.1074661836028099,0.1092161461710929,0.101393349468708,0.0906290188431739,-0.1065583378076553,0.1079063564538955,0.0939896926283836,-0.1090890243649482,-0.1075684130191803,0.1054564863443374,0.0737428441643714,-0.0929232835769653,-0.0758240967988967,-0.0764990523457527,0.1055680215358734,0.1081154569983482,-0.1045918241143226,-0.0926277860999107,-0.0310360416769981,-0.0453708097338676,0.029824461787939,-0.1093657538294792,0.0524098463356494,-0.1087467223405838,0.108660988509655,-0.1090451031923294,-0.0681983232498169,0.0922661945223808,0.1091704815626144,0.1075356602668762,0.1094110235571861,0.0814157426357269,-0.1091130152344703,0.1093849465250969,-0.1065371558070182,-0.0927384346723556,0.0918445438146591,-0.0151840010657906,0.0934179276227951,-0.106118194758892,0.1057992801070213,0.0157335437834262,-0.1083176061511039,0.0990953296422958,-0.0531614422798156,0.0057188021019101,0.1050108969211578,-0.1003492176532745,0.0004712931695394,0.1093602105975151,0.0910890325903892,-0.105655163526535,-0.1013742983341217,0.1028191968798637,-0.10846908390522,0.0496483072638511,0.1041686758399009,0.1002857387065887,-0.0084489472210407,-0.0910510569810867,-0.064253345131874,-0.0302055459469556,0.0206450596451759,-0.0925171673297882,-0.1068924218416214,-0.1041720882058143,-0.0848077312111854,-0.0896148756146431,-0.0509784109890461,0.1041870191693306,-0.010717773810029,0.1028753519058227,-0.096143826842308,-0.0569456741213798,-0.1069196015596389,-0.1041108667850494,0.0403317809104919,0.1067609637975692,0.1040887013077735,0.1048090457916259,0.0989415124058723,-0.1066835075616836,0.0691140368580818,0.106766328215599,0.0958995074033737,0.1048057153820991,0.0278950352221727,0.1069368794560432,0.104238785803318,0.0496662184596061,0.0771856680512428,-0.1038911566138267,0.099663034081459,0.097504161298275,-0.1066924780607223,0.1065175533294677,0.106924220919609,0.0856956765055656,-0.0297809373587369,-0.1063415929675102,0.1066518500447273,-0.0916307717561721,-0.0799630284309387,0.1068956777453422,0.1054767519235611,-0.1043392792344093,0.0994231179356575,-0.1066519170999527,-0.0849041193723678,0.0942377820611,0.0822222903370857,0.0448468215763568,0.1068788021802902,0.0832934156060218,0.018365541473031,0.1058434695005416,0.085746444761753,0.1069124937057495,-0.0416151992976665,-0.0837661027908325,0.101024180650711,0.065290942788124,0.1043991819024086,0.1069154441356659,0.0997702553868293,0.0356725119054317,0.034913457930088,0.0931658074259758,0.0744272768497467,-0.0476473458111286,0.1066536083817482,0.0997610986232757,-0.106936514377594,-0.0940124094486236,0.0316598676145076,-0.1053404211997985,-0.1016280874609947,0.1069364845752716,-0.1066559478640556,0.1068949177861213,0.0047364355996251,-0.0652102753520011,0.1030159071087837,-0.0866996943950653,-0.0496104434132576,0.0755948200821876,-0.0475756451487541,0.0835559517145156,-0.1068734228610992,0.1058079004287719,0.0999736338853836,-0.0379055961966514,-0.0270951204001903,-0.1023326069116592,0.0993691086769104,-0.0831010043621063,-0.0004977046628482,-0.1031087562441825,0.0674816891551017,0.057401169091463,0.1044475734233856,0.1062298417091369,-0.1066869124770164,0.0954969599843025,-0.0306955445557832,-0.1049731150269508,-0.0153967468068003,0.1059751734137535,0.1046715304255485,-0.0607299245893955,0.1030918434262275,-0.1002686917781829,0.0778316929936409,-0.0693095847964286,0.0789404734969139,-0.0918472111225128,0.0852308794856071,-0.1068116500973701,-0.0373991876840591,-0.0982039719820022,0.0482120998203754,-0.102325215935707,0.1059848666191101,-0.1007400006055831,-0.0003307272563688,-0.0999802500009536,0.1045393049716949,0.0127609269693493,-0.1052288264036178,0.1069303005933761,0.1068029180169105,0.0490899533033371,0.0985625311732292,0.0998019948601722,-0.0962352901697158,0.0997589826583862,-0.0997989475727081,0.099409282207489,0.0280618797987699,-0.0997975021600723,-0.0995496362447738,0.0832846760749816,0.0984182879328727,-0.0954173132777214,0.0957685858011245,0.099580705165863,-0.0687723159790039,0.0992079973220825,-0.0998056530952453,0.0997590273618698,-0.0997993350028991,0.0210745576769113,-0.0997635275125503,-0.0965794995427131,-0.099799171090126,-0.0876684263348579,0.0975478440523147,-0.0903666168451309,-0.0997958779335022,-0.0630596056580543,-0.0894218534231185,0.0996184572577476,-0.0998044535517692,0.0679743140935897,-0.0998049676418304,-0.0661538243293762,-0.0997129529714584,-0.0430629216134548,0.0757248401641845,0.0995356887578964,0.0928980186581611,0.0872887894511222,-0.0650362521409988,-0.0202350299805402,0.0992158353328704,-0.0985290184617042,-0.0997933819890022,0.0989384725689888,-0.0997444912791252,-0.0311717316508293,-0.0984978005290031,0.0831118822097778,0.0996787920594215,-0.0995640680193901,0.0245337076485157,0.0993209257721901,0.026166757568717,-0.0997733324766159,0.0997086465358734,0.0998043268918991,0.0226627103984355,0.0930750221014022,0.099806010723114,0.0997665226459503,-0.0951972007751464,0.0940790250897407,0.0627542436122894,0.0995954573154449,0.0860755741596221,-0.0997583717107772,-0.0185625366866588,0.098184622824192,0.053861878812313,0.0998057425022125,0.0655119866132736,-0.0991409942507743,0.0997957736253738,0.0917871743440628,0.0998048856854438,0.0662554651498794,0.0997967049479484,-0.0753151476383209,0.0632330551743507,-0.0997650399804115,-0.0139735238626599,0.0678238421678543,0.0990393385291099,0.099802941083908,0.0998036339879036,0.0777235999703407,0.0878147780895233,0.0989827290177345,-0.0998037233948707,-0.0997568145394325,-0.0828604251146316,0.0973055213689804,-0.099736750125885,0.0962133407592773,-0.0941760465502739,-0.0976943895220756,-0.0994089543819427,0.0862438231706619,0.0197217389941215,-0.099726490676403,0.097055085003376,0.0813195556402206,-0.0992842018604278,-0.0937664657831192,0.0731885507702827,0.0998060032725334,-0.0957445576786995,-0.077009305357933,-0.0707552507519722,-0.0997753292322158,-0.0942941382527351,0.0692643150687217,-0.0966201052069664,0.0997809246182441,0.0626719370484352,0.0997989922761917,-0.0973984003067016,-0.0143903708085417,0.0952128693461418,0.094130240380764,-0.0993835106492042,0.0997767895460128,0.0997667610645294,0.0048075160011649,0.0899626761674881,0.0998035073280334,0.0904966965317726,-0.0734214037656784,-0.0894230455160141,-0.0900826230645179,0.0903989523649215,0.0905642956495285,-0.0905672460794448,-0.0888768956065177,-0.0905753746628761,-0.0904512926936149,-0.0904445946216583,0.0905325189232826,0.0884149372577667,0.0905819609761238,0.0905778110027313,-0.0905827358365058,-0.0206184946000576,0.0905853956937789,-0.0905855149030685,0.090582862496376,0.0902668833732605,0.0902971625328064,-0.0905815586447715,-0.0905854851007461,-0.0905858352780342,0.0904728695750236,-0.0899768620729446,0.0905862376093864,0.0905862897634506,-0.0887036472558975,0.0894429385662078,-0.0905678197741508,0.0901551768183708,0.0905831679701805,-0.0884245112538337,0.0903414711356163,0.0894035249948501,-0.0895267054438591,-0.0905854403972625,0.0904701277613639,0.0905838161706924,0.0787485390901565,0.0824985653162002,0.088993526995182,0.0900973081588745,0.0905857160687446,0.0905627384781837,0.0905846953392028,0.0904012322425842,-0.0894695222377777,-0.089457057416439,0.090359516441822,-0.0905853062868118,0.0905862674117088,-0.0843870043754577,0.0905791819095611,-0.0905726552009582,0.0905834287405014,-0.0905819833278656,-0.0904296860098838,-0.080796480178833,0.0905637666583061,-0.0905319601297378,0.0904417410492897,0.090586133301258,-0.0879150927066803,-0.0900870263576507,0.0634149983525276,0.0903394222259521,0.0416134558618068,-0.0905813723802566,0.0905429124832153,0.0874645411968231,0.0905628278851509,-0.0905846953392028,0.0905828699469566,0.0905860662460327,0.0779263451695442,-0.090255469083786,0.0898363664746284,0.0905862972140312,-0.0870873779058456,-0.0859223082661628,-0.090157926082611,-0.0904988199472427,0.090421438217163,0.0861796960234642,-0.0905860513448715,-0.0347732082009315,0.0900654941797256,0.0898012742400169,0.0904536321759224,-0.0905617773532867,-0.090171605348587,0.0901477038860321,0.0905859172344207,0.0904684364795684,0.0884078368544578,0.0883382111787796,0.090579479932785,-0.0896589085459709,0.0900638774037361,-0.0860678628087043,-0.0903928354382515,0.0905657261610031,0.0832711979746818,-0.0905859097838401,0.0905843451619148,0.0905593782663345,0.0899027287960052,-0.0905207023024559,0.0905752331018447,0.0840264037251472,-0.0889296010136604,-0.090578518807888,0.0905673429369926,0.0905693545937538,0.0903273075819015,-0.0905862972140312,-0.0905862972140312,0.0903420820832252,-0.0902439206838607,-0.0882265716791153,0.0877949818968772,0.0904706493020057,0.0905723273754119,0.0905357897281646,-0.0905834063887596,-0.0640532821416854,-0.0511795058846473,0.1233729943633079,-0.1059065982699394,0.1226987615227699,0.1198738887906074,0.1241113319993019,-0.060757290571928,0.0339876785874366,0.1054955869913101,0.1030408069491386,0.1229872107505798,0.1222921162843704,0.0983516797423362,0.1161333248019218,-0.1239864006638526,0.0591499283909797,-0.0427382178604602,-0.1241988912224769,-0.0316453538835048,-0.1121243983507156,-0.0985277593135833,0.028743926435709,0.0088830301538109,-0.023968493565917,0.1032930612564086,-0.1177530512213707,0.0825312808156013,-0.0381545647978782,0.1175924241542816,-0.0088914642110466,0.0199192147701978,0.1151949167251586,-0.1236630454659462,0.088233433663845,-0.0167347639799118,0.1130817979574203,-0.1113621592521667,0.0314170718193054,-0.10751873254776,0.0075475689955055,0.1111166328191757,-0.0551697723567485,-0.1167976930737495,0.1208288595080375,0.121439479291439,-0.0607472769916057,-0.1068633198738098,-0.0071622817777097,-0.0120088495314121,-0.1102997884154319,0.0542923472821712,0.1235704943537712,-0.1234486550092697,0.040077693760395,-0.00199343287386,-0.0951940342783927,-0.0385614670813083,0.0473278798162937,-0.1189653947949409,0.0582020580768585,0.1227732747793197,-0.1253721863031387,-0.0886560305953025,-0.0783693492412567,-0.0345847979187965,-0.074047178030014,0.0699455812573432,-0.0700589641928672,-0.0159219875931739,-0.1134418398141861,-0.0857292413711547,-0.1051617264747619,-0.1206120029091835,0.0830877348780632,0.1070472821593284,0.1134010404348373,0.0769316032528877,0.0092881433665752,0.1134361028671264,0.0184783693403005,-0.0150290252640843,0.0206192154437303,0.1201652362942695,0.1126990243792533,-0.0909444019198417,0.0684355795383453,0.0167379826307296,-0.1185105741024017,-0.0814161598682403,0.0806209966540336,-0.0298922080546617,-0.1153866648674011,-0.1129514127969741,0.1252085715532302,-0.0970785245299339,0.0852308198809623,-0.041492722928524,-0.0011613254901021,0.0450605005025863,0.115648977458477,0.1005485281348228,-0.0177748408168554,0.0558686666190624,0.1107129231095314,0.0551519021391868,0.0783444717526435,0.1234246119856834,-0.1074175015091896,0.0882205218076706,0.020996144041419,0.0478570349514484,0.1247224807739257,-0.1152011752128601,0.0275207217782735,-0.0729931369423866,0.1175948530435562,-0.1062904819846153,-0.0865979939699173,0.1065672859549522,-0.1122024729847908,-0.1202283054590225,-0.0831803083419799,-0.0929939523339271,-0.0585669949650764,0.0928687676787376,-0.0107936207205057,-0.0112267527729272,0.0644243657588958,0.010080543346703,-0.0823729410767555,0.1083032190799713,0.0130553552880883,0.1404865682125091,0.1301285028457641,-0.0220057368278503,0.1126854568719863,-0.1087617427110672,0.112614132463932,0.0756381005048751,0.0027629432734102,0.002589595504105,0.1157719194889068,-0.0563120692968368,0.1170914620161056,0.0819230899214744,0.077142484486103,-0.1345506161451339,0.1234631761908531,0.048300851136446,0.1008763313293457,-0.1239690110087394,0.1143194958567619,-0.0994514152407646,0.0293177347630262,-0.0324155837297439,-0.1381679773330688,-0.0643844008445739,0.1294925957918167,0.000147749131429,0.130381628870964,-0.0074960398487746,-0.0022325334139168,0.1160755157470703,0.136478915810585,0.0192062556743621,0.0761856734752655,-0.0765824392437934,0.1266798675060272,-0.0248309802263975,0.0752922296524047,-0.1263408958911895,-0.1042648777365684,-0.0800550803542137,0.1479429751634597,0.054052896797657,-0.0117077613249421,-0.114638477563858,-0.0157281141728162,0.0806406289339065,-0.07745061814785,0.0530660040676593,0.1321872919797897,-0.124826893210411,-0.0466396026313304,-0.1306495368480682,-0.1395945250988006,0.1047179847955703,0.1101829931139946,0.0371384099125862,-0.1373496353626251,-0.044382631778717,0.1033037975430488,-0.0572485588490963,-0.0463070422410965,-0.0371088869869709,0.0487999729812145,-0.0531105436384677,-0.1395238488912582,-0.0051307221874594,0.0861661881208419,-0.0576830059289932,-0.0891628861427307,0.0892744734883308,-0.0809534341096878,0.0603146217763423,-0.039992731064558,-0.0121395895257592,-0.0940626636147499,-0.1397502273321151,0.0820796489715576,-0.0637734234333038,0.0164496768265962,0.0810770690441131,0.0581162013113498,0.0008437735959887,0.0334765277802944,0.0196565575897693,0.1449854522943496,0.0335917249321937,-0.1239485442638397,0.0909454002976417,-0.0966229885816574,0.0338859520852565,-0.1238522157073021,0.0563185475766658,0.0652621984481811,-0.1009529754519462,-0.0295461416244506,0.1440101712942123,-0.0546178817749023,-0.1105510592460632,0.0637531876564025,0.1128647774457931,-0.0973097905516624,-0.1315273344516754,0.1196666210889816,-0.0557699762284755,0.0082204025238752,-0.1436357945203781,0.0803244411945343,0.0846735313534736,0.0738860964775085,-0.0340455770492553,-0.1155636236071586,-0.0232533551752567,-0.0046600536443293,-0.1460337787866592,-0.0568535700440406,0.0766649171710014,0.1407543122768402,-0.0101345246657729,0.0119107449427247,0.0173704866319894,0.0388569496572017,-0.1203755065798759,LPQOADBMXVRBNX-UHFFFAOYSA-N,CN1CCN(c2c(F)cc3c(=O)c(C(=O)O)cn4c3c2SCC4)CC1.Cl
-0.0502862706780433,-0.1163397952914238,-0.1223510801792144,0.0256820302456617,0.1160284727811813,0.0099997203797101,-0.1151475757360458,-0.0499228462576866,-0.0275157298892736,-0.0602446608245372,0.1169521957635879,-0.0297982990741729,-0.0301778819411993,-0.1094700768589973,-0.0581497885286808,-0.0896529108285904,0.1172384247183799,-0.1200234144926071,0.0422422252595424,-0.1168287694454193,0.0846951901912689,-0.0678320974111557,0.1023167669773101,-0.0001814276911318,-0.0499456897377967,0.1213400438427925,0.1188986673951149,0.0563767924904823,0.0710283815860748,-0.0428791269659996,0.1142888143658638,0.0708734095096588,0.0937959626317024,-0.069781057536602,0.0665329098701477,0.0339270792901515,-0.0444824919104576,0.0414902381598949,-0.1220157146453857,0.1199612095952034,-0.1146248281002044,-0.1223760992288589,0.1216305717825889,0.0908631011843681,-0.0259038433432579,0.1082942187786102,0.1063440591096878,0.1126308143138885,-0.1218650788068771,0.1190266162157058,-0.1223529949784278,-0.1114694476127624,0.1223658323287963,0.0503636933863163,0.0775221958756446,0.1128134503960609,-0.1206459626555442,0.0994604378938674,-0.1205127462744712,0.1184721514582634,-0.0298483595252037,-0.0458405949175357,0.1104732677340507,0.1148563623428344,0.0876849666237831,0.0542112290859222,-0.0174252390861511,-0.0568852685391902,-0.1013704314827919,-0.0379535183310508,-0.0553366839885711,-0.1194822117686271,-0.0624674148857593,0.1029538214206695,0.0935245975852012,-0.0589764714241027,-0.0559909008443355,0.035785861313343,0.0999038815498352,0.0823776200413703,0.0738031864166259,-0.0477931499481201,-0.0924661085009574,-0.1034462973475456,0.1146995797753334,-0.1199231520295143,0.0242189522832632,-0.1180105581879615,0.113114096224308,-0.0682988762855529,-0.1165975928306579,0.0448122881352901,0.109508104622364,0.1217175647616386,0.1201738193631172,-0.0105796158313751,-0.1197844967246055,0.1223181560635566,-0.1218809336423873,-0.1076012477278709,-0.0044677820987999,0.0859443396329879,0.0862449929118156,-0.0559064708650112,0.121918000280857,-0.1043439507484436,-0.0100094033405184,0.0715757682919502,0.0309633072465658,0.0368618592619895,0.0470673032104969,-0.0411280654370784,-0.0342864617705345,0.1212168559432029,-0.0385030880570411,-0.1174416467547416,-0.0155510893091559,0.1019821316003799,0.0777694582939148,0.0326075255870819,0.1169037669897079,0.1204973012208938,-0.0162629205733537,-0.1184037327766418,-0.0789869427680969,-0.0976976603269577,0.0624700337648391,0.0026881857775151,-0.072878248989582,-0.0396146588027477,0.0856963247060775,-0.1149277463555336,0.0459485054016113,0.0418371185660362,-0.0939349606633186,0.1248635724186897,-0.1209487840533256,-0.0183889456093311,-0.1168112009763717,-0.0692220851778984,-0.0080547789111733,0.1148211061954498,0.1188397407531738,0.1244515925645828,-0.0120544051751494,0.0099936109036207,0.0592413730919361,0.0355169884860515,-0.0002070514892693,0.1154576614499092,-0.1162667796015739,0.0828040316700935,0.0733684301376342,0.08774134516716,0.0786743015050888,-0.1068031713366508,0.1248764321208,-0.0930058360099792,-0.0461616702377796,0.0842154771089553,0.1218618899583816,0.0902248844504356,0.1005780547857284,0.0077508063986897,0.1076804995536804,-0.0478098504245281,-0.083988718688488,0.0524358078837394,0.1192250102758407,-0.0982004031538963,0.0967728644609451,-0.1134477630257606,0.0206079855561256,0.0205229558050632,-0.0637529045343399,0.0716415271162986,0.1217716336250305,0.1236885786056518,-0.0557075068354606,0.0247464179992675,0.0144531670957803,0.1076317802071571,0.0894042402505874,-0.1113744899630546,0.1128909215331077,0.043895024806261,0.1115359514951706,0.1145191639661789,0.1132689341902732,0.123275876045227,-0.0908343270421028,0.04000199213624,0.1186790987849235,0.0681402459740638,0.1088394448161125,0.1173901930451393,-0.1145161017775535,0.0772367119789123,0.0028799148276448,-0.0595571584999561,-0.1085177883505821,0.0987050905823707,-0.1242017224431037,0.1258922219276428,-0.0774568542838096,-0.0683014094829559,0.0951444432139396,-0.0526924133300781,-0.0174460150301456,-0.1087628379464149,0.1210201755166053,0.0416975244879722,-0.1229370310902595,0.1241734698414802,0.0784265473484993,-0.0930196270346641,-0.0916867330670356,-0.1242804676294326,0.0635328590869903,-0.0193999521434307,0.0124748926609754,-0.0870800390839576,0.0856960266828537,0.089463010430336,0.0506166443228721,0.0581492967903614,-0.1254538893699646,0.1182758137583732,-0.0935186520218849,-0.1200571656227111,-0.0675185844302177,-0.0066765239462256,0.0822093561291694,-0.0210311561822891,0.1221349015831947,0.0166055485606193,0.0173700284212827,-0.0734613537788391,0.1209766566753387,-0.094205267727375,0.0997865572571754,-0.111801765859127,0.0663526952266693,0.0923547744750976,-0.0412061922252178,-0.1048984378576278,0.1240749061107635,-0.1015098169445991,-0.0024774121120572,-0.0890157520771026,0.1111339330673217,0.0172416716814041,-0.0073457756079733,0.094093233346939,0.1217924878001213,0.0860832184553146,0.0901888310909271,0.1058190241456031,-0.0954175218939781,0.078175239264965,-0.1074901297688484,0.1083670556545257,-0.0678802952170372,-0.1067929938435554,-0.1063214763998985,0.0889291688799858,0.1065252348780632,-0.0812297314405441,0.0774752646684646,0.1082987412810325,-0.0821481794118881,0.0496671982109546,-0.1083197891712188,0.1072687581181526,-0.1079761087894439,0.0434539951384067,-0.1055821850895881,-0.1070259734988212,-0.1082991138100624,0.0740201100707054,-0.0333918221294879,-0.0081582590937614,-0.0622834116220474,0.0857438296079635,-0.0712631195783615,0.1064973920583725,-0.1068762242794036,0.0676451697945594,-0.0993224382400512,0.0470993369817733,-0.1031112819910049,-0.0103247174993157,0.07933109998703,0.106846660375595,0.108096495270729,-0.0878051742911338,0.0276518296450376,0.0420060083270072,0.105960339307785,0.0144384214654564,-0.1083846688270568,0.0699776485562324,0.0199867747724056,-0.0126337837427854,-0.1069297939538955,-0.0518444441258907,0.1077685877680778,-0.0970663055777549,-0.0396021828055381,0.1081650108098983,-0.0540856719017028,-0.0802431404590606,0.0993056520819664,0.1034706756472587,-0.0913070291280746,0.1028407365083694,0.1083731278777122,0.1073066815733909,-0.1038036867976188,0.1046357005834579,0.08509112149477,0.0895221009850502,0.0547140464186668,-0.1015981286764144,-0.0723881423473358,0.1051011607050895,-0.0293826926499605,0.1083874851465225,0.0637337118387222,-0.10425266623497,0.1080915704369545,0.0764816179871559,0.1066964268684387,0.0627781003713607,0.0735921338200569,-0.1026517823338508,0.0849755480885505,-0.107569895684719,-0.0754941701889038,-0.0976366102695465,0.0280439835041761,0.093084804713726,0.1080754324793815,-0.0935332253575325,0.0109067196026444,0.1076885387301445,-0.1083619818091392,-0.1075427308678627,0.0866831541061401,0.1047445833683013,-0.1060059294104576,0.1071584597229957,-0.070410318672657,-0.0967976972460746,-0.1060035303235054,0.0123865343630313,-0.0712236315011978,-0.1067992895841598,0.0232182443141937,0.0921798944473266,-0.1072214096784591,-0.0984539240598678,-0.0120720937848091,0.1083796098828315,-0.0677472278475761,-0.0865388959646225,-0.1035516485571861,-0.1083519831299781,0.0343096107244491,-0.0684085339307785,-0.0929094105958938,0.0910320729017257,0.0625084191560745,0.106483593583107,-0.0568792223930358,-0.0681365057826042,0.107632078230381,0.1038119792938232,-0.1070252656936645,0.1067067012190818,0.1080858632922172,-0.0470362342894077,0.1016658917069435,0.1082971394062042,0.0967502370476722,-0.0556487664580345,-0.0721357837319374,-0.0848921909928321,0.0814731121063232,0.0977279841899871,-0.0963243916630745,-0.0915657952427864,-0.0970471426844596,-0.0966932848095893,-0.0947993919253349,0.094929315149784,0.0937024429440498,0.0976383239030838,0.0970842763781547,-0.0973674058914184,-0.0520227588713169,0.0970169305801391,-0.0972693264484405,0.0967603847384452,0.0575284138321876,0.0942349433898925,-0.0969926044344902,-0.0979080200195312,-0.0975024551153183,0.0955963730812072,-0.0915339961647987,0.0980815291404724,0.0981248393654823,-0.0900229215621948,0.0910568088293075,-0.0878040865063667,0.0866493210196495,0.096694640815258,-0.0838856175541877,0.0929746925830841,0.0884536057710647,-0.0931259170174598,-0.0976335257291793,0.0969128832221031,0.0958505347371101,0.028968995437026,0.0823501124978065,0.0912619903683662,0.0636323541402816,0.0979621931910514,0.0960364341735839,0.0978349819779396,0.0920387655496597,-0.0905473679304122,-0.0757511481642723,0.0950862318277359,-0.0974883437156677,0.0981056168675422,-0.0695665031671524,0.0962908789515495,-0.0965780764818191,0.0977932959794998,-0.0973730906844139,-0.0533949509263038,-0.0777333527803421,0.0973395109176635,-0.071088932454586,0.0921450331807136,0.0980617105960846,-0.0762604624032974,-0.093176782131195,0.068945825099945,0.0961865484714508,0.0653812959790229,-0.0971428751945495,0.0976361408829689,0.0559429004788398,0.0948448181152343,-0.0979667827486991,0.0978502556681633,0.0978610962629318,0.0276030488312244,-0.0855698883533477,0.0902476981282234,0.098052904009819,-0.061798807233572,-0.087169237434864,-0.0932556986808776,-0.096808336675167,0.090151347219944,0.0612626671791076,-0.097519539296627,0.0410100743174552,0.0951363295316696,0.0794598832726478,0.0964788720011711,-0.0956824123859405,-0.08350870013237,0.0862803012132644,0.0979024618864059,0.0939811393618583,0.0833293572068214,0.084365427494049,0.0975498482584953,-0.0661919265985488,0.0689414143562316,0.0042220246978104,-0.0905452743172645,0.0972420126199722,0.0917509272694587,-0.0979843661189079,0.0976241007447242,0.0974467620253562,0.0948344841599464,-0.0976568087935447,0.0952956303954124,0.0762419253587722,-0.0946142971515655,-0.0977351814508438,0.0884424820542335,0.0923514887690544,0.0826622247695922,-0.0981273651123046,-0.0981357172131538,0.0841032937169075,-0.0735449865460395,-0.067859373986721,0.0503123886883258,0.0952618271112442,0.090918943285942,0.0953997671604156,-0.0954776257276535,-0.0853249430656433,0.0627440065145492,0.150940865278244,-0.0910442546010017,0.1420300304889679,0.1409350782632827,0.1468267738819122,-0.0877226367592811,0.1125706955790519,0.050136387348175,0.0187031216919422,0.1033196672797203,0.1315117180347442,0.0728586614131927,0.0864299312233924,-0.1392730921506881,0.0606694407761096,0.0457929782569408,-0.1096683070063591,0.0062747579067945,-0.1275201737880706,-0.074307844042778,-0.0513748526573181,-0.033762227743864,-0.1003804877400398,0.1539299637079239,-0.0985354334115982,-0.0397493578493595,-0.073806457221508,0.1180239990353584,0.0225614346563816,0.0937512442469596,0.0895268470048904,-0.0987558141350746,0.0456595160067081,-0.079732745885849,0.096970796585083,-0.0998061224818229,0.0468689985573291,-0.0914205163717269,-0.028897663578391,0.070727415382862,-0.0117555679753422,-0.1041366457939148,0.0892107859253883,0.0628833398222923,-0.0362018384039402,-0.0778410136699676,0.0170239973813295,-0.0811579450964927,-0.0551219582557678,0.068552479147911,0.1327524185180664,-0.1356092244386673,0.0547915883362293,0.0053522954694926,-0.1109078899025917,-0.0330346673727035,0.0722961574792862,-0.0812279134988784,0.031783428043127,0.110947698354721,-0.1275517642498016,0.0049786772578954,-0.1174613982439041,-0.1311977356672287,-0.0853137895464897,0.0178702231496572,-0.0545970238745212,-0.0161122437566518,-0.080202542245388,-0.1198158040642738,-0.1022935435175895,-0.120536595582962,0.0529401712119579,0.0748109295964241,0.1025451496243476,0.0692544057965278,0.071458101272583,0.1317117363214492,0.0266291052103042,-0.0365559384226799,-0.0431558936834335,0.1224757954478263,0.0660094544291496,-0.1210045740008354,0.1008681580424308,0.0506048686802387,-0.1154747307300567,-0.0116420974954962,0.0644234344363212,-0.0668432861566543,-0.1264900863170623,-0.0908249393105506,0.1537654995918274,-0.0014125893358141,0.1124889329075813,-0.0747332349419593,-0.030511362478137,-0.0549522265791893,0.0721015855669975,0.009742378257215,-0.067869558930397,0.0873074904084205,0.0735712870955467,0.1254636943340301,-0.0125704733654856,0.116702489554882,-0.0876894816756248,0.1117597520351409,-0.0275043249130249,0.0310613121837377,0.1419637352228164,-0.1228440776467323,0.0220878291875123,0.0137857468798756,0.1571262329816818,-0.113336481153965,-0.0020463720429688,0.0685089230537414,-0.1413494199514389,-0.1304049640893936,-0.0611938163638114,-0.0794291943311691,-0.0212428867816925,0.0372751839458942,-0.1133106425404548,0.0635691806674003,0.0705242753028869,-0.014620179310441,-0.0654822215437889,0.1213903352618217,0.0021842906717211,0.1194818392395973,0.1385287493467331,-0.0327721312642097,0.0508911423385143,-0.0931600630283355,0.1002154946327209,0.1114349961280822,-0.0715398415923118,0.0391179658472538,0.0906992852687835,-0.028310589492321,0.0962990224361419,0.1241611763834953,0.1115955561399459,-0.1323436796665191,0.1386537700891494,0.0742097944021225,0.043043702840805,-0.1023681238293647,0.0791039317846298,-0.0750705227255821,0.05631635338068,-0.026094302535057,-0.1454721093177795,0.0161728095263242,0.1380285620689392,0.0374892838299274,0.1316743791103363,0.0565158650279045,-0.1227945014834404,0.0822168067097663,0.1377847343683242,-0.020367482677102,0.0768782943487167,-0.0747831687331199,0.1248644739389419,0.0125798238441348,0.0511066317558288,-0.1290957629680633,-0.0560200549662113,-0.0161744225770235,0.1519385874271392,-0.018932232633233,0.0026315420400351,-0.1067568138241767,-0.0358195602893829,0.0621782094240188,-0.0066590835340321,-0.0479081384837627,0.1384352743625641,-0.0979110598564148,-0.0434730127453804,-0.131759911775589,-0.1438062191009521,0.0624057166278362,0.053281545639038,0.0420837067067623,-0.1369758248329162,-0.0934743881225586,0.1236462369561195,-0.0957665219902992,0.0213619824498891,-0.0691602528095245,0.0828619301319122,-0.0342531688511371,-0.1449488997459411,-0.1052834019064903,-0.0407168716192245,0.0134248714894056,-0.0733029395341873,0.0993835628032684,-0.0326925367116928,0.1063917726278305,-0.0869172289967536,0.0491562448441982,-0.1328246295452118,-0.1297571063041687,0.0991994068026542,-0.0623949989676475,0.041740782558918,0.0648655518889427,0.0315156765282154,0.0744023472070694,0.0881940051913261,-0.0538595877587795,0.1485051363706588,0.0613059513270854,-0.1230266243219375,0.0331155136227607,-0.0359311662614345,-0.0382382720708847,-0.1096145585179328,0.0453531295061111,0.0689583271741867,-0.0728635340929031,-0.0300719942897558,0.1523190885782241,-0.0249114073812961,-0.1282052844762802,0.062917061150074,0.1196745634078979,-0.114126980304718,-0.1073222011327743,0.0863355472683906,-0.0460785403847694,-0.0458053313195705,-0.144816443324089,0.1307728290557861,0.0190810821950435,0.1249064952135086,-0.0956976637244224,-0.0396307930350303,0.0150379100814461,0.0762058794498443,-0.1498018205165863,-0.0017739131581038,0.0265862178057432,0.1485091745853424,-0.0212816838175058,0.0157317519187927,0.0257550124078989,0.0310860313475132,-0.1420725882053375,XAGMUUZPGZWTRP-ZETCQYMHSA-N,C[C@H]1COc2c(C3(N)CC3)c(F)cc3c(=O)c(C(=O)O)cn1c23
-0.1001291945576667,0.0076400572434067,0.106271281838417,0.0980323180556297,0.1005821451544761,0.0068534221500158,-0.10617146641016,0.0693079531192779,0.0378720536828041,-0.0508110895752906,0.1041918620467186,-0.1045335680246353,0.1034621000289917,0.1055895835161209,0.1045154854655265,-0.1050372347235679,-0.0925777629017829,0.1039116159081459,-0.1054292768239975,0.1062656939029693,-0.0530379377305507,-0.1059859469532966,0.1060680672526359,-0.1056494191288948,0.0215690080076456,-0.1048483327031135,-0.1058353781700134,-0.061880238354206,0.067937433719635,0.1055022627115249,-0.0128530655056238,-0.103552408516407,-0.1043819412589073,-0.1007098481059074,-0.1061686053872108,0.1024347022175788,0.0583718344569206,0.1059874147176742,-0.1052978336811065,0.1054378971457481,-0.1062695384025573,-0.1038958355784416,0.0382802113890647,0.0834157168865203,0.1046198606491088,0.08793605864048,0.1057316213846206,-0.105050504207611,0.0936746671795845,-0.0701799392700195,0.0995669588446617,-0.0979182943701744,-0.090199701488018,0.0960823521018028,0.0383239723742008,0.1062619462609291,0.1062558889389038,0.0967063382267952,-0.1046976223587989,0.0650059282779693,-0.1059112772345542,0.0913255289196968,0.057156678289175,0.0144334333017468,0.0533759891986846,0.0126752229407429,-0.1054131537675857,0.1020430922508239,0.1033791676163673,-0.0369068384170532,-0.012569704093039,0.1062723398208618,0.1012206152081489,-0.1050085350871086,0.1062007248401641,-0.1061394140124321,-0.0940266996622085,-0.1057147532701492,-0.0843770280480384,-0.0887207090854644,-0.0306701101362705,0.106124423444271,0.1062458530068397,0.0571339651942253,0.0758777633309364,0.105890043079853,0.106046974658966,0.0766744613647461,-0.1026332452893257,0.0048887408338487,0.0014791345456615,0.0965594947338104,-0.0418449714779853,0.0687082782387733,-0.106213241815567,0.1062408462166786,-0.1059800386428833,-0.0509906113147735,0.0641498938202858,0.0900687128305435,0.0825150683522224,0.0425833091139793,-0.0138785606250166,0.1062679886817932,-0.1054506748914718,-0.0558858625590801,0.1061997041106224,0.0870526432991027,-0.0977616980671882,0.0711795315146446,0.1037501692771911,0.1062649488449096,-0.1003096997737884,-0.0449812971055507,0.0910132452845573,-0.0896872654557228,-0.1061276644468307,-0.1062693521380424,0.0472767241299152,0.0086033158004283,-0.1022505834698677,0.0064983619377017,0.0900818258523941,0.1054472476243972,0.0470470041036605,0.1056151837110519,0.0920905768871307,-0.1054636612534523,0.1014448329806327,-0.0859440118074417,-0.1014826297760009,0.1014854460954666,0.0749320015311241,0.1008013188838958,-0.1014863029122352,-0.0979605466127395,0.0829258561134338,0.1009089574217796,0.1014864742755889,0.0984751805663108,-0.1007827296853065,0.100880242884159,0.0825539529323577,0.099880076944828,-0.0772331953048706,-0.0216582305729389,-0.1014677807688713,-0.1013138592243194,-0.0996015667915344,-0.0986336395144462,-0.1013317927718162,0.0983090177178382,0.0702862441539764,0.1014229282736778,0.0999637618660926,0.0751304775476455,0.0997860804200172,-0.0989990606904029,-0.0715129822492599,-0.099038228392601,-0.1014844849705696,-0.0998977720737457,-0.0969215258955955,-0.0203520432114601,-0.0970069095492363,0.0370912849903106,-0.1007212474942207,0.0902197211980819,0.0333314128220081,0.012237299233675,-0.1014840006828308,-0.0393693186342716,0.0565327703952789,-0.1014863476157188,0.0995116159319877,0.0995004251599311,-0.0999737903475761,0.1014772877097129,-0.0696776285767555,-0.1002374663949012,-0.0975116789340972,0.1012264341115951,0.0827962681651115,-0.1000236794352531,-0.0990823060274124,-0.0663266852498054,0.0322415344417095,-0.1004726737737655,0.1011679843068122,-0.1014491915702819,0.101391315460205,0.1014778092503547,0.1014863774180412,0.0296719595789909,0.1014830321073532,0.0112214144319295,-0.1005405411124229,0.0849674567580223,0.0929106473922729,-0.1005578637123107,0.1014836728572845,0.0163425989449024,-0.0581138208508491,-0.0489098578691482,-0.0474122576415538,0.1014783903956413,0.0954548716545105,0.069149725139141,0.0323884561657905,0.0176489613950252,0.0999674946069717,-0.100531056523323,-0.1014557629823684,0.0989626422524452,0.1009349450469017,-0.0489972084760665,-0.1014864817261695,0.1014139652252197,-0.100796066224575,-0.0666803047060966,-0.0505546033382415,-0.0724016353487968,0.1014475002884864,-0.1014676764607429,0.0715935379266738,0.1014850437641143,-0.055017277598381,0.1009844914078712,-0.0901535749435424,-0.0819540545344352,0.1014392524957656,0.1014862135052681,-0.1002023965120315,0.0378452129662036,-0.1014856770634651,0.1011652946472168,-0.101453922688961,-0.1014793813228607,0.0781006813049316,0.0688161700963974,-0.1007391363382339,-0.1014623939990997,-0.101485975086689,-0.1000972390174865,-0.1014615297317504,0.10145103931427,0.0716273784637451,-0.1014853343367576,-0.0606592036783695,-0.0209426321089267,0.0005334898014552,0.1011459827423095,0.0975996702909469,-0.1014375314116478,-0.1004593148827552,0.0959505885839462,0.0975183472037315,-0.0943924784660339,0.0968789979815483,-0.0834545642137527,-0.0964362844824791,-0.0989743247628212,0.098938912153244,-0.0940166264772415,0.0968596041202545,-0.097124807536602,0.0976447314023971,-0.0975337103009224,-0.0989805236458778,-0.0989804491400718,0.0253804065287113,-0.0637623965740203,0.0986656174063682,0.0989479124546051,-0.0986990705132484,-0.0989757478237152,-0.0983087942004203,0.0987179800868034,0.0699576437473297,0.0989108383655548,0.0483401156961917,0.0914988070726394,0.0949959307909011,0.0984944626688957,-0.0983105674386024,0.0003133850987069,-0.0971926972270011,-0.0989717543125152,0.0976779535412788,-0.0989491418004036,0.0944216847419738,-0.0923557803034782,-0.0989509150385856,-0.0989663004875183,-0.0964885503053665,-0.0823156684637069,-0.0978675261139869,0.0988774597644805,0.0989715382456779,0.0183752477169036,0.0981712862849235,0.0095406668260693,-0.0009968782542273,-0.042156632989645,0.0966830477118492,0.0401932634413242,-0.058632493019104,0.0983845517039299,-0.0671290010213851,0.0979931578040123,-0.0951296091079711,0.0952602550387382,0.0978825464844703,-0.0427071638405323,-0.0978201404213905,0.0726534351706504,-0.0561768673360347,0.0452543720602989,0.0980779230594635,0.0787739157676696,0.0957539901137352,-0.0959973633289337,0.09721689671278,0.0953590646386146,0.0989452004432678,0.0982711166143417,-0.0984436720609664,-0.0989100039005279,-0.0974712297320365,0.0989779308438301,0.0988585576415062,-0.098979540169239,-0.0961185023188591,0.0985206812620163,0.0981050655245781,0.0265977215021848,-0.0917760804295539,0.0982576608657836,0.0297210682183504,-0.098728522658348,-0.0989711061120033,-0.0913712382316589,0.0989673659205436,-0.0902791023254394,-0.0848541259765625,0.0970779582858085,0.0989154279232025,0.0960757061839103,-0.0932217538356781,0.0750545337796211,-0.0711073279380798,-0.0989736542105674,-0.0984091758728027,0.098819725215435,0.0989764928817749,-0.098107025027275,-0.0989805310964584,-0.0737143605947494,0.0964454859495163,0.0865126103162765,-0.0989248901605606,0.0325269997119903,-0.0969360023736953,0.0989430919289588,-0.0394558832049369,0.0564981512725353,0.0692109987139701,0.028048014268279,0.0775737464427948,0.0978101417422294,0.0987996608018875,-0.0988251641392707,0.0752106457948684,-0.0989735573530197,0.0989805310964584,0.0645153746008873,-0.0989689156413078,0.0987170040607452,0.0915433913469314,0.0985318347811698,0.0988803505897522,-0.0987642332911491,-0.0957581177353859,0.0332600846886634,0.1132803708314895,0.0474088788032531,0.0093092611059546,-0.0740490183234214,-0.0051663578487932,-0.1304998248815536,-0.055337730795145,-0.0526525042951107,0.0775542631745338,-0.0109596252441406,-0.0821369737386703,0.0807549431920051,-0.0338892415165901,0.0364373549818992,-0.0849867463111877,-0.0149000287055969,-0.1384254246950149,-0.0585855916142463,0.1503813862800598,0.0334204696118831,-0.06782728433609,0.121717058122158,0.0512628331780433,-0.1228993013501167,0.0794292613863945,-0.0137741435319185,-0.0853404104709625,0.0542372949421405,-0.0027090839575976,-0.1329724788665771,-0.075413666665554,0.0431047827005386,-0.1468932330608368,0.1273509860038757,0.135568618774414,0.0251757763326168,-0.0309849921613931,-0.0808447375893592,0.1416433006525039,0.0610337741672992,0.1010041683912277,0.0019263291032984,0.1293104887008667,-0.0763280317187309,-0.0421341061592102,-0.0942797437310218,-0.1462689936161041,-0.0020197727717459,-0.1286366879940033,0.047805618494749,0.1103514805436134,-0.0532351955771446,-0.0114211505278944,-0.0880006253719329,0.0723861679434776,-0.1263123005628585,0.0420836210250854,0.1397610753774643,0.0933266282081604,0.1347543597221374,-0.0245317872613668,0.0189759600907564,0.0994288101792335,-0.1168345436453819,0.100354827940464,-0.1026652455329895,-0.0535233318805694,-0.0644774809479713,-0.0134793445467948,0.1051384061574935,-0.0221707690507173,-0.0366594940423965,0.061824694275856,0.0182368457317352,0.005071653984487,0.042124044150114,0.1354708522558212,-0.0152383865788578,-0.106554239988327,-0.1023456156253814,0.0574055463075637,0.1344770193099975,-0.1404607146978378,-0.1454111635684967,0.0657988041639328,0.096329890191555,-0.0485409311950206,0.1337361633777618,0.1427145153284073,0.0802228599786758,-0.0503412187099456,0.102895364165306,-0.1119760647416114,-0.0923849716782569,0.0238980427384376,-0.0716272294521331,0.0292526744306087,0.0812094062566757,0.0238562282174825,-0.0228484012186527,0.1000961363315582,-0.0507098250091075,0.1272873729467392,-0.1063753291964531,-0.1157837435603141,0.0968467518687248,0.113521434366703,0.0785279721021652,0.1442369520664215,0.0654412508010864,0.0622968599200248,-0.0940143391489982,0.0122218383476138,-0.0529769286513328,-0.1076830998063087,-0.0827232748270034,0.0991179645061492,0.1073048338294029,-0.1223766058683395,-0.0786321610212326,-0.0104038007557392,0.0680023282766342,0.080479972064495,-0.1018524393439292,-0.1447171866893768,-0.1173705756664276,0.1178868040442466,-0.0307847540825605,-0.0741509720683097,0.0860650017857551,0.1227733492851257,-0.1265309154987335,0.0408483520150184,0.1141275987029075,0.1297195255756378,0.1005122065544128,0.0866034850478172,-0.0554564222693443,-0.0358818136155605,-0.1083699315786361,0.1418054103851318,0.1329767256975174,0.0256516709923744,-0.1375830620527267,0.109723724424839,-0.0342367440462112,-0.0993075296282768,-0.0716620832681655,-0.1090865209698677,-0.1271380633115768,-0.1181972548365593,-0.0086144031956791,-0.1347943097352981,0.1401138007640838,-0.1175770908594131,0.0417478457093238,-0.136290356516838,0.116845816373825,0.0296482015401124,0.1303083896636963,0.0900281891226768,-0.0437732674181461,0.054250068962574,0.0768918991088867,-0.0168447103351354,0.0680485442280769,-0.0911676362156868,0.1190868020057678,0.0784151628613472,0.0982671976089477,-0.1154740676283836,-0.0552987344563007,-0.0102313421666622,-0.0229943264275789,-0.0532664395868778,0.0023849625140428,-0.0015581717016175,-0.1421453356742859,0.1200025156140327,0.1215484589338302,0.1337244808673858,-0.0110839074477553,0.1052179560065269,-0.1212704256176948,0.0230974946171045,-0.0944335609674453,0.1227475106716156,0.0482744984328746,-0.0090613439679145,0.0947193726897239,-0.0112437084317207,0.1281394958496093,-0.0140413427725434,-0.0804438516497612,-0.0908783450722694,0.0569190867245197,-0.0504112057387828,0.1242416128516197,-0.1161136999726295,-0.0522916242480278,0.0224458817392587,0.0497032813727855,0.1143048033118248,-0.1172510087490081,-0.0242316350340843,-0.033594150096178,-0.0603903941810131,-0.0051235039718449,-0.1012267768383026,-0.0815729573369026,-0.0173831209540367,-0.0762446522712707,0.0243969745934009,-0.0835428461432457,0.0628502741456031,-0.1146435365080833,-0.0351670794188976,0.1373506486415863,0.0124070812016725,-0.0772063732147216,-0.1243781670928001,0.0265835374593734,0.1059589907526969,-0.0920643731951713,0.0770501345396041,-0.1267238855361938,0.0324985459446907,0.0449639372527599,-0.0029690607916563,-0.069189079105854,-0.0591021031141281,0.0841314047574997,-0.0234828069806098,0.1259416341781616,0.087428979575634,0.0972277075052261,0.0321917943656444,0.0962650179862976,-0.0929636433720588,0.0971622392535209,0.1182301789522171,-0.1140081882476806,0.0551508702337741,-0.0939350873231887,0.1368663609027862,-0.1162279099225997,0.0255842190235853,0.0193839166313409,-0.1187602952122688,0.084850788116455,-0.0906526297330856,-0.0607254952192306,-0.0691104680299758,0.098436914384365,-0.1099753603339195,0.0227687507867813,0.079726330935955,-0.0855879709124565,0.0118193803355097,-0.0843068063259124,0.0326555483043193,0.1302244216203689,0.1653636693954467,0.1548171043395996,-0.0986239463090896,-0.0820183530449867,0.0960670262575149,-0.0308267567306756,-0.049975749105215,-0.0930356308817863,-0.0701574310660362,-0.0245577096939086,0.1085527464747428,-0.1389689594507217,-0.0525127984583377,-0.0958236977458,0.0528210029006004,0.1325303763151168,-0.0413572937250137,0.0243753064423799,0.0392768271267414,0.0594684407114982,0.0370245687663555,-0.0219889357686042,-0.0603990256786346,-0.097288966178894,0.0419994555413723,0.1066201850771904,-0.0673946440219879,-0.0610447973012924,-0.1508076786994934,-0.0098895700648427,0.0300436932593584,0.089135356247425,-0.0462962724268436,0.1201191395521164,0.0533968284726142,-0.0017613345989957,-0.1307081133127212,-0.0147720538079738,0.1467960625886917,-0.0830159783363342,0.0836129114031791,-0.1336929202079773,-0.0691546648740768,-0.0447940789163112,-0.1086761131882667,0.0626268237829208,-0.12567999958992,0.0671717375516891,0.0260350033640861,-0.1066557914018631,-0.1326825767755508,-0.037177849560976,0.0198390502482652,0.0588456653058528,0.0430063568055629,-0.0965970531105995,0.1325455158948898,-0.1225413680076599,0.1481799036264419,0.006289932411164,0.0052255103364586,-0.0410613566637039,0.0831730216741561,0.0471184141933918,-0.1379545629024505,-0.0691346898674964,-0.0515177883207798,0.1526986360549926,-0.0709066838026046,-0.0657203793525695,-0.0336274206638336,-0.1015777513384819,-0.1276530474424362,0.0957485288381576,-0.1207471340894699,-0.0478806644678115,-0.0992111787199974,-0.0122670447453856,-0.1390071660280227,-0.0016992272576317,-0.0352436825633049,-0.0888980031013488,-0.0854592472314834,-0.0762762576341629,-0.0352044105529785,0.0863042920827865,0.0683978497982025,-0.0221329871565103,-0.0104441735893487,-0.0784068256616592,0.1216778978705406,0.0747739076614379,0.1478053927421569,0.0565622709691524,-0.0978984832763671,-0.0102195348590612,0.0483169704675674,-0.061124462634325,-0.0417255498468875,0.0685452595353126,-0.0177682489156723,-0.0201382525265216,0.086892195045948,-0.108761690557003,-0.0261878352612257,-0.0852642282843589,0.1172088831663131,-0.1488831937313079,0.1528619229793548,-0.1655546873807907,0.1211838498711586,-0.13620226085186,0.0415273793041706,0.0978834852576255,-0.0103971259668469,0.1472450494766235,0.1510788202285766,0.0154654728248715,0.1212020069360733,-0.0333043783903121,0.0444226451218128,-0.0951922684907913,JBIVAGFHSVTIPG-UHFFFAOYSA-N,O=C(Cn1cncn1)Nc1cccc(F)c1
-0.0976625382900238,-0.0353295877575874,-0.09769818931818,0.0976974815130233,-0.0976795628666877,-0.0976103469729423,-0.0187207870185375,-0.0975384712219238,0.0781428292393684,-0.0976039692759513,0.0968670472502708,-0.0722461342811584,0.0906242206692695,-0.0976106449961662,0.0976976603269577,0.0976534411311149,0.0159647390246391,-0.0245358888059854,0.0959521457552909,-0.0976969972252845,0.051568541675806,0.0484716370701789,0.0976373180747032,-0.0910703316330909,0.0966690182685852,0.0764921680092811,-0.0149023039266467,0.0961178317666053,-0.0974428877234458,0.0555679872632026,0.0968607738614082,-0.0976787656545639,0.0857592448592186,0.0976969897747039,-0.0911620482802391,0.0907575115561485,0.0114067122340202,0.0525680482387542,-0.0972955673933029,0.0973171964287757,-0.0972376763820648,-0.097679816186428,-0.0944609567523002,-0.0450350791215896,0.0950409099459648,0.0976975038647651,-0.097651220858097,0.0976247191429138,0.0696910396218299,0.0974251180887222,-0.0976982116699218,-0.0976912155747413,0.0976589247584343,0.0645606592297554,-0.086684875190258,0.0968432426452636,-0.0414299182593822,0.0910220146179199,-0.0720585286617279,0.0928535014390945,-0.0956932082772255,-0.0976971462368965,0.0637383311986923,-0.08175690472126,0.0976948663592338,-0.0963719487190246,0.0953542739152908,-0.0976980775594711,0.0976979583501815,-0.0976969078183174,-0.0974741876125335,-0.0976934432983398,0.0369316525757312,0.0942838415503501,0.0822439566254615,-0.0769309476017952,-0.0976980775594711,0.0976977944374084,0.0976971909403801,0.086751602590084,0.096858263015747,-0.0976808965206146,-0.0976980552077293,0.077879711985588,0.0955021008849144,-0.0976898521184921,0.0976499170064926,-0.0766070336103439,-0.0976256355643272,-0.0464767664670944,-0.0489341206848621,0.0976976230740547,0.0976490601897239,0.0976982116699218,0.0930098220705986,-0.0976320803165435,-0.0976981967687606,0.0976981967687606,-0.0772257819771766,-0.0976979359984397,-0.0895520076155662,-0.0875956416130065,-0.0976806581020355,-0.0968479812145233,0.0965235456824302,-0.0976979807019233,0.0976957455277443,0.0976869910955429,-0.097635768353939,-0.0972841456532478,-0.0974317267537117,0.0972740203142166,-0.0973378047347068,0.0976913496851921,0.0976937562227249,-0.0976982116699218,-0.0891749784350395,-0.0976981967687606,-0.0945116057991981,0.0976304113864898,-0.097660444676876,0.0803749561309814,-0.0976980775594711,-0.0820411071181297,0.097619704902172,0.024568548426032,0.0971845015883445,0.0114141888916492,0.0964022800326347,-0.0652728825807571,0.0966212525963783,0.0947938337922096,-0.0965047180652618,0.0945958718657493,-0.0964031666517257,-0.0966173931956291,-0.0966210961341857,0.0965964570641517,-0.0966212823987007,-0.0958979353308677,-0.0956770181655883,-0.0966212004423141,0.0957118272781372,-0.0638077035546302,0.0039357910864055,0.0966119915246963,0.0787665992975235,0.0147328982129693,-0.0966212004423141,-0.0965465977787971,0.0271904338151216,0.0958867743611335,0.0944778025150299,-0.0954164043068885,-0.0773247852921485,0.0633169636130333,0.0966212749481201,0.0966179966926574,0.0966028869152069,-0.096481405198574,-0.0965326651930809,0.0856931284070015,0.090042270720005,-0.0966212674975395,0.0966037511825561,0.0965725257992744,0.0591525696218013,-0.0966206192970275,0.0955555886030197,0.0965234488248825,0.0966212227940559,0.0965712144970893,-0.0916092246770858,-0.0963059738278389,-0.0956489741802215,-0.0966209471225738,0.0722871571779251,0.0963150411844253,-0.0134228216484189,-0.096303142607212,-0.0369202196598053,0.0966212823987007,0.0046049878001213,0.0961889028549194,-0.0335103496909141,0.0966212078928947,0.0888755470514297,0.0723791122436523,-0.0964802056550979,0.0963630005717277,-0.096617467701435,-0.0821065977215766,-0.0966152399778366,-0.0897566676139831,0.096125453710556,0.0966143012046814,-0.0962975770235061,0.0960903763771057,-0.0963801071047782,-0.0962850004434585,-0.0945326462388038,0.0966184586286544,0.0948215723037719,0.0966188386082649,-0.0966112539172172,0.0866109505295753,0.0917763859033584,0.0965320244431495,0.0610467307269573,-0.0844412147998809,0.0880893096327781,0.0893331691622734,0.0964730829000473,0.0795906856656074,0.0383234843611717,0.0966212898492813,0.0872574299573898,0.030104000121355,-0.0599992051720619,0.0937836468219757,0.0966205671429634,-0.0966203734278678,0.0966212004423141,-0.0872988551855087,0.0966212898492813,-0.0516921803355217,0.0945870652794838,-0.0966212525963783,-0.0872014909982681,-0.0965751633048057,0.096511498093605,-0.0956543833017349,0.056070040911436,0.0960291847586631,0.0965445935726165,-0.0905626863241195,-0.093911163508892,0.0966212898492813,0.0735119059681892,-0.0966131687164306,0.0827944278717041,0.0963834747672081,0.0666568726301193,0.0918670892715454,0.0965337380766868,-0.0966212898492813,-0.0695587396621704,0.0966212674975395,0.0966167375445365,0.0966210663318634,-0.0962403416633606,-0.0966069474816322,0.0929502099752426,0.0966210886836052,0.0966202914714813,0.0536380149424076,0.0161097887903451,-0.0966084897518158,0.086101658642292,0.0965636372566223,-0.0951096415519714,0.0966093391180038,0.094495378434658,-0.0265045464038848,0.0706771165132522,-0.0801768153905868,0.0965437069535255,0.096452921628952,0.09660604596138,0.0961218103766441,-0.0962130054831504,0.0912176445126533,-0.0958523526787757,0.0965365618467331,-0.0077162231318652,0.0965627059340477,0.0966059416532516,-0.096208706498146,-0.0373716726899147,-0.0966089218854904,0.0944454669952392,0.093325026333332,0.080756239593029,-0.0918117687106132,0.0965969264507293,-0.0544424057006835,-0.0966051444411277,0.0961568504571914,0.0965716317296028,0.0962030440568924,0.0936635881662368,0.0593869425356388,-0.096606470644474,0.0622282400727272,0.0965621173381805,0.0949892923235893,0.0964825972914695,0.0962631776928901,0.0643244162201881,-0.0886155292391777,-0.0966074392199516,0.0868639647960662,0.0791021063923835,-0.0867740288376808,0.0826329141855239,0.0955674350261688,0.0150982653722167,0.0966093242168426,-0.0073311114683747,0.0966090485453605,0.0966086387634277,0.0965804234147071,0.0940612182021141,0.0965282395482063,-0.0960998907685279,-0.0944881439208984,0.0966093391180038,0.0966073498129844,-0.0966089963912963,-0.0965737849473953,-0.0750112533569336,-0.0966053083539009,-0.059733722358942,-0.0965999290347099,-0.0966078788042068,0.0955270826816558,-0.0405731685459613,0.0966093316674232,-0.0962071493268013,0.0958457663655281,0.0879806727170944,-0.0724035948514938,-0.0963891670107841,-0.093707300722599,0.0965553447604179,0.0963201001286506,0.0964824184775352,0.0816385224461555,-0.0945851430296897,-0.0964211151003837,-0.0966087952256202,-0.0958873853087425,-0.0951973125338554,-0.088192880153656,0.0755867362022399,0.0957444086670875,0.0950337499380111,0.0942274406552314,-0.0867053568363189,-0.0965847596526146,-0.0712716653943061,0.0932746306061744,0.0566482134163379,0.0936882123351097,0.0963079035282135,-0.0943015068769455,-0.0819040015339851,0.0912719070911407,0.0965989455580711,0.0685532391071319,-0.0966076254844665,0.0907585993409156,-0.0752080306410789,0.096530795097351,-0.0950424820184707,0.0674102902412414,0.0937411338090896,-0.0966084748506546,-0.0933484658598899,0.0965762063860893,0.0965677946805954,-0.0963402688503265,-0.0965475589036941,-0.0966093316674232,0.0966093316674232,-0.09473417699337,-0.0959957391023635,0.0966093391180038,-0.0313836634159088,0.096609316766262,-0.0962635055184364,-0.0061185704544186,0.0891501605510711,-0.0794706419110298,0.0861055627465248,-0.1331707686185836,-0.0013791661476716,0.0740676149725914,0.1018181666731834,-0.1069911047816276,0.0857524573802948,0.0142288412898778,0.1265676617622375,0.004120860248804,-0.0052699046209454,0.1164725050330162,0.063820868730545,-0.1413882821798324,-2.8363534511299804e-05,-0.104396104812622,-0.1691208034753799,-0.0285284332931041,0.0753467679023742,-0.1013764888048172,0.0713206976652145,0.1519364714622497,-0.0037206516135483,-0.0769341364502906,0.10038323700428,0.0876046791672706,-0.1005348861217498,0.0343085378408432,0.0506913773715496,0.0169562809169292,0.0954546332359314,0.1477283686399459,-0.0843117386102676,0.0816476270556449,0.0655527040362358,0.1050360351800918,-0.043028675019741,0.0664325430989265,0.1600419133901596,-0.0465579256415367,0.0938028693199157,0.0171933863312006,0.1383959650993347,0.0624511986970901,0.095464289188385,-0.0167058072984218,-0.0407488755881786,-0.0080330334603786,0.0492271743714809,0.1467711925506591,-0.0329729914665222,-0.0840110853314399,0.1378468871116638,-0.0196786504238843,-0.0277609769254922,0.0305815059691667,-0.0692255869507789,0.1496025472879409,-0.0366833992302417,0.1449470818042755,-0.0490909256041049,-0.0047765602357685,0.0854569151997566,-0.1228006929159164,0.0452425554394722,-0.014396509155631,-0.032669048756361,-0.1214940175414085,0.0954358652234077,-0.1083565950393676,-0.1002757400274276,-0.0462202206254005,-0.0260345041751861,-0.1375948041677475,0.0585928708314895,0.1121002286672592,0.1036927476525306,-0.0483505204319953,-0.0261499900370836,-0.1444677412509918,-0.0403890386223793,0.0890949442982673,-0.1537462174892425,-0.1525755673646927,0.1165739968419075,0.1408929228782653,-0.0818818882107734,0.1646301001310348,0.0167930833995342,0.1294032484292984,0.0364337265491485,0.1274088323116302,-0.0922119468450546,0.0075609576888382,-0.0549830608069896,-0.0532751493155956,0.1359017342329025,-0.1260107308626175,0.0108679076656699,-0.0257897973060607,0.0706303566694259,-0.0131650082767009,0.1011188104748725,-0.1219429671764373,-0.0206210557371377,0.0306165963411331,0.0964477136731147,-0.0771038383245468,0.1458522528409958,-0.0052587827667593,0.0086532514542341,0.0896428376436233,-0.0190346427261829,0.0432663820683956,-0.1119294390082359,0.0311735086143016,-0.072670854628086,-0.0683530941605568,0.019613467156887,-0.1057646721601486,-0.0981570705771446,-0.0458944290876388,0.0669579356908798,0.0259005539119243,-0.113649807870388,-0.0393672361969947,0.1406735479831695,0.0720748007297515,-0.1038093268871307,-0.004710379987955,0.1271724551916122,-0.07879688590765,0.09737179428339,0.1166455969214439,0.1405651420354843,0.1190045401453971,0.062357485294342,0.0267748739570379,-0.0290780067443847,-0.0781077444553375,0.1327135562896728,0.1095392107963562,-0.1067174300551414,-0.1303043514490127,0.061433982104063,0.0635396465659141,-0.1256897747516632,-0.0226233098655939,-0.0236034281551837,-0.1312644779682159,-0.1456560343503952,-0.0461466163396835,-0.1177865639328956,0.111354649066925,-0.1431178450584411,0.1134126856923103,-0.1148084998130798,0.1031885296106338,-0.0625640675425529,0.0856028348207473,0.1089158132672309,0.0514538772404193,0.135624498128891,0.0008161396253854,-0.0545507483184337,-0.007540872786194,-0.1153062209486961,0.1219767332077026,0.0851537063717842,0.0822328478097915,-0.1236046180129051,0.065337099134922,0.0266536027193069,-0.062201865017414,-0.0674913078546524,0.0357729233801364,0.0026930819731205,-0.1173236593604087,0.0967173129320144,0.1096923127770423,0.0489349439740181,0.0201363638043403,0.0935560911893844,-0.1074506789445877,-0.0586087331175804,-0.0364739894866943,0.1122775077819824,-0.0952226147055625,-0.0574173107743263,-0.0032888213172554,-0.0428523644804954,0.0944539159536361,-0.1166031882166862,-0.0307241063565015,-0.0937804281711578,0.085785835981369,-0.0753092467784881,0.143518641591072,-0.110248252749443,-0.0500311590731143,-0.103321336209774,-0.0552303008735179,0.1047395318746566,-0.1323921978473663,0.0441516488790512,0.0323245301842689,0.1008484214544296,0.0834485813975334,-0.1130901053547859,-0.0042956401593983,0.0309905298054218,0.0187240224331617,0.013999804854393,-0.0524537898600101,0.0385964140295982,-0.1264984607696533,-0.02474370226264,0.1218659952282905,0.0595375820994377,-0.0433073863387107,-0.1463185548782348,-0.0429304353892803,0.1376871019601822,-0.03219486027956,0.1131253987550735,-0.1035211384296417,0.0833472684025764,-0.0383505597710609,-0.083402045071125,0.0176926515996456,0.092113010585308,0.0542561635375022,-0.0815795361995697,0.0652859434485435,0.1264952719211578,0.0448617227375507,0.0518329218029975,-0.0077577945776283,-0.1422180831432342,0.0641839504241943,0.125358298420906,-0.0234324596822261,0.1295379400253296,-0.0198974963277578,0.1484584510326385,-0.1458929181098938,0.0201196800917387,0.0522801391780376,-0.1022497192025184,0.1148021593689918,-0.0155190350487828,-0.0875576809048652,-0.0667363777756691,0.1173421666026115,-0.0088681913912296,-0.0665569305419921,-0.0255408342927694,0.0669755563139915,-0.0038865136448293,0.0944308415055275,-0.0264769718050956,0.16156005859375,0.1533746719360351,0.1026953607797622,0.0570358224213123,-0.0865940824151039,0.1211100071668624,-0.0217195507138967,-0.0661758780479431,-0.0079660760238766,-9.922329627443104e-05,-0.0168175902217626,0.0262622144073247,-0.1065665036439895,-0.03262335434556,-0.0876325368881225,0.0989532247185707,0.1006836369633674,-0.0613843351602554,-0.116907462477684,0.0566134713590145,-0.0293331760913133,-0.0083851628005504,-0.004862209316343,-0.1007480397820472,-0.0857954621315002,0.0913210585713386,0.0143615286797285,0.0783998966217041,0.0728158578276634,0.0176647920161485,0.134360671043396,0.1504187732934951,-0.0136686079204082,0.0703969150781631,-0.1293433457612991,0.0553973242640495,-0.0585807114839553,-0.0321520455181598,-0.1196463704109191,-0.0572625398635864,-0.0910459607839584,0.1716972142457962,0.056396760046482,-0.0684985741972923,-0.1146418452262878,-0.0993616208434104,0.1304357945919037,-0.1289258599281311,0.0734036490321159,0.1433000862598419,-0.1560543030500412,-0.0590759180486202,-0.0286308359354734,-0.1358151733875274,0.1131664589047432,0.1038195639848709,0.0153621174395084,-0.1253194957971573,-0.0489875562489032,0.03139229118824,-0.0979869440197944,-0.0267395414412021,-0.0230616051703691,-0.0100186876952648,-0.0805850178003311,-0.0924052745103836,-0.0458004362881183,0.1057643443346023,-0.0468732230365276,-0.1437564045190811,0.0138790449127554,-0.1137526482343673,0.031720831990242,-0.0148346172645688,-0.0223322082310915,0.0078414948657155,-0.137805163860321,-0.0751040056347847,-0.1211565136909484,-0.0679388046264648,0.1187809184193611,-0.0282203890383243,-0.0363912545144557,-0.0450091436505317,-0.0107788862660527,0.1618852913379669,0.0293692350387573,-0.0845230594277381,0.0269215740263462,-0.1283199042081833,0.0500744022428989,-0.119183212518692,-0.0175587274134159,0.080702356994152,-0.1019458994269371,-0.0023653544485569,0.1656860113143921,-0.0022937725298106,-0.0525425262749195,-0.0339330062270164,0.1293786466121673,-0.1180394515395164,-0.1337194591760635,0.1162454634904861,-0.0997481048107147,0.038908589631319,-0.1438613086938858,0.060308888554573,0.0638343766331672,0.086370050907135,-0.0570769906044006,-0.1040974035859108,-0.1215026229619979,-0.0182331968098878,-0.1533454209566116,-0.0143588734790682,0.0973433479666709,0.171992152929306,0.0641311705112457,0.0608098022639751,-0.1340476423501968,0.0143144931644201,-0.0706786811351776,QMRFKZWWZBZQKJ-UHFFFAOYSA-N,N=c1n(CCN2CCCCC2)c2ccccc2n1CC(O)COc1ccc(Cl)cc1Cl
0.0990264788269996,0.110052652657032,0.1100291609764099,-0.0662981420755386,-0.1068369299173355,0.1100949272513389,-0.0513837710022926,-0.0624277964234352,0.1010865196585655,-0.107303462922573,0.0958895459771156,0.0736266449093818,0.0793962180614471,0.0049516907893121,0.0721438601613044,0.109474591910839,-0.1091522872447967,0.0403229594230651,-0.0989985466003418,-0.0363585501909256,-0.0984939634799957,0.0711064115166664,0.1061590760946273,0.0489839166402816,0.1095452681183815,0.0875282287597656,-0.110240988433361,-0.0726510360836982,0.022312119603157,-0.0412545576691627,0.106825865805149,-0.102604329586029,0.1066966280341148,-0.0819181054830551,0.1088859364390373,0.1086414903402328,-0.0828710123896598,-0.0926831886172294,-0.1091986149549484,-0.1071886867284774,-0.0664066895842552,-0.0888752490282058,-0.10955660790205,-0.0475603640079498,0.0939618349075317,0.1079225689172744,-0.0141620161011815,0.0778551548719406,0.0417626202106475,-0.1096058711409568,0.1052765697240829,0.1101479455828666,-0.1102554500102996,-0.0761751979589462,0.05048468708992,-0.049997329711914,-0.1037791296839714,-0.0731967315077781,-0.1053264886140823,-0.1022685244679451,0.1085834503173828,0.1102717071771621,-0.0249286107718944,0.0446699261665344,0.0775875151157379,0.1065276265144348,0.1081771180033683,-0.0965252369642257,0.0298129431903362,-0.0636416599154472,0.0269520599395036,-0.0001362183975288,-0.1051155105233192,0.0020188486669212,-0.1091283634305,0.1052574589848518,0.0696783065795898,0.1101270765066146,0.0968717858195304,0.1069953367114067,0.109236940741539,0.101617231965065,-0.0971831455826759,0.1094410419464111,-0.0325458534061908,0.101104199886322,-0.1088861674070358,-0.1090833321213722,0.0952519550919532,0.1021427288651466,0.1093188822269439,0.108588770031929,-0.1102708205580711,-0.0876630619168281,-0.110208049416542,-0.0864902436733245,0.11011703312397,0.0566510260105133,-0.0784690827131271,0.0185094345360994,-0.0590796209871768,0.0836675018072128,-0.0827221125364303,0.0596771165728569,0.110029898583889,0.1008882969617843,0.1092920526862144,-0.1098717600107193,-0.089352086186409,0.1007399335503578,-0.1102135404944419,-0.0900552347302436,-0.0404123775660991,-0.0974810943007469,-0.0900879874825477,0.0136190773919224,-0.0826087519526481,0.102833092212677,0.1097308620810508,0.1021847575902938,0.0425886809825897,0.0462340340018272,0.0343782044947147,0.0478126034140586,0.096859373152256,-0.1034629568457603,0.0252674221992492,0.0832264125347137,0.102699801325798,-0.0335588753223419,-0.0920233875513076,0.0543423257768154,-0.0989533215761184,-0.0922052636742591,-0.1028923913836479,0.0990928411483764,0.0428372435271739,0.0362836308777332,-0.0790572986006736,0.0893224999308586,0.1021478921175003,0.0660181194543838,-0.1024845689535141,-0.1029439717531204,0.0156934931874275,0.1030207723379135,0.1030590161681175,0.1012848988175392,-0.0943332687020301,0.1013756096363067,0.0403101406991481,-0.1030385345220565,-0.1025268137454986,0.0539953485131263,-0.1030597388744354,-0.0885898247361183,-0.102999560534954,-0.1026800423860549,0.1030330210924148,-0.0661367699503898,-0.1011751741170883,0.1026680618524551,-0.0245945174247026,0.1017179265618324,-0.0710444152355194,0.1030590534210205,-0.0617017336189746,-0.0863376408815383,-0.1001180410385131,-0.1028785035014152,-0.1027303710579872,0.0758198946714401,-0.0996508449316024,0.103053942322731,-0.1030196473002433,0.1030112504959106,0.083690270781517,0.1002821251749992,-0.0653849467635154,0.1030092164874076,0.0247471574693918,0.0432196296751499,0.1029441729187965,-0.0650333687663078,-0.0342230461537838,0.1030416339635849,0.0917618498206138,0.1021913811564445,-0.1009609252214431,0.0889300182461738,0.0669129267334938,-0.102545291185379,-0.1030002608895301,-0.0732933282852172,-0.0843902826309204,0.0905109718441963,0.1015627905726432,0.0795084536075592,-0.1021337136626243,-0.0958585366606712,0.1017143800854682,0.1028294041752815,0.0204064771533012,-0.0844465792179107,0.1008985564112663,0.0978363156318664,-0.0953932628035545,-0.100873202085495,-0.10303795337677,0.0971348732709884,-0.0967759490013122,-0.0310184359550476,0.102641113102436,0.0669088885188102,0.1029638350009918,-0.0945598036050796,0.0712416023015976,0.1030277013778686,0.1030410453677177,-0.0878952592611312,0.0192574635148048,-0.0804223045706749,0.0994880422949791,0.0963191837072372,0.0236375592648983,-0.1025596559047699,-0.0153000941500067,-0.0721371993422508,-0.101044088602066,0.1029839143157005,-0.1030462235212326,-0.1030383110046386,0.1018831804394722,0.0984684377908706,0.0276657603681087,-0.1029018461704254,0.1030583903193473,0.1028816401958465,0.0983089059591293,0.1029586344957351,-0.0933186262845993,0.1011947393417358,-0.0931576937437057,0.0943694710731506,0.1025926992297172,0.0496947020292282,0.0907468050718307,0.1029039621353149,0.0989126041531562,-0.1030492335557937,-0.0991220101714134,0.0990531370043754,0.0464985631406307,0.0222237817943096,-0.0153695214539766,0.024772435426712,-0.0406449660658836,0.0906572788953781,-0.1140376701951026,0.0545890629291534,0.0230382606387138,-0.1238972693681716,-0.1119003668427467,-0.1177842393517494,0.112295277416706,0.0499163307249546,-0.1129828095436096,-0.0777060613036155,-0.0157449841499328,-0.0396797470748424,0.0206662695854902,-0.0304696690291166,0.0863196849822998,0.0208865944296121,-0.0085560427978634,-0.1023492515087127,0.1234189420938491,0.0947620123624801,0.1229382827877998,0.0916912257671356,-0.0975665971636772,0.0336861535906791,0.014265882782638,-0.0908868387341499,-0.0462229810655117,-0.0602415762841701,0.0636485889554023,0.0112784057855606,-0.0631081461906433,-0.0968653932213783,-0.0147771080955863,0.1243268176913261,-0.0039941128343343,0.1130557507276535,0.016393844038248,0.0033412878401577,0.0539987049996852,-0.0860735774040222,0.0914360284805297,-0.0110639613121747,0.1226372793316841,0.1064812690019607,0.1233536899089813,0.1169033497571945,0.077478751540184,0.1177287995815277,-0.0273254923522472,-0.0879146233201026,0.1040960699319839,-0.0969504863023758,-0.1046561598777771,0.0556310825049877,0.0998434349894523,-0.1205581128597259,0.0703252851963043,0.0022782017476856,-0.1230167374014854,0.0348938964307308,0.1151318997144699,-0.1228751614689827,0.0860085263848304,-0.1093695983290672,0.1197121813893318,0.0841786414384841,0.1238402053713798,0.1132328435778617,-0.0820647552609443,-0.045676901936531,-0.0272144097834825,-0.1121473312377929,-0.048276387155056,0.1226904541254043,0.0916859656572341,0.0062570800073444,0.0415176786482334,0.0132587244734168,-0.1155727133154869,-0.1039243713021278,-0.1232859268784523,-0.1046319529414177,-0.0746549889445304,-0.0477920696139335,-0.1125717312097549,-0.0327340550720691,0.0153371719643473,0.0700582414865493,0.1221831738948822,-0.1192918494343757,-0.0250691343098878,0.1203147396445274,0.0146432295441627,0.0510065779089927,-0.122999832034111,-0.0916619598865509,-0.0940468236804008,0.1015549078583717,-0.0650715306401252,-0.106931522488594,-0.1198162361979484,-0.0536968559026718,0.0923252999782562,-0.0759077444672584,-0.1155442371964454,-0.0971972942352294,0.1147491633892059,0.109663225710392,-0.0191553458571434,0.1239887848496437,0.0341199561953544,0.1188757643103599,-0.0766239687800407,0.094656266272068,0.1186934933066368,-0.1114537417888641,0.1124803945422172,0.0927642881870269,-0.0904259532690048,-0.1104382425546646,-0.0923539400100708,0.0859636217355728,0.1012745052576065,0.1164626330137252,0.0996838361024856,-0.0458263009786605,-0.0963687375187873,0.0962851122021675,0.0848419666290283,0.0888136774301529,-0.0963426604866981,0.096372440457344,-0.0810068771243095,0.0962957814335823,0.0962919369339943,-0.0919595882296562,0.0963167399168014,0.0074652307666838,0.0937253832817077,0.0927836671471595,-0.0662942826747894,0.0715030953288078,0.0958022251725196,-0.0865085199475288,-0.0947482287883758,0.0909984931349754,-0.0963112637400627,0.0755118355154991,0.09598870575428,0.0963716283440589,-0.0963615849614143,-0.0941149443387985,-0.0827342718839645,-0.0963317677378654,0.0963663756847381,-0.0954922437667846,-0.0888931453227996,0.0957546383142471,0.0963019579648971,-0.0963558480143547,-0.0923370420932769,0.096266008913517,0.0960856676101684,-0.0959329679608345,-0.0963542982935905,0.0963716953992843,-0.0963649153709411,0.0914554148912429,0.0958375930786132,-0.0635439902544021,0.0009962279582396,-0.0953621119260788,0.0774782598018646,0.0940081104636192,0.0963533669710159,0.0852535590529441,-0.0963174328207969,0.0955766513943672,0.0963417589664459,0.0728790760040283,-0.0962710231542587,0.096291184425354,0.0963442474603653,0.0764831379055976,-0.0219987649470567,0.09637001901865,-0.0962895303964614,0.0940361097455024,-0.0707471147179603,0.0522095933556556,0.0945931226015091,0.0963664799928665,-0.0927101597189903,0.0963176116347312,0.0447286702692508,0.0960700288414955,-0.0754705145955085,0.0961789786815643,-0.096102699637413,0.0303538553416728,-0.014409783296287,-0.0961040332913398,-0.0948972404003143,0.0838939547538757,-0.0936507657170295,0.0963487476110458,0.0686651691794395,-0.0960941314697265,0.095947153866291,-0.0294115506112575,-0.0959382951259613,-0.0962661132216453,0.084834024310112,0.0963647589087486,0.0889110788702964,0.0923443362116813,0.0963698178529739,-0.0944232270121574,0.0963688120245933,0.0963608846068382,-0.0177761372178792,0.0700016468763351,0.0962209850549697,-0.0704471170902252,-0.0959284082055091,-0.0959789454936981,-0.0960938856005668,0.0273087322711944,0.0963060185313224,0.0963607057929039,0.0963511690497398,-0.0961972475051879,-0.0908612236380577,0.0948826149106025,0.0949100703001022,-0.0400247238576412,-0.0934368297457695,0.0857509672641754,0.0722170621156692,-0.0963116362690925,-0.0962638854980468,-0.0963567420840263,-0.0961652472615242,0.0949555337429046,-0.0872079879045486,-0.0623590424656868,-0.0963693186640739,0.0963224023580551,-0.0960270389914512,0.0956152826547622,0.0963479131460189,-0.0963718742132186,0.0963655337691307,-0.0959327816963195,-0.0011698037851601,-0.007296347990632,-0.0080785872414708,0.0284355282783508,0.1292776614427566,0.1266800165176391,0.0880492478609085,-0.0967764481902122,0.0959920138120651,0.1060184314846992,0.0669888406991958,0.1014240682125091,0.0400190986692905,0.0379444546997547,0.0456296987831592,-0.1111678183078765,0.0770236104726791,-0.065094269812107,0.0011056667426601,0.1054928377270698,-0.1164175420999527,0.080626904964447,-0.1084524691104888,-0.0860407426953315,-0.0162645988166332,0.1407276690006256,0.0324741229414939,-0.1342654973268509,0.0863823816180229,0.0777674689888954,-0.0585134476423263,0.1058525517582893,-0.0568417161703109,-0.0238880570977926,0.0338084809482097,-0.0532746352255344,-0.0597026944160461,-0.065623715519905,0.0809813737869262,-0.0358317382633686,-0.070574052631855,0.089940533041954,0.1319186687469482,0.0654245018959045,0.1170456185936927,-0.1272254288196563,-0.0113456631079316,-0.1144540160894393,-0.0048984875902533,0.0764231532812118,-0.1004571095108985,0.0300948806107044,0.0713492035865783,0.0575037114322185,-0.0212142337113618,0.0623516552150249,-0.1329113841056823,-0.0646312683820724,0.1084800958633422,-0.04348099604249,0.1115433499217033,-0.0697910860180854,-0.0546341836452484,-0.0826999992132186,-0.1454056799411773,-0.1227262541651725,-0.1247627437114715,-0.0547064021229743,-0.0921221151947975,-0.0718598067760467,0.1167142167687416,-0.0141502376645803,-0.0756502449512481,-0.1092808917164802,-0.1199712455272674,0.0925156399607658,0.0788802355527877,0.1149944365024566,0.1296038329601287,0.1222356930375099,-0.0021941850427538,0.0595014356076717,0.0435419157147407,0.1142724454402923,0.1187788695096969,-0.0592719838023185,-0.0915956497192382,0.0218908358365297,0.0130154537037014,-0.0893023684620857,0.1135754436254501,-0.0306309480220079,-0.0684906467795372,-0.1104069203138351,0.144202172756195,0.130155399441719,0.056137878447771,0.1176862046122551,-0.0019242257112637,-0.1366529315710067,-0.0820216089487075,0.0969202741980552,0.0617091692984104,0.1057222560048103,0.1039927676320076,0.128882348537445,-0.127069741487503,-0.0453600734472274,-0.109483815729618,-0.00608323328197,0.094949759542942,0.0573249086737632,0.0466116219758987,-0.0809039250016212,0.1169020235538482,-0.1086828187108039,0.0937987864017486,-0.0933963805437088,-0.1222919449210167,0.0513872690498828,-0.1256987452507019,-0.1021727100014686,0.128110334277153,-0.1001953184604644,0.0620149672031402,0.06891630589962,-0.0685765221714973,0.0860776826739311,-0.125970259308815,0.0183580610901117,0.067684456706047,-0.002761261537671,-0.0093024345114827,0.0843979716300964,-0.1088680624961853,0.1804410964250564,-0.0200830921530723,-0.050356637686491,0.09578887373209,0.0967068821191787,-0.0020907891448587,0.0109620727598667,0.0695800930261612,0.0284040067344903,-0.0748170316219329,-0.016950448974967,-0.1407971531152725,-0.0232809595763683,0.030397655442357,0.0682245790958404,-0.0377505980432033,-0.1349186599254608,0.0917268395423889,-0.0840195193886756,0.139698177576065,0.1550354808568954,-0.1133077442646026,-0.0825213119387626,-0.1307654827833175,0.0742616131901741,0.1081357151269912,0.0356203839182853,-0.1292219161987304,-0.0367619842290878,0.1657166332006454,0.061932161450386,0.030422706156969,0.0246243625879287,0.1410058736801147,0.085921473801136,-0.018362833186984,-0.1689941734075546,-0.0770701617002487,0.1587819010019302,0.1158650889992713,0.0549824573099613,-0.0081792101263999,0.1255154460668563,-0.0861265063285827,-0.0811067298054695,-0.0600124336779117,0.0340436957776546,-0.0330934487283229,0.0747222602367401,-0.0597910284996032,0.0283303726464509,-0.1393941193819046,0.0915613248944282,0.1252120435237884,0.1208786144852638,-0.0227563381195068,0.0666160732507705,0.0155738247558474,-0.090298980474472,0.1364840865135193,-0.0035542026162147,0.0055206632241606,0.1578660607337951,-0.0629295781254768,0.060396671295166,-0.0279015731066465,-0.0911201685667038,-0.079616442322731,0.0583343654870986,0.0220893714576959,0.0096045257523655,-0.0866296142339706,0.039325825870037,0.1670787334442138,-0.0077164168469607,0.1088853925466537,0.0243999976664781,-0.1279834657907486,0.0467902943491935,0.0984628424048423,0.0324985049664974,-0.1043642535805702,-0.018881207332015,0.1590286195278167,-0.0122660566121339,-0.1335012316703796,0.0276264250278472,-0.0934422835707664,0.1504798978567123,0.02074621245265,0.1059333756566047,0.0543784722685813,-0.0394678302109241,0.0992569625377655,0.0643071681261062,0.022107433527708,0.0746929422020912,0.0605958253145217,0.0216237716376781,-0.1292233020067215,-0.0834403187036514,-0.0828001871705055,-0.1551084071397781,0.0686609297990799,0.0268126390874385,0.091947428882122,-0.0561064034700393,0.0768882557749748,-0.1130223497748375,-0.0326874293386936,-0.0091461855918169,-0.1257853657007217,-0.0833151265978813,-0.0543513484299182,0.1082098186016082,0.0232313759624958,-0.1304140388965606,0.1465842276811599,-0.0323338843882083,0.125804528594017,0.0413836166262626,VXHAHWUQGTUYHI-XGTKZFRYSA-N,Nc1nc(/C(=N/OC2(C(=O)O)CCCCC2)C(=O)N[C@@H]2C(=O)N(S(=O)(=O)O)[C@@H]2CNC(=O)NCc2cc(=O)c(O)cn2O)cs1
-0.0362224429845809,0.1083035990595817,-0.1061594933271408,-0.0526173487305641,0.1083164885640144,-0.083691731095314,-0.108312614262104,-0.1004614830017089,0.1051811724901199,0.0337824709713459,0.1080312505364418,-0.0992838889360427,0.0705211460590362,-0.0925338491797447,0.0858801305294036,-0.1083180904388427,-0.1082078367471695,0.0887625142931938,0.1075506880879402,-0.1082726046442985,0.0131709510460495,-0.1071690469980239,-0.1066060438752174,0.1040958240628242,-0.1080486252903938,0.1083181574940681,0.1013119369745254,-0.0598921775817871,0.0525696240365505,0.1031524538993835,0.0973874852061271,-0.0773868709802627,-0.104420356452465,-0.1025663465261459,-0.0682529062032699,0.024907037615776,-0.103522814810276,-0.1082768887281417,-0.09498792886734,0.0931810066103935,0.1079852879047393,-0.1014365404844284,0.0507360100746154,0.1081196144223213,-0.1064644157886505,0.1078563928604126,-0.1076826825737953,-0.1077073737978935,-0.0605053342878818,0.1078360974788665,-0.01431305706501,-0.0984939187765121,0.1057661846280098,-0.1078812777996063,-0.0920645743608474,-0.1051101237535476,0.0776000022888183,0.107275977730751,0.0462705492973327,0.0428565628826618,0.1083182021975517,-0.0734884515404701,-0.0962988659739494,0.0703409537672996,-0.0404187701642513,0.0884780585765838,-0.1052889376878738,0.104825459420681,-0.0947173833847045,-0.1081286296248436,0.0965943783521652,-0.0318440161645412,0.0895982906222343,0.106755793094635,-0.0602951124310493,0.108317345380783,0.0590989589691162,-0.1076642274856567,0.1076528280973434,0.0533524937927722,0.0009876493131741,0.10648825019598,-0.0993138551712036,0.0638705343008041,0.0242477860301733,0.0740836262702941,-0.1046150550246238,-0.0337724201381206,0.1079078093171119,-0.0209742169827222,-0.0919827669858932,-0.0043938569724559,-0.0087298918515443,0.0624275803565979,-0.0658615157008171,0.1013741418719291,-0.0858820229768753,0.108289860188961,-0.0776812508702278,-0.0291581396013498,-0.0890580266714096,0.0490987189114093,-0.0360109470784664,0.0922592356801033,0.0991442874073982,-0.0864372849464416,-0.1069729104638099,-0.1072179749608039,0.1021089926362037,0.1054268777370452,0.0252285934984684,0.1072074621915817,0.0992785617709159,-0.1002011746168136,-0.1083046793937683,0.1043240129947662,0.0701985657215118,-0.1064532175660133,0.0838402062654495,-0.1081426739692688,-0.0196770001202821,0.1078115627169609,0.011749705299735,-0.1083182021975517,-0.105429358780384,-0.0045416094362735,0.0104470867663621,-0.1065557226538658,-0.0061069768853485,0.0897149667143821,0.0009950042003765,-0.104458138346672,0.0706179440021514,-0.0437405034899711,0.0836524590849876,0.0571417473256588,-9.31538816075772e-05,0.1042676046490669,-0.0513334833085536,0.104435920715332,0.1044589802622795,0.1014368459582328,0.1040131896734237,0.1011177152395248,-0.1044589579105377,0.1040570735931396,0.1044570058584213,-0.1039079502224922,-0.0998748913407325,-0.1044111400842666,-0.0663864538073539,-0.0992333143949508,0.03782719373703,0.104451023042202,-0.1044587790966034,0.1044473573565483,0.0489408373832702,-0.1044589877128601,-0.0511267930269241,-0.0787896290421485,0.1036095842719078,0.0203610584139823,-0.0265076663345098,0.1044499948620796,0.1043777912855148,-0.0601051859557628,-0.0854819118976593,-0.0961552709341049,-0.1031680181622505,-0.0056214076466858,-0.1044557094573974,-0.0601369440555572,0.1044578775763511,0.1011618971824646,-0.1044585332274437,-0.1044527515769004,0.1042946577072143,0.0424476452171802,-0.104453444480896,0.1019525751471519,0.1042194962501525,0.1044426336884498,-0.1004302948713302,-0.1041641905903816,-0.0178103353828191,-0.1041757985949516,-0.0370096899569034,-0.104374922811985,0.053546767681837,0.0575978904962539,-0.0675943344831466,-0.1044589728116989,0.0974982008337974,0.0544846765697002,0.0561019591987133,0.1028508767485618,-0.0763587579131126,0.1038298234343528,0.1035621687769889,0.1044588610529899,-0.1044003367424011,0.0918967723846435,-0.0626667290925979,-0.1043532937765121,-0.0956854298710823,0.1044363230466842,-0.1044510155916214,0.0740144923329353,-0.1041299030184745,-0.0832800865173339,-0.10398630797863,0.0102653251960873,-0.1019028723239898,-0.0764185488224029,0.1041034907102584,-0.0995362922549247,0.1044370681047439,-0.1043624281883239,0.1001695990562439,0.1044525876641273,0.1041636690497398,0.1044585555791854,-0.0341791100800037,0.1002308875322341,0.0935469567775726,-0.1043654978275299,-0.103415809571743,0.1044583991169929,-0.1044557467103004,-0.0295613296329975,-0.1027069240808487,-0.1044589281082153,0.0616674609482288,-0.1039402931928634,0.1043331176042556,-0.0043851868249475,0.0427392907440662,0.1043388992547988,0.1044559255242347,-0.0323335938155651,0.1034123003482818,-0.0625605657696724,0.1044587939977645,0.1044584363698959,-0.1041665971279144,-0.0789180025458335,-0.0812031328678131,-0.0789305195212364,-0.0220299679785966,0.0954755544662475,-0.1035304591059684,-0.0971067547798156,0.0446845851838588,-0.1043919175863266,0.0234354529529809,0.0887771919369697,-0.1006346717476844,0.1005574390292167,-0.0930462032556533,-0.0992135256528854,0.0825202465057373,0.1006347015500068,-0.1006334647536277,0.1005293205380439,-0.1002727225422859,0.0251688007265329,-0.0518704690039157,-0.0052480492740869,0.0219633188098669,0.100634716451168,-0.0967280641198158,-0.100213922560215,-0.0992804616689682,0.0959692746400833,-0.1001630574464798,-0.1002434566617012,0.1003313437104225,0.0992620810866355,-0.1001188978552818,0.0473212227225303,0.0608651898801326,0.0994415506720542,0.0130922235548496,0.1004123985767364,-0.1005992442369461,-0.0363795682787895,-0.0454334393143653,-0.1006302237510681,-0.056950956583023,0.1006302312016487,0.0072741010226309,0.090461641550064,0.10062887519598,-0.0839010253548622,0.0092233652248978,0.0995799750089645,-0.0838660970330238,-0.0535440444946289,0.1002970412373542,0.0917530581355094,0.0297218356281518,-0.1006297841668129,0.0983170121908187,-0.0987148582935333,-0.1006345525383949,-0.1006137132644653,0.0909872874617576,0.041743230074644,0.1003318428993225,0.0154647380113601,-0.1001501455903053,0.1000047028064727,0.09877310693264,-0.1006103307008743,0.0761681273579597,0.0990210399031639,0.1003690063953399,0.0482548736035823,-0.0388217866420745,0.1004001796245575,0.1004797294735908,0.0770822390913963,-0.0981829389929771,-0.0961770266294479,-0.1002427861094474,-0.0738044530153274,-0.0986832752823829,0.0998185575008392,-0.0967142507433891,-0.100634716451168,0.0805950462818145,0.0889651179313659,-0.0971945822238922,-0.0739444196224212,-0.1006145849823951,0.1005187258124351,0.097872793674469,-0.0987261533737182,-0.0263431649655103,-0.0819803848862648,-0.1005925983190536,0.0953178480267524,0.100386805832386,-0.0559008494019508,0.0992159843444824,-0.1005828380584716,-0.0352359004318714,0.1002363711595535,0.1006176248192787,0.0992678999900817,-0.0801146924495697,0.1006096228957176,0.1005713641643524,0.0953228846192359,0.0705027654767036,0.0994339659810066,-0.0979038849472999,-0.1001401171088218,-0.1006346866488456,-0.0665398985147476,-0.0925105586647987,-0.0959715172648429,-0.1006149873137474,-0.0993709862232208,0.099284790456295,-0.1005650833249092,0.1003622412681579,-0.0993440225720405,-0.0982924923300743,-0.100627951323986,-0.1005351841449737,0.0938364118337631,0.0804777443408966,0.1003719493746757,-0.1006344556808471,0.0989516153931617,-0.0164331439882516,0.0854651853442192,0.0969959273934364,-0.0796980559825897,0.100626066327095,-0.0903451815247535,-0.07261673361063,0.0126857571303844,0.1159328073263168,0.1123796626925468,0.0280300304293632,-0.015894217416644,-0.0656439438462257,0.0748384669423103,0.0930568873882293,-0.1112785935401916,-0.1098500192165374,-0.0599470995366573,0.113045684993267,0.0507826469838619,0.0742629393935203,0.11631790548563,-0.098626434803009,0.0355942100286483,-0.0926987081766128,-0.0873873233795166,0.0303202904760837,-0.106116659939289,-0.1025759875774383,0.1096991747617721,-0.1136211082339286,-0.1147761717438697,0.0629635006189346,-0.0866794362664222,0.0486578568816185,-0.0761990025639534,-0.054542638361454,-0.0687019601464271,0.0260661095380783,0.113429494202137,0.0885127335786819,-0.0442813001573085,0.0907041877508163,0.0619646161794662,-0.0331393368542194,-0.1165756434202194,-0.0376791320741176,0.114047959446907,-0.0879214778542518,-0.0820206254720687,0.1123617514967918,0.1148105636239051,-0.1159222722053527,-0.0672475323081016,-0.0714666470885276,0.0806788578629493,-0.1041981428861618,-0.0433037057518959,0.1006408780813217,-0.0918054655194282,0.0049409223720431,-0.0673340857028961,-0.1027242019772529,-0.1039006412029266,0.1097121387720108,-0.0541289746761322,-0.0259826760739088,0.1115384325385093,-0.1081469878554344,0.0924388095736503,0.1157954931259155,0.1076577082276344,0.0851559787988662,-0.1153167858719825,-0.1129183545708656,0.0869115516543388,-0.0799452736973762,0.0987941548228263,-0.0001140300300903,0.1115228086709976,0.0991008356213569,0.0957408249378204,0.0330695360898971,0.115002728998661,0.0957642570137977,-0.0798810273408889,-0.1139798685908317,-0.0199713483452796,-0.1063719019293785,0.014051447622478,-0.0205685906112194,-0.0289944242686033,-0.0852207615971565,-0.113383337855339,0.0706472843885421,0.0258254315704107,0.0540825389325618,0.1150507777929306,-0.0961631461977958,0.0727027654647827,-0.0192060321569442,-0.09943887591362,0.0593296512961387,0.1006696224212646,-0.1029650568962097,0.1146117225289344,0.004367200192064,0.1163015887141227,0.019833143800497,-0.1154893785715103,0.0103524448350071,-0.0941344127058982,0.1094945222139358,0.1136365830898284,-0.089917279779911,0.1157944574952125,0.1157669499516487,0.0920881628990173,-0.0916062518954277,-0.1105810180306434,0.1166185513138771,-0.1139497682452201,-0.0984801724553108,-0.115348182618618,0.0291633419692516,-0.0113187665119767,-0.0939763113856315,0.0519778318703174,0.1002105847001075,0.1155089884996414,0.0873107686638832,-0.1154582798480987,-0.0628822743892669,-0.1136116087436676,0.0499963909387588,-0.1098921820521354,-0.0360165610909462,0.018133932724595,0.1248144581913948,-0.0548524893820285,0.0817808583378791,0.05822179839015,0.1064008027315139,-0.0390810631215572,0.0272192303091287,0.0618163682520389,0.0823812484741211,0.1281917840242386,0.1329071521759033,0.0397373214364051,0.1183854639530181,-0.0701276287436485,-0.001620270544663,0.0505746752023696,-0.0349888205528259,0.1161421090364456,0.0388202592730522,0.0926574543118476,0.0481465011835098,0.1319630742073059,0.0164093803614377,-0.0563424341380596,-0.1585196852684021,0.1575489640235901,-0.0403289310634136,0.1469623148441314,0.1140751764178276,0.000508785713464,0.1096255630254745,-0.1212948709726333,-0.0501938015222549,0.0956192389130592,0.0475570447742939,-0.1417053490877151,0.0918126180768013,-0.0497743636369705,-0.0558685809373855,-0.0646528676152229,-0.1544975191354751,-0.1302495002746582,0.134917676448822,0.1397873610258102,-0.1120603084564209,0.0600742809474468,-0.1195586770772934,0.0500318482518196,-0.0021258555352687,-0.0210721679031848,0.0674945265054702,0.0471341609954834,0.132733404636383,-0.0380716584622859,0.0213797837495803,0.0697598755359649,0.1393784284591674,-0.104325458407402,-0.0695273354649543,0.0742973685264587,-0.1521587371826172,-0.0102279055863618,0.0487762466073036,0.117079384624958,-0.0093410499393939,0.029249208047986,-0.0578016564249992,0.0303925666958093,0.0974396988749504,-0.0801405236124992,-0.1103434264659881,-0.0506729409098625,0.094479501247406,-0.0375621803104877,-0.01055418420583,-0.0890686735510826,0.1089604347944259,-0.0046841297298669,0.0785246789455413,0.0610345155000686,-0.1319061517715454,0.1413146406412124,0.0864716246724128,0.0320710241794586,-0.0239075683057308,-0.1289277076721191,-0.1256316006183624,-0.022635456174612,0.0652341991662979,0.1196989268064498,-0.1214500144124031,-0.080546848475933,0.1558553576469421,-0.0431733801960945,0.0479403436183929,-0.000259048276348,-0.0141675621271133,0.0845169648528099,0.0106110777705907,-0.0409127473831176,0.0251191146671772,0.1407563388347625,0.0885999873280525,-0.0661213174462318,0.1343768686056137,0.0387836769223213,0.0259149316698312,-0.1030631363391876,-0.0815003514289856,0.0066145295277237,0.1600500792264938,-0.133068710565567,-0.0781036168336868,0.122186504304409,-0.0415993221104145,-0.1062344312667846,-0.002736346097663,0.1344379782676696,-0.1351023763418197,-0.1158211901783943,-0.0620837807655334,0.0276884492486715,-0.12796151638031,0.0090682292357087,0.022704042494297,0.0184629987925291,-0.0416948273777961,0.0508992336690425,-0.0836056545376777,0.0138393864035606,-0.0131454207003116,0.1038555949926376,0.1959961354732513,0.0833888202905654,-0.0953560099005699,-0.1054557263851165,0.0554690882563591,-0.0361290201544761,-0.1538101881742477,-0.1081908717751503,0.0442311763763427,0.074001707136631,0.0375098288059234,-0.0973059013485908,-0.0352642089128494,-0.1989270448684692,0.0795249566435813,0.1215527802705764,-0.0641512870788574,-0.0892574340105056,0.1004682704806327,0.0130898999050259,0.0840449780225753,-0.0070328377187252,0.0121089909225702,-0.0644203051924705,0.0349296331405639,-0.0165820959955453,0.133902758359909,-0.0387203209102153,-0.1005242019891738,0.1282427310943603,0.1731737852096557,-0.0999694019556045,-0.0130334310233592,-0.1013200357556343,0.0810540243983268,0.0312487576156854,-0.1555189490318298,-0.1086966320872306,0.0317825861275196,-0.0465253479778766,0.1593562215566635,0.0096343047916889,0.0637358054518699,0.015970965847373,-0.1649611145257949,0.0484858229756355,-0.0731630250811576,-0.0092468811199069,0.112355351448059,-0.1146849393844604,-0.0069123120047152,0.0115967011079192,-0.0045711174607276,0.0949791222810745,0.1202344521880149,0.0615178123116493,-0.0564157329499721,-0.098733901977539,0.1023952215909957,-0.0277820602059364,-0.0805774256587028,0.0286880731582641,0.1284984052181244,0.0106884902343153,-0.1209770441055297,-0.0255021788179874,-0.0030961784068495,-0.0910895094275474,-0.0628439784049987,0.0337390378117561,-0.0876975581049919,0.0958550423383712,-0.1494030058383941,-0.0772391259670257,-0.0067885583266615,-0.0894154012203216,0.0434850193560123,-0.0849190130829811,-0.0869190171360969,0.0727193728089332,0.1001681834459304,-0.0132630178704857,0.0133865950629115,-0.0815109983086586,0.1208587065339088,0.0329410284757614,-0.056281566619873,0.0067735072225332,-0.095139056444168,0.0256365854293108,-0.1038563326001167,0.1103658452630043,-0.0448668301105499,-0.0451827868819236,-0.0121953254565596,0.1699138134717941,0.102226935327053,0.005201858934015,0.0218952316790819,0.024610074236989,-0.1432921290397644,-0.1201091557741165,0.1664410382509231,-0.0733841657638549,0.1302503794431686,-0.13454370200634,0.0929945334792137,-0.0808081924915313,0.0130924955010414,-0.077793963253498,-0.0980499237775802,-0.1727334409952163,-0.0164730455726385,-0.1003673374652862,0.0593992844223976,0.0282075218856334,0.1783044338226318,-0.0098287956789135,0.0844952464103698,-0.0353194922208786,0.1068601831793785,0.0042282058857381,PVHSOUHCBYETRO-UHFFFAOYSA-N,O=C1C2CC3N1CCC31c3ccccc3-n3c1c2ccc3=O
-0.0938929691910743,0.0928943455219268,0.0952108725905418,-0.0949358567595481,-0.0949242338538169,0.0948045402765274,0.095119222998619,-0.0936311557888984,0.0857931077480316,-0.094428926706314,-0.0950949341058731,0.0949373021721839,0.0950249582529068,0.0952200219035148,-0.0141843101009726,-0.0910574793815612,0.0234237853437662,0.095180906355381,-0.0952263996005058,-0.0883764922618866,-0.0951364263892173,0.0816840156912803,-0.0952258929610252,-0.0877893939614296,0.0951188430190086,0.0661316588521003,0.0943925082683563,-0.0473912544548511,-0.0951471254229545,-0.0952234119176864,-0.095226265490055,0.0952264219522476,-0.0936866402626037,0.0949365496635437,-0.0952255353331565,-0.0952264219522476,-0.0952185243368148,0.0952255502343177,-0.0635094791650772,0.0952153727412223,-0.09522545337677,0.0863499417901039,0.0796421915292739,-0.0895116925239563,0.0310050621628761,0.0952204465866088,-0.0951335802674293,-0.0951827764511108,-0.0952237918972969,0.0223809629678726,-0.0809624195098877,0.0951944813132286,0.0952263846993446,-0.0950391367077827,-0.0951673164963722,0.0639517679810524,-0.0952225401997566,0.0940866842865943,-0.0942626073956489,0.0859800353646278,-0.0951896533370018,0.0952262282371521,0.0946071743965148,0.0949026122689247,0.0952098965644836,-0.0917268767952919,-0.0952252820134162,-0.089186854660511,-0.057710874825716,0.0714333355426788,0.0132905142381787,0.0952264219522476,0.0947533845901489,-0.0952261462807655,-0.0951978787779808,-0.0952263474464416,-0.0867054983973503,-0.0951622277498245,-0.0355743467807769,-0.0952017307281494,-0.0949519202113151,0.0952240601181984,0.0952264219522476,0.0952234789729118,-0.0951701626181602,0.0952246785163879,-0.095224916934967,-0.059374950826168,0.0951930955052375,-0.0952254012227058,-0.0952262207865715,-0.0952188074588775,0.0504112392663955,-0.0952184870839119,-0.0952264219522476,-0.0952253863215446,-0.0952263846993446,-0.0703528970479965,0.0952063649892807,-0.078919269144535,0.0936838611960411,0.0858842357993125,-0.0899681448936462,-0.0942077189683914,0.0913154482841491,0.0948309823870658,-0.0639367997646331,-0.0944410935044288,-0.0936455056071281,0.09464593231678,-0.0886403322219848,0.0947514623403549,-0.0952248498797416,0.0951215103268623,0.0946940034627914,0.0952150672674179,0.0745782405138015,0.0841211304068565,-0.0951869785785675,0.0932022705674171,0.0693205222487449,-0.0926333218812942,-0.0948765873908996,0.0950230509042739,0.0952018350362777,0.0141444765031337,0.0952142626047134,-0.0566691868007183,-0.0861373618245124,-0.0938625633716583,-0.0937191173434257,0.0938898473978042,-0.0852352157235145,0.0938899740576744,0.0636458620429039,-0.0938206613063812,0.0938898622989654,-0.0583638697862625,0.0938899740576744,0.0938061773777008,-0.0934794768691062,0.0746240392327308,0.0938892662525177,-0.0938899740576744,-0.0743625462055206,-0.0938688516616821,0.0938849747180938,-0.0938662439584732,0.0938899740576744,-0.0185336302965879,-0.0937961041927337,-0.0911692902445793,0.0860908702015876,0.0842707529664039,0.0938829258084297,-0.0938787311315536,-0.0938857346773147,0.0937117859721183,-0.0938897356390953,-0.0649962276220321,-0.0938122123479843,-0.0908203870058059,0.0938855409622192,0.0933891385793685,0.0907870754599571,-0.0936810225248336,0.0938899740576744,-0.0927670672535896,0.0928423032164573,-0.0395485609769821,0.0936239436268806,0.0935899764299392,-0.0857936590909957,-0.0930758714675903,-0.0936266109347343,0.0811143442988395,-0.0938899517059326,0.0442425273358821,0.0917855948209762,-0.0938899517059326,0.093889944255352,-0.0938818231225013,-0.0798446610569953,0.093889944255352,0.0938898995518684,-0.0938899740576744,-0.0938899740576744,-0.0937469899654388,-0.0935829207301139,-0.0938899740576744,-0.0914369001984596,0.0936942771077156,-0.0938899293541908,-0.0938899740576744,-0.0938899740576744,0.0902583971619606,-0.0920002460479736,-0.0936614573001861,0.0938899666070938,-0.0938859805464744,0.0938899740576744,-0.093889519572258,-0.0938160568475723,-0.0938858091831207,0.0938899740576744,-0.0938899740576744,-0.067473754286766,0.0933769643306732,0.0938899740576744,-0.0932874530553817,0.0938669368624687,-0.0938899740576744,-0.0938249826431274,0.0313552431762218,-0.0938899740576744,-0.0924798473715782,-0.0907212421298027,0.0897676199674606,-0.0936845690011978,-0.0861022844910621,-0.0936599746346473,0.0938895717263221,-0.0896809175610542,0.0260233916342258,-0.0938899740576744,0.0813411101698875,0.0935116410255432,0.093659371137619,-0.0937469601631164,-0.0687758028507232,-0.080006256699562,0.0938890874385833,0.0858687236905098,-0.0938899517059326,-0.0598610416054725,-0.0926499143242836,0.0869021564722061,-0.0938899666070938,0.0938899666070938,0.0909679979085922,-0.0855098217725753,-0.0938898921012878,-0.0938843712210655,-0.0935912877321243,0.0366717353463172,0.0938866585493087,-0.0929891094565391,0.0752698704600334,-0.0938899740576744,0.0938770696520805,-0.0938899740576744,-0.0051673543639481,0.0764833837747573,0.0934715941548347,-0.0938896834850311,-0.0856526419520378,-0.0499842800199985,0.0995264425873756,0.0844924226403236,0.0954095646739006,0.0445492304861545,-0.0999902859330177,-0.0031408427748829,-0.0955337733030319,-0.0812086388468742,-0.0645461603999137,-0.0496710427105426,0.0650177150964737,-0.0999900922179222,-0.0999752879142761,0.0365035012364387,0.0693747103214263,0.0974737778306007,0.0973495915532112,-0.0999873802065849,0.0761162042617797,-0.0999902561306953,0.0538195483386516,-0.0999504476785659,0.0896507874131202,-0.0874880328774452,0.0969736278057098,0.0992119461297988,0.0999896973371505,-0.0999884307384491,-0.0409695953130722,0.0088667394593358,-0.0999868735671043,0.0999870970845222,-0.0997895374894142,0.093099445104599,-0.0356354713439941,0.0999002680182457,-0.0193891823291778,0.097954474389553,-0.0949470922350883,-0.0964424833655357,0.0991153568029403,0.0210149493068456,0.0777781829237937,-0.0994566604495048,0.0987059473991394,-0.0967526733875274,-0.0887696668505668,-0.0987552627921104,-0.0970155969262123,-0.0851411744952201,0.0948500782251358,-0.0992676615715026,0.0550924614071846,-0.0863866433501243,-0.0999073684215545,-0.0953014567494392,0.0897044762969017,0.0718668103218078,-0.0987199172377586,0.0992458090186119,-0.0912000089883804,0.0993659421801567,-0.0973715111613273,0.0998581573367118,-0.0911694839596748,-0.0935814455151557,0.0946490094065666,0.0679911002516746,-0.0807234868407249,0.0280756950378417,-0.0996047705411911,0.0560109429061412,0.0999727845191955,0.0710241869091987,-0.0999890267848968,-0.0923517942428588,0.0999902859330177,-0.0958619341254234,-0.0998684093356132,-0.0994364470243454,0.0988172367215156,0.0999845042824745,-0.099543996155262,0.0981446877121925,-0.0920696705579757,0.0999898836016655,-0.0972073674201965,-0.0996683910489082,-0.0993524119257927,-0.0959341078996658,0.0341278910636901,-0.0999896749854087,0.0854612737894058,0.0999599769711494,-0.0999590083956718,0.0957132801413536,0.0996951684355735,0.0989278852939605,0.0606734827160835,-0.0999897420406341,-0.0998712331056594,-0.0974575281143188,-0.0658247992396354,-0.0990377366542816,0.0999898761510849,-0.0995530486106872,0.0700526162981987,-0.0993577912449836,0.0998520031571388,-0.0984294191002845,-0.0999822616577148,-0.0803786739706993,0.0999802649021148,0.0866289213299751,-0.092788927257061,0.0310498736798763,-0.0901221930980682,0.0999886319041252,-0.0282106045633554,0.0408652164041996,-0.0999597609043121,0.0989062041044235,-0.0791227668523788,0.0978817120194435,0.0942562222480773,-0.093715876340866,0.0971161276102066,-0.0947488918900489,0.0938014239072799,0.0949251726269722,-0.0901967510581016,0.0947856977581977,-0.0949318632483482,-0.0814051404595375,-0.0689231231808662,0.0949456170201301,0.089247889816761,-0.0943268686532974,-0.0439068041741848,-0.0921703577041626,0.0935984030365943,-0.0947951227426529,-0.0948956906795501,-0.0928292274475097,0.0948403626680374,0.0902709886431694,-0.0174375511705875,-0.0899762585759162,0.0896914601325988,0.0942489802837371,-0.0003238315111957,-0.002156774746254,0.0948505848646164,0.0946284309029579,-0.088964395225048,0.0397405587136745,-0.0949602574110031,-0.0949304103851318,-0.0876405984163284,-0.094959981739521,0.0949601903557777,0.0949595943093299,0.0942549705505371,0.0943968072533607,0.0937547013163566,0.0949600487947464,0.0949017256498336,0.0947968587279319,0.0843863189220428,0.094769574701786,-0.0949589982628822,0.0940550342202186,-0.0930168777704238,-0.0949141383171081,-0.0062425732612609,0.0846422165632247,0.0803777053952217,0.0830948278307914,0.0802941471338272,-0.0947072505950927,-0.0949457734823226,0.094793252646923,-0.0473764091730117,0.0948780700564384,0.0949600711464881,0.0945952236652374,-0.0939108431339263,0.0490580797195434,-0.0948788672685623,0.0947224870324134,-0.094937615096569,0.0864098519086837,-0.0942358374595642,-0.0686636120080947,-0.0949533358216285,-0.0626790001988411,0.0946935787796974,0.0948227941989898,-0.0949594676494598,0.0755590125918388,0.0924357771873474,0.0946354120969772,-0.0832253247499466,0.0949588641524314,-0.0948231145739555,-0.0944800972938537,0.094744935631752,0.0944801643490791,0.0949602648615837,-0.0535273067653179,-0.0949596986174583,0.094959020614624,0.0949272662401199,-0.0949515327811241,0.094942882657051,0.0948335751891136,-0.0949273630976677,-0.0949136093258857,0.0949598774313926,-0.0949484854936599,-0.0812205821275711,0.0765236988663673,0.0863444581627845,0.0913595855236053,0.0949248224496841,-0.0948470756411552,-0.0574433133006095,0.0949561893939971,-0.0934932827949523,0.0949499532580375,-0.0936736389994621,-0.0944674387574195,0.0947263836860656,0.0949066802859306,0.0947275385260582,0.0922216922044754,-0.0890927463769912,0.0949203446507453,-0.0906809046864509,-0.0949417203664779,-0.0947229117155075,0.0939317047595977,0.0815723910927772,0.0742709711194038,0.0930595993995666,-0.0948881208896637,-0.0949444696307182,-0.0823707431554794,-0.0888838768005371,-0.0666703581809997,0.094602920114994,-0.0467992797493934,-0.0902482345700264,0.0949593931436538,-0.0949015319347381,-0.10377798974514,-0.1037639155983924,0.0782099217176437,-0.1041325777769088,-0.1033971160650253,-0.0117732034996151,-0.0804078355431556,-0.0001293331006309,-0.1025913804769516,0.0337461270391941,0.1037538945674896,-0.1028138846158981,0.1038235127925872,0.0901628360152244,0.1040316373109817,-0.1034692674875259,0.1041369214653968,-0.1039209067821502,-0.0533439368009567,-0.1040555089712143,-0.0785265266895294,-0.1039475724101066,0.1018123105168342,-0.1028432846069336,0.1037164479494094,0.0940580889582634,-0.1015557721257209,-0.0935844331979751,-0.1011802330613136,-0.0529508776962757,-0.0961418077349662,0.1041633188724517,0.0557264909148216,-0.1029241159558296,-0.1036961674690246,0.0637299790978431,0.1014928519725799,-0.0036343082319945,-0.1017478927969932,-0.0278535224497318,-0.0504978522658348,0.1039720699191093,0.1030948013067245,0.103920005261898,-0.0164751447737216,-0.0221947990357875,0.104103535413742,0.1030573919415474,0.0924782529473304,0.0662193447351455,-0.103007435798645,0.034877024590969,0.1041147038340568,-0.0903164222836494,0.0572639442980289,0.0664353743195533,0.1039760112762451,-0.1040945872664451,-0.0257831532508134,0.0938680991530418,0.1040978506207466,0.1034141033887863,-0.0928608477115631,-0.1039979383349418,-0.0866048112511634,-0.0631134063005447,-0.0814886316657066,-0.0986065492033958,0.0082543361932039,-0.0684368088841438,-0.0606818310916423,-0.1027896031737327,0.012627275660634,-0.1040973737835884,0.0703689381480217,0.1035786718130111,0.1030622869729995,-0.0217867977917194,-0.1040443256497383,-0.101037211716175,-0.1041450947523117,0.0926438271999359,-0.0903017073869705,-0.104146234691143,-0.1028666123747825,-0.1041477471590042,0.1026063859462738,0.0983283221721649,-0.1040866896510124,0.1041640490293502,0.1040510758757591,-0.1040787622332573,0.1041000261902809,0.1039891019463539,-0.0901213809847831,-0.1038144156336784,-0.102257452905178,0.1022262647747993,0.0540897287428379,0.1040307730436325,0.1041646972298622,0.0743386223912239,-0.1016028299927711,0.101791925728321,-0.037326443940401,-0.0932501927018165,-0.1038420796394348,0.0265183318406343,0.0213160384446382,0.0508491396903991,0.0950616896152496,-0.1031323373317718,0.0976654514670372,0.0566163845360279,0.1010636165738105,-0.1030648425221443,-0.1030302494764328,0.0968174934387207,-0.0504368841648101,0.03546654433012,-0.0967677757143974,0.0902097597718238,0.0004698575648944,-0.1040258258581161,0.0893839299678802,0.1041456907987594,-0.0470670647919178,-0.0535418838262558,-0.0734268724918365,-0.0101733524352312,0.0099322032183408,0.1097214519977569,0.0739002749323844,0.1336343735456466,0.1386432200670242,0.0401397570967674,0.0207356549799442,-0.1096470952033996,0.033621396869421,0.0500556677579879,0.0664276406168937,0.0480505228042602,0.0978283956646919,-0.1186783760786056,0.1279850602149963,-0.1162162870168685,-0.0082666175439953,-0.0549386106431484,0.1105758100748062,0.0314928442239761,-0.0344334207475185,-0.0817614644765853,0.0429695360362529,-0.0752830728888511,-0.0813176706433296,-0.0551895201206207,-0.1006112024188041,-0.0576009042561054,0.12648706138134,0.1041200459003448,0.0544099584221839,0.1060738489031791,-0.0950742438435554,0.1280216574668884,-0.0879214704036712,0.0746600106358528,0.015294468961656,0.0562590807676315,0.0380845889449119,0.0031529709231108,0.0405650176107883,-0.059783898293972,0.078605405986309,-0.073060043156147,0.138974443078041,-0.1283920854330063,-0.1040608435869216,-0.129134401679039,-0.1129446998238563,0.0255433171987533,-0.0977010652422905,0.0813421383500099,0.137139692902565,-0.1369390785694122,-0.1289500147104263,-0.1269102990627288,-0.1259829401969909,0.1065826565027237,-0.0687126666307449,-0.0165837854146957,-0.0428287982940673,-0.0886526480317115,0.125732809305191,-0.1243181750178337,0.0251588802784681,-0.0683757439255714,-0.0441556870937347,-0.0030666461680084,-0.1255442351102829,0.0262966211885213,0.0001450193085474,0.0955122709274292,-0.041139930486679,0.0465134121477603,-0.0083599351346492,-0.0872445777058601,-0.0603664778172969,0.0468293279409408,-0.118001602590084,-0.0961142480373382,-0.0792258903384208,-0.1234758794307708,-0.0402706563472747,-0.0131646944209933,-0.1086048185825347,-0.0856319367885589,-0.0712558254599571,0.0987487956881523,0.1067869141697883,0.045775432139635,-0.1133708953857421,0.1149916499853134,0.008133583702147,-0.0573871806263923,0.003847325220704,-0.1125818267464637,0.037674892693758,-0.1200512573122978,-0.1175984740257263,0.1148813217878341,-0.1211653500795364,-0.1377967447042465,-0.124208852648735,0.1105508804321289,-0.0756541639566421,0.0138648068532347,0.0116697335615754,-0.1219068765640258,-0.036723468452692,-0.1387186646461486,0.1248073056340217,0.0053438902832567,0.1128076538443565,-0.1372600644826889,0.0801827833056449,0.0041779703460633,-0.0300185773521661,-0.1107061728835105,0.0229107420891523,0.1199399530887603,0.1402962654829025,0.0572442635893821,0.0420878492295742,-0.1238543540239334,0.0041525298729538,-0.1249281764030456,NVVKOBSVOCFOEN-CCEZHUSRSA-N,NS(=O)(=O)c1ccc(/N=N/c2ccc(O)[nH]c2=O)cc1
-0.0830519869923591,-0.1105207651853561,-0.1107865422964096,-0.0797071158885955,-0.0989014953374862,0.0923493579030036,0.01001787930727,0.0856517031788826,-0.0319455340504646,0.0912703052163124,0.0830429196357727,0.098610021173954,0.0564288236200809,-0.1067663207650184,-0.0815382972359657,-0.1078020334243774,0.1005237102508544,-0.1106910705566406,-0.0579523406922817,-0.0236070584505796,0.1101529076695442,-0.0964026451110839,-0.0488928481936454,-0.0144271058961749,-0.0727554634213447,0.0997801423072815,-0.0331417508423328,0.1050063818693161,0.0955341160297393,-0.1100352779030799,0.1100761741399765,-0.0488337315618991,-0.106862336397171,0.0320859849452972,0.0958054736256599,-0.089655190706253,-0.0766160488128662,0.1041236892342567,-0.110038012266159,0.0888126343488693,0.0817349702119827,-0.1106964349746704,0.1108180955052375,0.1090372577309608,0.0571047477424144,-0.0706028789281845,-0.0691521167755127,0.0492583066225051,-0.1106586083769798,-0.0741412341594696,-0.110163077712059,0.0654912143945694,0.1107503548264503,0.1097888946533203,0.1093445345759391,0.0385478623211383,-0.1088965311646461,0.1095227003097534,-0.1103055626153945,-0.0257343854755163,0.0901959538459777,0.0186824053525924,0.1036711782217025,0.1106671690940857,-0.1103627160191536,0.109782725572586,-0.032675627619028,0.0953674614429473,-0.102564588189125,0.1060828641057014,0.078697070479393,-0.1107563599944114,-0.0859219804406166,0.098958745598793,-0.0697554647922515,-0.0518713854253292,0.0609217993915081,-0.1068181842565536,0.095675803720951,0.1096927896142005,-0.1098444387316703,-0.0315900333225727,-0.0836767703294754,0.0294344462454319,-0.0233095306903123,-0.1107379123568534,0.0757669061422348,-0.1096913293004036,0.1101023331284523,-0.1083783581852912,0.0873521044850349,0.011542753316462,0.1093631982803344,-0.020172007381916,0.1108445301651954,0.0980904623866081,-0.0882523581385612,0.1101158857345581,-0.0924775004386901,-0.0773864760994911,0.0938372388482093,-0.0956059396266937,0.1020044013857841,-0.1026245579123497,0.1036465987563133,0.0216834060847759,-0.1103732138872146,-0.0127885974943637,-0.0306542739272117,-0.0713519304990768,0.104787103831768,-0.094619296491146,0.0984093472361564,0.1101019456982612,0.0983641669154167,-0.0986509546637535,-0.1061607971787452,0.0752906054258346,-0.1099327504634857,-0.0595265552401542,0.1072613596916198,-0.0082289297133684,-0.0134496167302131,-0.0912410318851471,-0.041254810988903,-0.1039534583687782,0.0784244015812873,-0.1038890779018402,-0.1023454517126083,-0.1018077284097671,-0.0034765456803143,-0.0783421620726585,-0.0808430835604667,0.0997689142823219,-0.0963423773646354,0.0813769325613975,-0.1019678264856338,-0.0442687235772609,-0.1023547276854515,-0.1020396500825882,-0.0792183130979538,0.1022216379642486,0.0986837968230247,0.1022107228636741,0.1014853864908218,-0.1000360921025276,0.1013991609215736,0.1017100438475608,0.0841361284255981,0.0829975977540016,-0.0853408947587013,0.1023549810051918,0.1010485216975212,0.0633318796753883,0.0355627983808517,-0.1018171086907386,0.1019316837191581,0.093520201742649,-0.094941422343254,0.1022969484329223,0.1023259833455085,0.0970172062516212,-0.0918738842010498,-0.1023414656519889,0.1023532003164291,0.0755488649010658,-0.0738219022750854,0.1021427810192108,0.0876500830054283,-0.1012489795684814,0.1011679843068122,-0.1012930199503898,-0.0989825725555419,0.1015478298068046,-0.0558339767158031,0.0686322599649429,0.1023519560694694,0.0473816320300102,-0.0892319977283477,0.1020261347293853,0.0771479159593582,0.1023543179035186,0.0836881622672081,-0.0915829613804817,0.1018331050872802,0.1021598428487777,0.1017490997910499,0.1023540869355201,0.0832941532135009,0.0059094717726111,-0.0606471560895442,0.1002055630087852,-0.0296269003301858,-0.0861050486564636,0.1020436584949493,0.1020156666636467,-0.1023549735546112,-0.0933143869042396,-0.0546805113554,-0.1018178537487983,-0.1014241129159927,0.1023549884557724,-0.100997969508171,0.1023539528250694,-0.018701558932662,-0.033967800438404,0.1016289442777633,0.0544449090957641,-0.0878465473651886,0.0793413519859314,-0.0620537213981151,0.0981885269284248,-0.1023128405213356,0.1022296920418739,0.0986335054039955,0.0211865790188312,-0.0602699853479862,-0.1020314469933509,0.0954146906733512,-0.0961825177073478,-0.016834395006299,-0.1023070663213729,0.0841446965932846,-0.0608418583869934,0.1023152023553848,0.1021202877163887,-0.1022860407829284,0.0679358094930648,-0.1011895611882209,-0.1022516265511512,-0.0867776721715927,0.0628783255815506,0.1021051481366157,0.0617449954152107,0.101953387260437,-0.1012575849890708,0.0834756046533584,0.0716914311051368,0.1017335951328277,-0.0948986709117889,0.1013479828834533,-0.1021493598818779,-0.0422913171350955,-0.0627155527472496,-0.0017428112914785,-0.1021689176559448,0.1019016653299331,-0.0880844369530677,0.0363725982606411,-0.0589882805943489,0.0585674978792667,-0.0702262818813324,-0.0861751362681388,0.1023546978831291,0.1023531481623649,0.096879668533802,0.0987517833709716,0.0967830419540405,-0.0881061106920242,0.0784567520022392,-0.0987655222415924,0.0987645387649536,0.0959319174289703,-0.0987515226006507,-0.0982510894536972,0.0827374085783958,0.0986524224281311,-0.0974850356578826,0.0928451418876648,0.0983733981847763,-0.094152994453907,0.0906699523329734,-0.0987654626369476,0.0987584590911865,-0.0987516641616821,0.0901542529463768,-0.0957530066370964,-0.0987242311239242,-0.0987647324800491,-0.0588019639253616,0.0960903838276863,-0.0975618883967399,-0.0985506027936935,-0.0625867173075676,0.0506238490343093,0.0961668789386749,-0.0987314209342002,0.097726285457611,-0.098106749355793,-0.0962323471903801,-0.0986477434635162,0.0976796224713325,0.0522404909133911,0.0986976027488708,0.0987544357776641,0.0762473046779632,0.0793675556778907,0.0935044586658477,0.0986513942480087,-0.0580976605415344,-0.098765455186367,0.0979406982660293,-0.0573249496519565,0.071946308016777,-0.097465731203556,0.0952022150158882,0.0962313264608383,-0.0392535701394081,-0.0840018689632415,0.0987581089138984,0.0977930724620819,-0.086863987147808,0.0987510755658149,0.0987266078591346,-0.0983143746852874,0.0984786227345466,0.0987655520439148,0.0984561070799827,-0.0987477377057075,0.0560135208070278,0.0985674932599067,0.0958641916513443,0.0981251746416091,-0.0987467020750045,-0.0622561685740947,0.0968841314315795,-0.0889413952827453,0.0987655520439148,0.0987351983785629,-0.0962980240583419,0.0979871600866317,0.0793197154998779,0.0973638743162155,0.0857768654823303,0.0987599641084671,-0.0693881809711456,0.0762541890144348,-0.0965032503008842,-0.0919907167553901,0.0072341645136475,0.0198219828307628,0.0975941941142082,0.0986989513039588,0.0541723854839801,0.0961047559976577,0.0984166264533996,-0.0987637564539909,-0.0987521186470985,0.0955864265561103,0.0170329269021749,-0.0971232429146766,0.0985192656517028,-0.0294643864035606,-0.0973032340407371,-0.0777102336287498,-0.0751300454139709,0.0886644721031189,-0.0985559001564979,0.0979535430669784,0.084400288760662,-0.093019500374794,0.013684868812561,0.0108156641945242,0.0987655371427536,-0.0942998006939888,-0.0776464864611625,-0.071964755654335,-0.0986139625310897,0.0663601607084274,0.0892593935132026,-0.0503291450440883,0.0985503941774368,0.0332558006048202,0.0984535068273544,0.0028994651511311,-0.0790496245026588,0.0982633903622627,0.0987402349710464,-0.0970609709620475,0.0987593457102775,0.0983225777745246,0.0941178351640701,0.0983873829245567,0.0753051340579986,0.1025000885128974,-0.0388463027775287,-0.0564333200454711,-0.1021667346358299,0.0998047739267349,0.0791236162185669,-0.1028009206056594,-0.074580393731594,-0.1020026952028274,-0.0916811525821685,-0.0968939736485481,0.1018977910280227,0.1001484245061874,0.1043565720319747,0.1003229618072509,-0.1077751219272613,0.0310976170003414,0.1059495583176612,-0.1029791235923767,0.0987398326396942,0.0629645660519599,0.1056917458772659,-0.102063663303852,-0.1069467291235923,-0.1051750257611274,0.0993389561772346,-0.0344319641590118,0.1081229150295257,0.1078157946467399,-0.0918062552809715,0.0757270902395248,-0.0903273448348045,0.0879696533083915,0.1050446629524231,-2.2947597244638018e-07,0.0999581143260002,0.1021428555250167,-0.0217261184006929,-0.102520503103733,0.0955146104097366,0.1043159440159797,0.0975071117281913,0.0838603228330612,0.0936975553631782,0.0501879267394542,0.1053396835923194,0.0751434937119484,0.1041467040777206,0.0908187553286552,-0.069228820502758,-0.024856274947524,0.0897746160626411,-0.1054402515292167,0.106687419116497,-0.0467846430838108,0.0934032797813415,-0.0963253676891326,0.1076589599251747,-0.1045503169298172,-0.0997039005160331,-0.0375856384634971,0.0780575275421142,-0.1009974554181099,0.032327514141798,0.1064145490527153,-0.0527523383498191,-0.092545635998249,-0.0316098816692829,0.0664754435420036,0.0493152514100074,-0.1041546016931533,0.1022470742464065,0.0773573741316795,0.1012198254466056,-0.1040645390748977,0.1050373986363411,0.1077623665332794,0.0141713954508304,-0.1055124551057815,0.0887570306658744,0.1079330071806907,0.0202450603246688,-0.0930513516068458,-0.0931902080774307,-0.0813415572047233,0.0968618020415306,0.0632132440805435,-0.1061221361160278,-0.04084487631917,0.0227028932422399,0.0485194586217403,0.092269979417324,-0.1061763241887092,-0.1005044728517532,0.0902923122048378,0.1051748171448707,0.0886962711811065,0.0869535356760025,0.0872423201799392,0.1059013605117797,-0.0918668508529663,0.0705282837152481,-0.0451960377395153,-0.1025062873959541,0.0976154878735542,0.0947238281369209,-0.1067627891898155,0.1055627018213272,0.07891446352005,0.094032421708107,-0.0974222794175148,0.1066203936934471,-0.0198499597609043,-0.0361944623291492,-0.1043344214558601,0.0875201672315597,0.036342155188322,0.0929862335324287,-0.108016699552536,-0.1083887740969657,0.071158654987812,-0.0938565954566001,-0.0680663213133812,-0.035110954195261,0.0921872481703758,0.0894384756684303,0.0993099212646484,-0.1016995310783386,0.1021147891879081,-0.0186929255723953,0.0879892259836196,0.0580680258572101,0.1762846559286117,0.1501700431108474,0.0732172802090644,-0.0300228409469127,-0.0233044140040874,0.1288647204637527,0.0412943698465824,0.1267038583755493,0.0824014618992805,0.0592297688126564,0.0131210098043084,-0.0142080280929803,-0.0578942410647869,0.062275905162096,-0.1321041285991668,0.1576887816190719,0.0131304822862148,-0.0176194682717323,-0.0634476915001869,0.1000232174992561,0.0508219115436077,-0.0894077643752098,-0.0405567549169063,0.1433025151491165,-0.0003073621192015,0.120881363749504,0.113447718322277,-0.1440320760011673,0.0975521504878997,-0.0846414640545845,0.0203574541956186,0.0905642658472061,0.0750155374407768,-0.142505869269371,0.0620099939405918,-0.0757789462804794,0.0305472593754529,-0.0167937595397233,-0.1843314468860626,-0.0437110289931297,0.021113833412528,0.1650470942258834,-0.1680643707513809,-0.0318178236484527,-0.0939110592007637,0.0264417398720979,-0.0494781397283077,-0.1225391626358032,0.0356808193027973,0.0052281697280704,-0.0315431058406829,-0.0113431932404637,-0.1412560641765594,-0.0502430386841297,0.1162580698728561,-0.1018083542585372,0.0213465243577957,0.09844721108675,-0.0972467586398124,-0.0134347770363092,-0.0547077730298042,0.0707676485180854,0.073534145951271,0.0751816630363464,-0.10104900598526,0.0307073835283517,0.0813783630728721,-0.0868748128414154,-0.1900942027568817,-0.0350178554654121,0.1026095375418663,-0.0364106111228466,0.055085502564907,-0.0241647623479366,0.0398865900933742,0.0588834360241889,0.1720819324254989,-0.0798810794949531,-0.0924105793237686,0.1916663497686386,0.1145814284682273,0.0740473493933677,-0.0918052345514297,0.0081575158983469,-0.069411352276802,-0.0076363547705113,-0.0667014792561531,0.0707432404160499,-0.1818218678236007,0.0105188079178333,0.1892942041158676,0.0087673095986247,0.0006506160134449,0.0145276114344596,0.1001973822712898,-0.0533128716051578,-0.0597050003707408,0.0477410815656185,0.0343580953776836,0.1067676171660423,0.0166883952915668,-0.002555888146162,0.0414119698107242,-0.0264401920139789,-0.0969780012965202,-0.0524784959852695,-0.0995087027549743,-0.0408926717936992,0.1891039162874221,-0.087060734629631,0.0114446934312582,0.0211925730109214,0.0925415232777595,0.0679263323545456,0.064219020307064,0.095886506140232,-0.1077177599072456,-0.1441774070262909,0.105512723326683,-0.0623449832201004,-0.0560797750949859,-0.0290316883474588,0.0239305961877107,-0.0527104400098323,0.0810647681355476,0.0377355404198169,-0.077186107635498,0.0261033978313207,-0.0618906915187835,-0.1313742846250534,0.0456911362707614,-0.0063376151956617,-0.1240259632468223,-0.0912576243281364,-0.0629112347960472,-0.005524574778974,-0.0086121903732419,-0.0408566556870937,0.1517452299594879,-0.0039550983346998,0.1019104644656181,-0.120777927339077,0.020269475877285,-0.069062516093254,-0.1440888196229934,-0.0576607771217823,-0.0839295238256454,-0.1049523502588272,0.0814999416470527,-0.0058793881908059,0.1208747252821922,-0.1617264300584793,0.1380209773778915,-0.0524217188358306,-0.1403063237667083,0.0412389263510704,-0.0062581906095147,-0.0069747096858918,0.0365973226726055,0.0488851629197597,0.066350057721138,0.0884646922349929,-0.0717763230204582,-0.0992045700550079,-0.0059094722382724,0.063925452530384,-0.108636699616909,0.0325926467776298,0.0884563848376274,-0.0433273240923881,-0.0307686068117618,0.1293848603963852,-0.0363848134875297,0.1792429983615875,-0.0753318816423416,-0.0208339802920818,0.0671768859028816,-0.0839628800749778,-0.1301068365573883,-0.057710088789463,0.1159071996808052,-0.120859183371067,0.1480601876974105,0.0953722894191742,-0.074280209839344,-0.0408632457256317,0.0006847931072115,-0.0206498559564352,-0.030073681846261,-0.0100466050207614,0.1244170442223548,0.020113943144679,0.1677317917346954,0.088019274175167,-0.0361484102904796,-0.0181370377540588,-0.0177066605538129,-0.0627279952168464,-0.1177419424057006,0.0089673772454261,-0.1545340418815612,-0.0291840806603431,-0.0060392734594643,-0.1488218605518341,0.1195217370986938,-0.0393815264105796,0.1897163242101669,0.0481642819941043,-0.0396201275289058,0.0333231836557388,-0.0168219991028308,0.1056091859936714,0.0495409108698368,-0.0608910135924816,-0.0162822324782609,-0.0334192588925361,0.0207285154610872,-0.0998857244849205,-0.0081341918557882,-0.077223390340805,-0.093979075551033,0.0565170720219612,-0.1659964919090271,-0.0456579700112342,-0.0900306850671768,0.0108865471556782,0.1091100350022316,-0.0065584941767156,0.1374153792858123,-0.13670115172863,0.0345959365367889,-0.0305831432342529,0.1853070110082626,0.0938379168510437,0.0924803465604782,0.108622096478939,0.1371675133705139,-0.0710998550057411,-0.0026357159949839,0.171696662902832,0.0396672561764717,-0.1385491043329239,-0.0116420993581414,0.088000938296318,-0.0451949499547481,-0.1224989965558052,-0.143962487578392,0.073790818452835,0.0411213561892509,0.1159077584743499,0.1051716059446334,0.0711427107453346,WABHGYBUIVRQDL-UHFFFAOYSA-N,O=C(O)c1cn(C2CC2)c2cc(-n3cc(CN4CCNCC4)nn3)c(F)cc2c1=O
-0.025923479348421,0.0892932564020156,0.0951109901070594,0.0877495408058166,0.1026275902986526,-0.0907758623361587,-0.1026043146848678,-0.1021972969174385,-0.0480083711445331,0.1020488813519477,0.0753208696842193,0.0543186701834201,0.1026163473725318,0.1026420220732688,-0.1026200279593467,-0.1026031821966171,-0.0795259028673172,-0.100400298833847,-0.0927444696426391,0.1014267355203628,-0.0371473655104637,0.0687856748700141,0.1022451370954513,-0.0977168902754783,-0.0979336202144622,-0.1025156006217002,-0.1022680252790451,0.0720680132508277,-0.05678416416049,-0.0010573571780696,0.0052107409574091,-0.0297890044748783,-0.0765134766697883,-0.1024938076734542,-0.0989563837647438,-0.1026098728179931,-0.0994147583842277,-0.049252662807703,-0.1008627340197563,0.1023178547620773,-0.1024390533566474,0.1017622947692871,-0.1024476662278175,0.0846202224493026,-0.1016558110713958,-0.0632531866431236,0.1026125699281692,-0.1025866642594337,-0.1019447669386863,0.0888256430625915,-0.0986518636345863,-0.1015752553939819,0.1014537140727043,0.1024169102311134,0.070438452064991,0.1017943248152732,-0.0989280566573143,0.1016934588551521,-0.1023879125714302,0.102640263736248,-0.1025353372097015,0.1026417538523674,0.0678791105747222,0.002157523529604,-0.0125605417415499,0.0996284484863281,-0.1026417836546897,0.0136032365262508,-0.0626895204186439,-0.1019118353724479,-0.0945430323481559,0.1025852039456367,0.094741016626358,0.0670149102807045,-0.0995432659983635,-0.10264203697443,-0.1019982919096946,-0.1026382520794868,-0.0906367003917694,-0.0410837642848491,-0.0716532766819,-0.0075914063490927,0.1025927066802978,0.0966213271021843,-0.1024045050144195,0.1008078902959823,-0.0598759688436985,0.1024793833494186,-0.0044513675384223,0.0678949579596519,-0.0948628634214401,0.1004261821508407,0.1026405170559883,0.0969871953129768,-0.1024888306856155,-0.0866018757224083,0.0565555170178413,-0.1008988544344902,-0.0339772850275039,-0.0671935901045799,0.0950971916317939,-0.0924135744571685,-0.0857400447130203,-0.0477030575275421,-0.0715381801128387,0.1003094837069511,0.0999733135104179,0.1025880798697471,0.0975823551416397,0.0378628261387348,0.096450001001358,0.1026133745908737,-0.1023891493678093,-0.1016948521137237,0.0968440473079681,0.10264153778553,0.0917520895600318,-0.0073268697597086,0.10247702896595,-0.1026409268379211,-0.0296728387475013,-0.0980223789811134,-0.1026096418499946,-0.0992593169212341,0.0894113853573799,0.0912530943751335,0.1025892421603202,-0.0619098655879497,0.0849953666329383,-0.0827197730541229,-0.0938642770051956,0.0938651263713836,0.0782693848013877,0.0938651263713836,-0.0938649550080299,-0.0937758311629295,0.0914987921714782,0.0938081592321395,0.0938651263713836,0.0938620120286941,-0.0928236469626426,0.093272753059864,0.0938649922609329,-0.0938633903861045,-0.0811624377965927,-0.0928263142704963,0.0932761952280998,-0.093865118920803,0.0938650891184806,0.0113757066428661,-0.0241981986910104,0.0903866291046142,-0.0808000862598419,0.093863159418106,0.0937262848019599,0.0938063189387321,0.0918392017483711,-0.0603820271790027,-0.0938621759414672,-0.0933010280132293,-0.0938548818230629,-0.0938635170459747,0.0933932438492775,0.0299214087426662,0.0880367681384086,0.0932335555553436,0.0938649103045463,0.0701268166303634,-0.0758522525429725,-0.0825878232717514,-0.0938650146126747,0.09385696798563,0.0812788158655166,-0.0938651263713836,0.0740601196885109,0.0937165319919586,-0.0900254249572753,0.093861885368824,-0.085726074874401,-0.0938528031110763,-0.0911801755428314,0.0938549414277076,-0.0400936529040336,0.0714870542287826,0.093350738286972,-0.0877059996128082,-0.0938608273863792,-0.0913875102996826,0.0938576608896255,-0.0938651263713836,0.0895185023546218,0.0938645005226135,-0.0938421040773391,-0.0938285589218139,-0.093845747411251,-0.0938582271337509,-0.09168591350317,-0.0836140140891075,0.0938651263713836,-0.0333579815924167,0.0938651263713836,-0.0931336730718612,-0.0938148126006126,-0.0938647463917732,0.093864731490612,-0.0938647463917732,0.0938086509704589,0.0910935550928115,0.0938651263713836,0.0080091040581464,0.0938614010810852,-0.0938651263713836,-0.0938643738627433,0.093833141028881,-0.0923917442560195,-0.093711070716381,-0.0938651263713836,0.0746049508452415,-0.0938612669706344,0.0804227739572525,-0.0201893206685781,0.0925857499241828,0.0938650891184806,-0.0934168770909309,-0.093488909304142,0.0938651263713836,0.0899195373058319,0.0926902741193771,-0.0935602411627769,-0.0938646793365478,0.0699795559048652,0.0938651263713836,-0.0938485190272331,-0.0938651114702224,-0.0938651263713836,0.0476089976727962,-0.0930514335632324,-0.0938642174005508,0.0938649773597717,0.0482599847018718,-0.0937007963657379,-0.0938617885112762,-0.093865118920803,-0.0930004566907882,-0.0938617438077926,0.0938583388924598,-0.0936348810791969,-0.0938651263713836,-0.0938651263713836,0.0937790423631668,-0.0938640087842941,0.0935086235404014,0.093855395913124,-0.0916275084018707,-0.0938650667667388,0.0933343842625618,-0.0808123648166656,0.0937498062849044,-0.0901928320527076,0.0968412235379219,-0.0973149240016937,-0.098926343023777,0.0192902404814958,0.0575545541942119,-0.0948781743645668,-0.0219949875026941,0.0984938219189643,-0.0742786601185798,-0.098926343023777,-0.0989262759685516,-0.0265636332333087,0.0302776377648115,0.092553324997425,0.0989162772893905,-0.0989042669534683,0.0950580388307571,-0.0989262536168098,0.0873058810830116,-0.0989173278212547,0.0735932067036628,-0.019207440316677,-0.0245825871825218,0.098720371723175,0.0989009737968444,-0.0988660752773284,0.0212464239448308,-0.0984376966953277,-0.0989040285348892,0.0989139378070831,-0.0989231616258621,0.0989211499691009,-0.0831372141838073,0.0922109261155128,0.0724901556968689,0.098915047943592,-0.0988253802061081,-0.0980133488774299,0.0827582404017448,0.0080852471292018,0.088127501308918,-0.0980630367994308,0.0981400981545448,-0.0306144822388887,0.0617161877453327,-0.0979602187871933,-0.098790556192398,-0.068924531340599,0.0920068621635437,-0.0986771136522293,0.0770862028002739,-0.0095055131241679,-0.0989249497652053,-0.0987234488129615,0.0665003433823585,0.0987191572785377,-0.0935445055365562,0.0985604375600814,-0.0988956987857818,0.0988754704594612,-0.0979064628481864,0.0988950654864311,0.0775767490267753,-0.098924234509468,-0.0503232255578041,0.0878161266446113,0.085768885910511,0.0492755509912967,-0.0984219461679458,0.0006375629454851,0.0989231169223785,0.0989012941718101,-0.0989261269569397,-0.0941823348402977,0.098926343023777,-0.0979279428720474,-0.0989075079560279,-0.0740787237882614,-0.0868240594863891,0.0989258661866188,-0.0988246724009513,0.093956671655178,0.039489347487688,0.0989244654774665,0.0156240714713931,-0.0779884606599807,-0.0988803729414939,-0.0989196896553039,0.0985693782567977,-0.0989261344075203,0.0847626775503158,0.0988170728087425,-0.0967111214995384,0.0969469547271728,0.0983678176999092,0.0988269373774528,0.0557165443897247,-0.0989060625433921,-0.096431665122509,-0.0950182080268859,-0.0966055169701576,-0.0989245027303695,0.098926343023777,-0.0989190638065338,0.0618237629532814,-0.0952971875667572,0.0893883928656578,-0.0854018256068229,-0.0833455249667167,-0.0898311510682106,0.098926343023777,0.0970315858721733,-0.0956446751952171,-0.0988173261284828,-0.098899707198143,0.0989207103848457,0.0968237891793251,0.0965207293629646,-0.0989238545298576,0.0987976267933845,-0.0987935438752174,0.0978482589125633,0.0986898839473724,-0.0972576886415481,0.0855275765061378,-0.1210541948676109,0.0944232121109962,-0.1072292104363441,0.0963576734066009,-0.1372346729040146,-0.0397871918976306,-0.1321441233158111,0.0934991762042045,0.0384665504097938,-0.0771996825933456,0.0366485454142093,-0.1552638411521911,0.0307493936270475,-0.1472326666116714,-0.1106873825192451,0.0420244112610816,-0.02318000420928,-0.0980012342333793,0.0507692284882068,0.0560063235461711,-0.0084481295198202,-0.0738850980997085,0.0077569331042468,-0.0604877732694149,0.0954561084508895,0.0100941639393568,0.0444602258503437,0.0853694230318069,-0.0457675829529762,-0.1233201771974563,0.1011567264795303,-0.0337050221860408,0.0129088191315531,0.1581471562385559,0.0886494219303131,-0.150861456990242,-0.0135795157402753,0.0331926979124546,-0.0989830568432807,0.0878052338957786,0.046707522124052,-0.1482708156108856,-0.1556365936994552,-0.1081436201930046,0.0407480858266353,0.1396708786487579,0.0426357239484787,0.0010462226346135,0.0477180778980255,-0.0099081331863999,0.0834206715226173,0.0562263950705528,-0.088250070810318,-0.0222937781363725,-0.0420084819197654,-0.0464041419327259,0.0110693424940109,0.1191074848175048,0.142409473657608,0.0854387134313583,-0.030421569943428,0.0186283253133296,0.0630917102098465,0.0625746473670005,0.1591070741415023,-0.1583026349544525,-0.1205678582191467,0.0895299986004829,0.0189774204045534,0.0456766672432422,-0.032847374677658,0.1309456527233123,-0.0449352376163005,0.0330141820013523,-0.0698083937168121,-0.1406526714563369,0.1134824082255363,-0.144974946975708,0.0181457847356796,-0.1556360870599746,0.0364005044102668,0.0785512551665306,0.0636113062500953,-0.1091749370098114,0.0163224842399358,0.0133453039452433,-0.1288378685712814,0.0928482711315155,0.1447667330503463,-0.0089201852679252,0.0894580781459808,0.1323118954896927,-0.1385239064693451,-0.0399393029510974,-0.1038087606430053,-0.040662981569767,0.0628989189863205,0.1350505948066711,-0.0401550941169261,0.0387251786887645,-0.1249773204326629,-0.0886022001504898,-0.0470374748110771,0.0694361627101898,0.0966006442904472,-0.0738552063703537,0.0803314894437789,-0.037065353244543,0.1133247837424278,-0.0171732567250728,-0.0641392841935157,0.0600148737430572,0.1052337810397148,0.0742746815085411,0.1332066506147384,0.1345115751028061,0.1437056511640548,0.0251134932041168,-0.1437964588403701,0.1125253811478614,-0.0421803444623947,0.0738978385925293,0.0432917848229408,-0.0173468850553035,0.0356970354914665,0.0464915186166763,-0.0687230005860328,0.0350288487970829,-0.0928358361124992,0.1319549530744552,-0.0729181095957756,-0.0395666770637035,0.1260386556386947,0.060234822332859,0.1324693113565445,-0.044848047196865,0.0907801389694213,-0.080571673810482,-0.1141865327954292,0.001615212415345,0.0550367496907711,0.1504664719104766,-0.1241209954023361,-0.0401016324758529,-0.0770518481731414,0.062505267560482,-0.0665346607565879,0.1526166349649429,-0.0675287172198295,0.0919425934553146,-0.0591897144913673,0.1112071201205253,0.0697172507643699,0.1228459626436233,-0.0045950026251375,-0.0365513041615486,-0.1513629257678985,-0.0352546274662017,0.1367013752460479,0.0809822008013725,0.1176256537437439,0.0135602420195937,-0.0277343597263097,-0.0868539661169052,-0.152277410030365,-0.0306670516729354,-0.0851383283734321,0.1649423390626907,0.0379130281507968,-0.0108258072286844,-0.090498149394989,-0.1266968101263046,-0.0783172845840454,-0.0795279890298843,-0.060136392712593,-0.111828401684761,0.1154754385352134,-0.1193939894437789,0.0193535145372152,0.039660807698965,-0.0395732745528221,0.0001536173658678,-0.0780117735266685,-0.0018677955958992,-0.0255948957055807,-0.008332997560501,0.1387087553739547,0.1540489643812179,0.1083550676703453,0.0340262800455093,0.0371959768235683,0.1448334008455276,-0.0136892525479197,-0.1313633471727371,0.1381848454475402,0.0828123018145561,-0.0599606819450855,-0.0010952245211228,0.0005698206368833,-0.1090878844261169,-0.0536142401397228,0.1388124078512191,0.1163529083132743,-0.141487181186676,-0.1296055316925048,-0.0063587422482669,-0.1247661039233207,0.0491492487490177,0.091058075428009,0.0262996591627597,-0.0973459780216217,0.0610579252243042,0.1113141402602195,-0.1178694888949394,0.0906719416379928,0.0321354158222675,-0.0524686649441719,0.0712599158287048,0.0041832793503999,0.0222257208079099,-0.13824462890625,0.0757138952612876,-0.0020550533663481,-0.0813292637467384,0.1086605414748191,-0.0452560447156429,0.075320653617382,0.0164155531674623,-0.0798712745308876,-0.136833056807518,0.0678436011075973,0.1389736384153366,0.0536111481487751,0.1554340124130249,-0.1390251368284225,-0.0306773409247398,-0.0330615118145942,0.103100799024105,-0.0322672314941883,-0.0188296679407358,0.0136609496548771,-0.0600465796887874,-0.0546700693666935,-0.0528476163744926,0.1526984423398971,-0.0220453534275293,0.0957197025418281,-0.0653720498085022,-0.0655301883816719,0.0105727361515164,0.1353535801172256,0.0054545234888792,-0.0858906134963035,0.0771270021796226,-0.0968316495418548,0.0225296542048454,-0.0564355961978435,0.0546594783663749,-0.0616470947861671,0.0376624464988708,0.0314079150557518,0.1489563882350921,0.1761216521263122,0.1135993897914886,-0.0511937960982322,-0.0994635894894599,0.0454541817307472,-0.0407414324581623,-0.1099030524492263,-0.0915903970599174,0.1017254367470741,-0.0168709401041269,0.0998464748263359,-0.0896783173084259,-0.0361958257853984,-0.1692524403333664,0.1022011190652847,0.0973192900419235,-0.0725966766476631,-0.1047216579318046,0.0763812512159347,-0.0058040861040353,-0.0005892798071727,0.0432026721537113,-0.021186264231801,-0.1256138235330581,0.1317152827978134,-0.0205680727958679,0.1218098998069763,-0.0014319823822006,-0.0979890078306198,0.1410132348537445,0.1112092658877372,-0.0425052158534526,0.0041083400137722,-0.1015690341591835,0.078521154820919,0.039307452738285,-0.1093151047825813,-0.13516166806221,0.0413773916661739,-0.0298025850206613,0.1712274402379989,-0.0196189507842063,0.0159336924552917,-0.0796890705823898,-0.1485607177019119,0.1127997785806655,-0.0838817134499549,0.0485744811594486,0.1379987746477127,-0.1434753090143203,-0.0836390107870101,-0.0765386521816253,-0.1017301082611084,0.1021038964390754,0.0634277462959289,0.0143382092937827,-0.0686793029308319,-0.0468169264495372,0.1110286936163902,-0.0669841393828392,-0.0809882432222366,-0.0515945106744766,0.1038381904363632,0.0183456894010305,-0.1219420358538627,-0.0250961426645517,0.021317221224308,-0.0294798258692026,-0.0730282217264175,0.00382577534765,-0.0818307846784591,0.0207537375390529,-0.1124504506587982,-0.0321066528558731,-0.0059293759986758,-0.1387353539466858,-0.0132224708795547,-0.0735928788781166,-0.0680461451411247,0.1303248852491378,0.0129457172006368,-0.0962853282690048,-0.0313923619687557,-0.0534342564642429,0.1200240403413772,0.0148791838437318,-0.0841322988271713,0.0839722082018852,-0.1358005106449127,0.0315186642110347,-0.0337912216782569,0.0959716290235519,0.0207791365683078,-0.0478795506060123,-0.0514298975467681,0.160777136683464,0.0419965535402298,-0.0295000169426202,-0.0233287177979946,0.0799183025956153,-0.0954908207058906,-0.1123582944273948,0.1247543469071388,-0.0808221399784088,0.1151576787233352,-0.1391956657171249,0.1456200778484344,-0.0457607880234718,0.0742040649056434,-0.1152460053563118,-0.0866443589329719,-0.1273421496152877,-0.0769126638770103,-0.1318574249744415,0.0653496980667114,0.1183104366064071,0.178250566124916,-0.0241899415850639,0.0546123199164867,-0.0505912937223911,0.1116565018892288,-0.0247736014425754,UXEFNRYBANHIIT-UHFFFAOYSA-N,CS(=O)(=O)c1ccc(NC(=O)c2ccccc2Br)cn1
0.0640996098518371,-0.1275382786989212,-0.1354246586561203,0.0774130076169967,0.0324160866439342,0.072163738310337,-0.017119949683547,0.0707725137472152,0.0182338003069162,-0.0036336465273052,0.1005522161722183,0.0428021885454654,-0.0108097800984978,-0.1011325865983963,-0.023762721568346,-0.1151936203241348,0.1299021989107132,-0.1240946128964424,-0.1045249477028846,-0.0228973235934972,0.1167960464954376,-0.1050830036401748,-0.0808575227856636,0.0312797762453556,-0.0984338223934173,0.1239149048924446,0.1109848842024803,0.0635623559355735,0.0964484140276908,-0.1085359007120132,0.1210381388664245,0.0140055101364851,0.017064195126295,-0.0465449318289756,0.0472025983035564,0.0421474985778331,-0.0479174144566059,0.0587750747799873,-0.122123397886753,0.1206761300563812,0.0931025967001915,-0.1346292495727539,0.1261015236377716,0.0924268513917923,-0.0385362356901168,0.0703300684690475,-0.046975053846836,0.109393261373043,-0.133268266916275,0.0363921411335468,-0.1283463090658188,-0.0765903741121292,0.1356202512979507,0.0999770164489746,0.100817285478115,0.0532053336501121,-0.1177431941032409,0.1227523535490036,-0.1263459473848343,-0.0268419981002807,0.0330428220331668,-0.0105430819094181,0.1283348798751831,0.129815325140953,-0.0613971687853336,0.1234189048409462,0.098976120352745,0.0469693131744861,-0.1033565178513526,0.0189389400184154,0.0958588346838951,-0.1178506389260292,-0.0980812981724739,0.0430598184466362,0.0474715493619442,0.0321283303201198,-0.0354289151728153,-0.0676665008068084,0.0968635603785514,0.1074144765734672,-0.068047396838665,-0.0793575718998909,-0.0916730612516403,-0.0282374937087297,-0.0121946381404995,-0.1291079819202423,0.0187283605337142,-0.1278573274612426,0.1038115471601486,-0.127013087272644,-0.0802294388413429,0.0997780039906501,0.1285585463047027,0.1289205849170684,0.135659709572792,0.0765794888138771,-0.1266084760427475,0.1340480595827102,-0.1111130192875862,-0.1057490408420562,0.1095208078622818,0.0405867099761962,0.0979110971093177,-0.0807331278920173,0.1206953376531601,0.0353599116206169,-0.1134822592139244,0.0560174658894538,-0.0736864060163497,0.0606303885579109,0.0565459616482257,-0.0158247873187065,-0.0414391681551933,0.1298917829990387,0.0621597692370414,-0.1007337048649787,-0.071935124695301,0.1038408428430557,-0.0799081251025199,0.043867751955986,0.1092749089002609,0.0692469850182533,0.0011431891471147,-0.0773664340376854,-0.0333770625293254,-0.0560278855264186,-0.0315989293158054,0.0052807116881012,-0.1091192290186882,0.0081369718536734,-0.0489247478544712,-0.1079237312078476,-0.0882525593042373,0.0272085685282945,-0.057297334074974,0.0943206325173378,-0.0845604911446571,-0.0958097204566001,-0.1089841648936271,-0.1035637930035591,-0.1002547070384025,0.1091596260666847,0.0839045345783233,0.109085701406002,0.0914947316050529,0.0077803800813853,0.1078329086303711,0.0730470195412635,0.1013509184122085,0.0907697975635528,-0.0980667993426323,0.1089384257793426,0.0813709795475006,0.0039384048432111,0.0194819867610931,-0.1050830036401748,0.1077205836772918,-0.0202640704810619,-0.0195334106683731,0.1042761132121086,0.108559601008892,0.1002850160002708,-0.101519800722599,-0.0987919941544532,0.1089417710900306,0.1043843626976013,-0.0955653637647628,0.1046403273940086,0.0185093954205513,-0.1051038727164268,0.0864500179886818,-0.1086195632815361,-0.0930006131529808,0.1084952503442764,-0.0817089900374412,0.103862851858139,0.1092214062809944,0.0677512511610984,-0.1027558594942092,0.1068614944815635,0.0110200820490717,0.1071010082960128,0.1070165932178497,-0.0437588654458522,0.0872616618871688,0.1072429046034812,0.1079437658190727,0.1091158688068389,0.0572170913219451,0.0851535871624946,0.0418363660573959,0.0915731340646743,-0.0401266627013683,-0.0866606086492538,0.0602094456553459,0.0766646787524223,-0.1077495962381362,-0.1033622100949287,-0.0872025936841964,-0.0652088075876236,-0.0693657472729682,0.109102763235569,-0.1035247147083282,0.1091537103056907,0.0507725067436695,-0.0591172836720943,0.103198654949665,0.0903364345431327,-0.1034314334392547,-0.0924399718642234,0.0842074155807495,0.0470901541411876,-0.1081649586558342,0.1051907166838646,0.0142616722732782,-0.0837888717651367,-0.1016632467508316,-0.106581836938858,0.0913482829928398,-0.0880230069160461,-0.1001150459051132,-0.1084180548787117,0.0289186518639326,-0.0589716583490371,0.0717510506510734,0.106888011097908,-0.1062120571732521,0.0937027260661125,-0.1079505607485771,-0.0969979912042617,-0.1035720109939575,0.0352859310805797,0.1085780337452888,0.0946768969297409,0.1073912158608436,-0.104136161506176,0.0732152611017227,-0.0074891247786581,0.1086334139108657,0.0063986298628151,0.1056154146790504,-0.1064644157886505,-0.0868477523326873,0.0763648897409439,-0.0854709148406982,-0.0985659882426261,0.0890328660607338,-0.1037939041852951,-0.0356652997434139,-0.1017635539174079,0.0676096007227897,-0.0428112186491489,-0.0281996931880712,0.1054862886667251,0.1075339242815971,0.0635912790894508,0.0632624998688697,0.1012832000851631,-0.1010026112198829,0.0928933843970298,-0.1012855917215347,0.1007661819458007,0.0869876220822334,-0.1012817174196243,-0.1005233824253082,-0.0231837183237075,0.0946442261338234,-0.100415252149105,0.0633454695343971,0.098484568297863,-0.0646439418196678,0.0822766870260238,-0.1012518256902694,0.1008975356817245,-0.1012805327773094,-0.0183461420238018,-0.0975870564579963,-0.1012685298919677,-0.1012775599956512,0.0959020778536796,0.1007350236177444,-0.0902171581983566,-0.0988535955548286,-0.0824508965015411,0.0596553720533847,0.0794999599456787,-0.0996425226330757,-0.0576938949525356,-0.0994471088051796,0.0136990034952759,-0.095031514763832,-0.0910998284816742,-0.0846406146883964,0.1009355559945106,0.100713811814785,0.1009019166231155,0.0738861262798309,-0.0850620046257972,0.1010903418064117,-0.0873424783349037,-0.10121401399374,0.0948778167366981,-0.0811037644743919,-0.0334798656404018,-0.0839128270745277,0.037660002708435,0.0787167400121688,-0.096502661705017,0.0810884609818458,0.101164661347866,0.0736444294452667,-0.1012674793601036,0.1011996641755104,0.1010546833276748,-0.1008482947945594,0.0885085016489029,0.1011969223618507,0.0971236675977706,0.0505912043154239,-0.0221312958747148,0.100460410118103,0.1005379855632782,0.1012596562504768,-0.0981670916080474,-0.1012172251939773,0.0868404135107994,-0.1000675931572914,0.1012845188379287,0.1007306799292564,-0.0733522325754165,0.1008491888642311,0.0999479368329048,0.0984944924712181,0.0413915365934371,0.1011855974793434,-0.1008010357618331,0.0964729860424995,-0.1002940088510513,-0.0863975659012794,-0.0151969213038682,0.1011762991547584,0.0451336838304996,0.1011465042829513,0.1002411991357803,0.0989768058061599,0.0760181918740272,-0.1011109128594398,-0.1012516021728515,-0.0058165276423096,0.0866797417402267,-0.10116558521986,0.0178239848464727,-0.099464327096939,-0.1011473760008812,-0.1012359261512756,0.0900280624628067,0.1007635593414306,-0.1003696247935295,0.1012454554438591,0.0922218859195709,-0.0889372453093528,-0.0073566855862736,-0.0074724056757986,0.1012796685099601,-0.100353829562664,0.0968666300177574,-0.0754318311810493,-0.1012546569108963,-0.0085388515144586,-0.0285477507859468,-0.1001868844032287,0.0999886021018028,0.0923212170600891,0.1012708619236946,-0.0247192867100238,-0.0867367163300514,0.1012357547879219,0.0623232796788215,-0.092453122138977,0.0912211090326309,0.1011459156870842,0.0948148965835571,0.0998510867357254,0.0853785499930381,0.09016615152359,-0.053238995373249,-0.0896877646446228,-0.0900000557303428,0.0900882855057716,0.0901772603392601,-0.0901764631271362,-0.0873020961880683,-0.0901681408286094,-0.0901102349162101,-0.0900192931294441,0.0901611745357513,0.0874403864145279,0.090180866420269,0.0901612639427185,-0.0901810005307197,-0.0294335130602121,0.0901814848184585,-0.090178869664669,0.0901817679405212,0.0898707211017608,0.0900967195630073,-0.0901759192347526,-0.0901818200945854,-0.0901817083358764,0.0898727104067802,-0.0900907590985298,0.0901819393038749,0.0901819467544555,-0.0889949351549148,0.0835456699132919,-0.0901478007435798,0.0894451364874839,0.0901650860905647,-0.0739237889647483,0.0900289118289947,0.0897964313626289,-0.0897184833884239,-0.0901808142662048,0.0901290923357009,0.0901803895831108,0.0858345702290535,0.0888319760560989,0.0888915956020355,0.0899970903992652,0.0901812463998794,0.0900855958461761,0.0901717320084571,0.0879317447543144,-0.0894776657223701,-0.0859958231449127,0.0896888449788093,-0.0901801064610481,0.0901819393038749,-0.0733407586812973,0.09017825871706,-0.090180680155754,0.0901812240481376,-0.0901814922690391,-0.0896713808178901,-0.0828156024217605,0.0901489928364753,-0.090170994400978,0.0900241956114769,0.0901819020509719,-0.0886346623301506,-0.0901723057031631,0.0841117352247238,0.0895479470491409,0.0806028172373771,-0.0901787728071212,0.0897969678044319,0.0898261293768882,0.0901302620768547,-0.0901813805103302,0.0901736319065094,0.0901818946003913,0.0859393775463104,-0.0901335626840591,0.0897712409496307,0.0901819467544555,-0.0857857838273048,-0.0869050100445747,-0.0900720879435539,-0.0901597365736961,0.0901640355587005,0.0899253189563751,-0.0901819020509719,-0.0534686222672462,0.0893252417445182,0.0900629460811615,0.0896429717540741,-0.0901734083890914,-0.0900347381830215,0.089073546230793,0.0901814326643943,0.0901046991348266,0.0870136991143226,0.0900535658001899,0.0901784002780914,-0.0899900570511818,0.0899275168776512,-0.0792915448546409,-0.0901284143328666,0.0901731997728347,0.0881270617246627,-0.0901816710829734,0.0901816487312316,0.0901715904474258,0.090015985071659,-0.0899360477924346,0.0901765450835228,0.0894363969564437,-0.0898991897702217,-0.0901756733655929,0.0901788771152496,0.0901811718940734,0.0901557952165603,-0.0901819467544555,-0.0901819467544555,0.0901717692613601,-0.0900711119174957,-0.0889891684055328,0.0832998305559158,0.0898581743240356,0.0901814028620719,0.0901624262332916,-0.0901767536997795,-0.0977668836712837,0.1306940764188766,0.1541507095098495,-0.0994879528880119,0.1346262991428375,0.1400977671146392,0.156054750084877,-0.0721650049090385,0.0920968353748321,0.0698138698935508,-0.0485789664089679,0.1007257550954818,0.0599019862711429,0.0553649850189685,0.0135484058409929,-0.1126307994127273,0.0769556835293769,0.0423217304050922,-0.0691846683621406,0.0871672704815864,-0.0967184603214263,-0.080609418451786,-0.0667319968342781,-0.0525802858173847,-0.1167010739445686,0.1466932743787765,-0.0766024887561798,-0.0514099113643169,-0.0124264676123857,0.1106649413704872,0.0886891782283783,0.0967984125018119,0.1196350380778312,-0.0501441583037376,0.0211699735373258,-0.0935055762529373,0.1237742081284523,-0.1234057322144508,0.0214391462504863,-0.0837032198905944,0.0172704979777336,0.0647105202078819,-0.0670479908585548,-0.0715696811676025,0.0662083402276039,0.089491881430149,-0.0540797300636768,-0.0781690329313278,-0.0291598383337259,-0.0393683537840843,-0.0598761588335037,0.0240079164505004,0.0980340465903282,-0.1210196986794471,0.0649143531918525,-0.0038963020779192,-0.1139385551214218,-0.0047371326945722,0.0917874053120613,-0.0912312865257263,-0.0597308240830898,0.0827051103115081,-0.0904035195708274,0.0124125685542821,-0.1498942077159881,-0.1222469806671142,-0.0283519588410854,0.0276733916252851,0.0288450624793767,-0.0532380528748035,-0.0619689896702766,-0.1255969256162643,-0.1309092789888382,-0.0966352075338363,0.1101884022355079,-0.0027576182037591,0.1196364536881446,0.0952355712652206,0.0630908161401748,0.1375363320112228,0.0890435874462127,-0.0644100680947303,-0.0862093418836593,0.1423406153917312,0.01435103174299,-0.0980546176433563,0.1082489788532257,0.0398077815771102,-0.1202716678380966,0.0395096838474273,-0.015182121656835,-0.0647512376308441,-0.1543053686618805,-0.0368178039789199,0.1579349339008331,0.0097692348062992,0.1080159470438957,-0.0478650815784931,0.0155981695279479,-0.0661066323518753,-0.0270080938935279,0.0031392266973853,-0.0990400090813636,0.1096823662519455,0.0565007366240024,0.1395053267478943,-0.0399500019848346,0.0968255922198295,-0.0955633223056793,0.0940207093954086,-0.0908506289124488,-0.0636325404047966,0.1535854637622833,-0.1163531243801117,0.0589897707104682,0.0352342277765274,0.1563460379838943,-0.0796138271689415,0.0843270719051361,0.053804725408554,-0.1534407883882522,-0.1030288636684417,-0.0435536541044712,-0.0679551512002945,-0.0165735203772783,-0.0126279955729842,-0.1326404362916946,0.0186476223170757,-0.0260807462036609,-0.0740049481391906,-0.1253620088100433,0.0318168550729751,0.1245361343026161,0.0131533443927764,0.0973324924707412,-0.0706909298896789,0.0179948266595602,-0.1015438586473465,-0.0612243004143238,-0.0364665389060974,-0.0962201356887817,-0.1206027045845985,0.1505990475416183,0.0523029528558254,-0.0415127091109752,0.0898469761013984,0.0133911194279789,-0.1513415724039077,0.138164609670639,-0.0294721722602844,0.0549200326204299,-0.0482127517461776,0.1168709471821785,-0.0086380876600742,0.0571888349950313,-0.0423236414790153,-0.0933914333581924,-0.1300414800643921,0.094394527375698,-0.0531856343150138,0.1506576389074325,-0.0963217914104461,-0.1244582161307334,0.098649688065052,0.1232607066631317,-0.1076908782124519,0.0288896728307008,-0.0994608849287033,0.1299903988838195,0.139522984623909,-0.0643069967627525,-0.1501372903585434,-0.0586759522557258,0.0590891055762767,0.0760261565446853,-0.0265333354473114,0.0504875928163528,-0.0095670605078339,-0.0899125188589096,0.0404717214405536,-0.0631081908941268,0.0325699634850025,0.0189159233123064,0.0943157970905304,-0.0222274269908666,-0.1354957371950149,-0.044245857745409,0.1059882864356041,0.1057580485939979,0.1393501758575439,-0.066916137933731,0.058969646692276,0.1337660998106002,0.0187394022941589,-0.1185738295316696,-0.1054198890924453,0.0930046141147613,0.1284284442663192,-0.1382037550210952,0.0413635149598121,-0.0397446379065513,-0.1260080635547638,0.0460317358374595,0.0962045416235923,-0.0841439142823219,0.0560655668377876,-0.125366985797882,-0.0879376605153083,0.0228797905147075,-0.1181163042783737,0.1058031395077705,0.0623753704130649,0.0958044230937957,0.0195324253290891,0.1058408096432685,0.008877738378942,0.0846334844827652,-0.0039861937984824,0.0540426336228847,-0.0065022748894989,-0.1164649426937103,0.0962327793240547,-0.1274418532848358,0.0174259226769208,0.0146070225164294,0.1362792700529098,-0.0548155046999454,-0.0578327253460884,0.0655796900391578,0.0656749755144119,0.0065967245027422,-0.0370163805782794,0.0992293730378151,0.0761848986148834,-0.0765108689665794,-0.1265069246292114,0.0480216071009635,-0.0491949468851089,0.0905210152268409,-0.1250537782907486,0.0730879232287406,-0.0624788179993629,-0.1175709664821624,0.0722503811120987,-0.1305215209722519,-0.1248993054032325,-0.0670660361647605,-0.1480532884597778,0.0418875068426132,0.0721496269106864,0.0571906305849552,-0.1089928671717643,-0.0656188428401947,0.137595996260643,0.1138188540935516,0.0241403952240943,DYDCPNMLZGFQTM-UHFFFAOYSA-N,Nc1nc(-n2cc(C(=O)O)c(=O)c3cc(F)c(N4CC(O)C4)c(Cl)c32)c(F)cc1F
0.121163286268711,0.1167881116271019,0.1184154599905014,0.1200688332319259,-0.0116253765299916,0.1139464676380157,-0.1189437285065651,0.0825717002153396,0.0443266220390796,-0.1182832196354866,0.041438452899456,-0.1180850714445114,-0.0059358943253755,-0.0730177909135818,0.1214437782764434,-0.0999902263283729,-0.1118961051106453,0.0529015511274337,0.0432504750788211,0.0837585255503654,0.0360515341162681,-0.1067102625966072,0.0633888691663742,0.0435176044702529,0.1158352196216583,0.0821158811450004,-0.1205259039998054,-0.0189958401024341,0.1187085956335067,-0.0142693361267447,-0.05110340192914,-0.0958950221538543,0.1194751113653183,-0.0745730251073837,0.1024087741971015,0.1159375309944152,0.110221229493618,-0.120872862637043,0.0826447680592536,-0.0970697999000549,0.0206034984439611,0.0227060671895742,-0.1208098158240318,0.1130541339516639,0.0359426774084568,0.1168528869748115,-0.1167135387659072,-0.1151264905929565,-0.114379808306694,-0.1054993644356727,0.0912357121706008,0.0614186786115169,-0.1142805367708206,0.0474730990827083,0.0220201164484024,-0.0728163421154022,-0.0456165745854377,-0.1155529171228408,-0.0337703675031662,-0.0679718181490898,0.1221857517957687,0.1222068667411804,-0.0136308120563626,-0.1168257817625999,0.0281542334705591,0.1140561923384666,-0.105655200779438,0.0787859335541725,0.0273747574537992,-0.1026339009404182,0.1162983328104019,0.1110865920782089,0.0534790605306625,-0.0688617751002311,-0.0578796938061714,0.120441235601902,-0.0786610841751098,0.1144086495041847,-0.0122620528563857,-0.0519147776067256,0.110682912170887,0.1216046512126922,-0.0606661774218082,0.113395519554615,0.0936410799622535,0.006182599812746,0.0821110308170318,-0.0726976171135902,-0.0119509240612387,0.073380097746849,0.1138342022895813,0.1211310699582099,-0.0467548817396163,0.0924881398677825,-0.1218915060162544,-0.0740628987550735,-0.0502988137304782,0.1197799742221832,0.1067061051726341,-0.0097992355003952,0.108845829963684,-0.0762904658913612,0.060995165258646,0.1162323206663131,-0.0796314924955368,0.0430702231824398,0.0899228081107139,-0.1183927357196807,0.0298848021775484,0.0181415788829326,-0.070048838853836,-0.0550201013684272,-0.118778571486473,-0.1158670559525489,0.0703166425228118,0.10950867831707,-0.0463690645992755,-0.019244248047471,0.0437164232134819,0.1210241392254829,-0.0730897486209869,0.1012878268957138,0.041154246777296,0.051808912307024,0.0850986912846565,0.0673340111970901,-0.0932097509503364,-0.114000916481018,0.0327805578708648,0.1627489030361175,0.1348849087953567,-0.1077687516808509,-0.0773981660604476,-0.0987180694937706,0.0684987679123878,0.1443499326705932,-0.0515046715736389,0.0315882973372936,-0.0339739918708801,-0.0542031191289424,0.0960535332560539,-0.0823630765080452,-0.0008813771419227,0.1591626852750778,-0.0582476183772087,0.1010373458266258,0.034975130110979,0.108535498380661,-0.1433480679988861,0.0460098795592784,-0.0796325281262397,-0.1501855254173278,-0.1442141532897949,-0.0265655368566513,-0.0894240140914917,0.1167641952633857,0.101050853729248,-0.1199402287602424,-0.0101672708988189,-0.0478903837502002,-0.0396943017840385,0.1289626508951187,0.0603190995752811,0.1213186457753181,0.0207607876509428,0.026852348819375,-0.1257130205631256,-0.1236872598528862,-0.040683913975954,-0.0747970417141914,0.0053587039001286,-0.0477340817451477,0.1230624765157699,-0.0456160306930542,-0.0933747217059135,0.031149623915553,0.1066933050751686,0.1550888270139694,-0.1185376495122909,0.037301480770111,-0.1087917536497116,0.0256243739277124,-0.0625987201929092,-0.0197580493986606,0.0782162994146347,0.0339806079864501,0.1094731763005256,0.032044131308794,-0.0070243193767964,0.139556810259819,-0.0200291443616151,-0.0122334249317646,0.0984604805707931,0.0617358945310115,-0.0697226673364639,0.0936125442385673,0.1363105773925781,0.0067742657847702,-0.1469180583953857,-0.0557786040008068,-0.1012848690152168,-0.1084878891706466,-0.1445815563201904,0.0225049667060375,-0.0804116800427436,0.0994589775800705,-0.0721127241849899,-0.0339405424892902,-0.1338482350111007,-0.0442413352429866,0.0583833418786525,0.1486420035362243,0.0421889349818229,0.0095372954383492,-0.0299596153199672,-0.0732449293136596,-0.0182185713201761,-0.059117779135704,0.082147292792797,0.0860449001193046,-0.0340757705271244,0.0804927125573158,0.0718245133757591,0.1426322162151336,0.0409445688128471,-0.1316404938697815,-0.142753928899765,-0.0376474075019359,0.1050963774323463,0.0458272062242031,-0.0287695303559303,-0.1178388223052024,0.0906901583075523,0.0443713255226612,0.1405341476202011,0.0201788246631622,-0.0006757731316611,0.1155487820506095,0.0810086503624916,0.0455025844275951,-0.1205136999487876,0.0088960891589522,0.0849496722221374,0.1211088597774505,-0.0511399358510971,-0.0714731439948082,-0.0223402194678783,0.0243996568024158,0.0477625168859958,-0.090883083641529,0.1655916571617126,-0.0305013749748468,-0.0827211439609527,-0.146217405796051,-0.0096124783158302,0.1261561810970306,-0.0683236941695213,-0.113656997680664,0.1034170389175415,0.0244012437760829,0.1148813143372535,0.1131302937865257,0.082678735256195,-0.0784549340605735,0.0983356311917305,0.0903365388512611,0.0922954082489013,-0.1038008853793144,0.0937095806002616,-0.0222113877534866,0.113775223493576,-0.0479840897023677,-0.1063254699110984,0.0362749397754669,0.0704525485634803,-0.0861445739865303,0.0388877242803573,-0.0787284597754478,0.1099019423127174,-0.0952724069356918,-0.099603496491909,-0.0288272015750408,0.1007511615753173,-0.0589655190706253,0.1143321767449379,-0.1135828867554664,0.1139325946569442,0.0796272903680801,-0.0868511870503425,0.1003795489668846,0.0417172014713287,-0.0445085689425468,0.0956447198987007,0.0583555363118648,-0.0691070407629013,0.0734593570232391,0.1152672991156578,0.0775734782218933,-0.0919436067342758,-0.1150094345211982,0.0188635159283876,-0.0797101855278015,-0.0336625464260578,-0.106664091348648,-0.0939589217305183,-0.1034074202179908,-0.073898546397686,-0.0764666870236396,-0.1146130040287971,0.1154850423336029,-0.0941767618060112,0.0933311209082603,0.0999120622873306,0.0338410548865795,-0.1104009747505188,-0.0281751751899719,0.1140364184975624,0.1145689636468887,0.0646490678191185,-0.1136225536465644,-0.0951616317033767,0.0699216723442077,0.1132550090551376,0.1016516610980033,0.1126770302653312,-0.0611336678266525,-0.111533299088478,0.0779028162360191,0.0623807162046432,0.1074229702353477,-0.0101426485925912,0.1016322076320648,-0.072168193757534,-0.0440616384148597,0.109594352543354,-0.1108503490686416,-0.1138902604579925,0.1148832142353057,-0.0922282934188842,0.0021865034941583,-0.1147767007350921,-0.0372052006423473,0.1026332378387451,-0.1082474067807197,-0.1140299439430236,-0.070773184299469,0.0328968949615955,-0.0444758012890815,0.115517184138298,0.1110666915774345,-0.0081209409981966,-0.1152880191802978,-0.0873990058898925,-0.0133496727794408,0.0251104589551687,-0.1064936593174934,0.0720109343528747,0.0963105708360672,0.0978526696562767,-0.0404152385890483,0.0539543591439724,0.0657184198498725,-0.1052113696932792,-0.0972677692770958,0.1150451973080635,0.0991406664252281,-0.1014022529125213,-0.1095951423048973,0.0380905270576477,-0.1048473492264747,-0.0767100825905799,-0.108418695628643,0.0961144044995307,-0.0766742900013923,0.1094589680433273,0.0929238200187683,-0.0046181408688426,0.0622946321964263,-0.0937307775020599,0.114877700805664,-0.1107474043965339,0.0435216315090656,-0.0891299173235893,-0.0844204798340797,0.0931087732315063,-0.0914030149579048,-0.0340884961187839,0.0947787389159202,0.1143145263195037,0.0542182885110378,-0.0337918065488338,0.1374481618404388,0.1619249135255813,-0.0449353381991386,0.154547780752182,0.0490335412323474,0.0383716151118278,-0.1398096680641174,-0.0962494388222694,-0.0901431292295456,-0.168615311384201,-0.0525193996727466,0.0233871396631002,-0.1398306787014007,0.0007413157145492,0.1300357729196548,-0.0946872755885124,-0.0218326356261968,0.0069680851884186,0.0131583735346794,-0.0400105863809585,0.0642682462930679,-0.108727365732193,-0.0230997409671545,0.1019900813698768,0.1592993289232254,0.0211085602641105,0.0774339735507965,0.0918401926755905,0.0366753749549388,0.0580013692378997,-0.0235285889357328,0.1506659239530563,-0.0341635346412658,0.0124837439507246,-0.0182804875075817,0.1100296452641487,0.0663755536079406,0.0574413314461708,0.1137661188840866,0.0696039497852325,-0.1261807233095169,0.0887522175908088,0.008615325205028,0.0205972883850336,-0.1347531229257583,0.1314486414194107,0.0413131937384605,0.0682026594877243,0.0536233894526958,-0.1319230049848556,0.1283924430608749,0.0585310757160186,0.1346150487661361,-0.1438174396753311,-0.1313996016979217,0.0463092066347599,-0.0681846067309379,0.030456444248557,-0.1154495403170585,-0.1078170090913772,-0.0729021579027175,-0.0334772728383541,-0.0879172533750534,0.0609166324138641,-0.1129424795508384,-0.0765550881624221,-0.1261162757873535,-0.0927211940288543,0.05076714605093,0.1309462040662765,-0.0510068573057651,0.067447580397129,-0.0522053204476833,-0.1091596111655235,-0.0371487364172935,-0.1066128462553024,-0.1671699285507202,0.0054432870820164,0.1231805980205535,0.0351006537675857,0.1667840480804443,-0.0783711746335029,0.1261248886585235,-0.0449483059346675,0.0400381460785865,-0.0805746018886566,0.1201244443655014,0.0011744536459445,-0.0542312152683734,0.1481074839830398,-0.0358326807618141,-0.0188671592622995,0.0585768148303031,-0.0109723899513483,0.0402267985045909,0.0894067585468292,-0.0871297121047973,0.0022210308816283,-0.0512249507009983,-0.0385078862309455,-0.0383421629667282,0.1513652354478836,-0.0161427333950996,-0.051710307598114,0.1328624337911605,0.0878788158297538,0.0424278676509857,0.003023941302672,0.1153291091322898,-0.0612310282886028,0.1227024272084236,0.007505863904953,-0.0927024111151695,-0.0835722684860229,0.069238893687725,0.1090562790632247,-6.799116090405732e-05,0.0666594132781028,0.0226289872080087,0.1537344604730606,0.0452686622738838,-0.0829426050186157,0.0953551530838012,0.1525185108184814,-0.0948373228311538,0.1554821729660034,0.1514318734407425,0.1592477560043335,-0.0600790828466415,0.0918589085340499,0.0505456551909446,0.0173732098191976,0.0559329725801944,0.1286418288946151,0.1031111031770706,-0.0413314513862133,-0.1227812469005584,0.0633687600493431,0.0467967428267002,-0.0996513441205024,0.1052572205662727,-0.0985302180051803,-0.0444285161793231,-0.1029288470745086,-0.0054118209518492,-0.1138733103871345,0.1620480418205261,-0.0914190262556076,-0.0169668048620224,-0.1067725867033004,0.1088239848613739,0.0674531832337379,0.1105267107486724,0.1151027157902717,-0.030558206140995,0.0283693186938762,-0.0537140555679798,0.067788541316986,-0.120452806353569,0.0359964594244957,-0.0004997965297661,0.0263274684548378,0.1033618152141571,-0.0788281485438346,-0.0134941888973116,0.0287827681750059,0.0267396662384271,-0.0833707451820373,-0.0583226904273033,-0.0089961858466267,-0.0451090335845947,-0.0414791591465473,0.017957080155611,0.11145531386137,-0.0678461268544197,0.0639433115720748,0.0140015669167041,-0.1519066244363784,-0.0240363124758005,0.1254502683877945,-0.0684451609849929,-0.0030488928314298,0.0707237422466278,-0.0902781188488006,0.0528126806020736,-0.1407266706228256,-0.1104027777910232,-0.0279908832162618,0.0205144584178924,-0.0388808622956275,0.015194060280919,0.0147829176858067,-0.1091499179601669,-0.1482454687356948,-0.0799276530742645,0.0891830921173095,-0.0722124129533767,0.1115951910614967,0.0675282627344131,0.0672656819224357,0.1123331859707832,0.0689595490694046,-0.0282927099615335,-0.0782028064131736,0.1605482995510101,0.0348549373447895,-0.1015318632125854,0.0888483151793479,-0.0093437051400542,-0.0979663059115409,0.0794156640768051,0.0378967486321926,-0.0643530189990997,-0.1752030253410339,-0.0351215600967407,0.1801317036151886,0.0549099817872047,0.1212654039263725,-0.0447123758494854,0.0618219673633575,-0.0838601812720298,-0.0563768073916435,0.0213103890419006,-0.0609276071190834,0.1166197285056114,0.0562110282480716,0.1470746248960495,-0.0283055007457733,0.0714842826128006,-0.079455979168415,0.0234814677387475,-0.0886240676045417,-0.0143169881775975,0.170419380068779,-0.1149333864450454,0.1105458512902259,0.0061136223375797,0.1802373379468917,-0.0970508456230163,0.0305893905460834,0.0734227001667022,-0.1573636829853058,-0.0857837721705436,0.041805762797594,-0.1208734586834907,-0.022715076804161,0.0131339188665151,-0.1084813177585601,0.0086392173543572,-0.0600405596196651,0.0243778340518474,-0.1019179821014404,0.0745641589164733,0.0635396987199783,0.0011756977764889,-0.0875585302710533,0.1214862912893295,-0.0688786953687667,0.0485499240458011,0.135181576013565,0.109855405986309,-0.0917602851986885,-0.0120931519195437,0.1174552291631698,0.0317200161516666,-0.1046488583087921,0.1265046298503875,0.0034353383816778,-0.0350141450762748,0.0112720867618918,-0.1027671098709106,-0.1048069819808006,-0.0949418917298317,0.0213678553700447,-0.0519447065889835,0.1244684383273124,0.157734528183937,-0.0392136387526989,0.1059937700629234,-0.0106073589995503,0.0925929099321365,0.0217093396931886,-0.0415444411337375,-0.1382422000169754,-0.0306035578250885,0.1178809404373169,-0.0745412856340408,0.1221126616001129,-0.0989394783973693,0.1183622106909751,-0.0220943205058574,0.0591370463371276,-0.0787920653820037,0.0767451748251915,0.1558641940355301,0.1630648225545883,-0.0019037816673517,0.0520472154021263,0.1065928936004638,0.0658910199999809,-0.0297388825565576,0.1222429722547531,-0.0471168123185634,-0.0108609506860375,0.1496334373950958,-0.0703688561916351,0.0324361287057399,-0.1342826187610626,-0.0492387898266315,-0.1170628443360328,0.1039074882864952,0.0521682016551494,0.0354598574340343,-0.002614849479869,-0.0580975487828254,0.0380122438073158,-0.0248282980173826,0.090571291744709,0.0714618489146232,-0.1318039298057556,-0.1278315782546997,-0.1317822039127349,-0.0448147282004356,0.0037769938353449,0.1070999801158905,-0.029254587367177,0.1081569492816925,-0.1160319745540618,-0.0869178250432014,0.1003803759813308,0.0199650060385465,0.1385342329740524,0.0894872844219207,0.0616225525736808,-0.0839555561542511,0.103500559926033,-0.0191217102110385,0.0845081582665443,-0.0912717133760452,0.1095080077648162,0.0017538808751851,0.0123459957540035,0.0846249535679817,-0.0509244985878467,0.0654201805591583,0.0037970645353198,0.0624606497585773,-0.028250366449356,0.0996082201600074,0.0497135706245899,0.1527315080165863,-0.0218540541827678,-0.0845811367034912,0.1547008007764816,-0.086646169424057,-0.0607995055615901,-0.1458392739295959,-0.0568960011005401,-0.1623586118221283,0.0707013085484504,0.0740013122558593,0.1802353858947754,-0.1396751850843429,0.1718828231096267,-0.0939458683133125,0.0429156795144081,0.0062595047056674,-0.1221112534403801,-0.0402103252708911,-0.0496901273727417,0.0033277326729148,0.1252538710832595,-0.0676189363002777,0.0691285505890846,-0.0634443610906601,-0.0620489940047264,-0.0237771794199943,IGGHKESYMZSUMW-UHFFFAOYSA-N,Cc1nn(CCO)c(C)c1CNCC1(O)CCCCC1
-0.0941481664776802,0.0942072719335556,-0.0942080467939376,-0.0936003103852272,0.0942038223147392,-0.0164091791957616,-0.0942016318440437,-0.0825997367501258,0.0940832644701004,0.0941251069307327,0.0942084342241287,-0.0907652303576469,0.0941939428448677,-0.0139054609462618,-0.0917284563183784,-0.0942084565758705,-0.0941245630383491,0.0939127579331398,-0.091686375439167,-0.0942084491252899,-0.0942081809043884,-0.0942026451230049,-0.0941879376769065,0.0580100268125534,-0.0942052081227302,0.0942084565758705,0.0942084565758705,0.0906505957245826,-0.0932056978344917,-0.0130764450877904,0.0938351899385452,-0.0922797843813896,-0.0941673219203949,-0.0658193230628967,-0.0941552892327308,-0.0764352530241012,-0.0941754803061485,-0.0938798487186431,-0.0942081063985824,0.0931696370244026,0.094201810657978,-0.0941528007388114,0.0937496200203895,0.0920364633202552,-0.0942083522677421,0.0911831706762313,-0.0941710472106933,0.079301118850708,0.0933245941996574,0.0933732911944389,0.0884803980588913,-0.0573991127312183,0.0942079573869705,-0.0942084267735481,-0.0795630812644958,0.0902912840247154,-0.004428144544363,0.0941782966256141,0.0870766565203666,-0.0942069739103317,0.0942084565758705,-0.0942084193229675,-0.0940485373139381,0.0939467772841453,-0.0885819047689437,-0.0353412926197052,0.0417353473603725,-0.0913551822304725,-0.0933510884642601,-0.0942078605294227,0.0901472046971321,-0.0939424708485603,-0.0942024365067482,0.0942079946398735,0.093496635556221,0.0942084565758705,0.0859397947788238,-0.0942007601261138,0.0530126579105854,0.0272319205105304,-0.0828804075717926,0.0938064977526664,-0.0911224856972694,0.0918840691447258,-0.0942042991518974,0.0941519066691398,-0.0816001594066619,0.0941830798983573,-0.0604422055184841,-0.0892571955919265,-0.0942083522677421,-0.0934751629829406,-0.0941831991076469,0.09404768794775,0.0891142934560775,0.0938808098435401,-0.0940591022372245,0.0942084416747093,-0.0941054001450538,0.0941717028617858,-0.0942058935761451,0.0941927134990692,-0.0941890627145767,-0.0940460860729217,0.0942084342241287,0.093783788383007,-0.0942083075642585,-0.0555392503738403,-0.0936233326792717,0.0941657721996307,-0.0646128952503204,0.0940145626664161,0.0942078530788421,-0.094015285372734,-0.0942084193229675,-0.0922259464859962,-0.0891471430659294,-0.094061255455017,0.0941901132464408,-0.0942084565758705,0.0853261426091194,0.094045840203762,0.0325356051325798,-0.0942084565758705,-0.0942009389400482,-0.0941063612699508,0.094198390841484,-0.0939171388745307,-0.0692086070775985,-0.0943623110651969,0.0949449464678764,-0.0950824245810508,-0.0946292355656623,0.0949023813009262,0.09491578489542,-0.062623806297779,-0.0950819253921508,0.0950762033462524,-0.0949474424123764,0.0950824245810508,0.0950824245810508,0.0938366129994392,-0.0949185565114021,0.0950465053319931,-0.0950824245810508,-0.0935189872980117,0.0950824171304702,-0.0865439400076866,0.0680190324783325,-0.0950783193111419,0.0950823575258255,-0.0950755402445793,-0.0784369260072708,-0.0841789618134498,-0.0949952602386474,-0.0949413329362869,0.0849419608712196,-0.0950824245810508,0.0947541743516922,0.0949281752109527,-0.089077353477478,-0.0950823500752449,0.0512684285640716,0.0720914080739021,0.0885722935199737,-0.010563476011157,-0.0950815305113792,0.0945069566369056,-0.0950823947787284,-0.0950781628489494,-0.0950811430811882,0.0947010293602943,0.0950824245810508,0.095082402229309,0.0937954857945442,-0.0950561538338661,-0.0896282866597175,-0.0950824245810508,-0.0950800701975822,-0.0950605124235153,0.0950824245810508,0.0205019917339086,-0.0826008170843124,-0.089134082198143,-0.0950293242931366,-0.0405208952724933,-0.0950247347354888,0.0919945985078811,0.0933393463492393,-0.094777837395668,-0.0944045335054397,-0.0950490310788154,-0.0806697383522987,0.0950779393315315,0.0948548316955566,0.0921401530504226,0.0948004350066185,-0.0941209271550178,0.0950764715671539,0.0950824245810508,-0.0948139950633049,-0.0571741834282875,0.0950821116566658,0.0826385095715522,-0.0926450118422508,-0.0318363606929779,-0.0768317952752113,0.0950822532176971,0.0258405618369579,-0.0950824245810508,-0.095024973154068,0.0548342019319534,-0.0730950161814689,-0.0949408784508705,0.0851216465234756,0.0363881327211856,0.0950811654329299,0.0928045362234115,-0.094482697546482,0.0930286198854446,-0.0950582027435302,0.0947717651724815,-0.0950822681188583,-0.0948102846741676,-0.07786875218153,-0.0944581180810928,-0.0878406539559364,0.0950788259506225,-0.0950824245810508,-0.0948709100484848,0.0950384736061096,-0.0950816050171852,0.0133547093719244,-0.0947335585951805,0.0941900685429573,0.0950110107660293,0.0950819626450538,-0.0429275631904602,0.0950526297092437,-0.0947100892663002,0.0931283235549926,-0.0950824245810508,0.0932138785719871,0.0946699902415275,0.0818538814783096,-0.0692363157868385,0.0938741564750671,0.0949681848287582,-0.094401404261589,-0.0889795944094657,0.0916374251246452,0.0933396443724632,-0.0950817838311195,-0.0924353078007698,-0.0358809307217597,0.0946002155542373,-0.0898161083459854,0.09467214345932,0.0935585349798202,0.0942831560969352,-0.0946706756949424,0.0946725010871887,-0.0946723222732544,0.0939001962542533,0.054102599620819,0.0943095088005065,0.0945936441421508,-0.0904218032956123,0.0937224775552749,0.0946725234389305,-0.0946723297238349,0.0946488380432128,0.0937013998627662,0.0946725085377693,-0.094671256840229,-0.0946698933839798,0.0829630047082901,-0.0945908576250076,0.0810039490461349,0.0944791659712791,-0.0926932245492935,-0.0797124952077865,-0.0926422625780105,-0.0942650288343429,-0.0946722775697708,-0.0078800721094012,-0.0946725234389305,-0.0946721881628036,-0.0632931590080261,0.0946719050407409,-0.0946678966283798,0.0946707651019096,0.0946724191308021,-0.0921677127480506,-0.0946219116449356,0.0922870934009552,-0.0946554169058799,0.0658782348036766,0.0945789963006973,0.0946724489331245,0.0946592763066291,-0.0946440696716308,0.0035241039004176,-0.0594784654676914,-0.0946725085377693,-0.0919844359159469,-0.0899967700242996,-0.0680927038192749,0.0946613550186157,-0.0946452245116233,-0.0946630537509918,0.094671793282032,-0.094298355281353,-0.0850557461380958,0.0909215435385704,0.0946598127484321,-0.0946677550673484,0.0941287130117416,0.0946345999836921,-0.0871271267533302,-0.0850411355495452,-0.0936385840177536,-0.0812726095318794,-0.0946703478693962,-0.0942250415682792,0.0907303988933563,0.0938971936702728,0.0941071808338165,-0.0946708470582962,-0.0946721136569976,-0.0925798341631889,0.094528429210186,-0.084844671189785,0.0584140643477439,-0.0946725234389305,0.0946279093623161,-0.0420774891972541,-0.0926639810204505,-0.094659149646759,0.091074027121067,-0.0908255651593208,-0.0946695804595947,0.0941046327352523,0.0946618989109993,-0.0941734984517097,-0.0932520180940628,0.0832031294703483,0.0946627780795097,-0.0926063656806945,-0.0946670547127723,-0.0594765581190586,0.0946725234389305,0.0935045853257179,0.0721392333507537,-0.0941874906420707,0.0946724936366081,-0.0946717113256454,-0.0946725234389305,-0.0946725234389305,0.0618779323995113,-0.0733944103121757,-0.0946725234389305,-0.0938222780823707,0.090360626578331,0.0946501493453979,-0.0911177918314933,0.0870513617992401,-0.0935957431793212,-0.0946724712848663,-0.094672180712223,-0.0946720466017723,0.0946483463048935,0.0934182703495025,0.094665490090847,-0.0946725234389305,0.0855656564235687,-0.0829316899180412,-0.0467589311301708,-0.0122756734490394,-0.0945053547620773,-0.040091224014759,-0.0939780846238136,0.0639334693551063,-0.0094625726342201,0.0892702713608741,0.1156703159213066,0.0807599425315857,0.0365615598857402,-0.0835310071706771,0.1113612577319145,-0.1043214797973632,0.0565880127251148,0.0601722374558448,-0.1136279329657554,0.083401009440422,-0.0394868478178978,0.095221109688282,0.1134318113327026,0.001215093769133,-0.0957759097218513,0.0302831269800663,0.0150546710938215,0.1151211038231849,-0.0760474801063537,-0.111298955976963,0.1165875867009162,-0.0131350802257657,-0.1146117448806762,-0.0190626326948404,-0.0800690054893493,0.0791496485471725,0.1102405935525894,-0.0707611218094825,-0.1149143427610397,0.0532741732895374,0.0273874104022979,-0.1026458144187927,0.106342114508152,0.108754314482212,0.0464655458927154,0.0534062273800373,-0.1124937012791633,-0.0390360839664936,0.1139196008443832,-0.1126899644732475,0.0586816854774951,0.1075219362974166,-0.0585551261901855,-0.1118682473897934,0.013516005128622,-0.1135817542672157,0.1100537702441215,0.0177880376577377,-0.107285052537918,0.0941584631800651,0.1059941127896308,-0.0243560913950204,0.0395370200276374,0.0179043430835008,-0.1128690019249916,0.066741332411766,0.1125888377428054,-0.0692188963294029,0.090298056602478,-0.1080101504921913,-0.0393009930849075,0.1147121712565422,0.0384844914078712,0.0838475450873375,-0.0918002799153328,-0.1158379912376403,0.1131124272942543,-0.1114986166357994,0.1169438436627388,0.0939366519451141,0.0849485099315643,-0.0986479744315147,0.1125178560614585,-0.0001777308207238,-0.0842924192547798,0.1158939376473426,-0.1120838597416877,-0.1101313978433609,0.1029344275593757,0.0817502960562706,0.113553486764431,0.0240874905139207,-0.1129780188202858,-0.0010557648492977,0.0467630103230476,0.1010803207755088,0.0984446480870246,0.1013457849621772,0.0836192965507507,-0.0121173821389675,0.1090373247861862,-0.0985207855701446,0.0497316606342792,0.1126120835542678,-0.0241382494568824,0.1080873310565948,0.1167524084448814,-0.0968137010931968,0.0916572362184524,-0.0867296978831291,0.0844311043620109,0.1141627803444862,0.0257673226296901,0.0451918318867683,0.0922376960515976,0.0596097484230995,0.1150272786617279,0.0170695874840021,0.1133410260081291,-0.0359934978187084,0.1050949022173881,0.1023663058876991,-0.1062202677130699,-0.005848194938153,-0.1017045378684997,0.0877944752573967,0.1083082184195518,-0.11603594571352,-0.0537876226007938,-0.0523337386548519,0.1087317764759063,-0.1025343760848045,-0.1162260770797729,-0.0592748299241066,-0.1108830571174621,0.1062757670879364,-0.0727644637227058,0.0924804583191871,-0.0944205224514007,-0.0791592970490455,0.0495214387774467,0.0873566344380378,-0.0747877061367034,0.0944547653198242,-0.0905783548951149,-0.0889337435364723,-0.0322319231927394,0.0944547653198242,0.0944539234042167,0.0944547355175018,0.0944495871663093,0.0944547653198242,-0.0944547578692436,-0.0938314944505691,-0.0944547578692436,-0.0944506451487541,-0.0944547653198242,-0.0944545269012451,-0.0701631978154182,0.0944547355175018,0.0944547280669212,0.0170486476272344,-0.0940393209457397,-0.0944547653198242,0.0944167599081993,-0.0941512286663055,0.0944236144423484,-0.0927264541387558,-0.0944547653198242,-0.0674719810485839,-0.0944547653198242,-0.0912201628088951,0.0882977694272995,0.0944547653198242,-0.0936572104692459,0.0942870527505874,-0.0944294184446334,0.0235553961247205,0.0938071832060813,0.082697108387947,-0.0944537371397018,0.0944547653198242,0.0944547578692436,-0.0401752181351184,-0.0944547653198242,0.0939664617180824,0.0928878933191299,0.0004625291912816,-0.094454750418663,0.0944547057151794,-0.0944547653198242,-0.0936171934008598,-0.0890885666012764,0.045180857181549,0.0943310484290123,-0.002429227810353,-0.077121302485466,0.0944085270166397,0.0944547653198242,-0.0944547653198242,-0.0944546610116958,0.0944547653198242,0.09445471316576,0.0838594287633895,0.0943958386778831,-0.0845190808176994,-0.0944547057151794,-0.09445471316576,0.0944546833634376,0.0940345376729965,-0.0944544225931167,0.0944533571600914,0.0944541320204734,0.0944523438811302,0.0126198222860693,-0.0944547653198242,-0.0944520756602287,-0.0910333320498466,-0.0863834992051124,0.0944544225931167,0.0944547578692436,0.0943664759397506,0.0944547206163406,-0.0944521501660347,-0.0944547653198242,-0.0943198576569557,-0.0944477319717407,0.0249901115894317,0.0940556451678276,0.0879379510879516,-0.0944494679570198,0.0944547653198242,-0.0944547653198242,-0.0783111751079559,-0.0911877229809761,-0.0944543555378913,0.0944547206163406,0.0944547653198242,0.0944534018635749,0.0943037122488021,-0.0944547578692436,0.0900540724396705,-0.0943628251552581,0.094389833509922,0.0944547653198242,-0.0711765810847282,0.0944338366389274,0.0944546237587928,0.0944547653198242,0.0942438170313835,-0.0930270254611969,-0.0645477622747421,-0.0944542959332466,-0.0920978933572769,-0.0944401398301124,-0.0944544300436973,-0.0919992849230766,-0.0803887993097305,-0.0944546833634376,-0.0944545492529869,0.0944429785013198,0.0253053735941648,0.0806624442338943,0.0936963185667991,-0.0944543406367302,-0.0965735837817192,-0.0965804904699325,0.0231227502226829,0.0819015428423881,-0.0944513753056526,0.0835747942328453,0.0965661332011222,0.0927470922470092,0.096580184996128,-0.0965601503849029,-0.0965568274259567,0.0821203589439392,-0.0214645769447088,0.0965166687965393,0.0965704768896102,-0.096580259501934,0.0965797379612922,-0.0965804234147071,-0.0898567214608192,0.0956620126962661,-0.0900452584028244,-0.0961410701274871,-0.0303927827626466,-0.0713368654251098,-0.0886439457535743,-0.0965795144438743,-0.0965787544846534,-0.0838017761707305,0.0886664688587188,-0.0410852916538715,0.0963202789425849,0.0965763330459594,0.0965790897607803,0.0965783074498176,-0.0538125820457935,0.0965805649757385,0.0831500515341758,0.0964882150292396,0.096525989472866,0.0957177430391311,-0.0939378887414932,0.0410970710217952,0.0964922234416008,-0.0893983989953994,-0.0225090365856885,0.0715642124414444,0.0965803563594818,-0.0965805351734161,-0.0863202884793281,0.0732242986559867,0.0096318498253822,0.0963016003370285,-0.017853807657957,0.0965611785650253,0.0942564979195594,-0.0908836126327514,-0.0965792015194892,-0.096577763557434,-0.0790171548724174,0.0965805426239967,-0.0761994123458862,0.0965804234147071,0.0287050977349281,0.0959174856543541,0.0814639031887054,-0.096578262746334,-0.0515632219612598,-0.0940507501363754,0.0964626669883728,0.0902208089828491,-0.0965805351734161,-0.0956606864929199,0.0965787842869758,0.0965805724263191,0.0921524614095687,0.0890971273183822,-0.0965805351734161,-0.0965768471360206,-0.0965501070022583,0.0386908575892448,-0.0965080335736274,0.0899466201663017,0.0838627442717552,-0.0965758487582206,-0.0949283093214035,-0.0963633432984352,-0.0674794465303421,0.0934676378965377,-0.0965782105922699,0.0965180620551109,0.0960657447576522,-0.0960474386811256,-0.0965805500745773,0.0925299897789955,-0.0913793593645095,-0.0965802371501922,0.0910669490694999,-0.0811250060796737,-0.0941541418433189,-0.0961059480905532,0.0937904641032219,0.0168253798037767,-0.0965433791279792,-0.0965805873274803,0.0956383422017097,-0.0066546825692057,-0.09657584130764,0.0952890664339065,-0.0960821732878685,-0.0928758159279823,0.093509130179882,-0.0965805724263191,0.0965804979205131,-0.0961758866906166,0.0872879326343536,-0.0965463444590568,0.0965714901685714,-0.0964492857456207,-0.0964044630527496,0.0943459942936897,0.0964937508106231,0.0965770781040191,0.0965803936123848,0.0962786898016929,0.0600595735013484,-0.0962550044059753,-0.0904454365372657,-0.0965779796242713,RNPIBQHQICBTER-UHFFFAOYSA-N,COc1ccc(C2c3c(nc4c(c3N)CCCC4)Oc3ccc4ccccc4c32)c(OC)c1
0.1028293892741203,-0.1024123430252075,0.0532240308821201,0.1032005473971366,-0.0908738300204277,0.0149304335936903,-0.0634885430335998,-0.10053351521492,-0.1034414917230606,0.0976021140813827,-0.0965755730867385,0.0961389318108558,-0.1026573851704597,0.0185793805867433,0.1034377142786979,-0.1029537096619606,-0.1035313755273819,0.0927067622542381,-0.1019457653164863,0.1034471914172172,-0.0407924093306064,0.1013467013835907,-0.1027104407548904,0.1031917631626129,0.0911351963877677,0.0892591923475265,0.0590716861188411,0.0812781006097793,0.0091325175017118,-0.1012008786201477,-0.1035129949450492,0.0717370882630348,0.000410563283367,0.0917084515094757,-0.1017837524414062,-0.1026306599378585,0.0736570358276367,-0.0014878951478749,-0.0884438827633857,-0.0998661071062088,0.0894859805703163,0.0292685087770223,-0.0812664777040481,-0.0938586741685867,-0.0468719862401485,0.0614904575049877,-0.1034980863332748,0.065162643790245,-0.0028828447684645,-0.1026244536042213,-0.1033915057778358,0.1035294309258461,0.0165928434580564,0.1035450845956802,0.0957506150007247,0.0942462012171745,-0.102681465446949,0.0712784752249717,0.0754533559083938,-0.1026347801089286,0.1035187318921089,0.1035449281334877,0.103480190038681,0.1033339276909828,-0.1035449355840683,0.1025461554527282,0.0377434343099594,0.1027887314558029,-0.0940170288085937,0.1022632420063018,-0.0110672246664762,-0.1018062010407447,-0.0931511968374252,-0.0725992247462272,-0.1035448387265205,-0.1016033142805099,-0.1035106107592582,0.0947980657219886,0.1035015359520912,-0.1016346886754036,-0.1033009141683578,0.1033091098070144,0.1035293862223625,0.0485257245600223,-0.102087527513504,-0.1028885841369628,0.1030243933200836,-0.0398518182337284,-0.0539605394005775,-0.1020871326327323,0.1035411953926086,0.1023749634623527,0.103535421192646,-0.1035168915987014,0.1034902334213256,0.0651059821248054,-0.1024611219763755,0.1034878566861152,-0.0451688356697559,0.1018437594175338,-0.1018278747797012,0.0064505445770919,-0.0828560292720794,-0.1003332659602165,-0.1026560813188552,-0.0074134534224867,-0.0603278689086437,0.10081198066473,0.0022705672308802,0.1002112701535224,0.1035425886511802,-0.1035388857126236,-0.0218580588698387,-0.1019641906023025,0.0998226553201675,0.1034662500023841,-0.0970351323485374,-0.0917548760771751,-0.1034453585743904,0.0393625982105731,0.0956388339400291,0.067481942474842,-0.0541268922388553,-0.1021894663572311,0.1015852689743042,0.1009610667824745,0.0772716924548149,0.0549876876175403,-0.1023548319935798,-0.1023227646946907,-0.1010631397366523,0.1027245819568634,0.0532842129468917,0.1029882133007049,-0.008530250750482,0.102002628147602,0.0149778444319963,0.0515280961990356,-0.0993186607956886,0.0431172512471675,0.0993967503309249,-0.0031380904838442,0.0991985127329826,-0.1023156195878982,-0.0633783340454101,-0.1030262261629104,-0.1029653176665306,0.1029501110315322,-0.1017807275056839,0.0450048446655273,0.0850690454244613,0.1030263975262641,0.1030231863260269,0.0924888104200363,-0.0256085358560085,-0.0437412932515144,-0.0546962544322013,0.032606441527605,-0.1030263900756836,0.1029440388083458,0.1028879880905151,0.1029110848903656,0.0669523626565933,-0.1027337089180946,0.1030129790306091,-0.1030259951949119,0.1003310456871986,0.1028886213898658,0.1030198633670806,-0.0805110037326812,0.1030231192708015,-0.0934739634394645,0.1023757457733154,-0.1019205972552299,0.1002035439014434,-0.0352112650871276,0.0957050397992134,0.1022676229476928,0.1030114889144897,0.0976852625608444,0.1013016998767852,0.1030092164874076,-0.1030213683843612,-0.0035825849045068,0.0993212237954139,-0.1030167713761329,-0.0970562174916267,0.0599224269390106,0.0947012603282928,0.0967883989214897,0.0032391587737947,0.004921889398247,0.1029387041926384,-0.1006553992629051,0.1012114062905311,0.1029605641961097,-0.1030263975262641,-0.0884245783090591,0.0712230280041694,-0.1029959022998809,-0.1026369035243988,0.1030261516571044,-0.1028445810079574,-0.0279719792306423,-0.1024433895945549,0.0951302424073219,-0.0832301154732704,-0.1029258891940116,0.0913068950176239,0.1027221456170082,-0.1028720736503601,0.1017029583454132,-0.101416565477848,0.0772712007164955,0.1028931811451911,-0.0388083644211292,0.1012042462825775,-0.0700180083513259,-0.1018888652324676,-0.0982608348131179,-0.0242024790495634,0.0942267701029777,-0.0948761701583862,0.1025365516543388,0.0317783243954181,0.0420205704867839,-0.1026755422353744,0.0882673561573028,0.1008091196417808,-0.0622999779880046,0.0942963436245918,0.1025934442877769,0.1029270812869072,0.0329572223126888,0.1028483062982559,-0.0993294268846511,0.0578930936753749,-0.0578483417630195,-0.0868273675441742,-0.1025184392929077,-0.1001521125435829,-0.1028936132788658,0.1025773659348487,-0.1024869456887245,0.0984335169196128,-0.044317003339529,0.0966958552598953,0.0721170678734779,0.0678298994898796,-0.005695832427591,-0.0661567375063896,0.0982477590441703,-0.1027426421642303,0.1030262559652328,0.01550904661417,-0.0986236333847045,0.0983367934823036,0.0983785539865493,-0.0597072392702102,0.098342165350914,0.0340694338083267,0.0955696851015091,-0.0263555888086557,-0.0918793231248855,-0.098289169371128,0.0859798565506935,0.0983003452420234,-0.0922938585281372,0.0931936427950859,-0.0356215573847293,0.0979951173067092,0.0983879193663597,-0.098443865776062,0.0925791561603546,-0.0984202772378921,-0.0942436829209327,-0.0984416902065277,-0.0711095333099365,-0.0486077740788459,-0.0644145831465721,0.0778836533427238,-0.0931867361068725,-0.0984115228056907,-0.0972474217414856,0.0983238369226455,0.097915694117546,-0.0077020330354571,-0.0973497778177261,-0.098443865776062,-0.0980732813477516,-0.0983714386820793,-0.0572542138397693,0.098153218626976,0.0941596254706382,-0.0729881897568702,0.098441444337368,0.0420992374420166,0.0983161926269531,-0.0889071151614189,-0.0984436199069023,-0.0285503640770912,0.0953252017498016,-0.0984426885843277,-0.0969642400741577,-0.0968377366662025,-0.0709709599614143,0.0845605283975601,-0.098442330956459,-0.0976051986217498,0.0983815118670463,-0.0365356281399726,-0.0983668714761734,0.0984438508749008,0.0984430611133575,0.09453696757555,0.0956792011857032,0.0984438508749008,0.0984186306595802,0.0963877141475677,-0.0698342770338058,-0.0983570963144302,0.098443865776062,0.0983671396970748,-0.0984359085559845,0.0984429791569709,0.0974284037947654,-0.0974457859992981,0.0954853668808937,0.0983117520809173,0.0913803651928901,0.0968418195843696,0.0977677851915359,0.0983376279473304,0.0983071997761726,0.0984438210725784,-0.0965506806969642,-0.0983856096863746,-0.0903286561369896,-0.0606897957623004,0.098442442715168,-0.0888864696025848,0.0984437465667724,0.098443865776062,-0.0787205249071121,-0.0793277770280838,0.0933384969830513,-0.0984436050057411,-0.0983571037650108,0.0938811749219894,0.0981045141816139,-0.0362072587013244,-0.0984288528561592,-0.0980637073516845,-0.063694842159748,-0.08809594810009,-0.0976716950535774,-0.0425285138189792,-0.092549905180931,0.0983301401138305,-0.0724719986319542,0.0984161496162414,-0.0465714745223522,0.0914582163095474,0.0922570526599884,0.0983015596866607,0.0465044677257537,0.0795119032263755,-0.0981478318572044,-0.0631919130682945,-0.0983396247029304,-0.0982931405305862,0.098112441599369,0.0983131229877471,0.0984438583254814,-0.0952446982264518,0.0219450313597917,-0.0528283342719078,0.0494002625346183,-0.0928164198994636,0.0984438210725784,-0.0325132571160793,0.0981435477733612,0.0897328108549118,0.0958537608385086,0.0761754885315895,-0.0281656067818403,-0.1069215163588523,0.0987284258008003,-0.0151895610615611,0.0550203695893287,-0.0647181048989296,-0.0664903298020362,-0.0051531209610402,-0.0362658910453319,-0.0817509591579437,0.04879155382514,-0.0942440778017044,0.0233284831047058,0.0023890417069196,-0.0051651527173817,-0.0824453756213188,-0.0311344042420387,-0.0376734100282192,0.104559876024723,-0.0111921373754739,0.1258088052272796,0.1248460859060287,-0.0337963066995143,0.0538693852722644,0.1298757791519165,-0.1149047315120697,-0.0576459616422653,0.0591798163950443,-0.0800056606531143,-0.0978389009833335,-0.0708209350705146,-0.1098818853497505,0.0563737377524375,0.1272701621055603,0.0175253748893737,-0.1123565733432769,-0.1327196657657623,0.135189339518547,-0.0125477351248264,0.1162986978888511,-0.1380188167095184,-0.0902475640177726,-0.1244922801852226,0.1411521881818771,0.1163408085703849,0.0202800333499908,0.0174550451338291,-0.1352411657571792,-0.0831896588206291,-0.1008418500423431,-0.1213047429919242,-0.1124069094657898,0.1214953735470771,0.1304499506950378,-0.1160830706357956,-0.0793678537011146,-0.026880919933319,-0.0058808466419577,0.1330102980136871,0.0016331020742654,-0.091634064912796,0.1110953837633133,-0.1285216957330703,0.1242035403847694,-0.096582144498825,-0.0947697386145591,-0.0948447957634925,0.0641867741942405,0.0959884598851203,0.0139806922525167,-0.1042812019586563,0.0844254940748214,0.0662061870098114,-0.0548266731202602,-0.1308421194553375,0.0473531000316143,-0.0966176390647888,0.0042613600380718,-0.1155842617154121,0.1397458910942077,0.1192161664366722,0.0473531335592269,-0.1291495263576507,-0.0978797078132629,-0.0478523410856723,-0.0016977466875687,-0.0629923194646835,0.0531966760754585,-0.0057897078804671,-0.1021585613489151,-0.1040132492780685,0.0203648544847965,0.0759332552552223,0.087291345000267,-0.0892294943332672,0.0644599422812461,0.0665275678038597,0.1266511678695678,0.0112915514037013,0.0085678258910775,0.0955459997057914,-0.0522191375494003,0.0507158041000366,-0.120009921491146,-0.0230128224939107,-0.0157267078757286,-0.0261712558567523,0.1360790282487869,0.0546518266201019,-0.1434587985277176,-0.0170375239104032,0.0235720369964838,-0.0435255356132984,0.1180931627750396,0.1030109450221061,0.1195936128497123,0.1288501620292663,-0.11674465239048,0.0543189123272895,0.1074474453926086,-0.0633952394127845,0.1070236563682556,0.1020415723323822,-0.0331555269658565,0.1381142884492874,-0.0942907631397247,-0.0974806398153305,0.0255343466997146,0.0119168758392333,0.1795165538787841,-0.0858456864953041,0.1767797917127609,0.161598727107048,0.0932761207222938,-0.07122652977705,0.1053093448281288,0.0341853536665439,0.0185682456940412,0.0338782556354999,0.0996434241533279,0.109886035323143,0.0261561498045921,-0.0185248125344514,0.0269739422947168,0.0390424095094203,0.0116047086194157,0.1574408113956451,-0.081731878221035,0.0509058274328708,-0.0723844990134239,-0.026277856901288,-0.1261307299137115,0.1229944303631782,-0.0553065910935401,0.0409076139330863,-0.0686921179294586,0.1095388233661651,0.1338534206151962,0.0936799719929695,0.1243744418025016,-0.0222827065736055,-0.1424225121736526,0.0200869888067245,0.0792341828346252,-0.16873799264431,0.1034509316086769,-0.0470994859933853,-0.1040579974651336,0.0868856012821197,-0.1203042343258857,-0.0027721358928829,-0.0497748553752899,0.0157166775316,-0.1162584796547889,0.0642886757850647,-0.1163121536374092,-0.0615102387964725,-0.0356616042554378,0.0021535684354603,0.1318256109952926,-0.0436050705611705,0.0244096461683511,0.0391716510057449,-0.1065779626369476,-0.004850972443819,0.1374510824680328,-0.0722263529896736,-0.084399789571762,0.0869221091270446,-0.1045838743448257,0.0632660686969757,-0.1128012612462043,-0.0786526724696159,-0.0093140797689557,0.0229831002652645,-0.107862189412117,0.0049418006092309,0.1122423559427261,-0.1530864685773849,-0.0808460861444473,-0.050599131733179,-0.0129249403253197,-0.0695630013942718,0.1428943425416946,-0.0248160623013973,0.0420806184411048,0.0334790982306003,0.0808972939848899,-0.0352658703923225,-0.1054369658231735,0.152325764298439,-0.0618553161621093,0.0316918045282363,0.0205701123923063,-0.039669394493103,-0.0829081311821937,0.1302594542503357,0.0715938806533813,-0.0642390474677085,-0.1666646152734756,-2.7934340323554352e-05,0.1762824803590774,0.0674600973725318,0.0390963889658451,-0.0109057370573282,0.0908302590250969,-0.0915827974677085,-0.0310259908437728,0.058156631886959,-0.0522847063839435,0.1220195889472961,0.0583991706371307,0.0765474438667297,-0.0743331387639045,0.024351505562663,-0.0451041683554649,0.0362848229706287,-0.0679429993033409,-0.060304656624794,0.1677172929048538,-0.0805118456482887,0.0453888699412345,-0.0467655882239341,0.1755451261997223,-0.0535431541502475,0.0280387587845325,0.1398669630289077,-0.1345129311084747,-0.1155388802289962,0.0995855182409286,-0.0965844243764877,-0.079629436135292,-0.0315831713378429,-0.1018855720758438,0.090817891061306,0.0267297942191362,0.1297549307346344,-0.0408602878451347,0.1091532409191131,-0.0998686552047729,0.0330904759466648,0.0026333557907491,0.0849605575203895,-0.141739621758461,-0.0604758076369762,0.0848177522420883,0.0651886314153671,-0.0700357854366302,-0.0266053099185228,-0.0349305421113967,0.0009360371041111,0.0099174864590168,-0.064907468855381,-0.0975578352808952,0.0702757239341735,-0.0169143378734588,0.035179354250431,-0.1168803423643112,-0.1151624470949173,0.0043140645138919,0.0677255392074585,0.1521950215101242,0.1075495332479476,0.0305903814733028,0.1109485849738121,-0.0556611604988575,0.0683788433670997,0.0276674274355173,-0.0684208571910858,-0.0314988903701305,-0.0345701724290847,0.0950835719704628,-0.0818546116352081,0.0069593843072652,-0.1243310943245887,0.0854559540748596,-0.1493744254112243,-0.0208023078739643,-0.0376016348600387,0.1613403260707855,0.031323168426752,0.1780224293470382,-0.0415395349264144,0.0552222765982151,0.0838184505701065,0.0169459506869316,0.0401770621538162,-0.0001200557671836,0.1265452057123184,0.0936278328299522,-0.0312623493373394,0.0570534020662307,0.1017565354704856,-0.1284752041101455,-0.0653914213180542,-0.1235999315977096,0.0077150161378085,0.0406326986849308,-0.0508296452462673,0.0972466990351677,-0.1018450781702995,-0.0584891662001609,0.0943882539868354,0.0385331511497497,-0.0731380209326744,-0.1176378652453422,-0.052794050425291,0.066932089626789,0.0390507243573665,-0.0520637333393096,-0.0841638073325157,-0.0454875901341438,-0.0042832470498979,-0.0421884320676326,-0.1195858493447303,0.0495753176510334,0.1100677847862243,0.0080920569598674,-0.0199179202318191,-0.0508179441094398,-0.139312595129013,0.156913623213768,-0.0196897760033607,0.0196432694792747,0.1063132956624031,0.1806352883577346,0.011882965452969,0.0632677227258682,0.027549885213375,0.0089771328493952,0.1097885146737098,-0.1063788458704948,-0.0327784419059753,-0.1088861301541328,0.0504110865294933,-0.1257610917091369,0.0914573222398758,0.0383571088314056,-0.1590795069932937,0.0991004332900047,-0.1174004673957824,-0.0775870084762573,-0.160314604640007,0.1190104857087135,-0.1296237558126449,0.1612758934497833,0.0397086851298809,0.0692193433642387,-0.0962332859635353,0.1201207637786865,-0.1165184825658798,0.0425027348101139,-0.0551043972373008,-0.1244400069117546,-0.0770831704139709,-0.1158408001065254,-0.1144146546721458,0.1708444356918335,0.1121995002031326,0.1278488039970398,-0.1208775714039802,-0.0338060148060321,0.0720744207501411,LIDWNGSETOOUBS-UHFFFAOYSA-N,CC(=O)N1CCN(c2ccc(CN)cc2)CC1
-0.0263199489563703,0.1119879558682441,-0.1172322854399681,-0.0109007796272635,0.0434775613248348,-0.1235130652785301,-0.1212125644087791,-0.0539688095450401,0.0195065177977085,-0.0373295396566391,-0.0014847347047179,-0.1158399581909179,0.0741244554519653,0.1222169771790504,0.1194999143481254,-0.0330907776951789,-0.12220299243927,0.1208371818065643,0.0920666605234146,-0.0296354573220014,-0.1106055900454521,-0.0908183753490448,0.118482194840908,-0.0902137979865074,-0.1196511536836624,-0.0097013711929321,-0.0145160453394055,0.0203874390572309,-0.0849265307188034,0.1150458976626396,0.0402812808752059,0.112948253750801,0.0065317107364535,-0.0090635512024164,0.0988158881664276,0.0445903129875659,0.1169866248965263,-0.081756018102169,0.0827455520629882,-0.1223828792572021,0.0969342440366745,0.0946863889694213,-0.1204282417893409,0.0288200881332159,0.1139306053519249,0.0002239719906356,-0.1191582679748535,-0.1202952116727829,-0.0758266448974609,-0.0344509445130825,-0.1155613660812377,-0.1234956234693527,-0.013167405501008,0.1190890818834304,-0.1064768582582473,-0.1017951071262359,0.1209907010197639,0.0554894730448722,0.1048481166362762,0.1040046513080596,0.1226055845618248,0.0690062120556831,-0.0667537078261375,-0.120243027806282,-0.1021222621202468,0.0970758721232414,0.0349773988127708,-0.0432208105921745,0.1128929406404495,-0.0912729799747467,-0.0319853946566581,-0.1141483783721923,0.1020489186048507,0.1073651760816574,0.0649837478995323,0.0360268801450729,-0.1224740073084831,-0.019587343558669,0.1122115105390548,-0.0052922391332685,0.1030896082520484,0.0727898553013801,0.0346510484814643,-0.1145683974027633,-0.1020217686891555,-0.0469107627868652,-0.0547060035169124,-0.0621348731219768,0.0864617154002189,-0.05178764462471,0.1200316846370697,0.0518836714327335,0.123468741774559,0.0729004219174385,-0.0053927539847791,-0.1168339401483535,-0.0124610103666782,0.1051487773656845,-0.0364472195506095,0.0614688843488693,0.1219244450330734,-0.1015884280204773,0.0427188053727149,0.1162277162075042,-0.0667394176125526,-0.1231590211391449,-0.0555011555552482,0.0262716952711343,-0.0824212580919265,-0.0842936113476753,0.0747602060437202,0.0654107928276062,-0.1039985865354538,0.1136296167969703,-0.0988682731986045,0.1222226321697235,0.119654968380928,-0.074827142059803,-0.1079932004213333,0.1206688955426216,-0.1031710058450698,-0.0732021182775497,-0.0266906190663576,-0.0457511581480503,0.103565938770771,0.1084237471222877,-0.0204831212759017,-0.1070149019360542,0.0866663679480552,-0.090206004679203,0.1041610017418861,-0.0448775812983512,0.1037614345550537,-0.0986889153718948,0.1003694906830787,-0.0965155512094497,0.0729277580976486,0.0967229381203651,-0.1052266359329223,0.087574154138565,0.1045466065406799,0.0653321370482444,0.1038639992475509,0.0460379086434841,-0.0704449489712715,-0.0888655856251716,0.0591462664306163,-0.1052964255213737,-0.0855914130806922,-0.1015623211860656,-0.1008911058306694,0.0541205517947673,-0.0100631350651383,0.1059780195355415,-0.0967297181487083,0.1028995811939239,-0.0769932568073272,-0.0932897329330444,-0.1053249686956405,-0.058331198990345,0.1057249084115028,-0.0284931454807519,0.0201073810458183,0.1048506498336792,0.1055114641785621,-0.105880819261074,0.0494737848639488,0.039737444370985,-0.0387416891753673,0.0098711578175425,-0.103300541639328,-0.0982693210244178,0.0954450219869613,-0.0961114019155502,-0.106897048652172,-0.1068896129727363,0.1061467006802558,0.0116934739053249,-0.0911433771252632,0.0847467109560966,-0.1009590253233909,0.1063597872853279,-0.0617061778903007,-0.1031155884265899,0.0092953918501734,-0.0868311375379562,0.0941549018025398,-0.106702834367752,-0.0906556025147438,0.0307317003607749,-0.1063978224992752,-0.1022975668311119,0.0987402722239494,0.0418991111218929,0.0446682460606098,0.0832691565155983,-0.0986726656556129,0.1026625856757164,0.0340925715863704,0.095775231719017,-0.1056606322526931,0.0953078046441078,-0.1066248267889022,-0.1064856797456741,-0.1055075004696846,0.1017467826604843,-0.1068772375583648,-0.0210986193269491,-0.1002346575260162,0.1056477278470993,-0.0983733385801315,0.065039224922657,-0.1023109182715416,-0.1057329326868057,0.0650058165192604,0.105834774672985,0.1018036901950836,-0.0944838598370552,0.073415495455265,0.1004416570067405,0.1067525744438171,0.1064657419919967,0.0857806354761123,0.1049599647521972,0.0928494408726692,-0.0790444910526275,-0.1061081662774086,0.0995699539780616,0.0857962146401405,-0.1030942052602768,-0.1043075397610664,-0.1048991307616233,-0.1013644933700561,-0.1039325520396232,0.0234400406479835,0.0892028287053108,-0.1055158376693725,0.1061958447098732,-0.0512394085526466,0.1050016805529594,0.0151824420318007,0.103752888739109,0.0912453234195709,0.105698175728321,-0.1062291413545608,0.0991858765482902,0.0652604103088378,-0.1063853204250335,0.1056806147098541,0.0290066748857498,-0.1033392772078514,-0.0340561009943485,0.0646029859781265,0.0097021926194429,-0.0680831894278526,0.0019323368323966,-0.1177185103297233,-0.1223829984664917,0.1237756460905075,-0.0128598241135478,0.0853974446654319,0.1163744404911995,0.0463447533547878,0.1137308925390243,0.04248808324337,-0.0414733849465847,-0.0393121726810932,0.0803538933396339,-0.074224054813385,0.0891525670886039,0.1271517127752304,-0.0984900519251823,-0.0429854430258274,-0.0449013300240039,0.0113810496404767,0.0489013232290744,0.0080099692568182,-0.1128725633025169,-0.1271710991859436,-0.1127443388104438,0.0680342838168144,0.1170830726623535,0.1051342263817787,-0.0382072962820529,0.1260560303926468,-0.1136899292469024,0.0724859535694122,0.0445758178830146,-0.0840937718749046,-0.1129022017121315,0.0775078162550926,-0.1099001914262771,-0.0793225318193435,0.042235504835844,0.1164049506187439,-0.048699639737606,0.1024665012955665,0.0995492935180664,0.1220244988799095,-0.0701005235314369,-0.0696224123239517,0.0630293115973472,-0.0749500319361686,-0.1121972650289535,-0.1288463175296783,-0.0635375455021858,0.0052720354869961,0.0440047271549701,-0.0738987550139427,-0.1038963496685028,-0.1155046448111534,-0.1013902723789215,0.0212950482964515,-0.0982834547758102,-0.1061281859874725,0.0998890250921249,0.1170185059309005,-0.1153332740068435,0.0548504218459129,0.0794931650161743,-0.106129914522171,0.0173169169574975,-0.0362479463219642,0.1058054268360138,0.0492012277245521,-0.0939325392246246,-0.0202469639480114,0.0688914060592651,0.0727709084749221,-0.1266293078660965,0.1102955490350723,0.0966467633843422,0.0085140764713287,0.1201238334178924,-0.092307761311531,-0.1273366510868072,0.0727918371558189,0.1168212592601776,-0.0191204380244016,0.0228572282940149,0.0867929980158805,0.1134916767477989,0.0483078025281429,0.008338994346559,-0.0203458424657583,-0.0937290787696838,-0.113060712814331,0.066339261829853,0.1295695751905441,0.1282920986413955,-0.0518720559775829,0.0811019539833068,0.089563675224781,0.0607157796621322,-0.1150869876146316,-0.0595474019646644,0.1299415230751037,0.1170548796653747,0.0694658309221267,-0.1272593736648559,0.1135171577334404,0.1290827691555023,-0.1208125352859497,-0.083727553486824,0.0418877825140953,-0.0295052267611026,-0.1032797843217849,0.0416733808815479,-0.1136210188269615,-0.0688288360834121,-0.0842107087373733,-0.1067511513829231,-0.1129378005862236,0.0220068842172622,-0.1248715221881866,0.0287618916481733,0.1202655881643295,-0.0266105402261018,-0.0138522600755095,0.1008205637335777,0.0451642908155918,0.0815105587244033,-0.1193039864301681,0.0026897394564002,0.1125044524669647,0.0954469814896583,0.0240569822490215,0.0927809029817581,0.0138034783303737,0.0737980678677558,-0.0420223586261272,-0.06189726293087,-0.0443232059478759,-0.1612875163555145,0.0512085109949111,-0.1815769672393798,-0.0148729840293526,-0.0068046040832996,0.0808199644088745,-0.118612915277481,0.0410074330866336,-0.1177015751600265,0.1971733570098877,0.0205080695450305,-0.0908896848559379,0.0078070354647934,0.0728299617767334,-0.0992262288928031,0.159982681274414,-0.1054279878735542,-0.0847198739647865,0.0426827296614646,-0.014856107532978,-0.0155889121815562,0.1712468266487121,-0.0037577380426228,-0.0414137095212936,0.0016647283919155,-0.0060275252908468,-0.1853496134281158,-0.1002214401960372,0.0426290817558765,0.0512162037193775,0.0288019552826881,-0.0714009702205658,-0.0362967886030674,0.0390152111649513,-0.1756893694400787,0.1573564112186432,0.0325004383921623,-0.0299088489264249,-0.0574484057724475,0.1036024764180183,0.0889756977558136,0.0162638016045093,0.0981119871139526,0.1357684582471847,-0.1235695853829383,-0.1389601528644561,0.0218801517039537,-0.1205413192510604,-0.102429524064064,-0.0438503585755825,0.1238449662923812,-0.0627631247043609,0.0754338949918747,0.1429150402545929,0.0409626066684722,0.0239703804254531,0.0355014689266681,-0.1272088289260864,0.0672722831368446,-0.1808214336633682,0.2046112418174743,0.0172756668180227,0.0027202458586543,-0.1610276103019714,-0.0824687033891677,-0.0637863129377365,0.0344361141324043,0.0461423210799694,-0.0683948919177055,-0.0368623472750186,0.0423800759017467,0.119220532476902,0.0036036581732332,0.0589024499058723,0.0489083155989646,0.0282724890857934,0.0832552686333656,-0.0831026285886764,0.0912153571844101,0.0726280435919761,-0.0768798217177391,-0.0575305595993995,0.066541239619255,-0.0526824221014976,-0.0228154025971889,0.055729579180479,-0.0278031937777996,0.0347631499171257,0.1049921363592147,-0.0112774511799216,0.0690027475357055,-0.0560898967087268,0.0225254502147436,0.1004098802804946,-0.037451334297657,-0.0086561283096671,0.0520920380949974,0.0325488410890102,-0.0985637530684471,-0.0261533167213201,0.0705412104725837,-0.1423404365777969,0.1034916713833808,0.1672841757535934,0.1587085127830505,0.000958404445555,0.0146765708923339,0.161426767706871,-0.0907614901661872,0.0001196992307086,0.0847486853599548,-0.1032096669077873,-0.0531888715922832,-0.0873422622680664,-0.1351440250873565,0.0111722387373447,0.0208000596612691,-0.0892457440495491,-0.059604924172163,0.079374261200428,-0.1104066520929336,0.0997628644108772,0.0372519120573997,0.0701140686869621,0.0909409150481224,-0.0380912572145462,0.0773649364709854,-0.0825427621603012,0.1004313379526138,0.0654797330498695,0.0885368064045906,0.0820966809988021,0.0343975350260734,0.1162916794419288,0.1143837943673133,0.0423782169818878,-0.0647678226232528,-0.0943958684802055,0.1229997873306274,0.1035007163882255,0.0937719196081161,0.1078685745596885,0.1189496368169784,0.0833908468484878,-0.1289775967597961,-0.1051466614007949,0.1323571503162384,0.0712628215551376,0.0946496725082397,0.1141470223665237,-0.1004923954606056,0.0883648768067359,-0.0442068800330162,-0.089903675019741,0.1291583031415939,0.0860836282372474,-0.0986609533429145,0.1132775545120239,-0.0868109911680221,-0.086720734834671,-0.0803933143615722,-0.1277967095375061,-0.0240801274776458,0.1148348599672317,0.1318179666996002,-0.0047318842262029,0.0664667561650276,-0.1252438127994537,0.0325796715915203,-0.1098696961998939,-0.0970953032374382,0.1066869124770164,0.0021663147490471,0.0907944217324256,0.0673718303442001,-0.0242280606180429,0.0367513000965118,0.0841871872544288,-0.1096721068024635,-0.0217099841684103,0.0599872916936874,-0.1295621246099472,-0.033250655978918,0.1180803403258323,0.1276400238275528,0.0598417073488235,0.0702947378158569,-0.0703040286898613,-0.0257878359407186,0.113093763589859,-0.021464753895998,-0.077053889632225,-0.0030503531452268,-0.0340916663408279,-0.0788352563977241,-0.0701130032539367,-0.1191452220082283,-0.0429576188325881,-0.1200754195451736,0.1267352402210235,0.0813915953040123,-0.1020953953266143,0.1277545243501663,0.0889178067445755,0.131030723452568,-0.1112145856022834,-0.0875475257635116,-0.0970244854688644,0.032278873026371,-0.0670185610651969,0.0506545715034008,-0.1238762438297271,-0.051982581615448,0.1269289553165435,-0.0435819029808044,-0.0409820675849914,0.1125303953886032,0.1043021529912948,0.0602160803973674,0.0550790913403034,0.0342310853302478,0.1003407984972,0.1091689392924308,0.036055501550436,-0.1223837882280349,0.1284175962209701,-0.0441517047584056,-0.0658174380660057,-0.1138102412223815,-0.0728218182921409,-0.0928648859262466,0.1271788775920868,-0.1022457927465438,-0.0759176984429359,-0.0096740433946251,-0.0890986323356628,0.0665809959173202,0.0616005547344684,0.0830804035067558,0.0294320676475763,-0.117069199681282,0.1012461334466934,-0.0814283937215805,-0.1074440330266952,-0.0239474046975374,0.0538540631532669,-0.0235255323350429,-0.1180314496159553,0.0598920434713363,-0.0612706877291202,0.0415689013898372,-0.1100702881813049,-0.1166875511407852,0.052913874387741,-0.0614586025476455,-0.0788964331150055,-0.0283953081816434,-0.1097691878676414,0.1021072641015052,0.0433588698506355,0.0369124487042427,0.0348973721265792,0.0925637558102607,0.1055357903242111,-0.1136530265212059,-0.0470464192330837,-0.043671827763319,-0.0960640534758567,0.0981876924633979,-0.0462888181209564,-0.0492477938532829,-0.0331559367477893,-0.1103470176458358,0.0840179920196533,-0.1191815733909607,0.1090189293026924,0.1128371879458427,-0.1084686294198036,0.1194984465837478,-0.0290171410888433,0.0826771333813667,0.1172301918268203,0.1178631633520126,-0.0794610604643821,-0.1133764088153839,0.0236803144216537,-0.1197924241423606,-0.1169094070792198,-0.119621641933918,0.001468879636377,0.0575730614364147,0.094678483903408,0.0959648564457893,0.1047570407390594,-0.0143510596826672,0.0524745993316173,0.1194196715950965,-0.1199195608496666,-0.0893360003829002,-0.0206253826618194,0.0956380665302276,-0.0749215483665466,0.0765264108777046,0.1174845993518829,-0.0090045435354113,0.1117979660630226,0.0525228008627891,0.0508920811116695,0.0329836048185825,0.1118190065026283,0.1043298915028572,-0.087705448269844,-0.0948634073138237,-0.0193286910653114,0.1198746934533119,0.1181750521063804,-0.0606396980583667,-0.1011997610330581,0.1135962083935737,0.1181817054748535,-0.0054343636147677,-0.1166833192110061,-0.0680870041251182,-0.0342349037528038,-0.115702785551548,-0.1080328971147537,-0.1167339161038398,-0.0780141055583953,-0.104820117354393,0.1128276959061622,-0.0740504413843154,-0.1190951466560363,-0.1073731333017349,0.1177850365638732,0.0509856939315795,0.1033392995595932,0.1100735142827034,0.022101329639554,0.0645367205142974,0.1116895899176597,0.096158966422081,-0.1031293272972107,0.1158608049154281,-0.0131694925948977,-0.0173059869557619,-0.1192096248269081,0.1183360144495964,0.0912334993481636,-0.0750352069735527,0.0454376228153705,-0.010054268874228,0.0697820410132408,-0.0970318466424942,-0.1045861318707466,0.0733713135123252,-0.0610470101237297,0.0951546654105186,0.1205368712544441,-0.0013131252489984,0.0824366584420204,-0.1193450167775154,0.0822541862726211,0.1089975014328956,0.0913333967328071,-0.0723924860358238,-0.0678872689604759,0.1194559037685394,0.108637623488903,0.0112662715837359,0.1130657121539115,0.0314055271446704,-0.111476644873619,0.0193816572427749,0.0544934347271919,0.0854802802205085,LDPPGFFDTHMBEH-NWDGAFQWSA-N,CN1[C@H]2CC[C@@H]1CN(CC(=O)Nc1ccn(C)n1)CC2
0.0306962691247463,-0.0090796621516346,0.1019121259450912,-0.093754343688488,0.0173119492828845,-0.0020301935728639,-0.0940046608448028,0.1017027273774147,-0.1014214605093002,0.0369435809552669,-0.0445198118686676,-0.101743996143341,-0.0981491133570671,0.0954188108444213,0.0940664783120155,-0.0986493304371833,-0.1019114479422569,0.095825545489788,-0.0251629948616027,-0.0582371689379215,0.0533840768039226,-0.0986282974481582,0.1018969416618347,-0.1015921086072921,-0.0179429966956377,0.0288136322051286,0.0009236603509634,-0.0871834158897399,0.0989973321557045,0.1019049137830734,-0.074508287012577,-0.0963181406259536,-0.1018658801913261,0.082534521818161,-0.0262362342327833,0.1019086837768554,0.1008002832531929,0.0955122485756874,0.0906490981578826,0.1000743210315704,-0.1019037812948226,-0.1017170399427414,0.1013657227158546,0.0454609580338001,0.090200699865818,0.1015116721391677,0.1013035401701927,0.1012914180755615,0.1018926724791526,-0.0867364257574081,0.0899928733706474,-0.1011828258633613,-0.1018766239285469,-0.0971361324191093,-0.1017859056591987,0.1015730872750282,0.1019121259450912,-0.0988495796918869,-0.0655019059777259,-0.1018231287598609,-0.1019088625907898,-0.1018827557563781,0.0962386205792427,-0.1019075214862823,-0.0632071420550346,0.0991748869419097,0.093848243355751,0.1015534475445747,0.1019120439887046,0.098915010690689,0.0724145099520683,0.1019120141863823,-0.0329663157463073,-0.1017118617892265,0.1019120663404464,-0.0927692875266075,0.097955048084259,-0.1018295809626579,0.0945026725530624,0.0731381475925445,-0.0960016697645187,0.0984763652086258,0.1019115298986435,-0.0585541687905788,0.0977827981114387,0.1008859053254127,0.0754197761416435,-0.0987430587410926,0.0982536226511001,-0.0516099445521831,-0.0081451199948787,-0.0592084527015686,-0.094874121248722,-0.0239052511751651,-0.1007103025913238,0.1019061505794525,-0.0930322706699371,-0.1019120812416076,-0.1016508936882019,-0.1015308797359466,0.0967512801289558,0.0768299549818039,-0.101910725235939,0.1016112565994262,-0.1018802747130394,-0.1011145487427711,0.0040356121025979,-0.1018216237425804,-0.0027604140341281,0.0285395234823226,0.0951357334852218,0.1015414595603942,-0.0534823611378669,0.1017090231180191,-0.1019113212823867,-0.1019114851951599,-0.0984074249863624,-0.1019121259450912,-0.07870764285326,0.0995492562651634,-0.0952425748109817,-0.1016250178217887,0.0532433986663818,0.0798185616731643,0.0969392210245132,0.0982736349105835,0.080996960401535,0.1003911942243576,0.1004525572061538,0.0996105447411537,-0.1004524305462837,0.1002422496676445,0.0999400317668914,-0.0653049424290657,-0.1004525497555732,-0.0858493447303772,0.0973721072077751,0.0991618260741233,0.0971292927861213,-0.0984158664941787,-0.0892422720789909,0.0982642546296119,0.015109347179532,0.0473379157483577,0.1002923250198364,0.0997675731778144,-0.099149003624916,-0.0548490360379219,-0.09070485830307,-0.0867574512958526,-0.100441038608551,-0.0487003922462463,0.1002458110451698,0.1004493981599807,-0.0719304233789444,-0.0671885907649993,-0.10042455047369,-0.0964599102735519,0.0967009589076042,-0.0791635513305664,-0.0705497190356254,-0.0839537307620048,-0.0333094447851181,0.0719759836792945,-0.1004525423049926,-0.1002716198563575,-0.0064447028562426,0.0921444371342659,0.0368491373956203,0.1004495546221733,-0.1003438606858253,0.1003678813576698,-0.1004504635930061,-0.1004058644175529,0.0903010964393615,-0.0581317767500877,-0.0967223420739173,0.0905653089284896,-0.100135900080204,0.098521389067173,-0.0748763158917427,-0.080338716506958,-0.0726629793643951,-0.1002504900097847,-0.1002378687262535,-0.0971691682934761,-0.1001161485910415,-0.100448839366436,-0.1004426479339599,-0.0505338609218597,0.1004462912678718,0.0715456753969192,0.1004480868577957,-0.1004519239068031,0.1004522293806076,0.0631142556667327,-0.0989664122462272,0.1004406288266182,0.1004022359848022,-0.0257393922656774,0.0996768027544021,-0.0060937828384339,0.0957243591547012,0.0672130212187767,0.0993359982967376,0.1004525423049926,-0.0996591821312904,-0.036325704306364,-0.0911600440740585,0.0975587517023086,0.0990684255957603,-0.0989282503724098,-0.0654629245400428,0.0907119587063789,0.092487521469593,0.0996880829334259,-0.0877187326550483,0.0860616564750671,0.1004393920302391,0.0947765558958053,-0.0318384356796741,-0.1004439815878868,-0.0132815726101398,-0.1003734543919563,0.0839232727885246,-0.0998750180006027,-0.0993176773190498,0.1004292517900466,-0.0018960341112688,0.0952586829662323,0.1004496440291404,0.0635119676589965,-0.0926915481686592,0.0452444441616535,-0.1004149466753006,0.1004525497555732,-0.1003007665276527,-0.099502608180046,-0.1004523858428001,0.0993741750717163,-0.0927427560091018,-0.0305120069533586,-0.1000951454043388,-0.1004218906164169,-0.1004524305462837,0.0937018543481826,0.1004525497555732,0.031408954411745,0.0999870002269744,-0.1003115847706794,0.0415740609169006,0.0997596755623817,-0.1002246886491775,-0.1001899167895317,0.0997268706560134,0.0729425027966499,0.0226658135652542,-0.1026159822940826,0.0562388524413108,-0.1008574962615966,0.09645926207304,-0.1028293520212173,-0.0996691882610321,0.095580480992794,0.102851390838623,0.1013850420713424,-0.1028697192668914,-0.1025134921073913,-0.1028693988919258,-0.0974282324314117,-0.09121585637331,0.0387524627149105,0.1028439030051231,-0.089786097407341,-0.101418063044548,-0.0961740612983703,-0.095075637102127,0.1023675054311752,0.0935587733983993,0.1027561128139495,-0.0239666905254125,-0.0954429879784584,-0.0998619496822357,0.0613645128905773,-0.0635281801223754,0.0528447777032852,0.1024042293429374,-0.0947136059403419,0.1022260263562202,-0.1028689295053482,-0.1027758866548538,0.0987866595387458,0.0147654768079519,-0.0034551585558801,-0.082814522087574,-0.0143013410270214,-0.1028572842478752,-0.0634692385792732,-0.1022122353315353,-0.0955120846629142,-0.0911934301257133,0.1019763648509979,0.1024991571903228,0.0224278233945369,0.1023702323436737,0.1024454832077026,-0.1026463881134986,0.1028691604733467,0.1028695330023765,-0.1022860929369926,-0.1019441708922386,0.0977951139211654,0.1028196960687637,-0.1028662174940109,-0.1028696596622467,0.1028580218553543,-0.0965005531907081,0.1020954474806785,-0.0586787424981594,-0.0947125032544136,0.032045941799879,-0.0813961997628212,0.102460116147995,0.0986127629876136,-0.061234138906002,0.0968313366174697,-0.0870257467031478,-0.1028696820139885,0.0910785421729087,0.0161324311047792,0.1019778251647949,-0.0562731064856052,0.1023154035210609,-0.0262173973023891,0.0999509543180465,0.1028545051813125,0.0203603506088256,0.0853254273533821,-0.1028146967291832,-0.0982339605689048,-0.0959091410040855,0.1021465435624122,0.1028694659471511,-0.0998216494917869,-0.0713596940040588,0.0977447777986526,0.102869763970375,-0.023795697838068,0.1021203622221946,0.1026079356670379,-0.0529550984501838,-0.0972408577799797,-0.0769182592630386,-0.097755566239357,-0.0978444591164588,0.0954321101307869,-0.1027488335967063,-0.0841303467750549,0.0083331679925322,-0.101703904569149,0.0217621959745883,-0.0995287746191024,-0.0679094418883323,0.102537952363491,-0.0817886814475059,-0.0245494693517684,-0.098805733025074,0.0957284718751907,0.1021015271544456,-0.026603689417243,0.1026859134435653,-0.0878266766667366,0.1020159274339675,0.0268042050302028,0.0804328098893165,-0.094661109149456,-0.1028696596622467,0.1026016101241111,-0.1023267805576324,0.0606453604996204,0.0327177494764328,-0.0431746840476989,0.0984473526477813,-0.1007126346230506,-0.0037694124039262,0.0649494975805282,0.0180975589901208,0.1253721863031387,0.0897506028413772,0.123084969818592,0.0538876540958881,0.1375509351491928,0.1382606923580169,-0.0130261378362774,0.1350441873073578,0.0930211544036865,-0.0504234470427036,-0.1253918558359146,-0.1063418462872505,-0.0503180734813213,-0.1199861243367195,-0.0620725564658641,0.0120408460497856,-0.0826626420021057,0.0280434247106313,0.1284916251897812,-0.0583469606935977,0.0301901996135711,0.0105890231207013,-0.0336223468184471,0.0365133918821811,-0.0191905591636896,0.0184109844267368,-0.1274764537811279,-0.0128275034949183,0.1333817839622497,0.0162506252527236,0.0022944877855479,0.0098865926265716,0.1122398003935813,0.1301561146974563,-0.0674917474389076,0.1209044232964515,0.0705066546797752,-0.1123816892504692,0.0697099044919014,0.1334475725889206,0.0494978725910186,-0.0342318937182426,-0.0452914908528327,-0.024006400257349,-0.1281858533620834,0.129791110754013,-0.0656310319900512,0.044619794934988,-0.1193862408399581,0.1338717490434646,0.0330657213926315,0.0706840977072715,0.0901947692036628,-0.0645783692598342,0.104386419057846,0.0094494335353374,0.1126803532242775,-0.1300867199897766,-0.1260627955198288,-0.0878814458847045,-0.1321192532777786,-0.0680306404829025,-0.1149668917059898,-0.1139653250575065,-0.0447929427027702,-0.0629241839051246,-0.0238502286374568,0.0226902924478054,-0.1265706121921539,0.0353907160460948,-0.1303175687789917,0.0762531235814094,-0.031020663678646,0.1012768447399139,-0.0781427174806594,0.0843885913491249,0.1012045368552208,-0.1290690153837204,-0.0545881502330303,0.0766993388533592,-0.1238754168152809,0.0460551045835018,0.1198303550481796,0.0969257205724716,0.135197564959526,-0.1072537377476692,0.0289981234818696,0.0659237653017044,-0.0407199002802372,0.037000685930252,0.1362832188606262,-0.0006921502645127,-0.0588556379079818,0.133408710360527,0.0354750677943229,-0.1218183413147926,-0.0112596759572625,-0.1084243208169937,-0.0526585206389427,0.131673201918602,0.0579896159470081,0.0675848796963691,-0.1046029552817344,0.1178477779030799,0.0101731875911355,0.1289946585893631,-0.0792828649282455,0.0804667025804519,0.1287867277860641,-0.0014772686408832,-0.1322827637195587,-0.0471135675907135,0.0234159380197525,-0.0587356090545654,0.1307563334703445,0.0248175039887428,-0.0822207555174827,-0.1178389862179756,0.1129567250609397,-0.0741756334900856,0.0670752301812172,0.0830013453960418,-0.0874087810516357,0.1376135051250457,-0.0469261482357978,-0.1189057454466819,-0.0568819679319858,0.1173417493700981,-0.0771045237779617,0.0310297757387161,0.097279205918312,0.1179263517260551,0.1200658157467842,0.004682901315391,-0.0773071870207786,-0.0003929441154468,-0.1155562698841095,0.1215548291802406,0.111416608095169,-0.1089133471250534,-0.120530791580677,0.1113134250044822,0.0597812868654727,-0.1215018704533577,-0.1085958704352378,-0.0995274856686592,-0.1220045983791351,-0.1210958436131477,-0.0396258905529975,-0.1018626615405082,0.1178279817104339,-0.1225354671478271,0.1072789207100868,-0.1227790191769599,0.0755665972828865,-0.1082118079066276,0.1189001724123954,0.0388010591268539,0.0853312686085701,0.1209908723831176,-0.020285116508603,-0.1014298424124717,0.0769277065992355,-0.1089150533080101,0.1156193017959594,0.1015180945396423,0.0838498175144195,-0.0796650573611259,0.0802832841873169,-0.0306509751826524,-0.0541510321199893,-0.0004600963438861,0.0480954721570014,0.0991317480802536,-0.1172387525439262,0.1098744124174118,0.1149787679314613,0.0700627639889717,0.0103376451879739,0.1026012003421783,-0.0319069512188434,-0.0658031702041626,-0.0574253760278224,0.1023181974887847,-0.0326184965670108,0.0475180931389331,0.0490489080548286,-0.0088235847651958,0.0941425487399101,-0.0135310785844922,0.0057904068380594,-0.0903791636228561,0.0981543436646461,-0.1110841259360313,0.1216157302260398,-0.1209587082266807,0.0343100018799304,-0.1076466888189315,0.0511607006192207,0.106716588139534,-0.1158000156283378,0.0156587082892656,-0.0050761601887643,0.0681911706924438,0.0046980180777609,-0.1175736784934997,0.0310191623866558,0.09125966578722,-0.0189779624342918,0.0314696282148361,-0.1165539175271987,0.0657811164855957,-0.1132899448275566,-0.072686105966568,0.1230370178818702,0.0859878808259964,-0.0760178714990615,-0.1219159513711929,0.0615196824073791,0.0976364165544509,-0.1010178327560424,0.1158651933073997,-0.118390254676342,0.0502666495740413,0.0198123175650835,-0.0704558715224266,-0.014123985543847,0.0938697010278701,0.0636962354183197,-0.1169350668787956,0.0517228245735168,0.1013583317399025,0.0974403545260429,0.0446023121476173,-0.0600541979074478,-0.119976058602333,0.0895564556121826,0.0740186870098114,-0.0236289575695991,0.1169088259339332,-0.0789491608738899,0.123506560921669,-0.1223616823554039,-0.052974559366703,-0.050482403486967,-0.0585539191961288,0.1182932555675506,-0.0755535662174224,-0.1138849407434463,-0.0754864513874054,0.1187968328595161,-0.0019949784036725,-0.0918993651866912,-0.0325603410601615,0.0356066934764385,0.0358490049839019,0.0982631072402,-0.0778875276446342,0.1194946467876434,0.1249894574284553,0.1373316794633865,-0.0181472152471542,0.0020979470573365,0.1254844069480896,0.0631220266222953,-0.0762941017746925,0.0258338768035173,-0.0821813493967056,-0.0035654576495289,0.0958129689097404,-0.0965755656361579,-0.0901929065585136,-0.01869598031044,0.0349607244133949,0.0710861906409263,-0.0824387595057487,-0.0374297313392162,-0.0593825057148933,0.0843391194939613,0.112270787358284,0.1026968881487846,-0.0841336175799369,-0.0136941894888877,0.0684694573283195,0.1499762684106826,-0.0149848815053701,-0.0033790958113968,-0.1439328342676162,0.009114945307374,0.0844119936227798,0.0586440488696098,0.1439788341522216,-0.0312526449561119,0.1228250339627265,-0.1061510518193245,0.0658190548419952,-0.1165150329470634,0.1527419537305832,0.0249570198357105,0.1710214465856552,-0.0738120302557945,-0.0646920651197433,0.0012511633103713,-0.0590028800070285,0.0442820824682712,-0.0704622566699981,0.0495294630527496,0.1013765186071395,-0.0645651370286941,-0.1194479465484619,-0.0759487003087997,-0.1179468557238578,-0.0139365028589963,-0.0470684878528118,-0.0463075712323188,0.0033658742904663,-0.043606299906969,0.1136331707239151,-0.105838157236576,0.0706701576709747,-0.0067916358821094,0.0161200053989887,-0.0450569577515125,-0.1589741259813308,-0.1453675478696823,0.0419245809316635,0.1404797583818435,-0.1377107799053192,-0.1103095486760139,-0.1070808693766594,-0.0892024561762809,-0.0201624948531389,0.0317064076662063,-0.0631673112511634,-0.0688336938619613,-0.0438445694744586,-0.018538374453783,-0.0910451561212539,0.039532620459795,0.0202938262373209,0.0234957989305257,0.0197596717625856,-0.0402683094143867,0.1469069272279739,0.0884791985154151,-0.0254335030913352,-0.0269830394536256,-0.0912626385688781,-0.009059490635991,-0.0602129586040973,-0.0151056228205561,0.1223295331001281,0.1001445576548576,-0.0484252572059631,0.138037160038948,-0.015904625877738,-0.1194070801138877,0.0213918890804052,0.0777682438492775,-0.0860088542103767,-0.1170033439993858,0.0277816262096166,-0.1423566043376922,0.0497567355632782,-0.06668172031641,0.1614392101764679,-0.1207468956708908,0.1712516099214553,-0.1664747893810272,0.0619312040507793,-0.0694640651345253,-0.0804652720689773,-0.0622783191502094,-0.0608518794178962,0.1397071778774261,0.1823796927928924,0.028206679970026,0.1063311100006103,-0.1378163546323776,-0.066457875072956,-0.1320132911205291,IJFGXSZLESRDFO-UHFFFAOYSA-N,Cc1occc1SCC(=O)NC1CCOCC1
-0.0998548716306686,0.0998712554574012,0.0950881615281105,-0.0998709350824356,0.0033277187030762,0.0998544245958328,0.0998504534363746,-0.0970549955964088,0.0938393697142601,-0.0254901982843875,0.0995086655020713,-0.0774758532643318,-0.0290994457900524,-0.0564547851681709,-0.0737730339169502,0.0849621444940567,-0.0996451526880264,-0.0957327708601951,-0.0991087928414344,-0.0998712554574012,0.0416516959667205,0.0997114777565002,-0.0869176760315895,-0.0979882031679153,0.0998701751232147,0.0998656153678894,-0.0998487770557403,-0.0997790321707725,0.0945427119731903,0.058120809495449,-0.0233906228095293,-0.0161141846328973,-0.0916788056492805,0.0807188898324966,0.0998632311820983,-0.0414268709719181,-0.0998253673315048,-0.0990625396370887,-0.0989403128623962,-0.0998083725571632,0.0993379652500152,-0.0802486836910247,0.0991009920835495,-0.093662329018116,-0.099855825304985,0.0998711213469505,0.0500633642077446,0.0483929738402366,0.0995698422193527,-0.0965260788798332,-0.0494336262345314,0.0982015952467918,-0.0997272133827209,-0.0998710244894027,0.099834069609642,-0.0876565352082252,-0.0998679399490356,-0.0908275246620178,0.0997040271759033,-0.0998705327510833,0.0998712554574012,0.0998712480068206,0.0851645395159721,-0.0072859567590057,0.0997894406318664,0.0998562276363372,0.0972339883446693,0.0997558161616325,-0.0997933745384216,0.0765882581472396,0.0807201862335205,0.0993536040186882,-0.0855940207839012,0.0983518585562706,-0.0997866317629814,0.0998674482107162,-0.0601085126399993,0.0993288680911064,0.0997352749109268,0.0870125740766525,-0.0983064919710159,0.0515217296779155,-0.0337998382747173,0.0998272448778152,-0.0998250767588615,-0.0983880832791328,-0.0963319242000579,0.0953446328639984,0.0978279933333396,0.0998710989952087,0.0998578891158104,0.0994870737195015,-0.0998712554574012,-0.0505649037659168,-0.0998656153678894,-0.0520336590707302,0.0998667702078819,0.0994893014430999,-0.0728995949029922,-0.0936201438307762,-0.0870888605713844,-0.0589625537395477,-0.0966889262199401,0.0987766683101654,0.0032931158784776,-0.0354090593755245,-0.0949915498495101,-0.0799154564738273,0.0998604372143745,0.0992931649088859,-0.0998712554574012,0.0967269092798233,-0.0998596996068954,-0.0998698696494102,0.0916445702314376,-0.0892589688301086,-0.0998675003647804,-0.0948563069105148,0.0974410399794578,-0.0090202633291482,-0.099815584719181,0.0571564920246601,0.0983894541859626,-0.0997215583920478,0.0735395774245262,-0.0876580476760864,0.0998264774680137,0.0500928126275539,-0.0926883667707443,-0.0639412254095077,-0.0926884338259697,-0.0926892608404159,-0.0926838740706443,0.0838038697838783,-0.0658661350607872,-0.0855903103947639,0.0887611135840416,0.0926832035183906,-0.0224421713501214,0.0926147252321243,0.0926891565322876,0.0926211550831794,-0.0926864445209503,-0.0910247862339019,-0.0926889106631279,0.0926894769072532,0.0926894769072532,0.0926894769072532,-0.092649906873703,-0.0900658518075943,-0.0923610404133796,-0.0926889479160308,-0.0923578590154647,-0.0921430587768554,-0.0926894769072532,0.0926894694566726,-0.0810063704848289,-0.0926894769072532,0.0923057794570922,-0.0917163714766502,-0.0692303851246833,0.0901932716369628,-0.0926874652504921,0.0926894769072532,0.0606335997581481,0.0926892533898353,-0.0912308096885681,-0.0926785841584205,-0.085425890982151,0.0925713777542114,-0.0926001965999603,0.0915808454155922,-0.0926811024546623,0.0926894769072532,-0.0926894769072532,0.0926893353462219,-0.0926673859357833,0.0926894694566726,-0.0926332548260688,0.0922412797808647,0.0925971865653991,-0.045997355133295,-0.0905299037694931,0.0926887840032577,0.0926752090454101,0.0925587639212608,0.092687614262104,0.0925867483019828,-0.092662826180458,-0.0887762755155563,0.0926630496978759,-0.0926894769072532,-0.0918957889080047,-0.092687577009201,-0.0915222615003585,0.0907085537910461,0.0926893576979637,0.0857834815979003,-0.0916505455970764,-0.0128668509423732,-0.0916742160916328,0.0926877036690712,0.092668667435646,0.0864541009068489,0.0660165399312973,0.0926894694566726,0.0925488099455833,-0.0926641374826431,-0.0926893353462219,0.092389203608036,-0.0926878601312637,-0.0926860943436622,-0.0926365479826927,0.0926477089524269,0.0918373316526413,-0.0921331271529197,0.0925264284014701,0.0067281262017786,0.0926894769072532,0.0926850363612175,0.0480122156441211,0.0926864594221115,-0.0858910083770752,-0.0926828682422638,-0.0787950232625007,-0.0926894769072532,0.0926730334758758,-0.0926685854792594,-0.0711028948426246,0.0926894769072532,-0.0926894694566726,-0.0926894769072532,0.0926783084869384,-0.0839996859431266,0.0921263545751571,-0.0905771553516388,0.0926894322037696,0.092660441994667,0.0926894769072532,0.0926707610487937,0.0536951273679733,-0.0179935935884714,0.0925585031509399,-0.0925270318984985,0.090505763888359,-0.0926860049366951,-0.0889239385724067,0.0926808565855026,-0.089752584695816,0.0926879271864891,-0.0878695845603942,-0.092688612639904,0.0926071628928184,-0.0926869586110115,0.0925871655344963,-0.0917998179793357,-0.0932119116187095,0.0885301902890205,-0.0948905199766159,0.0960103943943977,0.0960103943943977,0.0959994941949844,-0.0953820720314979,0.0960090532898902,0.0929600000381469,0.0951904654502868,-0.0951849892735481,-0.0959438532590866,-0.0959887877106666,0.0960103049874305,-0.0960041880607605,0.0960103347897529,-0.0956989973783493,-0.0787426307797432,-0.0304802171885967,-0.0959598496556282,0.0960103645920753,0.0960103943943977,0.0960103794932365,-0.0958343222737312,0.0892942994832992,-0.0805040970444679,0.0110405385494232,0.0959833636879921,-0.0823734849691391,0.0939241722226142,0.0950770229101181,0.0959667935967445,0.095101848244667,0.0947381854057312,-0.0955553874373436,0.0960100144147872,0.0960099101066589,0.0960103869438171,0.0958865880966186,0.0960097387433052,0.0820844322443008,0.0520743280649185,0.0838454291224479,-0.0318394117057323,-0.0930972248315811,0.0956797003746032,0.0960103943943977,-0.0960103794932365,0.0957740023732185,-0.0861139893531799,-0.0960103943943977,-0.0918096378445625,0.0934152975678443,-0.0924967527389526,-0.0960078909993171,-0.0948010385036468,0.0229221656918525,-0.0959250777959823,0.0960103273391723,-0.0960093960165977,0.0763391107320785,-0.0958965569734573,0.0958126187324523,0.095878005027771,-0.0854754224419593,0.0960057526826858,-0.0959110856056213,0.0733280777931213,0.0948094800114631,0.0945858284831047,-0.0438282899558544,-0.0423631742596626,-0.0943643376231193,-0.0960103943943977,-0.093796893954277,0.0564310774207115,-0.0956674441695213,-0.0941154286265373,-0.0960103347897529,0.0954134315252304,0.0931329652667045,-0.0292047355324029,-0.0910936146974563,0.0959932282567024,-0.0960103869438171,0.0017802288057282,-0.0959447994828224,-0.0383147113025188,0.0959709957242012,-0.0880389064550399,-0.0940779745578765,0.0958986803889274,0.0131493732333183,0.0958089828491211,-0.0953618437051773,0.0759385228157043,0.0884428992867469,-0.0938109457492828,0.0902376174926757,0.0914766043424606,0.0960103720426559,-0.0667934715747833,-0.0960103943943977,0.0958558768033981,0.0953446477651596,0.0959823653101921,-0.0828580036759376,-0.0959881022572517,0.0960099399089813,0.0960103645920753,0.0960103273391723,0.0960103943943977,0.0868776515126228,0.0949913337826728,-0.094170294702053,-0.0435634404420852,-0.0950293242931366,-0.0959617048501968,0.0047939289361238,0.0587486959993839,0.0960102975368499,-0.0959162861108779,-0.0850389599800109,0.09600480645895,0.0765814408659935,0.0958507135510444,-0.0862715616822242,-0.0959776863455772,0.0932758748531341,0.0756970345973968,0.0850342884659767,-0.0971046015620231,-0.0872431844472885,0.0958799347281456,-0.0861851572990417,-0.0396822318434715,-0.0762295648455619,-0.0973555073142051,0.0822619050741195,0.0952512025833129,0.0968632474541664,0.0972869098186492,-0.0824584290385246,-0.0965645760297775,0.0962213724851608,0.0272355526685714,-0.0950548648834228,-0.0951845645904541,-0.0893191173672676,0.0970920398831367,-0.097367338836193,-0.0888506397604942,-0.0972926542162895,-0.0864078924059867,-0.0841031596064567,0.0973500832915306,-0.0542677231132984,-0.0896635875105857,0.0781332105398178,0.090539664030075,0.0446366854012012,0.0912601724267005,0.0886605158448219,0.0775976032018661,0.0965284258127212,-0.0931854546070098,-0.0972257480025291,0.0965102538466453,-0.0964649468660354,0.0961559563875198,0.0507719442248344,0.0969969853758812,-0.0973762646317482,-0.086378090083599,0.0902257859706878,0.0974316000938415,0.0916966944932937,-0.0889190435409545,0.0963419526815414,0.0973216220736503,-0.0887453109025955,0.0972484797239303,-0.096600130200386,0.0732001960277557,0.0950580760836601,0.0973163768649101,-0.097319595515728,0.0673815682530403,-0.0967203229665756,0.0456976182758808,0.0918518751859664,0.0813224241137504,0.0957448706030845,-0.0692581385374069,-0.0874645933508873,0.089309386909008,0.0238498318940401,0.0944390222430229,-0.0785647183656692,0.0972350984811782,-0.0939069688320159,0.0973853543400764,-0.0974311083555221,0.0971812233328819,0.0967593491077423,-0.0962624698877334,-0.0935481190681457,0.09302619099617,0.0914942696690559,0.0960952416062355,-0.0812903121113777,-0.0971557199954986,-0.095063030719757,-0.0943062007427215,0.0969975963234901,0.0872988402843475,-0.094504065811634,0.0938373431563377,-0.0808764398097992,0.0920678526163101,-0.0872748643159866,-0.0945719331502914,0.0952598229050636,0.0951956287026405,0.091483436524868,0.0848498046398162,0.0929528400301933,0.0923299863934516,-0.0908613204956054,-0.0840938091278076,0.0939530059695243,-0.0443863347172737,0.0941209867596626,0.0229870341718196,-0.0966946557164192,0.0970798060297966,-0.0346603654325008,0.0966952443122863,-0.0913874953985214,0.0963832214474678,0.0899539217352867,-0.0849662348628044,-0.0955410972237587,-0.0893112421035766,-0.0920045599341392,0.0958881676197052,-0.097277320921421,-0.0930132493376731,-0.0051861586980521,0.0872834399342536,0.0800637379288673,-0.0963921174407005,0.0906330719590187,-0.0931322202086448,0.0955017954111099,-0.0798088535666465,0.0973424166440963,-0.0176661144942045,-0.0973455682396888,-0.0757411792874336,0.0974111557006836,0.0974363982677459,0.0916319638490676,-0.0963175147771835,0.067095473408699,0.0974647924304008,0.0657367557287216,0.0974662229418754,-0.0455841831862926,0.0294858962297439,0.0966682583093643,-0.0950244665145874,0.0973347052931785,-0.0974514931440353,-0.0865505635738372,0.0974650159478187,-0.0971521139144897,0.0974666774272918,-0.044076595455408,-0.0971834510564804,0.0949012413620948,0.0974668711423873,0.0946036353707313,-0.0974341854453086,0.0973855704069137,0.0971167609095573,-0.0619054324924945,0.0974632799625396,-0.0973537489771843,-0.0952605009078979,-0.0137144969776272,0.0300304647535085,-0.0974578186869621,-0.0078414566814899,0.0958231389522552,-0.0962899029254913,-0.0972642451524734,0.0974018573760986,0.0974538847804069,0.0923749431967735,0.0973584726452827,-0.0974665656685829,-0.0698268935084343,-0.0974402651190757,0.0125283412635326,0.0966472774744033,-0.0974636077880859,0.0970677286386489,0.0974332690238952,0.0974618569016456,-0.0429111123085022,0.0756915807723999,-0.0973942279815673,-0.097465880215168,0.0974543392658233,0.0209328345954418,0.0974669903516769,-0.096776470541954,-0.0909820422530174,-0.0974653512239456,-0.097465693950653,-0.0973889306187629,-0.0958268791437149,-0.0224455911666154,-0.0974496603012085,-0.0947174355387687,0.0974626690149307,-0.0357890352606773,-0.093119241297245,-0.0974187478423118,-0.0974473133683204,0.0967909097671508,0.0973014011979103,0.093808114528656,0.0974653661251068,0.0974612608551979,0.0962455421686172,0.0974384024739265,0.0966637581586837,0.0973541066050529,0.0974669381976127,-0.0095691476017236,-0.0973442569375038,0.0665491670370101,0.0946100652217865,-0.0972174555063247,0.0974672138690948,-0.0886629819869995,0.044703159481287,-0.0752943828701973,0.0974377691745758,0.0974368900060653,0.0484075583517551,0.0974662974476814,0.0785470679402351,-0.0970113351941108,-0.0955037772655487,0.0972940698266029,0.0234492402523756,0.097461923956871,0.0962213799357414,0.0974624007940292,-0.097465768456459,-0.0973326861858367,-0.0974658727645874,-0.0829211622476577,0.0974359735846519,0.0920319780707359,-0.0974603593349456,-0.097360260784626,0.097461923956871,-0.0974216014146804,-0.0666927173733711,-0.0973031446337699,-0.0974317789077758,0.092812955379486,-0.0974660888314247,-0.0974067524075508,0.0974672809243202,-0.0966328009963035,0.0846280604600906,-0.0054942448623478,-0.0929897874593734,0.0877495855093002,-0.0538937337696552,-0.034613911062479,-0.0010280307615175,-0.007853303104639,0.0485182553529739,0.1178572550415992,0.061057798564434,0.1451062262058258,0.0026345630176365,-0.1432384699583053,0.1099596098065376,0.0031266587320715,0.0178717207163572,-0.1322974562644958,0.1302453428506851,-0.0299872495234012,0.013579954393208,0.0257657077163457,-0.1424978077411651,-0.1191673800349235,0.0756169259548187,0.1115474700927734,0.0976891219615936,-0.1362769156694412,0.1467331647872924,0.0516408532857894,0.0932143181562423,0.1074724867939949,-0.0949077382683754,-0.141496792435646,-0.0875298678874969,-0.0775880590081214,0.1009412854909896,-0.0787930712103843,-0.0651439353823661,0.0496590249240398,0.1018913015723228,-0.0106767322868108,-0.0826136618852615,0.0733224302530288,0.1357283592224121,0.0746851488947868,-0.1147439256310463,-0.1345191448926925,-0.1123251095414161,0.0646330490708351,0.1404211968183517,0.0337989777326583,-0.0516422800719738,0.0870544090867042,-0.0541106574237346,-0.03635248914361,-0.1097326427698135,0.0428065359592437,-0.0103268716484308,-0.0761566013097763,0.0534875839948654,-0.0534741692245006,-0.0590657852590084,0.0894733816385269,0.1366121768951416,0.052128966897726,-0.0475325994193553,0.0700810104608535,0.0747231766581535,0.0308294501155614,0.0124098109081387,-0.0088419886305928,0.0404706560075283,0.1459399461746215,-0.1259499639272689,0.128982588648796,0.0760784447193145,-0.0909121036529541,0.047907754778862,0.054816547781229,0.0346590429544448,-0.0344193056225776,-0.1277095675468444,0.0674629583954811,0.1396785229444503,-0.0220432747155427,0.0875499173998832,0.0350620411336422,-0.1284679919481277,0.1259953379631042,0.1212596520781517,-0.0224623009562492,-0.1303562670946121,0.0843234062194824,0.0240512583404779,-0.0731749832630157,-0.09319818764925,0.0909873247146606,0.0647531002759933,0.100892461836338,0.0181538797914981,0.145776018500328,0.0747980028390884,-0.1079657971858978,0.0309992227703332,0.0126737542450428,-0.0106980176642537,0.0661995857954025,0.0416574776172637,-0.0399689152836799,-0.1214082911610603,-0.0752823799848556,0.0755354985594749,-0.1242367848753929,0.1347986161708831,-0.0603938028216362,0.1027244329452514,0.063478946685791,-0.0081748412922024,-0.1131350845098495,-0.1278117895126342,-0.0275686215609312,-0.1107157468795776,0.0083896247670054,-0.0020460847299546,0.1224633082747459,-0.0222816970199346,-0.1289326399564743,0.104947030544281,0.0883961990475654,0.139712318778038,0.1334709972143173,WKKBQRRWYZAXFF-VJCYLLSFSA-N,CN[C@@H]1[C@@H](O[C@H]2O[C@H](CO)[C@@H](O)[C@H](O)[C@H]2O)O[C@H]2C[C@@H](N)[C@@H](O[C@H]3[C@H](O)[C@@H](O)[C@H](N)C[C@@H]3N)O[C@@H]2[C@@H]1O
0.0896957665681839,-0.1097354516386985,-0.0854840129613876,0.1110744401812553,0.1104182675480842,0.0566200129687786,0.1072466373443603,0.0324447974562644,0.1029136255383491,0.0660512074828147,0.0734086409211158,0.0943423882126808,-0.1109954044222831,0.1097915396094322,-0.0410536453127861,0.0919951945543289,0.1109829917550087,-0.1105805709958076,0.1101897358894348,0.1110261380672454,0.1099388897418975,-0.1102236062288284,-0.0345966443419456,0.0027460579294711,-0.1084855124354362,-0.029289212077856,-0.0825668722391128,-0.1100789606571197,0.0903734415769577,0.101984329521656,0.1109184697270393,-0.108510248363018,-0.1022255942225456,-0.0290504433214664,-0.0930932685732841,-0.0892040282487869,0.108453594148159,0.0673689246177673,0.1106632575392723,0.1030323803424835,0.1084389090538024,0.0741312280297279,0.0585143268108367,0.1032801419496536,0.1093623042106628,0.0852508768439292,-0.1024531498551368,0.0905825719237327,-0.1041986644268035,-0.0613112263381481,0.1106614246964454,-0.0850992649793624,0.0658745989203453,0.1095220446586608,0.0202510170638561,-0.1059113517403602,0.0844440460205078,-0.1097341924905777,-0.104510061442852,0.0267929770052433,0.0642537251114845,-0.0721624568104744,0.1072819679975509,0.0927334129810333,0.1042224243283271,-0.0031249695457518,0.1054165363311767,-0.0567164234817028,-0.0564189404249191,-0.1043429747223854,0.108516477048397,0.110637791454792,0.0786684229969978,-0.099965900182724,-0.1077332645654678,0.1052395477890968,0.0664620101451873,0.1093291640281677,0.0559385232627391,-0.018313443288207,-0.0312888994812965,-0.1078653633594513,-0.1099047139286995,0.0103627601638436,-0.0030838376842439,0.0905901044607162,-0.0724932625889778,0.0565723776817321,-0.1042699739336967,-0.1103905662894249,0.102128691971302,0.108924776315689,0.0963643789291381,0.110998198390007,0.0842923149466514,0.0871616378426551,-0.1103761494159698,-0.0239600520581007,-0.1050641760230064,0.0348090268671512,0.1089894473552703,0.0773233026266098,0.0219683051109313,-0.0429338887333869,-0.0853917300701141,0.0995373427867889,-0.0963915139436721,0.1083542853593826,0.0782035812735557,0.0002849794109351,0.0913572758436203,-0.0846906602382659,-0.1109720468521118,-0.0917471721768379,0.0385519079864025,-0.1097005978226661,-0.0995442420244216,0.0932202264666557,0.0003656586632132,0.1002437248826026,-0.0316045805811882,0.0213399082422256,0.0167822707444429,0.1014229506254196,0.1057080999016761,0.0756649449467659,-0.1090873479843139,0.0854898765683174,0.0647890344262123,-0.0724684819579124,0.085092581808567,-0.1059320271015167,0.0757062658667564,-0.0390619859099388,0.1051618233323097,-0.103589542210102,0.1019670441746711,0.1035713553428649,-0.1036803945899009,0.0992379859089851,0.1042752638459205,-0.1059108525514602,0.0006188960396684,-0.0447307750582695,-0.1059230044484138,-0.1028921604156494,-0.1024438887834549,0.094002716243267,0.0151865538209676,-0.0597518011927604,0.1051890924572944,-0.1040793135762214,0.0488993041217327,-0.0547487400472164,0.1034451425075531,-0.1051058247685432,-0.0581472627818584,0.0152857564389705,-0.0687169954180717,0.1057582050561904,0.0320872962474823,-0.0962549224495887,-0.1025230139493942,0.1038890108466148,-0.1059505492448806,-0.1048586145043373,-0.1057302802801132,0.1048298552632331,0.0773317739367485,-0.095422126352787,0.0764097720384597,-0.0406640172004699,0.1054778397083282,0.0740713328123092,0.1059498563408851,-0.0618519820272922,-0.0984261557459831,-0.1059599071741104,-0.0554754175245761,-0.0841436386108398,0.1059557497501373,-0.1055211722850799,0.083157978951931,-0.101635105907917,-0.1011828109622001,-0.0495814494788646,-0.0921302810311317,-0.0834264084696769,-0.0151915280148386,-0.0798641368746757,0.0838248580694198,0.103683553636074,-0.0119644915685057,0.1013769581913948,-0.0106860566884279,-0.0901955142617225,0.1058966591954231,-0.1056612581014633,-0.0927781388163566,0.074532002210617,-0.0990563854575157,-0.1058210209012031,0.1056499853730201,-0.1020572632551193,0.0759943202137947,-0.0315905027091503,-0.0556545965373516,-0.004507593344897,0.1058207154273986,-0.1054325103759765,-0.0703652799129486,0.0556170120835304,0.1053038090467453,-0.1055492088198661,-0.0079978695139288,-0.0891562402248382,0.1033436805009841,0.1059541702270507,-0.104957602918148,0.0941595137119293,0.0329380333423614,0.0189260467886924,-0.1054801419377327,0.0430570840835571,0.0727210715413093,0.0609494149684906,0.1015771254897117,-0.0609165094792842,-0.1059363409876823,-0.0842566341161727,0.1059612333774566,-0.100656971335411,-0.1056257039308548,0.0882670730352401,-0.1027415841817855,0.0997746512293815,0.0997359976172447,-0.0929111614823341,-0.1042253151535987,-0.0468798168003559,-0.1057711392641067,-0.1051436886191368,-0.1035692989826202,-0.1054625883698463,0.1057563871145248,0.0121162515133619,-0.1020702496170997,0.1021916642785072,-0.1047493442893028,0.0906300842761993,0.1029378771781921,0.1019975990056991,-0.101890318095684,0.0822665393352508,0.0852173119783401,-0.1053544282913208,-0.1019002571702003,0.0036530431825667,0.0999593213200569,-0.1015783175826072,0.1015432327985763,-0.1007344126701355,-0.1017788350582122,-0.1019486114382743,0.0911010801792144,-0.0999023616313934,-0.0097792847082018,0.1017893031239509,0.1018228456377983,0.0815271958708763,0.0970756411552429,0.0990318208932876,-0.0950261205434799,-0.0570496656000614,-0.101891279220581,0.0980221852660179,-0.0993740186095237,-0.1019767299294471,0.0325647443532943,0.1005977392196655,0.0732998624444007,0.0883828699588775,0.0992739722132682,-0.0534167885780334,-0.096756100654602,-0.099390335381031,0.1017396822571754,-0.088776871562004,0.0907398760318756,0.0834497660398483,-0.0764321535825729,-0.101845845580101,0.0342862755060195,-0.1015044748783111,-0.0678811520338058,-0.0893311351537704,-0.1000897586345672,0.0698258504271507,0.0740096494555473,0.0577013604342937,0.0882608070969581,0.0927172154188156,-0.0066611552610993,-0.0348322167992591,0.0946349054574966,-0.1016760244965553,0.0906792506575584,-0.095652051270008,-0.0322688482701778,-0.1019637361168861,-0.1003892943263053,-0.101675659418106,-0.101471222937107,-0.1003928184509277,-0.0193091295659542,0.0591947585344314,-0.101945012807846,0.1010316982865333,0.0993623062968254,-0.0972494259476661,-0.1018033474683761,-0.0973763689398765,0.0928640514612197,0.0983969122171402,-0.1018853411078453,0.0914130210876464,0.005965860094875,-0.0948085114359855,0.0665384158492088,0.0974495634436607,0.1007555425167083,-0.0998572781682014,-0.1019160449504852,0.000736589776352,-0.101650021970272,-0.100748024880886,0.0607259236276149,0.0638234168291091,0.0338713787496089,0.100945807993412,0.1004638373851776,-0.1019376590847969,0.05667619779706,-0.0994272902607917,-0.0983695387840271,0.0755218192934989,0.0980719923973083,-0.1016909033060073,0.0774050056934356,0.0613062307238578,0.1013870537281036,0.0993153601884841,-0.1013332828879356,-0.0924754813313484,-0.1017117649316787,-0.0782680958509445,0.0961871966719627,-0.055082056671381,0.092808224260807,-0.0351700112223625,0.101654551923275,-0.0998113378882408,-0.1019302383065223,0.0677753835916519,-0.101969800889492,0.101308099925518,-0.0950084775686264,-0.1019393354654312,0.0988711863756179,-0.1019753739237785,-0.0884333625435829,-0.100275382399559,0.010314593091607,0.1015243828296661,0.1014895588159561,0.0982010141015052,0.101933479309082,-0.0927515178918838,0.0812176764011383,-0.1019641235470771,-0.0944937616586685,-0.0131785878911614,0.0329215303063392,0.101832203567028,-0.0386726185679435,0.1204442232847213,-0.0016232406487688,-0.0322040133178234,-0.0535413473844528,-0.0293137524276971,0.0192749295383691,-0.0802542343735694,0.0498263128101825,-0.1420799046754837,0.0990421548485755,-0.0983862206339836,-0.0742749944329261,-0.0350580029189586,-0.094201274216175,0.0676038190722465,-0.139420673251152,-0.0654574856162071,0.0812194645404815,0.0249950643628835,0.0740194842219352,-0.087837353348732,-0.0787313058972358,-0.0834346413612365,0.1486081480979919,0.1047065556049346,-0.1129786446690559,0.1327398419380188,-0.0311109274625778,-0.1364293843507766,-0.0121863083913922,-0.1006927713751792,-0.1234246417880058,0.1226784065365791,0.0627362206578254,0.0211616270244121,0.0928735360503196,0.0687013268470764,0.094210498034954,0.1181915625929832,0.13645900785923,-0.1436754763126373,-0.0366982258856296,-0.0682739987969398,-0.0106719154864549,-0.0884831398725509,0.0804377496242523,0.0833508968353271,0.0224478933960199,0.0611543394625186,0.0864381715655326,0.0939524471759796,-0.087139144539833,0.0768298357725143,0.1024850755929946,0.090723343193531,0.0656076073646545,0.0927925556898117,0.1157841384410858,0.0573766231536865,-0.1172447055578231,0.0309861861169338,0.0197717752307653,0.0721035152673721,0.1448509842157364,-0.1251105070114135,-0.0682601034641265,0.1232211589813232,-0.0022640586830675,-0.0748982280492782,0.0283423010259866,0.0879001468420028,0.115067571401596,-0.1243718937039375,-0.0620056241750717,0.0850139260292053,0.0649048909544944,-0.0245136935263872,0.125086560845375,-0.0941302329301834,0.0896663889288902,0.0085021071135997,0.1239107400178909,-0.1283724308013916,0.0845888927578926,-0.0005901484400965,-0.0674457997083664,0.1587822884321212,-0.0205809120088815,-0.0984971448779106,-0.0661671906709671,0.1406702995300293,-0.0021052719093859,-0.1021889597177505,-0.0400740914046764,0.1084808111190795,0.0993091389536857,0.1535345613956451,0.0591317526996135,-0.1170024424791336,-0.1086271330714225,-0.0888030380010604,0.0664582550525665,0.0822266265749931,-0.03664031624794,-0.1213899329304695,0.0370309017598629,-0.1565697193145752,0.1216973513364791,-0.1536053419113159,0.0983574837446212,0.060728695243597,0.0872446745634079,-0.0171467028558254,-0.0242249276489019,0.1155791133642196,0.0979983359575271,-0.0143691347911953,-0.0560138784348964,0.0414627157151699,-0.0767822936177253,0.0127422688528895,0.0813263282179832,0.11360864341259,0.0527965798974037,0.0656661465764045,-0.0022607955615967,0.0136297363787889,0.1051624566316604,0.0980903431773185,0.134487509727478,-0.1206771880388259,-0.111270286142826,0.0463084056973457,0.1156489998102188,0.0635749176144599,-0.0974305793642997,-0.0540742054581642,0.0238692015409469,0.0383983105421066,0.0972184687852859,0.0615150220692157,0.0481103360652923,0.0898251831531524,-0.1056894734501838,-0.1004271581768989,0.1018173992633819,-0.0368920490145683,-0.1564280539751052,-0.091404914855957,0.0365614220499992,-0.1037575230002403,-0.1373901963233947,0.1493902206420898,-0.0916849225759506,0.1383535861968994,-0.125814601778984,0.0470237806439399,-0.0680114403367042,-0.065473772585392,0.0218470990657806,0.0256084855645895,0.0743383094668388,-0.0730367824435234,0.1077882423996925,0.1150403469800949,0.0697893872857093,0.0258407406508922,0.1376672238111496,-0.0246893409639596,-0.1473708003759384,-0.0130531704053282,0.1399470120668411,0.1270148009061813,0.0506891869008541,0.0684802234172821,-0.08599853515625,0.0686791539192199,0.109803706407547,0.1515790373086929,0.1174561530351638,-0.1273551732301712,-0.0401312932372093,-0.0836054533720016,-0.1231077015399932,-0.1027459949254989,-0.0437993295490741,0.1073813438415527,-0.111189916729927,0.0333228856325149,0.1115411072969436,0.1293295472860336,-0.0736709013581276,-0.1110296994447708,-0.0598271824419498,-0.0942505672574043,0.0161713510751724,-0.0094605106860399,0.0162156224250793,0.0276559107005596,0.002966733649373,0.0922926887869834,0.099587358534336,-0.1003471165895462,0.0598771497607231,0.0211448371410369,0.0026998615358024,-0.0500789247453212,0.0011825114488601,-0.0640522390604019,-0.054636612534523,0.1139506623148918,-0.0516824871301651,-0.1008656546473503,0.0818512365221977,-0.0953618958592414,0.0185675602406263,0.1415558904409408,-0.1572237461805343,-0.08991639316082,-0.0918672382831573,0.0825317800045013,0.0836113393306732,-0.1164794266223907,0.1299881637096405,0.0675175040960311,-0.0420985743403434,-0.0639736875891685,-0.0321529991924762,-0.0908482447266578,-0.1227862611413002,-0.0067965597845613,0.036553718149662,-0.0331686325371265,0.0851273238658905,0.0052064266055822,0.0245311483740806,0.0107265030965209,-0.0502969734370708,-0.0231694150716066,-0.0724235698580741,0.0659743025898933,0.0984973758459091,0.1436764150857925,0.1114462614059448,0.0811744481325149,-0.0782376378774643,-0.0657836720347404,-0.1131579354405403,0.0529118180274963,-0.0803520157933235,0.0658560991287231,-0.0834050998091697,-0.0587420910596847,-0.1302735358476638,-0.1260943114757537,0.0364552624523639,0.0113279223442077,-0.1381580978631973,-0.0466969758272171,-0.1278429925441742,0.0077493893913924,0.058107104152441,0.0097338315099477,-0.0907415673136711,-0.1416072994470596,0.141938030719757,-0.0269842203706502,-0.0968662127852439,-0.0284598246216774,0.0739701092243194,-0.0449785850942134,0.0451603159308433,-0.0803011208772659,-0.0966148450970649,0.0628046318888664,-0.1244881451129913,-0.0822110548615455,-0.0121241882443428,-0.1846257448196411,0.0963119268417358,0.0030510609503835,0.1880022436380386,0.0177314057946205,0.1012812852859497,-0.0285900346934795,-0.1172727793455123,-0.0492262877523899,-0.0088076079264283,-0.0055358703248202,-0.0719463899731636,0.0295850709080696,0.1609267145395279,-0.0562964938580989,-0.0294258054345846,-0.1275525987148285,0.0421449318528175,-0.0528570748865604,-0.124875470995903,0.0589448027312755,0.1129085347056388,0.024453192949295,0.1796508878469467,0.0591368116438388,-0.1175308153033256,0.1594838798046112,-0.0430720970034599,0.0566393695771694,0.0454914346337318,0.0218508504331111,-0.0386379323899745,-0.1086561679840087,0.0719482824206352,-0.0519845709204673,0.0161556396633386,0.0734974071383476,-0.1007097512483596,0.0314099602401256,0.0087547833099961,-0.0436321981251239,0.0223590098321437,0.0052548702806234,0.0198177583515644,-0.0512975491583347,0.176610454916954,0.0949993953108787,-0.1278496980667114,0.0568328909575939,0.0919927433133125,-0.0514951981604099,-0.0410765707492828,0.0775919109582901,-0.1130399703979492,0.0623082779347896,0.0210805982351303,-0.168741300702095,0.0896265059709549,0.0812622904777526,0.0908113121986389,-0.0266733653843402,-0.021716009825468,-0.0640739277005195,0.0527269653975963,-0.0227612666785717,-0.1075209528207779,-0.0201221834868192,0.0703947842121124,-0.0139214983209967,-0.0044041327200829,-0.0844157040119171,0.0821050629019737,-0.1142050251364708,-0.132559135556221,0.0203271899372339,-0.1857515722513198,0.0643313005566597,-0.0933078378438949,0.1202752515673637,0.0582637563347816,-0.0450319871306419,0.1344833821058273,-0.1609731167554855,0.0066260565072298,-0.0958615913987159,0.2083767801523208,-0.0606937445700168,0.1675864458084106,0.1033855304121971,0.1777325719594955,-0.0091685317456722,0.0958673954010009,0.0296471510082483,0.0387635044753551,-0.0513290911912918,-0.0199073012918233,0.1285540014505386,0.0376192405819892,-0.0707467198371887,0.0699906647205352,0.0744340345263481,0.1177823096513748,0.0055597266182303,0.0140050332993268,0.0825781300663948,DACBOSOPMUBTSC-UHFFFAOYSA-N,CC(N)c1nc(-c2ccc3c(c2)OCO3)c[nH]1
0.1022099331021308,-0.1018055379390716,0.0794427916407585,0.1021792292594909,0.094095267355442,0.1014997884631156,-0.0979753881692886,-0.0113294357433915,-0.1022181436419487,-0.1018836572766304,-0.0945251435041427,-0.0985906943678855,-0.0976066291332244,0.0977675169706344,0.0944189429283142,-0.1022666469216346,-0.1020137146115303,0.0791356191039085,-0.1019240990281105,0.102178506553173,0.0858122333884239,-0.071786917746067,-0.1020713821053505,0.0993789657950401,0.1017140597105026,0.1022580340504646,0.0985131040215492,-0.0510189123451709,0.101040780544281,-0.099342830479145,-0.1012827455997467,0.1008185297250747,-0.0983669981360435,-0.1015784665942192,-0.1022429913282394,-0.0967217236757278,0.0978084951639175,-0.0696614012122154,0.0759518668055534,0.1017921417951583,0.0668070018291473,0.0328503400087356,-0.1021532863378524,0.0854991525411605,-0.0558450371026992,0.1017504408955574,-0.1011519730091095,0.0482721254229545,-0.1021445095539093,-0.0886723920702934,-0.0846007987856864,0.1009415164589881,0.0643051713705062,0.078775405883789,-0.1021497547626495,0.1021967604756355,-0.0937768369913101,-0.0539329797029495,-0.0527874380350112,-0.0777813494205474,0.1021880730986595,0.1022642031311988,0.1022651419043541,0.0951589420437812,-0.102266140282154,0.1022515222430229,-0.1018507182598114,0.1021652966737747,-0.0979930609464645,0.0505357794463634,0.0613796263933181,0.1020396202802658,-0.0865018218755722,-0.0932306870818138,-0.1018239706754684,0.0522790551185607,-0.1021980717778205,0.0924166291952133,0.100698597729206,-0.0009951114188879,0.0460761114954948,0.1022123470902443,0.1018758490681648,0.0969207286834716,0.0380911938846111,0.0542884320020675,0.1018607392907142,0.0920415744185447,-0.0961346253752708,-0.1020106002688407,-0.016300419345498,0.0342053174972534,0.1022673025727272,0.0312579236924648,-0.0399026237428188,-0.1018270105123519,-0.1022662967443466,0.0932166948914527,0.0649090930819511,0.1020059064030647,-0.0756858214735984,0.0506151765584945,-0.0977451503276825,-0.0972297117114067,-0.095983400940895,0.0637691468000412,-0.1005813255906105,-0.0164503119885921,0.1012463495135307,0.070058673620224,0.1019100695848465,-0.1000784561038017,-0.0970951542258262,-0.1022502481937408,-0.0904871374368667,0.1021985411643982,0.0563152842223644,-0.044811375439167,-0.1019773855805397,0.0790518224239349,0.0651683509349823,0.0883743315935134,-0.0984309017658233,-0.1016883179545402,0.0712775886058807,0.1022189483046531,-0.0895599946379661,0.0373885594308376,0.0514432378113269,-0.0935939326882362,-0.0968250781297683,-0.0977768823504448,-0.0941266342997551,0.0279637798666954,0.0995052680373191,0.0985757037997245,0.0995396226644516,0.0989134311676025,0.0990163683891296,0.0671726614236831,-0.0303012486547231,0.0224984642118215,0.078527808189392,-0.0993207469582557,0.0526277609169483,-0.0997755527496337,-0.0997800901532173,-0.0997771546244621,-0.0321350544691085,0.0207664407789707,-0.0809346139430999,0.0986822098493576,0.0997800379991531,0.0984906777739524,0.0050047538243234,-0.0985689237713813,-0.0997669771313667,-0.0991087481379509,-0.0997800827026367,-0.0314476005733013,0.0967893451452255,0.0997777581214904,0.0987294316291809,0.0771114975214004,0.0996797531843185,-0.0997801125049591,-0.074356622993946,0.0911392942070961,0.0997796282172203,-0.0832954719662666,0.0997800305485725,-0.0997752845287323,0.0997784733772277,-0.0924375876784324,-0.0259971637278795,0.0992731750011444,0.090655043721199,0.0996304973959922,0.099685713648796,-0.0996020808815956,0.0997782126069068,-0.0988212674856185,-0.0977034643292427,-0.0997791141271591,-0.0847247466444969,-0.0997801125049591,-0.0168615989387035,-0.0997189581394195,0.0176749713718891,0.0997665673494339,0.084849439561367,0.0023121531121432,0.0997800827026367,0.0108194658532738,-0.099648579955101,-0.0829445421695709,-0.0997473001480102,-0.0997800081968307,0.0813417881727218,-0.099764734506607,-0.0954164862632751,-0.0986030921339988,-0.0997800379991531,-0.0990981757640838,-0.0997528359293937,-0.071047119796276,-0.0986689552664756,-0.0995666533708572,0.099080704152584,0.0683292150497436,0.0996440649032592,0.0996156260371208,-0.0997796282172203,0.0996565893292427,0.0984422117471695,-0.0888338834047317,0.0275539383292198,-0.0921968221664428,-0.0997740253806114,0.068289965391159,0.0982311144471168,0.0997800901532173,-0.0892632454633712,0.0997796952724456,-0.0912479609251022,0.0996871292591095,-0.0996463745832443,0.0937862694263458,-0.0911058858036995,-0.0918130800127983,0.099030777812004,0.0994649529457092,0.096095822751522,0.0997781828045845,0.0974087789654731,-0.0995014309883117,-0.0429600290954113,-0.0994319915771484,0.009678584523499,0.0782912075519561,-0.0997799858450889,-0.0997575595974922,-0.0961736142635345,0.0217111892998218,0.0039777588099241,0.0972059518098831,-0.0997717306017875,-0.0743712186813354,-0.0969409421086311,-0.0975874960422515,-0.0995240658521652,0.0997397378087043,-0.0603756420314312,-0.0991803184151649,-0.0997616127133369,-0.0722652003169059,-0.0943196266889572,0.0975856259465217,0.0954694077372551,0.0855181440711021,0.0974674746394157,-0.0916247740387916,-0.0975770875811576,-0.0975876376032829,-0.0975760295987129,0.0916773080825805,-0.0967604964971542,0.0974695533514022,0.0788641050457954,0.097584031522274,0.0955886468291282,-0.0764527097344398,-0.0973794087767601,-0.0970541089773178,-0.0975838750600814,-0.0933881923556327,-0.0975890010595321,-0.09758822619915,-0.0335399135947227,0.0915551781654357,0.0735998004674911,0.0975356772541999,-0.0053107389248907,0.0395582653582096,-0.0971873998641967,0.0289586633443832,0.0970427766442298,-0.0975653380155563,-0.0499682985246181,0.0539734326303005,-0.0974627360701561,-0.0896787643432617,0.0975885540246963,0.0974335744976997,-0.0972160920500755,0.0448191091418266,0.0954506695270538,0.0892316699028015,0.0520578101277351,-0.0975880399346351,-0.0970809012651443,-0.0417957417666912,-0.0971678420901298,-0.0975721850991249,-0.0975883156061172,-0.0975096374750137,0.0969969481229782,-0.0955482795834541,-0.0948465913534164,-0.0094307800754904,-0.095372274518013,-0.0971265211701393,0.0970324650406837,0.0735136494040489,-0.0072852023877203,0.0097636179998517,0.0975660607218742,0.0975874066352844,0.0975816696882247,-0.0956569984555244,-0.0959383472800254,0.0975829362869262,0.0975870937108993,0.0962404608726501,0.0854310616850853,0.0814505666494369,-0.0968295112252235,0.0221563391387462,-0.0930575355887413,0.0884568393230438,0.0974441766738891,0.0975886955857276,0.0968172028660774,0.0856495946645736,-0.0936991050839424,-0.0975840911269187,-0.0970074757933616,0.0972344204783439,-0.0943867787718772,0.0912013500928878,0.0479641258716583,0.0965292453765869,0.0975890085101127,-0.0958546176552772,-0.0975855737924575,0.0967013388872146,0.0806680619716644,-0.0969474464654922,-0.0040121409110724,0.0974927693605423,-0.0961295366287231,-0.0903273224830627,-0.0965186953544616,-0.0953067615628242,-0.0974162444472312,0.0944268330931663,-0.0975633338093757,-0.0975742861628532,-0.0975870043039321,0.0726449340581893,0.0975778922438621,-0.0975740849971771,0.0691858381032943,-0.0738417282700538,0.0955622866749763,0.0972998365759849,-0.0975018516182899,-0.0975889936089515,0.0191343314945697,-0.0974419638514518,-0.0974391624331474,-0.0616592653095722,0.0974556133151054,0.0975889638066291,-0.0948018059134483,0.0936150178313255,-0.0727653205394744,-0.097588874399662,-0.0969395563006401,0.055679190903902,-0.0776184573769569,-0.0968532264232635,0.0940336436033248,0.0975857898592948,0.0933139398694038,0.0724246874451637,0.1081439554691314,-0.1147763729095459,-0.0124901887029409,-0.0713283792138099,-0.0116464141756296,-0.1117236837744712,0.0729479044675827,-0.1157756671309471,-0.078046828508377,-0.0899859145283699,-0.0857081115245819,0.1183243691921234,-0.1197229772806167,0.0274826046079397,-0.131560668349266,-0.0115260183811187,0.1194365844130516,0.0314125940203666,-0.0323112048208713,0.0639735162258148,0.0235634669661521,-0.1006062403321266,0.0057080774568021,-0.0006954972050152,-0.1214681938290596,0.1194737032055854,0.0400316752493381,-0.1237996220588684,-0.0187436379492282,-0.0956179574131965,-0.1306646913290023,0.1306518763303756,0.1298778057098388,0.0241076257079839,0.0021613398566842,-0.0926156044006347,0.120456263422966,0.1248450949788093,0.1256250292062759,-0.0960239619016647,0.1240426003932952,-0.1277394890785217,0.0213309377431869,-0.1060631424188613,-0.0652500689029693,0.1030118763446807,-0.0373574495315551,-0.0744527354836463,0.0872937217354774,0.1076440066099166,-0.1226964816451072,-0.0016024019569158,0.1150718182325363,-0.1024824902415275,0.0306682251393795,0.1281167119741439,0.0971283838152885,0.1243502721190452,-0.0296910405158996,-0.0204782150685787,0.1180581673979759,-0.0108786504715681,0.128684252500534,-0.1232134625315666,-0.0937024503946304,0.0813585072755813,0.0042887520976364,0.1066639646887779,0.0585303790867328,-0.0031708034221082,0.0850288346409797,0.0212846901267766,-0.0908679813146591,-0.0046923556365072,0.1199578717350959,-0.0063189510256052,-0.0262875873595476,-0.0020432053133845,0.1278589963912964,0.1138191819190979,0.0315062217414379,-0.131987378001213,0.0598294846713542,0.0503775179386138,0.0179196540266275,0.1317130625247955,0.0972556918859481,0.0575164929032325,-0.1115603148937225,0.1295072138309478,-0.1050470918416976,-0.1029614508152008,0.0611775517463684,0.1029039695858955,0.0952492877840995,0.1302090585231781,0.0847725197672844,-0.065084621310234,0.0190171860158443,-0.0188123006373643,0.1259645521640777,-0.0581836178898811,-0.1141373887658119,0.0225470345467329,0.0136798555031418,-0.0506536252796649,0.1327755749225616,-0.0680376514792442,0.0458752810955047,-0.0673572421073913,0.1172291189432144,-0.0652978122234344,-0.0567723549902439,0.0274855308234691,0.1271737813949585,0.1180807426571846,-0.1317774206399917,-0.1073019057512283,-0.0404912531375885,0.0957915782928466,0.0789296776056289,0.0425506792962551,-0.0316942706704139,-0.0212368350476026,0.1221831738948822,-0.1119346767663955,-0.1079244017601013,0.1180524453520774,0.0959287285804748,-0.118698850274086,0.0108767338097095,-0.0138346878811717,0.1250888258218765,-0.0229736268520355,0.1164546385407447,-0.0868033170700073,-0.0081447502598166,0.0898543819785118,0.1019239649176597,0.1226420998573303,0.0707073733210563,-0.1047626510262489,0.1071048080921173,-0.1191640868782997,0.0318671092391014,-0.0898911654949188,-0.0821131244301796,0.0110714640468359,-0.0287071149796247,0.1206024736166,-0.1210938319563865,0.1232698112726211,-0.1234361678361892,0.1156737506389617,-0.1229062005877494,0.1048699021339416,0.0974001958966255,0.0387568287551403,0.0010422499617561,-0.115153431892395,-0.0946521684527397,0.014042847789824,0.0833513587713241,0.089327722787857,-0.0084291333332657,0.0848925411701202,-0.0760060995817184,0.103945791721344,-0.1141801550984382,-0.1104611977934837,0.0960265696048736,-0.0025053035933524,-0.0647725760936737,-0.1141004115343093,-0.1016415208578109,-0.0919113084673881,0.1078050881624221,0.098411314189434,0.1241828352212905,-0.1011245176196098,0.1141382679343223,-0.0092722633853554,-0.0109745552763342,-0.0351307652890682,0.1212319284677505,0.0752072781324386,-0.1040673702955246,0.095709815621376,0.0134633211418986,0.1135569438338279,0.0162566863000392,0.1045972257852554,0.0526166148483753,0.1010352969169616,0.014650653116405,-0.0444515794515609,-0.0181308407336473,-0.0476864464581012,0.0372342839837074,0.0695289000868797,0.0791385993361473,-0.1134712025523185,-0.0357250049710273,-0.094000406563282,-0.1128103956580162,-0.1141712367534637,0.0362633056938648,-0.0092016141861677,-0.1148754209280014,0.0875727832317352,-0.0726532191038131,0.0584965236485004,-0.0931254997849464,-0.1068378612399101,0.0291956216096878,0.1218853592872619,0.0103248953819274,-0.0157800838351249,-0.1239781752228736,0.0243866257369518,0.1235562562942504,-0.0720816180109977,0.1198687553405761,0.017154349014163,-0.1062946021556854,0.1036196127533912,0.0570189766585826,-0.004605988971889,-0.1053144857287406,-0.0181781537830829,0.0588633306324481,0.1191336214542388,0.1073880419135093,0.1141863986849784,-0.1010433435440063,0.0459851920604705,-0.103944107890129,0.1166566833853721,0.1076061502099037,-0.1074100211262703,0.0021912856027483,-0.0862058848142623,0.11475470662117,-0.1167845875024795,0.1160650253295898,0.004107751417905,-0.1227257475256919,0.033198669552803,-0.1034029200673103,0.0710571408271789,-0.1206799894571304,-0.0830131620168685,-0.0768766924738884,-0.1034199371933937,-0.0722672343254089,-0.0879085436463356,0.0660340338945388,-0.075650006532669,-0.0563853755593299,-0.0452655665576458,0.1486378014087677,0.0983159840106964,-0.0061602685600519,0.0573146119713783,-0.04571383446455,-0.023817241191864,0.0491820573806762,-0.0001353568950435,-0.0316710732877254,-0.0589475519955158,0.1228925138711929,-0.144890546798706,-0.1125905960798263,-0.0075973756611347,-0.0464106202125549,0.0613374970853328,-0.1189789995551109,0.07820625603199,-0.0268084183335304,-0.093595489859581,-0.0346735790371894,-0.0485365539789199,0.081697791814804,-0.0958172380924224,-0.0410417318344116,0.1266655474901199,-0.0705692991614341,0.1032493859529495,-0.055206723511219,0.1256484985351562,0.0965127795934677,0.0897459760308265,0.0945919454097747,0.0115455519407987,-0.0397730246186256,-0.0750466212630271,-0.0192491095513105,-0.1061085909605026,0.1004225686192512,-0.0156673919409513,0.0042749871499836,-0.0347921811044216,0.0513962022960186,-0.0406127795577049,-0.1337740570306778,0.0649287179112434,-0.1259396821260452,0.1366313397884369,0.0950642973184585,-0.0862565040588378,-0.1344627887010574,-0.1212380155920982,0.094181053340435,0.1292716413736343,0.0465108640491962,0.0788641944527626,0.1352822631597519,0.0314810127019882,0.1151495650410652,-0.1253376901149749,0.0346652418375015,-0.0565247125923633,0.1231039017438888,0.0378047637641429,-0.0738806873559951,-0.1080950871109962,0.054182194173336,0.1319751292467117,-0.1357990801334381,-0.0918828919529914,-0.0643205493688583,-0.1304510980844497,-0.0525629818439483,-0.0859210565686225,-0.1006113812327385,-0.0464898459613323,-0.088379330933094,-0.1333138197660446,-0.1155210211873054,-0.0269270073622465,-0.0718962177634239,0.0769341439008712,-0.067109115421772,0.0177725683897733,-0.0016812232788652,0.0866221562027931,-0.0601916722953319,-0.0582064427435398,-0.1237308531999588,-0.0462514646351337,0.1179690808057785,0.1017928272485733,0.0829673036932945,0.0806128680706024,0.0706281140446662,-0.0189725067466497,0.0927060768008232,-0.0697144791483879,0.0738402754068374,0.1332581639289856,0.0435723699629306,0.0880210846662521,-0.0647618696093559,0.0133917666971683,-0.0786048993468284,-0.1034446060657501,0.1381901353597641,-0.1109247282147407,0.1230787262320518,-0.1324655562639236,0.1001845598220825,-0.126418188214302,0.065825879573822,0.0272345896810293,0.1148450598120689,0.1448501497507095,0.1236900985240936,0.0010874797590076,-0.0469746813178062,-0.1406179517507553,0.1080299615859985,-0.1279297024011612,PPBDRJRJPMFIMA-UHFFFAOYSA-N,O=C1CCCc2ncc(C(F)(F)F)cc21
-0.1127171963453292,0.1132530570030212,-0.033567626029253,-0.0948505029082298,0.1232807114720344,-0.081745721399784,-0.0098926499485969,0.0925697311758995,0.0656733736395835,0.0069711431860923,0.1188655197620391,0.0198681708425283,0.035057820379734,-0.0911025628447532,-0.0824145451188087,-0.1217789873480796,-0.0099949445575475,0.0350846499204635,0.088445596396923,-0.1242161840200424,-0.0329907163977623,0.1113748699426651,-0.0295019429177045,-0.0213217195123434,0.0593680441379547,0.1242084726691246,0.1223665624856948,-0.1071940064430236,0.007389604113996,0.0427616350352764,-0.0775744691491127,-0.004932808689773,-0.1143663227558136,-0.0735661312937736,-0.0075982231646776,-0.1206492707133293,-0.1007703468203544,-0.1188348680734634,-0.0743885561823844,0.0133729642257094,-0.1096118241548538,-0.1077103167772293,0.0865826979279518,-0.0207059271633625,-0.1232116222381591,-0.0501708872616291,0.0942510738968849,-0.116047702729702,0.1073505580425262,0.0591204278171062,-0.0052501056343317,0.0139198154211044,0.1156054511666297,-0.1240576356649398,0.0792065486311912,-0.0531255006790161,-0.0885208919644355,-0.1219679862260818,0.1234631314873695,-0.1083850562572479,0.1241594180464744,0.036329261958599,-0.1162933558225631,-0.0246039628982543,0.1184187307953834,0.1003476157784462,0.046493861824274,-0.1079613640904426,-0.124055802822113,0.0976528972387313,0.0200637485831975,0.1205773130059242,-0.1169548109173774,-0.0663008317351341,0.1118728891015052,0.1223642230033874,0.1091658994555473,-0.0834095850586891,0.0293711796402931,0.0030348869040608,0.0352624282240867,0.0586230047047138,-0.0747788771986961,-0.048832394182682,0.0168817434459924,-0.1008513942360878,0.0873099491000175,0.1048996150493621,-0.0902730897068977,0.117286778986454,-0.120229922235012,-0.1061151623725891,-0.1239038705825805,0.1226701959967613,-0.1208123564720153,0.0907749980688095,-0.1177903935313224,0.123477965593338,-0.0409772470593452,-0.0485408641397953,-0.0861772373318672,-0.0714526548981666,-0.0215778686106205,0.1095171868801117,0.0996072813868522,0.0097581911832094,-0.123815156519413,0.0164578687399625,0.0486739724874496,0.0884820818901062,-0.1139952689409256,0.0588238984346389,0.0632567927241325,-0.1229420751333236,-0.058460745960474,-0.0374358557164669,0.0088571477681398,0.0518271699547767,0.1188674643635749,-0.0723685771226883,-0.0967873558402061,0.122118704020977,-0.0226374883204698,-0.1237872168421745,-0.1230786368250846,-0.1077331900596618,0.0834386646747589,0.0816866382956504,-0.0649859011173248,0.1099886670708656,-0.0882894471287727,-0.1079755425453186,-0.1105316877365112,0.0236237868666648,-0.1063722148537635,0.1090741604566574,-0.1085528209805488,-0.0333534181118011,0.0256776362657547,0.1023205295205116,0.1084901988506317,-0.0621508359909057,-0.0969100296497345,0.0817533507943153,-0.1112211048603057,0.1106322631239891,0.1112478747963905,0.0017446287674829,-0.1006048023700714,-0.0589756853878498,0.0883119478821754,-0.0977298244833946,-0.1067496910691261,0.0202987547963857,-0.1112711504101753,0.0786720663309097,0.0684386417269706,-0.1112581938505172,0.1111907362937927,0.0004088547138962,-0.1106080263853073,0.0640521124005317,-0.0781379640102386,0.0693784207105636,0.1106549352407455,0.1112629324197769,-0.1090155392885208,-0.107856385409832,-0.1111393347382545,-0.1100215837359428,-0.0777023881673812,0.0781254693865776,0.0994085073471069,0.1111078411340713,-0.11037627607584,0.0849341079592704,0.0770366713404655,0.0770244374871254,-0.1098211780190467,-0.013151261024177,0.1099149361252784,0.1102281510829925,0.0480150543153286,0.0315115824341774,0.0677651762962341,0.1083440706133842,0.104807510972023,0.0911413133144378,-0.1019662767648696,0.0624106749892234,0.0945501402020454,-0.1107978150248527,-0.1110255494713783,-0.0485594868659973,-0.1018982306122779,0.0799877643585205,0.0983989089727401,0.0528909191489219,0.0723189637064933,0.1103439480066299,0.0537492223083972,0.1081662103533744,0.0195683725178241,0.1026122793555259,0.0916807353496551,0.1061508134007453,0.0162439253181219,0.1086999401450157,-0.110435776412487,-0.1035200431942939,-0.0862682163715362,0.0930235981941223,0.1049184277653694,-0.0662002563476562,0.1048351377248764,-0.0268804300576448,0.0572274141013622,0.0265038907527923,0.0288644451647996,0.1020480841398239,-0.0500111989676952,-0.0547744184732437,0.0768005400896072,0.0357850342988967,0.1055109724402427,-0.09256262332201,-0.0630783066153526,-0.0881632640957832,-0.1112294718623161,0.1046924740076065,0.0049065286293625,-0.1111937686800956,0.111226700246334,0.1069140881299972,0.0828953310847282,-0.1111161932349205,0.1095010638236999,0.1111233904957771,0.1110195741057396,-0.0272583644837141,0.0949845388531684,-0.0201015621423721,0.0796640887856483,0.1099149361252784,0.0490408763289451,-0.1055100187659263,-0.0692475065588951,0.1079134345054626,-0.0302853267639875,-0.0657776668667793,-0.088032029569149,0.0328181385993957,0.0829721614718437,-0.1041297912597656,0.0807661265134811,0.1095828413963317,-0.1105022504925727,0.0888493284583091,-0.0695285573601722,0.1020426601171493,0.1074516996741294,0.1108148545026779,-0.1107654049992561,0.1056079864501953,-0.1046678945422172,0.1080342233180999,-0.0213208198547363,-0.0616789199411869,-0.0821710303425788,0.1108773425221443,-0.1108276098966598,0.1067624315619468,0.07273431122303,-0.0805747285485267,-0.0743719860911369,-0.0957855060696601,0.0687912628054618,0.0605614855885505,0.0493457838892936,0.0741828754544258,0.0383963733911514,0.0706524029374122,-0.0888707861304283,0.1062573119997978,-0.1035150438547134,0.1053864210844039,-0.0991355255246162,0.013969250023365,0.1107609719038009,0.1102819666266441,-0.1002366170287132,0.052479363977909,0.1105690822005271,0.0964063927531242,-0.095756322145462,0.1038299351930618,-0.0489066503942012,-0.057132288813591,-0.0255154389888048,0.1071527972817421,-0.0331684127449989,-0.1092056110501289,0.1107541471719741,-0.0814416781067848,-0.0647792592644691,-0.0759021714329719,-0.0927077978849411,0.0359688736498355,0.0924011692404747,0.0986874401569366,-0.1108262464404106,0.1103410422801971,-0.0886863470077514,-0.077459916472435,0.0969749987125396,-0.1030300259590148,0.0359721183776855,0.1028378084301948,0.0998363643884658,0.0926050320267677,0.1011979207396507,0.0977765843272209,-0.0827625840902328,-0.0946196541190147,-0.1080613657832145,0.0397651344537735,0.0338003896176815,0.1108229234814643,-0.1089739501476287,-0.1107489690184593,-0.0930549427866935,0.1099774986505508,-0.1046234294772148,0.0609099902212619,-0.110839195549488,0.1052784174680709,0.0908301845192909,-0.08187897503376,-0.101742498576641,-0.0891008675098419,-0.1108682230114936,-0.1107042133808136,0.0939073488116264,-0.0806715488433837,-0.0393179878592491,-0.084752969443798,-0.091773435473442,0.1097241193056106,-0.0574516654014587,0.0388111285865306,-0.1088387817144393,0.1099420860409736,0.0056582214310765,-0.1056713014841079,0.1008017063140869,0.1099457070231437,-0.107363648712635,-0.1087859869003295,-0.1108676940202713,0.1101033613085746,-0.0766529664397239,-0.0969367623329162,0.0374438241124153,0.0195296760648489,0.109830841422081,0.0415647290647029,0.045776218175888,-0.1051077470183372,0.0542568191885948,-0.0967905521392822,-0.1101570874452591,0.0112896347418427,-0.1067758724093437,0.0591654106974601,-0.085157610476017,0.0213518422096967,0.1103170961141586,-0.0788934081792831,0.0025068498216569,0.085634097456932,0.0294360984116792,-0.0215678494423627,0.0810275077819824,-0.0994294732809066,0.1086139604449272,0.0641729533672332,-0.0080859214067459,-0.1167030781507492,-0.0005821664817631,0.1106448993086814,-0.0655052959918975,0.0088037587702274,-0.0624885074794292,-0.1187815070152282,0.0523951761424541,0.1156004145741462,0.0958029627799987,0.1209518760442733,-0.0309203285723924,-0.1187800616025924,0.0911660343408584,0.1069604754447937,-0.1004853099584579,-0.0511418879032135,-0.0802871137857437,0.1240086331963539,-0.1187659278512001,-0.1017046570777893,-0.1238592639565467,-0.0228668227791786,-0.0547000803053379,0.1223240792751312,0.049992598593235,-0.0837724730372428,0.0354676581919193,0.0592339821159839,0.0294202659279108,0.0786363780498504,0.057730920612812,0.0901340171694755,0.1010650917887687,-0.0951166972517967,-0.1211382895708084,0.1052992194890976,-0.0659923106431961,0.1176289990544319,0.0554407201707363,0.113791599869728,-0.1104885190725326,-0.0140423569828271,0.038591805845499,0.115512691438198,0.055543515831232,-0.0806727334856987,0.0845765694975853,0.1155741065740585,-0.0717071145772934,0.1179625838994979,-0.1054168120026588,0.0484098978340625,0.0507684461772441,0.1224238872528076,-0.1209712699055671,0.0415130741894245,-0.1127583682537078,0.0233956482261419,0.03300317004323,0.0624107010662555,0.1198017075657844,-0.0725507587194442,-0.1047300919890403,0.0655106008052825,0.0497967861592769,0.1043209731578826,-0.0604132860898971,0.1096025481820106,-0.0327825881540775,0.1223387643694877,-0.1224966272711753,0.1161988526582717,0.1230651140213012,-0.0984340757131576,-0.1106071919202804,0.0965253338217735,0.1022249460220336,0.080946996808052,-0.0761948600411415,-0.1129459738731384,-0.1069450005888938,-0.0409463457763195,0.1093347072601318,0.0021086335182189,-0.0761274546384811,0.1040307357907295,0.0038506546989083,0.0825616642832756,-0.0998519733548164,-0.0828373059630394,0.1000679209828376,0.0924402475357055,0.098970890045166,0.0628372803330421,0.0893151834607124,0.101531445980072,-0.0830702260136604,-0.0097935572266578,0.0727598890662193,-0.0344557203352451,0.1020263880491256,0.0237330701202154,-0.1181190684437751,0.1247532665729522,-0.0270244684070348,0.1156169027090072,-0.0832608267664909,0.1199605986475944,0.1002305522561073,-0.0866824686527252,-0.118092842400074,-0.0416448935866355,-0.0206790436059236,0.1176090314984321,-0.1236558854579925,-0.1089393347501754,0.0731231793761253,0.0419561006128788,0.0208193399012088,-0.1129088848829269,0.067866675555706,-0.0352636277675628,0.1158135011792182,-0.0651739612221717,-0.0815225541591644,0.1220571249723434,0.1637240499258041,-0.0561552047729492,0.1370657235383987,0.1421896815299987,0.1574124991893768,-0.0893678292632103,0.0973720997571945,0.0314761251211166,-0.0277993883937597,0.1051978915929794,0.1230429038405418,0.0234777070581913,0.0232341773808002,-0.1391336619853973,0.0440965518355369,0.0647592097520828,-0.1062462702393531,0.0070538981817662,-0.1265847980976104,-0.1291801780462265,-0.0701459720730781,-0.0524813681840896,-0.1127347573637962,0.1491802334785461,-0.0576567575335502,-0.0451958291232585,-0.0666453763842582,0.0721595510840416,0.0709384232759475,0.0599407516419887,0.0900234952569007,-0.0753813162446022,0.1043754965066909,-0.0779654160141944,0.1130100190639495,-0.062055479735136,0.0730264857411384,-0.0744476988911628,0.0226459521800279,0.0386918596923351,-0.0418487265706062,-0.1035605147480964,0.0879027917981147,0.0919149592518806,-0.0722000822424888,-0.0692891478538513,-0.0177310090512037,-0.0741330534219741,-0.0628415346145629,0.1050251498818397,0.1044293716549873,-0.1405769139528274,0.0424314066767692,-0.0042324871756136,-0.1149595379829406,-0.0280638877302408,0.0150471935048699,-0.0767637267708778,-0.0425222367048263,0.104759357869625,-0.1050446331501007,0.0502564050257205,-0.1300029903650283,-0.151592880487442,-0.1108917966485023,0.0094816833734512,-0.005504110828042,-0.0127144595608115,-0.104541465640068,-0.0976217687129974,-0.1016665399074554,-0.0947232618927955,0.1012899354100227,0.0406500250101089,0.0801499783992767,0.0848786383867263,0.0707429870963096,0.1439124345779419,0.0319411307573318,-0.0678441673517227,-0.0344767272472381,0.1449279338121414,0.0613264665007591,-0.1289900541305542,0.1154024302959442,0.058956641703844,-0.0757858380675315,-0.0502448603510856,-0.0691603943705558,-0.0696357265114784,-0.1495473086833953,-0.0983759611845016,0.1344319134950637,0.0277241766452789,0.1154396384954452,-0.0915875434875488,-0.0285348836332559,-0.0753213614225387,0.0566256791353225,0.0107081504538655,-0.0911235138773918,0.0356402695178985,0.0447031520307064,0.0935712233185768,0.0518236607313156,0.1035888418555259,-0.0810451731085777,0.11867206543684,-0.0427918583154678,-0.0388060174882411,0.1477957516908645,-0.0985481888055801,-0.008386013098061,0.0891328826546669,0.1576145738363266,-0.0844255089759826,0.0276524685323238,0.0716326832771301,-0.1286465227603912,-0.1216372549533844,-0.0941459834575653,-0.0774159952998161,-0.0484678111970424,-0.0105837360024452,-0.1045596599578857,-0.0111422194167971,-0.0470598042011261,-0.0334272943437099,-0.0263083167374134,-0.0006124138017185,0.0768899917602539,0.0637179911136627,0.1828125417232513,0.1047381237149238,-0.0427279211580753,-0.0895383730530738,0.0933558121323585,-0.0173085164278745,-0.1378545016050338,-0.1082751005887985,0.0989488586783409,0.1177099719643592,0.016300942748785,-0.0208303816616535,-0.0080346064642071,-0.2008965909481048,0.0894425809383392,0.1286267936229705,-0.01607221737504,-0.0723836347460746,0.141452744603157,0.0267529785633087,0.0405712500214576,-0.0194297321140766,-0.0775701776146888,-0.0728550180792808,-0.0075113517232239,0.0307440534234046,0.1208729371428489,0.0143620986491441,-0.1057617962360382,0.0895089507102966,0.1715462058782577,-0.0663631930947303,0.0406267121434211,-0.0345448404550552,0.1169013157486915,0.1262200325727462,-0.1810819506645202,-0.0977855399250984,-0.0462767928838729,-0.0207477547228336,0.1473618000745773,0.0385490544140338,-0.0153303910046815,0.0678025260567665,-0.1169020682573318,0.0249841250479221,-0.0960392132401466,-0.1011959314346313,-0.0033456056844443,-0.007642590906471,0.037566989660263,-0.0047145723365247,0.0493676923215389,0.0897765234112739,0.0950861945748329,0.0660946741700172,-0.0670604556798935,-0.0955476984381675,0.0535423271358013,-0.0025065306108444,-0.0252792872488498,0.0374834388494491,0.105287030339241,0.0982355326414108,-0.1090770363807678,-0.0572140365839004,-0.1015020534396171,-0.1228677779436111,0.0355586037039756,0.1035485044121742,-0.0876825675368309,0.1256931126117706,-0.1556419730186462,0.0187995713204145,0.06565872579813,-0.1243459805846214,0.0894895493984222,0.0053650448098778,-0.0655266046524047,0.168109729886055,0.0833479538559913,0.011254234239459,-0.0372058376669883,-0.13211590051651,-0.0664771199226379,0.0593489035964012,0.009022707119584,0.0753775089979171,-0.1010113060474395,0.015905387699604,0.0092971976846456,0.117434024810791,0.0355783887207508,-0.0295749492943286,0.102314293384552,0.1496518552303314,0.144921988248825,0.1312968134880066,0.0241585113108158,0.0570116266608238,-0.1888427287340164,-0.1380838602781295,0.1038100942969322,-0.1262270659208297,0.0704560875892639,-0.1355718076229095,0.086951732635498,-0.0320827662944793,0.0008525208104401,-0.0287168286740779,-0.0480655059218406,-0.177627682685852,-0.0245764330029487,0.0166755281388759,0.0326319076120853,0.0400463156402111,0.0504159145057201,-0.0710894763469696,0.0724988132715225,0.0464334525167942,0.1223132386803627,0.0828002467751503,NPNXKOUKHVFVLG-SJOVEKLFSA-N,CN(C)[C@@H]1C(O)=C(C(N)=O)C(=O)[C@@]2(O)C(O)=C3C(=O)c4c(c(Cl)c5ccc(F)cc5c4O)C[C@H]3C[C@@H]12
-0.068767175078392,-0.0848920717835426,0.0581746287643909,-0.1105002388358116,-0.0603171736001968,-0.0455988906323909,0.0325445458292961,0.0314467623829841,0.0398998111486434,-0.039793312549591,-0.0948477238416671,0.0964653864502906,0.1026258915662765,-0.0772297829389572,0.1107450872659683,0.0797787085175514,0.1022797301411628,0.1026310473680496,-0.007083588745445,0.0976552292704582,-0.0540812946856021,0.052080400288105,-0.1106349155306816,0.1056701242923736,0.0961318835616111,-0.0089430669322609,-0.0147475060075521,-0.0982234850525856,-0.0805339515209198,-0.0869670882821083,-0.1059874892234802,0.11064313352108,-0.1069720312952995,0.1109255254268646,-0.1105613410472869,-0.1096796467900276,-0.1089993193745613,0.0985991433262825,0.1086419224739074,0.0358889028429985,-0.0752279907464981,0.0531759783625602,0.1108768358826637,-0.1081372126936912,0.1094522774219513,0.0456750765442848,-0.0832159742712974,-0.1018464118242263,0.1097659021615982,0.1106187477707862,0.0623158924281597,-0.0839886367321014,0.109616108238697,0.1073826476931572,-0.1100764796137809,-0.1059034913778305,-0.1017825827002525,0.0625060200691223,-0.0953374430537223,0.0347782112658023,0.0629665628075599,0.0084826117381453,-0.0843047276139259,0.0797281488776207,0.0825611799955368,-0.1109165027737617,-0.1073339432477951,-0.1107808500528335,0.0875351130962371,-0.0956663638353347,0.1070334911346435,0.1075816303491592,-0.0121883610263466,-0.1108651161193847,-0.1075970754027366,-0.0850798636674881,-0.0851769745349884,0.0797708332538604,0.1024089828133583,-0.1109196618199348,-0.1090922877192497,0.1019686982035636,0.1107024922966957,0.0772735401988029,0.0857512950897216,0.0966793820261955,-0.1105536893010139,0.0778201669454574,-0.0872648060321807,-0.1060455068945884,-0.0159017443656921,-0.0829229429364204,0.0454884245991706,-0.1108905002474784,-0.1044386625289917,-0.023884305730462,-0.1101810857653617,0.0447712987661361,-0.0666914358735084,0.104273609817028,-0.0525987967848777,0.0733216106891632,0.110724352300167,-0.1053067371249198,-0.1103591248393058,-0.108508177101612,0.0840108841657638,0.0750193521380424,-0.020561933517456,0.1108883470296859,0.1106392219662666,-0.0506945140659809,0.0781566202640533,0.1046334877610206,0.1106280162930488,0.0794640779495239,-0.0105408979579806,-0.045770313590765,-0.1109233498573303,0.0749964565038681,0.0576011128723621,0.0707869976758956,0.0245317425578832,0.1048438400030136,-0.0992243289947509,0.0980431213974952,0.1079108119010925,-0.1068307608366012,0.080693319439888,0.0989126190543174,0.0453706420958042,0.101384662091732,0.1001976430416107,0.1014582067728042,-0.0996386036276817,-0.090857595205307,0.1014369428157806,-0.0365517139434814,0.1004661917686462,0.1007924079895019,-0.098538763821125,-0.1013660877943039,0.1014581397175788,-0.1014582067728042,0.0995983928442001,0.0530411787331104,0.1014577075839042,-0.0949985608458519,0.1014582067728042,0.0796124562621116,-0.1005583181977272,0.0899008587002754,0.0052243033424019,0.0294569414108991,0.1010202020406723,-0.0812763422727584,-0.0697277188301086,0.0915086790919303,-0.1013287454843521,0.0873434916138649,-0.0910479798913002,0.1011516079306602,0.1014581993222236,0.0971048027276992,0.0819653496146202,-0.1013626754283905,0.1014582067728042,-0.0538157038390636,0.0998775586485862,0.0999245047569274,0.1013852134346962,0.1014580279588699,0.0438085682690143,-0.1013235300779342,0.1002991273999214,-0.0749377906322479,-0.0990670174360275,0.0298024639487266,0.0941863730549812,-0.1013654693961143,0.0818070545792579,-0.1014403849840164,0.0094482051208615,0.1011279001832008,0.1014581993222236,-0.1014581099152565,-0.1014582067728042,-0.093102253973484,-0.101362407207489,-0.1014574766159057,-0.0972408428788185,0.1013892218470573,-0.1014582067728042,-0.1014582067728042,-0.1014582067728042,0.0507813692092895,-0.1007691770792007,-0.0963190495967865,0.101458191871643,-0.0613057166337966,0.101283773779869,-0.1014420241117477,-0.1013698354363441,-0.1006077975034713,0.1014581993222236,-0.1014582067728042,0.0819726735353469,-0.0363113842904567,0.1014582067728042,-0.0896749794483184,0.1011122167110443,-0.1014582067728042,0.0558308772742748,0.1012459471821785,-0.1014582067728042,-0.0730358138680458,0.100515604019165,0.0482628345489501,-0.1010793596506118,0.0167470537126064,-0.0907250642776489,0.1014197990298271,-0.08692666888237,-0.0030801089014858,-0.0869537070393562,-0.1001868024468422,0.0956841856241226,0.1011131852865219,-0.0884451791644096,-0.0125326886773109,0.0755525305867195,-0.0935123339295387,0.0800472050905227,-0.1014582067728042,0.0018239201745018,0.018541669473052,-0.1011762991547584,-0.0983750149607658,0.1013666465878486,-0.0189705528318882,-0.0913697779178619,-0.1012681946158409,-0.0211895257234573,0.0832661464810371,-0.0693019106984138,0.0777624547481536,-0.0637662559747695,0.1008085682988166,-0.1014582067728042,0.0858982503414154,-0.1014581471681594,0.0922855585813522,-0.0055112149566411,0.0970162898302078,-0.0994099080562591,0.0600519850850105,-0.0992146283388137,-0.0889705494046211,0.0336005985736846,-0.1111257821321487,0.1149493306875228,-0.1071300506591796,0.0956161841750145,-0.114979550242424,-0.1085404902696609,-0.0815827250480651,0.0957821607589721,-0.0790519788861274,0.1120334044098854,-0.0186784844845533,0.0431969612836837,0.1068697795271873,-0.0003342457930557,-0.0763598978519439,0.0217071361839771,0.1105162054300308,-0.1134298965334892,-0.114791989326477,0.1023682653903961,-0.0436734519898891,0.0857800170779228,0.0805656835436821,0.0271903555840253,0.1114441007375717,0.1099080592393875,-0.0523106344044208,0.1155385375022888,-0.1003929451107978,0.1060800701379776,-0.1071853786706924,0.0058194273151457,-0.115640103816986,0.0702525973320007,-0.1107500940561294,-0.0613525174558162,-0.1133499443531036,0.1024367436766624,0.107362687587738,-0.1133015751838684,-0.1149846017360687,-0.0389642044901847,0.0865342766046524,-0.1118272989988327,-0.1044245660305023,0.0954653397202491,-0.1014774292707443,0.105763554573059,-0.0696605294942855,-0.1163795664906501,0.0807738527655601,-0.0654969066381454,0.1089407801628112,-0.0938885286450386,0.023514749482274,0.0053548798896372,0.1108540296554565,0.0607117488980293,0.1164190173149108,0.1164304539561271,0.0420641712844371,0.0721094906330108,0.0164578221738338,0.1148921996355056,0.0228682868182659,0.0010278208646923,-0.0098561253398656,-0.0169829111546278,0.0916545018553733,-0.0456300936639308,0.1168072521686554,-0.0173519924283027,-0.1112220734357833,-0.0617840178310871,-0.0915517136454582,-0.0578417107462883,-0.1113826483488082,-0.0720450729131698,0.0812394917011261,-0.0612932033836841,0.1133851483464241,-0.04590630158782,-0.0235839243978261,0.1123740300536155,0.0492336824536323,-0.0466769970953464,0.0988112166523933,0.1092243716120719,-0.1150675788521766,0.0760084092617034,-0.1064400300383567,-0.0714934915304184,-0.0965273082256317,-0.06333639472723,-0.0729962587356567,-0.0007224970613606,-0.10064647346735,-0.0932963639497757,0.0185166578739881,0.0880758017301559,0.1059878394007682,0.1152192503213882,-0.0748202130198478,-0.0883501544594764,0.0609551556408405,-0.1031372025609016,-0.0409439913928508,-0.1007195636630058,-0.0639449506998062,0.1131530627608299,-0.1159697622060775,0.1165766939520835,-0.1031053736805915,-0.112816222012043,-0.060281902551651,0.114905796945095,0.1134729757905006,-0.0834602415561676,-0.0790082141757011,0.0504363030195236,-0.1092954725027084,-0.1145443543791771,-0.0819674879312515,-0.1016722619533538,0.093522198498249,0.1138647571206092,0.0326091833412647,-0.0968852937221527,0.0248297713696956,0.025426210835576,0.0817002058029174,-0.0043927654623985,0.1139172092080116,0.1369203478097915,-0.0904029086232185,0.1176580786705017,0.0850385725498199,0.0577154830098152,-0.1277538239955902,-0.118009015917778,-0.1181123033165931,-0.0678796395659446,-0.0625790953636169,-0.0507218353450298,-0.092711292207241,-0.0181822180747985,0.1699143201112747,-0.1272152960300445,-0.0355857238173484,0.0484268739819526,-0.0032552983611822,-0.1468319296836853,0.0956056863069534,-0.1210822016000747,-0.0385208874940872,-0.0216068122535944,0.1238828897476196,-0.0420513078570365,0.0193777438253164,0.108333021402359,0.0760248973965644,0.101842425763607,-0.1106486245989799,0.1472610980272293,-0.0555884055793285,-0.0637042224407196,-0.08362378180027,-0.0209036376327276,0.0672805830836296,0.0574043802917003,0.0702039077877998,0.0690664425492286,-0.1366476565599441,-0.0651757195591926,0.0621517300605773,0.0780123025178909,-0.1209888905286789,0.0680142343044281,0.1225931495428085,0.0644448846578598,0.0493815466761589,-0.1116150692105293,0.1398639529943466,0.0596524663269519,0.123917281627655,-0.1674777716398239,-0.1395974159240722,0.0491773746907711,-0.1318841874599456,0.1002752780914306,-0.0658682882785797,-0.124998040497303,-0.0515252314507961,-0.0349398553371429,0.0817172080278396,0.0428442247211933,-0.07477967441082,0.0021097385324537,-0.0678189843893051,-0.1211790442466735,0.0777133554220199,0.0890121161937713,-0.1154438406229019,0.0866143554449081,-0.0614108107984066,-0.0665634050965309,0.0626658275723457,-0.0360770411789417,-0.1799149811267852,-0.0740887373685836,0.0509939640760421,0.132130429148674,0.1210649609565734,-0.121780589222908,0.097504936158657,-0.0209786277264356,-0.0540835373103618,-0.0109292110428214,0.1194878071546554,-0.0063776550814509,-0.0176265873014926,0.1491387337446212,-0.027336535975337,0.0700822845101356,0.0846178531646728,-0.0579360798001289,-0.0849583745002746,0.1321811825037002,0.0089046228677034,0.0401077792048454,-0.0472433269023895,-0.0786020681262016,-0.0835282504558563,0.0874830856919288,0.0900382474064827,-0.0968277975916862,0.048746895045042,0.0424926653504371,-0.0882182046771049,-0.0076943114399909,0.1088456735014915,-0.0845841541886329,0.1483150571584701,0.0004790746024809,0.0707402005791664,0.0068328804336488,0.0223682671785354,0.1368057876825332,-0.0607796385884285,0.0291200261563062,0.0937044322490692,0.0703097134828567,0.096247911453247,-0.1419563740491867,0.0938716158270835,0.0388548783957958,-0.0346489176154136,0.1171414852142334,0.1067648530006408,0.1415641903877258,-0.0253442842513322,0.1206124797463417,-0.0894603580236435,0.0519516244530677,-0.0150682423263788,0.1017175167798996,0.1077817901968956,0.0355654396116733,-0.1699354648590088,-0.0008249781676568,0.1007586047053337,0.0030111903324723,0.1149943321943283,-0.0982497334480285,0.0426835007965564,-0.0563722066581249,0.1368196010589599,-0.077659823000431,0.1758224964141845,-0.112533114850521,-0.0825743079185485,-0.1115591526031494,0.0857539176940918,0.0623737126588821,0.0927231162786483,0.0435521900653839,-0.0527588836848735,-0.0535907819867134,-0.1207499727606773,-0.0241386368870735,-0.1263140439987182,-0.0257848110049963,0.0612026005983352,-0.0078200055286288,0.0092366449534893,-0.0402825735509395,-0.1131301820278167,-0.0596681125462055,0.0202567875385284,-0.0916476622223854,-0.0988879278302192,0.0812391638755798,-0.0769108682870864,0.0750849321484565,-0.0035758623853325,0.1067076250910759,0.0071739791892468,0.0148181738331913,-0.0281580053269863,-0.0864995270967483,0.0538982786238193,0.1684547215700149,0.0424996837973594,0.1135931313037872,0.0458975955843925,-0.0967734977602958,0.0851574838161468,-0.0859272480010986,-0.1213750690221786,0.0741005837917327,0.0467655882239341,0.0370240658521652,0.005200607702136,0.040378775447607,-0.0880557894706726,-0.1280126720666885,0.0256513766944408,0.1067903563380241,-0.0801311209797859,-0.0070552597753703,0.0065594618208706,-0.0522313825786113,0.0361827984452247,0.0750963687896728,-0.0375360287725925,-0.12032962590456,0.0983005613088607,0.0492398627102375,-0.1350068747997284,0.0974469482898712,0.0720712542533874,-0.0718427300453186,0.0606907270848751,0.1328688561916351,-0.0493334867060184,-0.162919744849205,-0.0040952507406473,0.1601882874965667,-0.022089347243309,0.1321884095668792,-0.0421296693384647,-0.002941571874544,0.0155848264694213,0.0100644687190651,-0.0849804654717445,-0.0535357780754566,0.1370568126440048,0.0799827948212623,0.1513867229223251,-0.1082987263798713,0.0517484135925769,-0.0262487567961215,0.125464454293251,-0.0040231053717434,0.0456065945327281,0.12592414021492,-0.1526672393083572,0.0526397563517093,-0.0687295496463775,0.1771343797445297,-0.0866355150938034,0.0700604543089866,0.0101165231317281,-0.1801668852567672,-0.1171121597290039,0.0895357280969619,0.0022745481692254,-0.0555876195430755,0.0558774322271347,-0.1494235396385193,0.0713931769132614,-0.0494054853916168,-0.0422085672616958,-0.067511461675167,0.0530731603503227,0.0996913537383079,0.1724546253681183,0.1899327933788299,0.1614234745502472,-0.0185933616012334,-0.0235430616885423,0.1255561262369156,-0.0024993023835122,-0.0808539539575576,-0.102006547152996,0.0643910765647888,0.0008742311620153,0.1048100516200065,-0.1066564247012138,-0.0422936677932739,-0.1669642031192779,0.0310286860913038,0.1125953942537307,-0.0542762726545333,-0.0938489362597465,0.0400349348783493,0.0258496962487697,-0.0368752479553222,0.0243671592324972,-0.0368501581251621,-0.086434505879879,0.1176279857754707,0.0597960948944091,-0.0081499004736542,0.000388680055039,-0.1260623633861541,0.1238672733306884,0.0945337265729904,-0.0004744105099234,0.0598039776086807,-0.0573860108852386,0.0657590255141258,-0.014415075071156,-0.1006725281476974,-0.113482765853405,0.1139154434204101,-0.0484821498394012,0.1812989860773086,-0.0277463998645544,0.0170542448759078,-0.0594937726855278,-0.1345586478710174,0.1000072136521339,-0.0700992345809936,0.0241483617573976,0.097720131278038,-0.1279903650283813,-0.1097963228821754,-0.0952864363789558,-0.0690444707870483,0.0887259170413017,0.0155421243980526,-0.0547016486525535,0.0182976722717285,-0.0946318656206131,0.0841908454895019,-0.066434659063816,-0.0855869203805923,-0.0339678972959518,0.05911236256361,-0.0127873104065656,-0.1325690895318985,-0.0877378731966018,-0.0067602251656353,0.0460564643144607,-0.1111452579498291,-0.0688952058553695,-0.1197137758135795,-0.0138557320460677,-0.0965617150068283,-0.0397402420639991,-0.0214710403233766,-0.1652061939239502,-0.0187813434749841,-0.0697500854730606,-0.0667729452252388,0.1235109716653823,-0.0272748749703168,-0.1006141155958175,-0.0974945276975631,-0.1303287744522094,0.0225468054413795,0.1103480234742164,-0.0015074589755386,0.0926450937986373,-0.1250292211771011,-0.0123411417007446,0.0093558058142662,0.0883748233318328,0.0930265486240387,0.0113813951611518,-0.0532943271100521,0.1451329439878463,0.0095648411661386,-0.0285843629390001,0.0072012208402156,0.0726665034890174,-0.0664665326476097,-0.0828176587820053,0.0837603509426117,-0.1292678117752075,0.0733490511775016,-0.1138324663043022,0.1636786758899688,-0.0975977554917335,0.1485720872879028,-0.1536969244480133,-0.0217521395534276,-0.1452340632677078,-0.0628654286265373,-0.0289919041097164,0.0063433400355279,0.1590327024459839,0.1886812299489975,0.0200817268341779,0.0429366864264011,-0.0975242331624031,0.0737576708197593,-0.0170844979584217,HFOTYIIHLCFSJA-UHFFFAOYSA-N,COc1ccc(CN(C)S(C)(=O)=O)cc1C
0.1102902367711067,0.1110105141997337,-0.0623669549822807,0.0857186391949653,-0.1109587326645851,0.0047908364795148,-0.1055933013558387,-0.110693022608757,-0.0358487702906131,0.1109636425971984,-0.0655302107334137,0.1107621043920517,-0.1101987138390541,-0.1105658039450645,-0.1089527159929275,0.1110646054148674,0.1110667660832405,-0.1106959730386734,-0.1046924516558647,0.1014938801527023,-0.1096942499279975,-0.1044470369815826,0.111068956553936,0.0284886918962001,0.1081490293145179,-0.1110227927565574,0.0476952567696571,0.1108419671654701,-0.0201646666973829,-0.0993667691946029,0.0781812518835067,-0.1007626354694366,0.0672101974487304,-0.1107811406254768,-0.1053686439990997,0.0817884355783462,-0.0835059359669685,0.031874980777502,0.1066022515296936,0.0594184324145317,-0.1059640571475029,-0.1110602095723152,0.0956375747919082,0.0929450318217277,0.1086777225136756,0.0200441479682922,-0.0659246668219566,0.0460016690194606,-0.091734267771244,0.1004406511783599,-0.1057271659374237,0.0286608301103115,0.1105430200695991,-0.1059922948479652,0.1097085922956466,-0.0192842949181795,0.0539430640637874,0.0893797948956489,-0.0613933950662612,-0.1102067530155181,-0.1110930144786834,0.1086431145668029,-0.1108938008546829,-0.0809555947780609,0.1098650842905044,-0.0450131259858608,0.094024047255516,0.0974735990166664,-0.0454473234713077,-0.0877073407173156,0.0347818657755851,0.1110641062259674,0.0536077357828617,-0.070092923939228,-0.0781675949692726,-0.1110662370920181,-0.0478786900639534,-0.0414850115776062,-0.062250867486,-0.0405518822371959,0.1091141179203987,0.0117257935926318,0.0339041985571384,0.0952021479606628,0.1098410487174987,-0.038893237709999,-0.1110455393791198,-0.0654735341668129,0.1082700416445732,0.0883486941456794,-0.1103622540831565,-0.0787823423743248,-0.1102225929498672,0.110769398510456,-0.0962991416454315,0.1102345809340477,-0.1064765006303787,0.1109828799962997,-0.0763318389654159,0.0792958810925483,-0.0709456801414489,0.0804697126150131,0.1039283722639083,0.1055355668067932,-0.0111839743331074,-0.0925889611244201,0.0379212349653244,0.0842214226722717,-0.1049775928258895,0.110677570104599,-0.1108517870306968,-0.089347593486309,-0.0833509936928749,0.1107186153531074,0.0798544138669967,-0.1013746559619903,0.104425236582756,-0.0821901261806488,0.0376530811190605,0.0696717798709869,0.0292402300983667,-0.0274927336722612,-0.0589697808027267,0.1110353395342826,-0.021585714071989,-0.0121309598907828,-0.0476446859538555,-0.106182150542736,0.1075142249464988,-0.0610309690237045,0.1075302809476852,0.1066494956612587,0.0684870034456253,-0.0982841923832893,-0.0275328028947114,-0.0569014847278595,0.0267044939100742,-0.0878521203994751,-0.0403221510350704,-0.0696200206875801,-0.0695468708872795,-0.099832184612751,0.0965895056724548,-0.1028298586606979,0.0991317182779312,0.1065506488084793,-0.1048015132546424,0.094437226653099,-0.0408383943140506,0.0221744924783706,-0.107521153986454,-0.1013146787881851,-0.1071756705641746,0.0317918099462986,-0.1066049933433532,-0.0905866995453834,0.0445747375488281,0.1008034646511077,0.1041426956653595,-0.0472526624798774,-0.1075322329998016,0.1051305383443832,-0.0546823963522911,0.0350330211222171,-0.1006926372647285,-0.050758421421051,-0.0734196379780769,-0.1071952655911445,-0.1024606674909591,-0.0757668912410736,-0.1054588332772255,-0.1075255647301673,-0.0222879294306039,-0.0793666243553161,-0.103792205452919,-0.0743995755910873,-0.0982631966471672,0.1074291989207267,0.1059393137693405,-0.1025024577975273,-0.1074926033616066,0.0163629408925771,0.1038534790277481,-0.0247584860771894,-0.0973324179649353,-0.0432169623672962,-0.10015669465065,-0.103047028183937,0.1052872911095619,-0.1074028313159942,-0.1036985144019126,0.1062965914607048,0.0999895706772804,0.0668725371360778,-0.1062376126646995,0.10574422031641,0.0917571261525154,0.1075434684753418,0.0919158086180687,-0.1070271953940391,-0.0858681425452232,-0.0979064181447029,-0.1071032658219337,0.1062405407428741,-0.0961012095212936,-0.0189985111355781,-0.1035136952996254,0.0556458011269569,-0.1066344380378723,-0.0488867908716201,0.0900649577379226,0.0701648369431495,0.1033420637249946,-0.1075318306684494,-0.0921578854322433,0.1071041300892829,-0.0274423249065876,0.101041130721569,0.070585235953331,-0.1021036431193351,-0.0773836821317672,-0.0897397547960281,0.0135938730090856,0.103645883500576,0.1058429479598999,-0.1062888130545616,-0.0767746046185493,-0.1004838719964027,0.1074780374765396,0.1062021851539611,0.0881584510207176,-0.104905292391777,-0.0850420072674751,-0.0807907879352569,-0.082226775586605,0.0132420863956213,-0.104109950363636,0.0410241782665252,-0.0950831547379493,0.1070534884929657,0.0991471856832504,0.0888481438159942,-0.0885085612535476,0.1066788583993911,-0.0441320836544036,0.1062079295516014,0.1060370951890945,-0.0883855372667312,0.1075246185064315,-0.1057954132556915,0.0341831743717193,0.0918328240513801,-0.0402974896132946,-0.1073591187596321,-7.21378019079566e-05,-0.0368036516010761,-0.1065191775560379,0.0821367055177688,-0.0975517705082893,0.0990122035145759,-0.0818068981170654,0.0929450988769531,-0.1014407724142074,-0.1074020937085151,-0.0936159789562225,0.0238750018179416,0.1057568341493606,0.1055038273334503,-0.0765730217099189,-0.0650990903377533,-0.098343476653099,0.1019893884658813,0.0273663476109504,0.087647296488285,-0.1071769893169403,0.0763437822461128,0.1061165109276771,0.0742372795939445,0.1014753058552742,0.1025970205664634,0.0910620391368866,-0.0422230511903762,-0.1071115285158157,0.1057950630784034,-0.0500821210443973,0.0164408609271049,-0.0243151746690273,-0.1069986373186111,-0.0643649771809578,0.1073885932564735,0.1040041521191597,-0.1039992943406105,-0.1073839664459228,-0.1029137447476387,0.1050163656473159,0.1072652339935302,-0.0372978635132312,0.0271326508373022,0.1037852615118026,0.104768231511116,-0.1020701602101326,0.1013297885656356,-0.0519605539739131,-0.0047685862518846,0.1074038371443748,0.1048892959952354,-0.0862050279974937,-0.1040167436003685,0.0748105570673942,0.1074003204703331,0.0669084340333938,-0.1069429516792297,0.0224504880607128,0.1069197878241539,0.0195526536554098,-0.0316608510911464,0.0629399195313453,0.0961711555719375,0.0039903610013425,0.0674459934234619,0.0520618297159671,-0.1053873598575592,0.0988664031028747,-0.104944035410881,-0.1073786839842796,-0.0910783931612968,-0.0356245897710323,0.107391856610775,-0.0615312568843364,0.1055587008595466,0.1072563380002975,-0.1072074696421623,-0.077341228723526,0.1029788851737976,0.0177397094666957,-0.1016279011964798,0.1032523512840271,0.0184490364044904,0.094466246664524,-0.10688978433609,0.0911307260394096,-0.1073307245969772,0.0230459906160831,0.0294041577726602,-0.1027302145957946,0.028629982843995,-0.0923297479748725,-0.1062191426753997,-0.0824823975563049,0.0428623892366886,0.0676401779055595,-0.1071444228291511,-0.0585016533732414,0.0298162661492824,-0.0992314890027046,-0.1064945384860038,-0.0572912767529487,-0.0074367639608681,0.1074036955833435,0.0639505684375763,-0.1074031218886375,-0.039570715278387,-0.1043696254491806,0.1073363646864891,-0.1068273559212684,0.0525093339383602,-0.0668849572539329,-0.1070161610841751,-0.1057463660836219,0.1061400100588798,-0.0646507143974304,-0.1070865914225578,0.1057245433330535,-0.1074035912752151,0.107403852045536,-0.1070592328906059,0.107379600405693,0.1067819222807884,0.0925048664212226,0.1005270630121231,0.1006319001317024,-0.1025462076067924,-0.1069162115454673,0.1007275655865669,0.0543231219053268,-0.0598105639219284,-0.1134289652109146,-0.0843621343374252,0.0323515832424163,0.0978773459792137,-0.0466821305453777,-0.0261188112199306,0.1073834002017974,-0.0288826264441013,-0.0244492050260305,0.0639151781797409,0.0593994446098804,-0.0526405088603496,-0.0767116323113441,-0.1126892641186714,-0.1643416881561279,0.099470168352127,0.0927536785602569,0.0054851002059876,0.0042507448233664,0.1367373615503311,0.0800205692648887,0.029077973216772,0.0307921878993511,-0.0650360062718391,-0.1118166670203208,0.0979084372520446,0.0697580501437187,-0.0433143675327301,0.0426577776670455,0.1648707240819931,0.0947611108422279,-0.1022963896393776,0.0809157565236091,0.0321949608623981,0.099624179303646,0.0128702213987708,0.0370912961661815,0.1340801566839218,0.1274568140506744,0.1051105707883834,0.1614983826875686,0.0058434945531189,0.0591937340795993,0.0020613151136785,0.0205244179815053,-0.0639644786715507,-0.0766607224941253,0.0550528578460216,-0.0051570618525147,-0.0403856448829174,0.1077154651284217,0.1154212206602096,-0.0734182894229888,-0.0044354707933962,-0.052275788038969,0.141477957367897,-0.1085010021924972,0.1993927955627441,-0.0826346725225448,-0.0583459511399269,-0.0036718857008963,-0.0744715332984924,0.1880846917629242,-0.0164243411272764,-0.0289765242487192,-0.0037884290795773,0.1153833046555519,0.0218638554215431,-0.0058514550328254,0.0378420911729335,0.0484266765415668,-0.0431270264089107,-0.1794373542070388,0.0135189061984419,0.0892902240157127,0.0747086033225059,-0.0994336754083633,-0.0682173445820808,-0.040258802473545,0.0075891707092523,-0.0916783064603805,-0.1444107592105865,-0.1164582371711731,0.15665864944458,-0.0837007015943527,0.1749044805765152,0.1053083911538124,0.1014772355556488,0.1541802883148193,0.0582381449639797,-0.0090568671002984,-0.0912646949291229,-0.0577624328434467,-0.0892274007201194,0.1404477655887603,-0.015338591299951,0.0953984335064888,-0.0618004575371742,-0.116956427693367,0.0219026431441307,0.0197464413940906,-0.1482458114624023,0.0735921189188957,0.0681157410144805,-0.0012115923454985,0.0286134872585535,0.146142691373825,-0.0115093197673559,0.0073997322469949,0.0231817960739135,0.1257414519786834,0.0070670754648745,-0.1725333631038665,0.0424929372966289,0.0071246409788727,0.104715347290039,-0.1515693217515945,-0.0823321789503097,0.0426202192902565,0.0039534694515168,0.0287788212299346,-0.0821894854307174,-0.0183143969625234,-0.0367749109864234,0.1734509170055389,0.1076713949441909,-0.0079041542485356,0.0601650103926658,0.0566431544721126,-0.087952934205532,0.1421855241060257,0.1307122856378555,0.1057571247220039,-0.0750648751854896,0.0439275726675987,0.1354592144489288,-0.0287502910941839,0.1272117793560028,-0.005014237947762,0.0198053419589996,0.0512651950120925,-0.0996657013893127,0.1229937598109245,0.0014422660460695,-0.0571936555206775,0.1273585855960846,-0.045583140105009,0.0851839929819107,-0.051952201873064,-0.1305164694786071,-0.075256772339344,0.1529728323221206,0.0124578541144728,-0.1234908998012542,0.1025624796748161,0.0592813640832901,0.0455730967223644,0.1248770654201507,-0.0377066433429718,-0.0275581292808055,-0.0101822204887866,-0.0074823927134275,0.0215334352105855,-0.0987551882863044,0.0351420789957046,-0.0863461419939994,-0.0514483340084552,0.0669381096959114,0.0715829282999038,0.0471572801470756,0.0741882249712944,-0.1099100261926651,-0.0054055037908256,-0.1024482697248458,-0.0279181916266679,-0.0083441147580742,-0.1209584325551986,0.0346893742680549,0.1165525019168853,0.0122083378955721,0.0300747416913509,0.0489851348102092,-0.1078976243734359,-0.079304464161396,0.1371591538190841,-0.0727549567818641,0.095646247267723,-0.0716083571314811,-0.1102572754025459,-0.0906030535697937,-0.1490209996700287,-0.1403326392173767,-0.0649449825286865,0.014589574187994,-0.0411039628088474,-0.0618892274796962,0.0945182740688324,-0.1022840067744255,-0.1490467637777328,-0.1500218361616134,-0.0286524910479784,0.0300814323127269,0.0969961509108543,0.0730401203036308,0.1253885626792907,0.1322402060031891,0.0677367225289344,0.0841920152306556,-0.0256324540823698,0.1401259452104568,0.1363560408353805,-0.0224093366414308,0.0209685787558555,0.0553077571094036,-0.0379845835268497,-0.0255749654024839,0.1040349826216697,-0.0857210382819175,-0.1098936423659324,-0.0981899201869964,0.1505906730890274,0.1327134221792221,0.0637280046939849,0.0935298204421997,0.0878044217824935,-0.0974848866462707,-0.065150573849678,0.0900430157780647,-0.0010592364706099,0.1345956176519394,0.0520198158919811,0.1591783463954925,-0.0742841362953186,-0.0699109733104705,-0.1403682827949524,0.0650926157832145,-0.0342901274561882,0.0166293699294328,0.0469005294144153,-0.1243562251329422,0.1429206430912017,-0.0281284693628549,0.0924955755472183,-0.1249186918139457,0.022027414292097,0.022814642637968,-0.1481164693832397,-0.0906768590211868,0.1227102428674697,-0.1087670773267746,0.0418687239289283,0.0403816998004913,-0.115915447473526,0.0464123897254467,-0.128527358174324,0.0029674095567315,-0.0625030472874641,-0.0201154667884111,0.042494773864746,0.0358553081750869,0.1126676425337791,0.0872958898544311,-0.012154278345406,-0.1237222254276275,-0.0295043531805276,-0.0589516945183277,-0.1287020444869995,-0.0806847885251045,0.1491330415010452,0.053442146629095,-0.0589043386280536,-0.0372663177549839,-0.1286631077528,-0.1555233001708984,0.1154244765639305,0.0675837248563766,-0.0223682075738906,-0.0854080393910408,0.108963169157505,-0.0448453463613987,0.0591042377054691,0.0517558120191097,-0.0169416703283786,-0.1439861357212066,0.0081512369215488,0.0054198349826037,0.1659378260374069,-0.0612185671925544,-0.0738417506217956,0.1378251314163208,0.1355777531862259,-0.0647804886102676,0.0286950282752513,-0.0850147977471351,0.1178088709712028,0.137447252869606,-0.1262132823467254,-0.1680693328380584,-0.0629225894808769,0.0750998184084892,0.0996159315109252,-0.0176990497857332,-0.0094659915193915,0.0458163581788539,-0.1506662368774414,-0.0090645859017968,-0.1011407226324081,0.0749496221542358,0.0473174080252647,0.0122598400339484,-0.0080097718164324,-0.0264170505106449,0.0022461845073848,0.1420861035585403,0.1187732592225074,0.1533385664224624,0.0036037990357726,0.0515282526612281,0.0915581509470939,-0.0700731128454208,-0.0765329003334045,-0.0399268344044685,0.0836245790123939,0.1432241946458816,-0.117154560983181,0.0810405984520912,-0.0028485010843724,-0.1351836621761322,0.0259144697338342,0.0819810181856155,-0.0332883708178997,0.0496345832943916,-0.1374019980430603,-0.0206105113029479,0.1076372936367988,-0.1114496961236,0.0632949620485305,-0.0524402260780334,-0.087431326508522,0.0527179464697837,0.1182617545127868,-0.013711049221456,-0.0565738826990127,0.0378703400492668,0.0473086349666118,-0.0341702401638031,-0.0830023884773254,0.0883212089538574,-0.122695691883564,0.0866376906633377,0.0263120550662279,0.1455911844968795,-0.0778868198394775,-0.0321704410016536,0.0918938517570495,0.0672097206115722,0.0873092487454414,0.0643105655908584,0.0499320439994335,0.0456157363951206,-0.1306374818086624,-0.1034479960799217,-0.0146899325773119,-0.0712965726852417,0.1282118409872055,-0.1189966350793838,0.0619612969458103,-0.0539535135030746,-0.1136365160346031,-0.0109008504077792,-0.1231044381856918,-0.1331674456596374,-0.090932160615921,-0.1335009783506393,0.0508136190474033,0.1002948135137558,0.1132423803210258,-0.104328379034996,0.0447586998343467,0.0606902502477169,0.13428495824337,0.0959490612149238,XGHLAYFUDZZLKB-UHFFFAOYSA-N,COc1ccc2[nH]c(CNC(=O)CNC(N)=O)cc2c1
0.11093520373106,-0.0178900603204965,0.1117355749011039,0.1113412007689476,0.1033974215388298,-0.0507871992886066,-0.1108167916536331,-0.1096525341272354,0.1055240258574485,0.0970487296581268,0.1080027371644973,-0.0552693903446197,0.1114891692996025,0.110960729420185,-0.0530566088855266,0.0639419704675674,-0.0120048075914382,-0.0742358118295669,0.0704252645373344,0.1118355095386505,-0.0082575231790542,-0.1114376634359359,0.1098896041512489,0.005759781692177,-0.1030635386705398,-0.1117743551731109,-0.1118303537368774,-0.0908547639846801,0.0347464568912982,0.1029818281531333,0.1071746796369552,-0.0797632858157157,-0.0510826110839843,-0.089755468070507,-0.1006887704133987,0.0800785273313522,-0.1108337715268135,0.097288578748703,-0.108415350317955,-0.0070566134527325,-0.0527246072888374,-0.1093859151005745,-0.1068205907940864,0.0965355262160301,0.102459579706192,0.0553949959576129,0.0934798866510391,0.0437564589083194,0.0704857036471366,-0.022881532087922,0.1115395426750183,0.016085023060441,-0.1090554371476173,0.1098612248897552,0.0573184490203857,0.0988526865839958,0.0668243542313575,0.0344511866569519,-0.1117836162447929,0.1027346402406692,-0.1103739440441131,0.1109551861882209,0.0105689736083149,0.0152892088517546,0.0774399489164352,0.0174311567097902,-0.1015769690275192,0.0644496977329254,0.1115173920989036,-0.0941573232412338,0.0745549201965332,0.1118360981345176,-0.07089164853096,-0.0766620635986328,0.0885785222053527,-0.1112029403448104,0.1026012897491455,0.0208214614540338,-0.1073623895645141,-0.0672900453209877,0.1051064804196357,0.0976335480809211,0.1099616587162017,-0.0259512308984994,-0.0422609448432922,0.111697994172573,0.0689489468932151,0.0901273041963577,-0.0970422402024269,0.1080785617232322,0.1075903549790382,0.0217831507325172,-0.1005203276872634,-0.0587171651422977,-0.1104783564805984,0.1114593669772148,0.1085792407393455,-0.1112641990184784,-0.0659136548638343,0.0434398613870143,0.0604233294725418,0.1076103374361991,0.0429003424942493,0.0995270609855651,-0.1060905680060386,0.108651265501976,0.111805535852909,-0.1093171089887619,-0.0546785220503807,0.0971112698316574,0.0415642708539962,0.1115712225437164,0.0555697418749332,-0.1061797812581062,0.1064188107848167,-0.0193812195211648,-0.1001171842217445,-0.0095090745016932,0.0988424718379974,-0.0948148146271705,0.0255146883428096,0.10974832624197,0.1040564253926277,0.1060064509510994,-0.1112076416611671,-0.1068229302763938,0.0090930620208382,-0.1113603413105011,0.0670167356729507,-0.1019836738705635,-0.0259959511458873,0.1039924919605255,0.0342947579920291,-0.1084166094660759,-0.0972616150975227,-0.1029941439628601,-0.0444041043519973,-0.1121169105172157,0.1100436225533485,0.1108581572771072,-0.0986512526869773,0.0666659995913505,-0.1126837432384491,-0.1040375530719757,0.112564317882061,-0.0562676452100276,-0.1090730130672454,-0.1095171049237251,-0.1077919602394104,-0.033435720950365,-0.1021819561719894,0.1078674420714378,-0.1038253754377365,0.086371898651123,0.0294802635908126,0.1125859469175338,0.0007243273430503,-0.0277267750352621,0.1001659259200096,-0.1105462461709976,-0.1117395088076591,-0.0057934876531362,0.1035443991422653,0.0807352066040039,-0.1049041077494621,-0.1120375916361808,-0.0612619780004024,-0.101986825466156,-0.1120707020163536,-0.1011845842003822,-0.1000354811549186,0.0028853276744484,0.1093123778700828,-0.1023463010787963,0.1106310561299324,0.0208557359874248,0.0044044274836778,0.005198327358812,0.1048438474535942,-0.1114306300878524,-0.1034749671816825,-0.0977932065725326,-0.1062364056706428,-0.0029764883220195,0.0925286039710044,-0.0468167625367641,0.0905858874320983,-0.0918196067214012,-0.0718096047639846,-0.1095408797264099,-0.0932381078600883,0.1124086678028106,0.1023627072572708,0.1073624342679977,-0.014440719038248,-0.112188883125782,-0.0119342096149921,0.068938247859478,0.0122966729104518,-0.112150028347969,-0.0012285828124731,-0.1111840158700943,-0.1114063411951065,0.0113016944378614,0.0660402029752731,0.104972168803215,-0.0871118083596229,-0.0588596127927303,-0.0966706797480583,0.112353578209877,-0.1100752130150795,0.0494857914745807,-0.0049383472651243,-0.0755830630660057,-0.0958850756287574,0.1104194745421409,-0.0774697959423065,0.0183457620441913,-0.1029026433825492,0.0298246033489704,-0.0250147003680467,0.1030958965420723,-0.1047135144472122,-0.049252837896347,-0.0960826203227043,0.0409409403800964,-0.1124038845300674,-0.0790091902017593,0.1113850548863411,0.0650064945220947,-0.098350316286087,0.0565292611718177,-0.0981258079409599,-0.0716854035854339,-0.1088213697075843,0.1095605194568634,-0.1075940951704979,-0.0336613245308399,-0.110815443098545,0.1103521734476089,-0.0236877761781215,0.1025968641042709,-0.0614014007151126,0.1118557602167129,0.0878626927733421,0.1126733720302581,0.0924312248826026,-0.0648398995399475,0.1047651544213295,-0.1045039370656013,0.0559093877673149,-0.0430283211171627,0.1004467457532882,-0.109741486608982,-0.1121529713273048,0.1062640994787216,-0.0210958644747734,-0.1081873774528503,0.0618305504322052,-0.1029697731137275,0.1030517891049385,-0.1091114357113838,-0.093537338078022,-0.1070039272308349,0.0713250264525413,0.0889517590403556,0.0381816923618316,-0.0510881058871746,-0.073182500898838,-0.1090835556387901,0.0709309428930282,-0.0908152312040329,0.0807171016931533,0.104320116341114,-0.1008470803499221,0.103322759270668,-0.1043045297265052,-0.1028203591704368,0.0690942630171775,0.0906698405742645,0.0089892400428652,0.105773352086544,0.1081807166337966,0.0497157573699951,-0.0864551588892936,-0.0755378827452659,0.0574299879372119,-0.1038679480552673,-0.0547261014580726,-0.108300544321537,-0.0278852377086877,-0.1085127741098404,-0.0977599844336509,-0.1065792962908744,-0.0490774512290954,-0.0934320241212844,-0.0999648049473762,0.0939496830105781,0.0907103419303894,0.0685331150889396,0.1083042174577713,0.1035287454724311,0.1005405783653259,-0.0843398198485374,0.1086569502949714,-0.0982412546873092,0.0729455724358558,0.1061247289180755,-0.0496518537402153,-0.1089362800121307,-0.0614471472799778,-0.1053228750824928,0.1042718216776847,-0.1090917587280273,0.1003004983067512,0.0952407196164131,-0.1084297895431518,0.0696798264980316,0.1087232530117034,0.0596586689352989,0.1075193658471107,0.097610704600811,-0.0874077528715133,-0.0329251326620578,0.0920958444476127,0.107684426009655,-0.1088273003697395,-0.1090973168611526,-0.0347541123628616,0.1090784147381782,0.0994292870163917,-0.109082318842411,-0.1090878993272781,0.1046395227313041,-0.1066310033202171,-0.0970584973692894,-0.1044753938913345,0.0622038803994655,-0.0084501262754201,-0.0894035547971725,0.0103306714445352,0.0085877478122711,0.1081809028983116,-0.0873773545026779,-0.0649388581514358,0.1041032746434211,0.1058419719338417,0.086241528391838,0.1013872027397155,-0.0095304539427161,0.1010670512914657,0.0090506710112094,-0.1075641810894012,0.1079520583152771,0.0567606873810291,-0.1076951324939727,0.0014296360313892,0.1061652973294258,0.1079189404845237,-0.0354082025587558,0.0263206232339143,0.0687826201319694,-0.1089244186878204,-0.0996928960084915,-0.1089806258678436,0.0981893688440322,-0.0339912921190261,0.083429180085659,0.0823702365159988,0.0210727583616971,0.1067316904664039,-0.1031750291585922,-0.1045395731925964,-0.0478964075446128,0.108888141810894,0.1090079769492149,0.0362444445490837,0.0216607935726642,0.1081665083765983,-0.1089970767498016,0.0851939395070076,0.0901520326733589,0.0446404591202735,0.0941917970776557,0.1336818486452102,0.0781687945127487,-0.0676773712038993,-0.1033326238393783,0.070669412612915,-0.011290905997157,-0.0774857699871063,-0.0327373929321765,-0.0098811201751232,-0.0586511045694351,0.037675816565752,0.0913368314504623,-0.0639983415603637,0.1244699209928512,-0.1415626853704452,0.0284749399870634,-0.0713390037417411,-0.0795903280377388,0.1549855172634124,0.0713258385658264,-0.1265864372253418,0.1322170495986938,0.0446238629519939,-0.0987433493137359,-0.0539875924587249,-0.054648034274578,-0.0771396830677986,0.0087638972327113,-0.0265072472393512,-0.1419980078935623,-0.1211992055177688,-0.0026847152039408,-0.0840216353535652,0.0897412449121475,0.1427618563175201,0.0806922912597656,0.0239787232130765,-0.1373811215162277,0.0865691676735878,0.059717196971178,0.0573498047888278,-0.0185554102063179,0.1319715082645416,-0.0184883549809455,-0.003587533487007,-0.0631011351943016,-0.1238797605037689,-0.0191895049065351,-0.1435162276029586,-0.114139512181282,0.0962842553853988,-0.0974186509847641,-0.0670703053474426,-0.0132140573114156,0.0565033033490181,-0.1207534596323967,0.0707833543419838,0.1141694039106369,-0.0217667911201715,0.1385918110609054,0.0647146701812744,0.0403203777968883,0.0940006673336029,-0.0643264055252075,-0.0197795145213603,-0.136591762304306,-0.1388408243656158,0.0039986320771276,-0.1240213885903358,0.1124761030077934,0.1040133610367775,-0.0952006876468658,0.1133555471897125,0.0423266291618347,-0.0421870090067386,-0.101951740682125,0.1301055550575256,-0.0284496322274208,-0.097045823931694,0.0672639533877372,0.0752582624554634,0.1047355681657791,-0.0446430258452892,-0.0992298126220703,-0.0776779279112815,0.002374300500378,0.0450671277940273,0.0312096513807773,0.1016984060406684,0.0969447717070579,-0.0707940012216568,-0.0762989893555641,-0.1335606276988983,-0.1160523369908332,0.1302248686552047,-0.0707544833421707,-0.0162416920065879,0.105149358510971,0.1286041438579559,-0.0547529757022857,0.0447380356490612,0.0060200369916856,0.1170935556292533,0.0633115321397781,-0.0720237120985984,0.0633541867136955,-0.0505527146160602,0.0945765972137451,0.1496562361717224,0.099774844944477,-0.0781695023179054,0.0112048313021659,0.1476934403181076,-0.0871931463479995,0.0292328316718339,0.0066721448674798,0.1306743770837783,0.1282043159008026,-0.1230378821492195,0.0265669785439968,0.0211674179881811,0.0877641886472702,0.0455338396131992,-0.1300902664661407,-0.1442616730928421,-0.0224563870579004,0.1102539300918579,-0.0169322621077299,-0.0812837183475494,0.1261879652738571,0.1101898401975631,-0.1566791534423828,0.11844152957201,0.0582216791808605,0.1794349104166031,0.0062611387111246,0.0876155793666839,-0.0190724153071641,-0.0181214679032564,0.0637718141078949,0.0157900545746088,0.1526312679052353,-0.0439496710896492,-0.0734467357397079,0.0730791315436363,-0.0683192238211631,0.0127780912443995,0.0604440309107303,-0.04719103500247,-0.0085587119683623,-0.0305592473596334,0.0955929458141326,-0.1063721254467964,0.1350497901439666,-0.1386115998029709,0.0600753873586654,-0.1686390191316604,0.0469069331884384,0.1049318835139274,0.0722823664546012,0.0378257036209106,-0.0418439507484436,-0.077372521162033,-0.0727187618613243,0.0564874932169914,-0.0712650269269943,0.0058281319215893,0.0624034516513347,0.0061285686679184,0.1084327846765518,-0.1176838874816894,-0.058908887207508,0.0395597703754901,-0.015145537443459,-0.1168046668171882,-0.12958425283432,-0.1259959787130355,0.0192476045340299,0.0988416075706482,0.0443855710327625,0.0922329500317573,-0.0320110954344272,0.0534592978656291,-0.0180828142911195,-0.007608856074512,0.0062499311752617,0.1769155412912368,0.0108933765441179,-0.0425805710256099,0.0390416756272316,0.0609511993825435,0.1052385792136192,-0.1073605045676231,0.072943739593029,0.0733691900968551,0.0438433103263378,-0.0115460641682147,-0.0435222908854484,0.0410780422389507,-0.1055140420794487,-0.1449033319950103,0.0246440861374139,0.0714536905288696,-0.1119955256581306,-0.0400684885680675,0.0144495060667395,-0.0545142963528633,-0.0546840876340866,0.0370233245193958,-0.0110074644908308,-0.1168176159262657,0.112469658255577,-0.0478735119104385,-0.0493578128516674,-0.0453797802329063,-0.0747932344675064,0.0580214448273181,0.20228111743927,0.0288077108561992,0.0691417604684829,-0.2171689569950103,0.0477615296840667,0.1796113699674606,-0.0364271588623523,0.162627100944519,0.0435102060437202,-0.0727654695510864,0.1087136417627334,-0.0501232407987117,-0.0591039806604385,-0.0656302645802497,0.0475975573062896,0.0586462505161762,0.1863845884799957,-0.0292004216462373,0.1018480733036995,-0.0742443948984146,0.0042763412930071,-0.1267680674791336,0.0976486876606941,0.18453449010849,-0.0634853690862655,0.0325085669755935,-0.0239553097635507,0.1504538357257843,-0.075710579752922,0.1065223142504692,0.0781329050660133,-0.1669357270002365,0.0473808124661445,-0.0752796977758407,0.0396003164350986,-0.1219447702169418,0.0001746515044942,-0.0782095193862915,-0.049613106995821,-0.1015589013695716,0.0086887627840042,-0.1143195480108261,0.1034667640924453,0.085617296397686,0.1444434970617294,0.1395580470561981,0.1701363772153854,-0.0765301808714866,0.0145298959687352,0.1473144739866256,0.0358150862157344,-0.137074664235115,0.0004681773134507,0.1151217743754386,-0.0274383854120969,-0.0335304550826549,-0.0725532472133636,-0.0979364216327667,-0.1639363914728164,-0.0034877131693065,0.0271575916558504,-0.030437396839261,-0.0570285320281982,-0.1108603924512863,0.1168210580945015,-0.0847203060984611,0.149203285574913,-0.025272250175476,-0.0259452704340219,0.1142062470316886,0.0685892775654792,-0.0011562085710465,-0.0267440527677536,-0.1539855748414993,0.0398311913013458,0.073109246790409,-0.0395453795790672,0.0892204120755195,-0.0784022361040115,0.1046941578388214,-0.0149389784783124,-0.0756108909845352,-0.0362842418253421,0.1432165056467056,-0.0050750924274325,0.1684998869895935,-0.0388236828148365,0.0312707088887691,0.1297105550765991,-0.0864659026265144,0.0111425491049885,0.135329395532608,-0.0775375962257385,-0.0050758365541696,0.0007359145674854,-0.1101673394441604,-0.0980288982391357,-0.021567789837718,-0.0915291532874107,-0.1107105910778045,-0.0927629992365837,-0.0535811707377433,-0.0948571488261222,0.1086903735995292,0.0214996263384819,0.0207642875611782,-0.0982352271676063,0.1006911545991897,0.011365732178092,-0.1183264404535293,-0.1076129674911499,-0.0846886783838272,-0.0449251607060432,-0.0963715091347694,-0.1295327544212341,-0.1529822051525116,0.0579813867807388,0.0359614267945289,-0.0117754945531487,0.0616400279104709,-0.1463344693183899,0.124496005475521,0.0050064204260706,-0.0657259300351142,0.1685323566198349,-0.073013000190258,-0.0516331084072589,-0.1141246408224105,-0.1557998806238174,0.0259631033986806,-0.0064987102523446,-0.0737103894352912,0.0387408062815666,-0.1212258860468864,0.0580252036452293,0.0163577403873205,0.0401208736002445,-0.0125185064971446,0.0395954065024852,-0.0230460297316312,0.1555804908275604,-0.0111680645495653,0.0491652451455593,-0.0062814969569444,-0.0443691462278366,-0.0564967654645442,0.0242281518876552,0.0081360526382923,-0.1327405273914337,0.1134203225374221,0.0034094112925231,0.1793427765369415,-0.068636268377304,0.1204886361956596,-0.0861707776784896,-0.1198191866278648,0.0003288171137683,0.0115918414667248,0.0296631064265966,0.0770878046751022,0.1545979678630828,0.1592039614915847,-0.0037513496354222,0.0276036001741886,-0.110218621790409,-0.0095551647245883,-0.0253079887479543,CHFZUEZDFHFWPW-UHFFFAOYSA-N,Cc1csc(CNC(=O)NC(C)Cn2cccn2)n1
0.0882728025317192,0.0903386995196342,-0.0996463894844055,0.1069588065147399,-0.1056331992149353,-0.1070904210209846,-0.1003682389855384,-0.0848089382052421,-0.0448801778256893,0.0831485167145729,-0.1031744703650474,0.0452123694121837,-0.0666575953364372,0.0877895653247833,0.1070954427123069,-0.0017579309642314,-0.1070933490991592,0.1070104390382766,0.0010823871707543,0.049598604440689,-0.0938243344426155,0.0845750048756599,0.1052534207701683,0.0011874168412759,-0.0793702974915504,-0.0727454200387001,0.063497357070446,0.1026572957634925,-0.0902716293931007,0.0333534106612205,-0.1003487110137939,0.0125094484537839,0.1052576526999473,0.01669736020267,0.1066791340708732,0.0275604166090488,0.1056297495961189,-0.0326758958399295,-0.0971862897276878,-0.1070948392152786,-0.027917405590415,0.0528330132365226,-0.1065699160099029,-0.0757894143462181,0.099199891090393,-0.095049925148487,-0.1070902645587921,-0.0972879603505134,-0.087457038462162,-0.1070913076400756,-0.1070762872695922,0.0262643303722143,-0.0939567238092422,0.107099175453186,0.1061374619603157,-0.1057097464799881,0.0733654648065567,-0.0968602746725082,0.1033013686537742,-0.09857889264822,0.1070896238088607,0.1070843860507011,-0.0300302747637033,0.040586020797491,-0.1061500459909439,0.106913112103939,0.1067525148391723,0.0747252032160759,0.0148678654804825,0.1057644709944725,-0.0821900144219398,-0.1070721298456192,0.0893519148230552,0.1052850559353828,-0.1041015535593032,-0.0099571151658892,-0.1070628091692924,0.1050091087818145,0.106819100677967,-0.0859146490693092,-0.036014437675476,0.1068166717886924,0.1006684824824333,-0.0712031871080398,-0.1069002524018287,-0.1055060848593711,0.1030064523220062,-0.0654820129275322,0.0996466353535652,-0.0942520424723625,0.1070991680026054,0.1068508774042129,0.1064284518361091,0.0435831509530544,0.1047317907214164,-0.079573780298233,-0.0922832265496254,0.1070990487933158,0.0910654664039611,-0.0187087561935186,0.1021148711442947,-0.105006143450737,-0.1028817221522331,0.10517468303442,-0.0534585863351821,-0.1067000776529312,-0.0336521156132221,-0.0490843132138252,-0.1061389967799186,-0.0782818347215652,0.0982185378670692,-0.1066226810216903,-0.0991543903946876,0.0980491340160369,0.1015733778476715,0.104981705546379,-0.0697102397680282,-0.0927601009607315,-0.0578298345208168,0.1070886775851249,-0.0941349938511848,0.0694097355008125,0.0907271280884742,-0.0949189364910125,0.1070787385106086,0.0970862135291099,0.0267543531954288,0.0038442676886916,0.055698238313198,-0.1042355224490165,0.1056645363569259,0.0895272865891456,-0.018962612375617,0.0810661539435386,0.0483622029423713,-0.1001186966896057,-0.1023629307746887,0.1042457446455955,-0.1057193726301193,0.0532269291579723,0.097959965467453,-0.1043320149183273,0.1056111827492713,0.0805979445576667,-0.0851556286215782,-0.1054142490029335,0.0643237307667732,0.0584468096494674,-0.1055941134691238,-0.0925918221473693,0.0536490492522716,0.1057196930050849,0.0941449552774429,0.1053824499249458,-0.0638618096709251,0.0337137915194034,0.1012253314256668,0.0162603165954351,-0.1052563339471817,-0.0204878896474838,0.1042172685265541,-0.0330963134765625,0.1040729284286499,-0.0999525859951973,0.1057084798812866,-0.1054404750466346,0.0692649632692337,-0.0298957619816064,0.0965311452746391,0.0791469365358352,0.0971234813332557,-0.093210719525814,0.1054253056645393,-0.1051758006215095,-0.1056842505931854,-0.1057212725281715,0.1050274446606636,0.0793319940567016,-0.0592993646860122,0.0906699150800705,0.0553288795053958,0.1057213023304939,-0.1034183949232101,-0.1029518023133277,0.0975945591926574,-0.0050627845339477,0.0933794602751731,-0.0992453098297119,0.09920684248209,0.0977295190095901,-0.1050849929451942,0.0165798682719469,0.076350636780262,-0.0454145297408103,0.0472586639225482,0.1057117208838462,-0.1057210266590118,0.097148410975933,0.063678354024887,-0.0701407492160797,-0.1054529026150703,0.105716772377491,-0.1036745384335517,-0.0982087329030036,-0.1054804772138595,0.0747913047671318,-0.1051304787397384,-0.1005513966083526,-0.0985578447580337,0.1052799299359321,-0.1025690212845802,0.1051376238465309,-0.0930643528699874,-0.0879728272557258,0.1052907779812812,0.1056796684861183,0.1056872010231018,-0.0505102463066577,-0.0682806521654129,0.0693637877702713,0.1057114005088806,-0.0176389776170253,0.1054999306797981,0.1028648018836975,0.1057063713669776,-0.0703702196478843,-0.1053838580846786,0.0236037019640207,0.0776632353663444,-0.1056719496846199,0.0838028341531753,-0.0643743947148323,-0.0391082987189292,-0.1023435965180397,0.1029645130038261,-0.0788958519697189,-0.0821853056550026,0.1057172194123268,0.0980488657951355,0.0683897137641906,-0.059094525873661,0.0673738569021225,0.1025060191750526,0.1014878004789352,0.0118025671690702,-0.1046900302171707,0.0759121552109718,0.0496049374341964,0.1057146936655044,0.1052663549780845,-0.1011828035116195,-0.0806792825460434,-0.0997419729828834,0.105716124176979,0.0721519142389297,0.0720407143235206,0.087258331477642,-0.1011321917176246,-0.102421835064888,0.0290161538869142,0.1073860004544258,0.1085703149437904,0.0864286348223686,0.082612007856369,-0.0160400588065385,0.1040105819702148,0.1077891439199447,0.0336975716054439,0.0123410122469067,0.0884959697723388,0.1083669364452362,-0.0497135743498802,-0.1085696741938591,0.1075113415718078,-0.0553931333124637,0.0290873926132917,0.0981808677315712,-0.0020993172656744,-0.0999506413936615,-0.0960002318024635,-0.1083480343222618,0.0975166112184524,0.1050271838903427,0.1044994965195655,0.0495977737009525,-0.0563991852104663,0.0873770788311958,0.0554007105529308,-0.1074487045407295,0.096498429775238,-0.1017230525612831,0.0211011692881584,0.1066897362470626,0.0939661487936973,0.1067258492112159,0.0683315619826316,0.1085361242294311,0.0900338813662529,-0.0696881189942359,-0.1081106960773468,-0.1084530800580978,-0.0710146054625511,0.1023688018321991,-0.1078834980726242,-0.1085294261574745,-0.1004304587841034,0.092415913939476,-0.0819167271256446,-0.0908360406756401,0.1085683405399322,-0.0657634362578392,-0.0215951856225729,0.1085077598690986,0.1035923883318901,-0.1077442616224289,0.1070111691951751,0.1085703000426292,0.106901153922081,-0.100295603275299,0.0330678708851337,0.1018920242786407,0.105894349515438,0.0137595292180776,-0.0078142387792468,0.10593743622303,0.0459938533604145,-0.1007008180022239,0.1085230037569999,0.1076064556837081,-0.1068228930234909,0.0630993172526359,-0.1047912016510963,0.1076196134090423,0.0325078591704368,0.1084415912628173,-0.0874906852841377,-0.1077029407024383,0.0017399081261828,0.0494788736104965,0.0249349698424339,-0.1081167459487915,0.1079665571451187,0.1085408926010131,-0.1085443049669265,0.0190034173429012,-0.0994141846895217,-0.1085638105869293,-0.0973701849579811,0.1085701882839202,0.1074832081794738,0.0365935340523719,-0.1074796617031097,0.0648254752159118,0.0887657925486564,-0.0638041421771049,-0.0826429426670074,0.0953933596611023,0.1006696075201034,0.1052166894078254,-0.1058653071522712,-0.0780593752861023,0.107209488749504,-0.0999217703938484,0.0470072850584983,0.1072676181793212,-0.1017125621438026,-0.0313265733420848,-0.1083711087703704,-0.0156570170074701,-0.1075963452458381,-0.0822183787822723,-0.0339618846774101,0.1077809929847717,0.0884070396423339,-0.0072774849832057,-0.0641185119748115,0.0270108226686716,0.1079627200961113,-0.1068642660975456,0.1085672453045845,0.016513604670763,0.1077438294887542,0.0956586971879005,0.0336442068219184,0.0588668845593929,0.0820045173168182,-0.1058655083179473,-0.0749173089861869,0.0165261961519718,-0.0237028207629919,-0.0843309760093689,0.0565016977488994,0.0691969096660614,-0.0949697494506836,0.1410692036151886,0.0408736877143383,-0.0080602653324604,-0.0629058629274368,-0.1577234119176864,-0.0704564005136489,-0.0619702860713005,-0.0826791524887085,0.0082506416365504,-0.0279340483248233,-0.0484915822744369,0.1489684432744979,-0.0680466368794441,-0.0524339005351066,-0.0187073945999145,-0.1016037911176681,-0.1322486698627472,0.1314475983381271,-0.1151385381817817,-0.1158546358346939,-0.0196367837488651,0.0363345481455326,-0.0391845069825649,0.1493251174688339,0.1417043507099151,0.0688122659921646,0.0005364580429159,-0.0847318544983863,0.0609619952738285,0.1057426631450653,0.0134040499106049,-0.0692933499813079,-0.0115800611674785,-0.0066140349954366,0.1001735180616378,-0.0030203880742192,0.013104042969644,0.0206301845610141,-0.01556081417948,0.0279059931635856,0.0791830867528915,-0.0426142588257789,-0.0229636393487453,0.0917925834655761,-0.00129326491151,-0.0208655297756195,-0.0157756563276052,0.1616787612438202,-0.0488190874457359,0.1547081917524337,-0.0620857216417789,-0.0816975012421608,0.0880646631121635,-0.0380176790058612,0.0837825685739517,-0.1380826532840728,-0.155018001794815,0.0385751016438007,-0.1065179705619812,0.0305767655372619,0.0835123211145401,-0.0665120556950569,-0.0513482801616191,-0.0888688936829567,-0.0931719318032264,-0.0262677557766437,0.1460208296775818,-0.1590620428323745,-0.0681808367371559,-0.0516513548791408,0.1234251633286476,0.1562502533197403,0.0022827656939625,-0.1618728339672088,-0.075229026377201,-0.0749082118272781,0.0955944955348968,0.1605259478092193,-0.0466362796723842,0.1193055212497711,-0.0025482266210019,0.0184260252863168,-0.127581313252449,-0.0621091611683368,0.1274450570344925,0.0195192731916904,0.1146339252591133,0.1116198152303695,0.1303772330284118,-0.1011803746223449,-0.1226462498307228,-0.0309534054249525,0.1278611272573471,-0.0126865394413471,0.0242108441889286,-0.0787166804075241,-0.0480053350329399,0.0178110897541046,0.1447962373495102,0.1101543754339218,-0.136502206325531,0.1440139412879943,0.1502244025468826,0.0041042501106858,0.0212315246462821,0.049173854291439,0.0970648154616355,0.1596094816923141,-0.1337457597255706,0.0065367515198886,-0.0927948206663131,0.0383983850479126,0.0702484622597694,-0.094475470483303,-0.0400293283164501,0.0768791064620018,0.0302676521241664,-0.0729591995477676,0.1243390813469886,-0.0942749977111816,0.0861521735787391,0.0672588869929313,0.0818638876080513,0.0801647007465362,-0.1200986802577972,-0.0326151363551616,-0.0362956784665584,0.0813446938991546,-0.0101290075108408,0.1037651896476745,0.0599914900958538,-0.0744116082787513,0.1188034266233444,0.0842139348387718,-0.0432722233235836,0.1075138002634048,-0.0542696714401245,0.128853753209114,0.1077716723084449,0.1328106820583343,0.0333753228187561,0.0398444943130016,0.0548890307545661,-0.1440047621726989,-0.0475476048886776,0.1464558094739914,-0.0036130379885435,0.1049154326319694,0.0329495333135128,-0.0926241353154182,-0.064048022031784,0.0804142132401466,-0.1318261623382568,0.0753590688109397,-0.0222554113715887,-0.1324643343687057,0.0959587395191192,-0.0215357635170221,-0.0749814584851265,-0.0889804512262344,-0.1426214277744293,-0.0851869583129882,-0.0645857155323028,0.1229667887091636,-0.1117987632751464,0.1326257139444351,-0.0637698769569397,-0.0555865652859211,0.0664373710751533,-0.1235238388180732,-0.0355367995798587,0.0970185473561286,0.0485906675457954,-0.0569950714707374,0.0329427979886531,-0.0061570508405566,0.1387697905302047,-0.0820144936442375,-0.0125657832249999,0.0865363553166389,-0.1178261339664459,-0.1378011703491211,0.1375907361507415,0.0850628837943077,0.0915916562080383,0.0766216665506362,-0.1340717524290084,0.122245006263256,0.0878828912973404,-0.1262984871864318,-0.120694376528263,-0.1106260418891906,0.0760177969932556,0.1040772721171379,0.0160053446888923,-0.1132189854979515,0.0790015161037445,-0.0700665861368179,0.1298799663782119,-0.0049355546943843,-0.1259525716304779,0.1007817313075065,-0.0358246229588985,0.0829089432954788,-0.0105154747143387,-0.0734867826104164,-0.0398545749485492,0.0293788556009531,0.0872835293412208,0.0595478005707263,0.0396202355623245,0.1011554822325706,0.1197703853249549,0.0656258463859558,-0.0230668261647224,-0.0997014567255973,0.0025779248680919,0.099278524518013,-0.0507330074906349,0.0569791570305824,0.1002290993928909,0.0541552491486072,-0.0946570187807083,-0.1022379845380783,0.0701249316334724,-0.1343806535005569,0.0002306530805071,-0.1329276710748672,-0.0714746639132499,0.0520281158387661,0.1114484369754791,0.0602874234318733,-0.043140672147274,0.122119702398777,0.0029902879614382,-0.0595131330192089,0.0672270059585571,0.1071332395076751,0.0671534687280654,-0.1373082995414734,0.114983394742012,0.1050039902329444,-0.0749638825654983,-0.0651226341724395,0.052710648626089,0.0729281604290008,-0.0487141907215118,0.0740920528769493,-0.0467138141393661,0.0356710813939571,-0.0989477559924125,0.0839782655239105,0.151915043592453,0.1186522096395492,-0.1201441884040832,-0.1602727323770523,0.0364930815994739,-0.0433794073760509,-0.1217828765511512,-0.0258840210735797,0.0726005434989929,0.0399572104215621,0.0635292455554008,-0.150734081864357,-0.1183967217803001,-0.153268426656723,-0.0836255848407745,0.0488132014870643,-0.068081110715866,-0.1428432762622833,0.0745305195450782,0.038942415267229,0.1205400377511978,-0.0629087463021278,0.0595560856163501,-0.0663899630308151,-0.0555599890649318,0.0742743089795112,0.0843973830342292,-0.0434829369187355,-0.0136782778427004,0.1106708124279975,0.1473032534122467,-0.0705365985631942,-0.0110705085098743,-0.1277281492948532,0.0406572744250297,-0.0392656996846199,-0.138565108180046,0.0199602097272872,0.1258016526699066,-0.083116203546524,0.1731894761323928,0.0248668417334556,-0.0620724260807037,0.1514368802309036,-0.1383856534957885,0.0683666244149208,-0.0184594634920358,0.0399189032614231,0.0023473610635846,-0.1118601113557815,0.0772014111280441,-0.0500563308596611,0.0640487223863601,0.1287256032228469,0.0101734241470694,-0.0023761412594467,-0.0457660444080829,-0.0296104736626148,0.0465774312615394,-0.0569310113787651,-0.0302683226764202,0.0763649642467498,0.1644902229309082,0.0855988264083862,-0.1320421248674392,0.0522794611752033,0.0685677155852317,-0.0605780929327011,-0.1125852838158607,-0.0074757235124707,-0.1477452218532562,-0.0132666593417525,-0.0832599401473999,-0.0903499722480773,0.086310289800167,-0.0888785868883133,0.1263996660709381,-0.0342744514346122,-0.1287748515605926,0.047139037400484,0.08772524446249,-0.0653700828552246,-0.0556867457926273,0.0308553408831357,0.1012970656156539,-0.0643883496522903,-0.0148719325661659,0.0091698234900832,-0.0994043722748756,0.0428588576614856,-0.1072350218892097,0.0416176915168762,-0.1455455273389816,0.0230671931058168,-0.0744823813438415,0.1109615489840507,0.0898312702775001,0.0212277844548225,0.0756435692310333,-0.0731167793273925,-0.1194097772240638,-0.0866536125540733,0.1628311425447464,-0.0915101319551467,0.1666212975978851,-0.0495320260524749,0.1513349115848541,-0.0685596913099289,0.0249143075197935,0.0511279143393039,-0.0308874733746051,-0.149447426199913,-0.0738980174064636,0.0608732402324676,0.0455042906105518,0.0197685174643993,0.1661690175533294,-0.0101379873231053,0.1159272864460945,0.0172498170286417,-0.002776303095743,0.0710461139678955,VLKYVIUGMRILSZ-UHFFFAOYSA-N,NC(=O)N1CCCN(CC2CCCC2)CC1
0.0529918260872364,-0.0766770988702774,0.0622899681329727,0.0022355415858328,-0.0401500426232814,-0.1073624119162559,-0.1124869808554649,-0.0356273837387561,0.1054629161953926,-0.0456375405192375,0.1026846170425415,0.0570478476583957,0.0999269038438797,0.0256882905960083,0.0707406029105186,-0.0142562165856361,-0.1053142994642257,-0.0544203147292137,-0.1071671918034553,0.1127033457159996,-0.1071091592311859,-0.0799698159098625,0.1130177602171897,-0.1034459620714187,0.0310045070946216,-0.1121057122945785,-0.1111810952425003,0.0204152334481477,0.1101983189582824,-0.0949355959892273,0.1118580996990203,-0.1120319366455078,0.0243504922837018,-0.1128541827201843,0.1091874986886978,0.0936175510287284,-4.9932343245018274e-05,-0.0348120890557765,-0.1124912425875663,-0.0116095170378685,-0.1129834949970245,-0.1129113659262657,0.0569225363433361,0.0134152574464678,0.1082204803824424,-0.1119737327098846,0.1097841188311576,0.1066279485821724,0.0700547844171524,-0.0032257128041237,-0.0802143886685371,-0.1128358468413353,0.0659731924533844,0.1129475310444831,0.1122292280197143,0.1116645410656929,0.1115122884511947,0.0442312322556972,-0.0638840198516845,0.0728293806314468,-0.112657830119133,0.106974110007286,-0.1090911924839019,-0.0671229287981987,-0.1118925064802169,0.1107220202684402,-0.0066046989522874,-0.0722392126917839,-0.091926708817482,0.0641471073031425,0.0043109874241054,0.0068068215623497,-0.1110804304480552,0.1021350100636482,0.1124568209052085,-0.1130191683769226,-0.1123888120055198,0.0376014187932014,-0.0772371217608451,-0.0560097806155681,0.0824078321456909,-0.0675655454397201,0.1113706305623054,-0.0865612551569938,-0.0996176525950431,-0.1115459278225898,0.0825999975204467,0.0925478264689445,-0.1105424016714096,0.0748652815818786,0.1034338325262069,0.0142728378996253,0.0864875018596649,0.1081332266330719,0.0428818352520465,0.1059408113360405,-0.1104227527976036,0.1125853359699249,0.0448584780097007,0.1123512014746666,-0.0816615149378776,0.0902033820748329,0.1118756681680679,0.1125736311078071,-0.0304394979029893,-0.0975508093833923,0.1122155115008354,0.1125198453664779,-0.1120449528098106,-0.0710892975330352,0.1120512187480926,0.0879559591412544,-0.0438513904809951,0.0521231070160865,0.1124843880534172,-0.1005385443568229,-0.0932540446519851,0.0254566166549921,0.01308483351022,-0.1036874875426292,-0.1105002090334892,-0.0060828584246337,0.1125066503882408,0.0567413941025733,-0.1099804788827896,0.1075215339660644,-0.0318597815930843,-0.1125514656305313,0.1043315455317497,-0.1040702983736991,0.0886807888746261,0.1043286621570587,0.0707243233919143,0.0998238623142242,-0.1034617945551872,-0.0769697502255439,-0.0395627655088901,0.10416991263628,0.0398586168885231,0.101645216345787,-0.0129095539450645,-0.0937954559922218,0.1033784821629524,-0.0902095213532447,0.0227712132036685,0.0276636704802513,-0.1042985394597053,-0.047890368849039,-0.0932096093893051,-0.0338235236704349,-0.0903450399637222,0.1038716807961463,-0.0981246456503868,0.1036992073059082,-0.1035713106393814,-0.0914770439267158,0.1037783846259117,0.1031373217701911,-0.0536998361349105,-0.0907877907156944,-0.1029519215226173,0.1000994369387626,0.102468691766262,-0.0280802678316831,-0.0014338358305394,-0.0900050401687622,-0.0833548977971077,-0.0921459943056106,0.1038623005151748,-0.0113630350679159,-0.1042281091213226,-0.1032714620232582,0.1020978018641471,-0.1042890399694442,-0.0097330128774046,-0.1030423194169998,-0.0908118784427642,0.1043301746249198,0.1042823269963264,-0.1038827374577522,-0.1040849909186363,0.104322999715805,0.0956504791975021,-0.0976211801171302,-0.0142802335321903,0.0600354634225368,-0.1020161882042884,-0.0794968008995056,0.1042205318808555,-0.0982651785016059,-0.1040863841772079,0.1042031273245811,0.1035448685288429,0.088808037340641,0.0684292316436767,0.1039025485515594,-0.1043259277939796,0.1042587310075759,-0.0124751180410385,-0.1042772904038429,0.1032385900616645,0.1035785377025604,-0.0964747369289398,0.0941691771149635,-0.1042684540152549,0.0978838875889778,0.0548279024660587,-0.1036083251237869,-0.0972088873386383,-0.0221565477550029,0.0076573505066335,0.0660482123494148,-0.0095473071560263,0.0601745545864105,0.1043050065636634,0.1041496470570564,-0.0921147465705871,0.1040351763367652,-0.1039583161473274,-0.1039731726050376,0.0756711736321449,-0.1009752377867698,0.0770646184682846,0.1019460558891296,0.104294903576374,0.1040850654244422,-0.0572827942669391,-0.0556276477873325,0.1028993278741836,-0.0983934476971626,0.1040395647287368,0.0973235294222831,-0.1015443801879882,-0.0951223522424697,-0.1043279096484184,0.0931290239095687,-0.1042719334363937,-0.003550499677658,0.0204904656857252,0.0996386706829071,-0.0083852559328079,-0.0889353975653648,-0.1039433628320694,0.1040677651762962,0.020641891285777,-0.0767042338848114,0.1028152257204055,-0.102881371974945,0.1043255627155304,-0.1040026620030403,0.0617498531937599,0.1009777560830116,0.0866949930787086,0.0146747445687651,-0.0692580416798591,0.0948280543088913,0.0334458239376544,0.0536094866693019,0.0564109571278095,0.0937240198254585,-0.0581424199044704,-0.0229760278016328,0.0042492290958762,0.0438295602798461,0.1051544100046157,0.107578344643116,0.1107709184288978,-0.1043814271688461,-0.1116275191307067,-0.1090950891375541,0.1115799993276596,-0.0135580254718661,-0.1010076701641082,0.1111890375614166,0.0797237902879715,0.0513760186731815,-0.0550799444317817,0.064113050699234,-0.004345825407654,0.0320206433534622,-0.0550580620765686,-0.0863705202937126,0.0558565557003021,-0.1110360845923423,0.0359546281397342,0.1032058745622634,-0.1076905876398086,0.1072570830583572,-0.0128104109317064,-0.0822294875979423,0.1112097799777984,0.0049800579436123,-0.105952575802803,-0.0597840398550033,-0.1096826270222663,-0.0253718383610248,0.107959933578968,-0.0570241399109363,0.1061416491866111,-0.1096613556146621,0.0502934157848358,-0.0133777782320976,-0.0133811142295598,0.0984313413500785,-0.0773480460047721,0.0084592681378126,0.1053891330957412,-0.0634279176592826,-0.0627312958240509,0.1116282790899276,-0.0976507142186164,-0.1017654314637184,-0.0305478628724813,0.1107667833566665,0.0558272302150726,-0.1101542562246322,0.1115789711475372,-0.0636423155665397,-0.0682667791843414,-0.0991777330636978,0.0073359082452952,-0.0761259943246841,0.0289209634065628,0.0798645466566085,0.111541524529457,0.1101076900959014,-0.0498164109885692,0.1036166846752166,-0.0954309701919555,0.091178759932518,0.1116392910480499,0.0948796793818473,0.1030502617359161,0.1112642139196395,0.1087283566594123,-0.098319262266159,-0.0462730675935745,0.0819563567638397,0.1107121929526329,-0.1026106402277946,-0.1096794232726097,-0.0663448125123977,0.1102848574519157,-0.111541211605072,-0.0978802666068077,-0.1107092052698135,-0.1110293418169021,-0.0557667165994644,0.0449007004499435,0.1113653406500816,-0.1097864732146263,-0.1115166395902633,0.0474322251975536,-0.103896863758564,0.0829513147473335,0.1099935173988342,-0.0691188871860504,0.1095470935106277,-0.0497539564967155,-0.0947088152170181,-0.1116403117775917,0.1116414219141006,-0.1116040125489234,0.1115057468414306,0.1110832393169403,0.0339478254318237,-0.1106205806136131,-0.1086266711354255,0.1083008497953414,0.1116311103105545,-0.1097305417060852,-0.0816239863634109,-0.0816283598542213,-0.1113819479942321,0.1104516461491584,0.1113334819674491,0.109159916639328,-0.0730806365609169,-0.1081959307193756,0.1114952564239502,-0.0905555337667465,-0.1055077463388443,0.0310543924570083,0.0354083962738513,0.0070047420449554,-0.0933044627308845,-0.0154667431488633,0.0429044105112552,0.1337473094463348,-0.0088229458779096,-0.1260445266962051,-0.0391256585717201,0.0227491874247789,-0.0375737957656383,-0.0331979319453239,0.0811722800135612,0.1407235413789749,-0.1097828522324562,0.0486953258514404,-0.0369791500270366,-0.1258853673934936,-0.1677334904670715,0.1577387005090713,-0.0361184366047382,-0.048348780721426,0.1437025666236877,-0.0883828476071357,0.0082388659939169,0.0418151430785656,0.120104543864727,-0.027111304923892,0.0202026609331369,0.0138103310018777,-0.0452856421470642,-0.0656986013054847,0.0551985651254653,0.0021650907583534,0.0515003837645053,-0.0671739429235458,0.0688775330781936,0.0413133054971694,0.0816797688603401,0.1779178828001022,-0.0186510197818279,0.0748629420995712,-0.0786638557910919,0.1231949478387832,0.0860596895217895,0.1025058701634407,0.1644940823316574,-0.1111245602369308,-0.0530363656580448,-0.0459927134215831,0.1409870535135269,0.0072235683910548,-0.110609084367752,0.1399000138044357,-0.0141506511718034,-0.1204713061451911,-0.0609610378742218,-0.1465214639902115,0.1176796704530716,0.0682357400655746,0.0305108707398176,-0.1236996501684188,0.1348973959684372,0.1337755173444748,0.0854664519429206,-0.0179284587502479,-0.0071344659663736,-0.0657639726996421,-0.0114757986739277,-0.063518151640892,-0.1002190262079238,0.0278900992125272,-0.0113621754571795,-0.0629395619034767,0.0597653090953826,-0.0436322875320911,0.0146084949374198,0.106385201215744,-3.616197864175774e-05,0.0703402906656265,-0.1366735845804214,-0.0937470048666,0.0193678066134452,-0.1758594363927841,-0.144468292593956,0.0465859398245811,0.1458832174539566,0.0409014411270618,0.0944728627800941,-0.0421622321009635,0.1404891312122345,0.0622081346809864,-0.0950788334012031,-0.0689512714743614,-0.0358265787363052,0.1210556328296661,-0.1230540201067924,-0.0235784035176038,-0.1567532569169998,-0.003176130587235,0.0293853245675563,0.1445604711771011,0.0714770257472992,-0.0278094820678234,-0.1132141053676605,0.0631639212369918,0.0418590120971202,0.0196010470390319,0.0184855461120605,0.1665539145469665,0.0284812413156032,-0.1424011886119842,0.0586970895528793,-0.074725329875946,0.1640368551015854,-0.0223305597901344,-0.0162118002772331,0.0658054575324058,0.0138277569785714,0.1023250222206115,-0.0264249350875616,-0.0668481215834617,-0.0958686545491218,0.0859393626451492,-0.1000898778438568,0.0625171512365341,0.0806073769927024,0.0757156759500503,0.1384216398000717,0.0698601603507995,-0.1397214829921722,0.1518073081970214,-0.072836548089981,0.1179634481668472,0.119315892457962,-0.0799760818481445,-0.0172929167747497,-0.0439873002469539,0.0653463676571846,0.08048976957798,0.0274980943650007,0.1455258578062057,0.0302844457328319,0.0512306466698646,-0.0247398223727941,0.0753815621137619,0.1268349587917328,-0.124183639883995,0.0389880016446113,-0.0461865775287151,0.0614697150886058,-0.0894720703363418,-0.0771194919943809,-0.0812550485134124,-0.0649800896644592,-0.0961894690990448,0.1546621620655059,-0.0446485243737697,0.1337536722421646,0.0191514436155557,0.089565061032772,0.0144077101722359,-0.0318241342902183,-0.1006069332361221,0.086377814412117,-0.0126136234030127,-0.1304574310779571,-0.0573896951973438,0.047070313245058,-0.027913874015212,0.0310810785740613,-0.1395898014307022,0.0459823980927467,-0.0366011783480644,0.0908861383795738,-0.0837978422641754,0.1453267782926559,-0.0713809877634048,-0.0879444032907486,0.0333086475729942,-0.050836905837059,0.107095330953598,0.0458172149956226,0.0722328424453735,0.028499936684966,-0.0338339693844318,-0.0496964491903781,0.1285792738199234,-0.1451172828674316,-0.0627364516258239,0.0826445668935775,-0.1547120511531829,-0.1064304336905479,0.0047131543979048,0.088655799627304,-0.0243255756795406,-0.0130784781649708,-0.1507321745157241,0.1400093287229538,0.0908717513084411,-0.1397275328636169,-0.1448834538459777,-0.0872335135936737,0.0031936757732182,-0.0129124484956264,0.0955908522009849,-0.0413218736648559,0.1153034344315528,0.0180760622024536,-0.0309696719050407,0.0047446857206523,-0.1308762431144714,0.1225826665759086,0.0539925433695316,-0.0781924426555633,0.0114080188795924,-0.1042751669883728,-0.1039541885256767,0.1276594251394271,0.1447217017412185,0.0086173629388213,-0.0520064271986484,0.0788753479719162,0.141494870185852,0.0222177039831876,0.0066603547893464,-0.0960098877549171,0.049004428088665,0.0577108561992645,0.0034609655849635,0.1030125692486763,0.0367213897407054,0.1408963352441787,-0.0804473832249641,0.0041612330824136,0.0695004537701606,-0.1093723773956298,-0.0093200635164976,-0.0873814970254898,-0.0843141451478004,0.0426783561706543,0.1505829244852066,-0.0748587176203727,0.0948009565472602,0.0919964611530304,0.0850505232810974,-0.1387230902910232,-0.0873522162437439,0.1293982565402984,-0.0764166191220283,-0.0323350727558136,0.093995414674282,-0.1111432239413261,-0.1243002638220787,0.1025516837835311,0.0450500659644603,0.1213220357894897,-0.0589874200522899,0.0547377504408359,-0.0855688899755477,0.0821949616074562,-0.0106908436864614,0.1321380138397216,0.1476487219333648,0.1330102086067199,-0.0898174121975898,-0.1373054534196853,0.0950033664703369,0.0182117465883493,-0.1186222061514854,-0.0660592466592788,0.1312261372804641,0.0152995642274618,0.029641181230545,-0.1190944910049438,-0.1092701852321624,-0.1517894864082336,0.0351252183318138,0.0726735889911651,-0.0575119704008102,-0.1618006974458694,0.0674576386809349,0.0393616184592247,0.0809942409396171,0.0369034931063652,-0.0148824071511626,-0.062905266880989,0.0119536006823182,0.0412674620747566,0.1144123300909996,-0.0334704667329788,-0.1059050559997558,0.1058299466967582,0.1682400107383728,-0.0581541210412979,-0.0071536446921527,-0.1100587397813797,0.0884563252329826,-0.0229750014841556,-0.1556818932294845,-0.0919980332255363,0.0900242179632186,-0.0534326173365116,0.2258147597312927,-0.000884041248355,-0.0123640447854995,0.0984936580061912,-0.128617987036705,0.0604307986795902,-0.0004387785447761,0.0445394851267337,0.0644210875034332,-0.07977956533432,0.0115346442908048,-0.0488879345357418,-0.0472103171050548,0.0717321634292602,0.0024187446106225,0.0152488043531775,-0.0694852769374847,-0.08444844186306,0.1174101829528808,-0.0695574432611465,-0.0661603212356567,-0.0158465523272752,0.1202630400657653,0.0453988909721374,-0.1502153426408767,-0.0080036129802465,0.0314906202256679,-0.0575388334691524,-0.0601146705448627,-0.0477970205247402,-0.1579146832227707,0.0463074818253517,-0.0702722519636154,-0.0860252752900123,0.0864332467317581,-0.0977977737784385,0.0947030484676361,-0.0545686595141887,-0.0910377651453018,0.0817410498857498,0.0928819701075553,-0.0339081324636936,-0.0991236120462417,-0.0324160456657409,0.1348684728145599,-0.0161239486187696,-0.0686769932508468,0.0628702938556671,-0.0774517953395843,0.0797326117753982,-0.0666463971138,0.075786106288433,-0.0933685675263404,-0.0007238354883156,-0.0296767968684434,0.1447442919015884,0.0501766540110111,-0.033482726663351,0.0780450478196144,-0.0597278736531734,-0.1228899955749511,-0.08696760982275,0.1353307068347931,-0.133973628282547,0.1849138885736465,-0.0820521712303161,0.1632474511861801,-0.0266880672425031,0.0302413273602724,-0.0606582351028919,-0.1040508151054382,-0.1252283453941345,-0.0564697757363319,-0.0670051053166389,-0.0290862526744604,0.0565185062587261,0.1779144406318664,0.0259121600538492,0.0960709750652313,-0.0346355587244033,0.0782677307724952,0.083322562277317,ROBQRVXGONTGDU-UHFFFAOYSA-N,CC1CCCCN1CCNC(=O)c1ccoc1
0.0842244997620582,0.1064699217677116,0.065697468817234,0.1094486638903617,-0.0185045935213565,-0.1026268005371093,-0.1080639287829399,-0.0273555219173431,-0.0540458932518959,0.0340633615851402,-0.1054752543568611,0.0767727717757225,-0.1061241552233696,-0.0610511191189289,0.1111781969666481,-0.0877237245440483,-0.1111771315336227,0.1110484302043914,0.0647190958261489,0.1048359498381614,-0.0799533799290657,0.0995404049754142,0.0536991693079471,0.099302664399147,-0.0225912202149629,-0.089302472770214,0.0684867724776268,0.0900798812508583,-0.0722804367542266,0.1095037460327148,-0.1078191101551055,0.0323764160275459,0.111046016216278,0.0449818521738052,0.1058846265077591,0.1071530282497406,0.1102132797241211,-0.1049275025725364,-0.0915439948439598,-0.1110593453049659,-0.0541348867118358,0.0544057562947273,-0.1098659485578537,-0.1090687438845634,0.0354928895831108,-0.1058120802044868,-0.1085644215345382,-0.0986405238509178,0.0975081995129585,-0.1095714420080185,-0.0936984345316886,0.0957927480340004,-0.1041325032711029,0.1111938431859016,0.1028568744659423,-0.079560600221157,0.0990544408559799,-0.0986698269844055,0.1064410805702209,-0.0512394122779369,0.1111453101038932,0.1102676689624786,-0.0778830870985984,0.0877752229571342,-0.1110103130340576,0.0180592462420463,0.0646096467971801,0.0474089048802852,-0.0198876615613698,0.0292525775730609,-0.0497146137058734,-0.1110935881733894,0.1061471998691558,0.0917591527104377,-0.1090227141976356,0.0102526936680078,-0.1036025732755661,0.1065491363406181,0.1067487522959709,-0.1099113672971725,0.0389842465519905,0.1111724600195884,0.110422670841217,0.039346307516098,-0.0690525621175766,-0.0901645869016647,0.0800499841570854,-0.0164469759911298,-0.0386490039527416,-0.0441334992647171,0.1111730560660362,0.110404722392559,0.0428187511861324,-0.1094284355640411,0.0905831456184387,0.0222552586346864,-0.0296096894890069,0.1111682429909706,0.1057971641421318,0.0904571413993835,-0.0032638772390782,-0.100085936486721,-0.0189018864184618,0.1061921119689941,-0.0991915985941886,-0.1040846705436706,0.0466718450188636,-0.0861624181270599,-0.1042629852890968,0.0981539264321327,0.1107326671481132,-0.110466293990612,-0.1080317869782447,-0.0892096161842346,0.0809808671474456,0.1095217540860176,-0.1007293611764907,-0.1040084362030029,0.027448633685708,0.1091040521860122,0.0672197788953781,0.0754008889198303,0.1032674983143806,-0.0870549976825714,0.1109126582741737,0.1002753973007202,-0.0385221764445304,0.0770300477743148,-0.0286074820905923,0.0843235626816749,0.1000334993004798,0.1207014694809913,-0.0758377835154533,0.0746740475296974,-0.0448231697082519,0.115025907754898,-0.1049223840236663,-0.0280362758785486,0.093435101211071,0.1102323532104492,0.1094570159912109,0.0077801221050322,-0.0841495767235755,0.0407021269202232,0.0536812059581279,-0.1108209043741226,-0.0545861758291721,8.428395085502416e-05,-0.1197456046938896,4.562183221423766e-06,0.0443081371486187,0.0821903944015502,0.1173226758837699,-0.1213184222579002,-0.0461774878203868,0.0982170701026916,0.1161929666996002,-0.1012255027890205,-0.0986899137496948,-0.1062082648277282,-0.1165182068943977,0.0966194495558738,-0.1004286110401153,-0.1217841655015945,0.0569455698132514,0.0109159220010042,0.1217168867588043,0.1152989789843559,0.0666968375444412,0.0834237560629844,0.120521031320095,0.1159151270985603,0.04962108284235,-0.1113873943686485,0.0417307838797569,0.0819944441318512,0.1029274240136146,-0.0023119563702493,-0.0840492397546768,0.1177521347999572,-0.0288287121802568,-0.0154004236683249,-0.0304867718368768,0.1205967366695404,-0.1122458800673484,-0.0556235164403915,-0.0724324956536293,0.0407712310552597,0.1058079004287719,0.1134089082479476,0.115271620452404,0.0989919528365135,0.0188529752194881,0.0529315210878849,0.0827521681785583,0.1131325662136077,-0.1169068962335586,0.093564324080944,-0.1146712675690651,0.0920050963759422,-0.0713399797677993,0.1024174466729164,0.0125484047457575,-0.0411265715956687,-0.1055695712566375,0.0917610526084899,-0.0650020614266395,0.1170771941542625,-0.0173487737774848,-0.0598520375788211,-0.1184445843100547,0.0244368612766265,0.0181124154478311,0.1177505105733871,-0.1200230196118354,-0.0893561691045761,-0.1175155788660049,0.1164006888866424,-0.1175842210650444,0.0896817147731781,-0.1191847249865531,-0.106307215988636,0.0596116185188293,-0.0494471862912178,-0.1079485714435577,-0.0569806322455406,0.0429198294878006,0.1096375957131385,0.0306249484419822,-0.0539050363004207,-0.0973321124911308,0.1129177883267402,0.1174299120903015,0.0778570845723152,0.1216189861297607,-0.0621641911566257,0.0677356943488121,-0.0167993083596229,0.0807356238365173,0.0886391699314117,0.0879471525549888,-0.1195531412959098,0.1170587539672851,0.0640900731086731,0.095036581158638,0.0663134977221489,-0.0790015831589698,0.0766787528991699,0.0035520554520189,0.0069986800663173,-0.0994733572006225,0.1001307591795921,-0.1218553259968757,0.1045415624976158,-0.1216707304120063,-0.0727914944291114,0.1019550189375877,-0.0511472485959529,-0.1033476293087005,-0.0976868569850921,0.0990354344248771,0.1042932569980621,-0.0862910598516464,0.101415529847145,0.0915471985936164,0.0838445350527763,0.1025407463312149,-0.0280161574482917,-0.0826926231384277,-0.0824767425656318,0.1043018773198127,-0.0138813126832246,-0.1042733341455459,0.0759358257055282,0.0992734283208847,0.0471903681755065,0.0960584580898284,0.1023002788424491,0.1028497442603111,0.1039064824581146,-0.1033902913331985,-0.000885214714799,0.1034919396042823,0.0895416811108589,0.0760568380355835,-0.0549694001674652,0.104238711297512,-0.0812046751379966,-0.1042896211147308,0.092975229024887,-0.0580722913146019,0.0883726328611373,0.0871612876653671,-0.0870632082223892,0.0982676371932029,0.0917664021253585,0.1043033227324485,0.0826288610696792,-0.0735663920640945,-0.0972055420279502,0.1010887622833252,-0.1023806110024452,0.032909408211708,-0.0895204618573188,-0.1042585223913192,-0.1027785316109657,0.1001289039850235,-0.1035241708159446,-0.0958197265863418,0.1043035313487052,0.066290758550167,0.1037164479494094,0.1042667850852012,0.0358261242508888,-0.0973784402012825,0.1035937443375587,0.1024256125092506,-0.0122055960819125,-0.027559844776988,0.074291706085205,-0.0311355404555797,0.1041949018836021,-0.0261238198727369,0.0626538917422294,0.1043073609471321,-0.0027048632036894,-0.1037410125136375,-0.0788706615567207,0.1037844270467758,-0.0688098445534706,-0.1025633290410041,-0.0693648010492324,0.1015868410468101,0.0904718488454818,0.1043051108717918,-0.0569415986537933,-0.1041207909584045,0.1038754507899284,0.0985984429717063,0.1041548103094101,-0.0938582196831703,0.0759773850440979,0.1036431938409805,-0.1042914167046547,-0.0858298614621162,-0.1028030440211296,-0.1043006926774978,-0.0840460509061813,0.1043076440691948,0.0490208975970745,0.1023458838462829,-0.1039069294929504,0.0813084244728088,0.0413204357028007,0.1016661897301673,-0.1033251285552978,-0.1012777760624885,0.095896415412426,0.0918096601963043,-0.1042973771691322,-0.034395907074213,0.0987325757741928,-0.0562487952411174,-0.095322847366333,0.1042948439717292,-0.1042196974158287,0.0616190694272518,-0.0479345098137855,0.0700971037149429,-0.1042605265974998,-0.1039900556206703,-0.0373320095241069,0.1043035387992858,0.1042091697454452,-0.0997188314795494,-0.097790852189064,-0.0946237221360206,0.0205278918147087,-0.0469890162348747,0.1042345315217971,-0.1035700887441635,0.099261075258255,0.0048866258002817,-0.1022652313113212,0.0859284251928329,-0.0256828628480434,-0.0582312792539596,0.0074614491313695,0.0654985383152961,0.0109459003433585,-0.0510703325271606,-0.0315670371055603,0.0407400988042354,-0.0828310400247573,0.0147363534197211,0.0367647148668766,-0.103235587477684,0.0851003155112266,-0.1307515650987625,0.0990682169795036,-0.1437923312187194,-0.0004851736885029,0.1388343721628189,0.1063821613788604,-0.1288071423768997,0.0776318088173866,0.1431473195552826,-0.0706831738352775,-0.056358877569437,0.1157693266868591,-0.1136292815208435,-0.0741345509886741,0.0534936897456646,0.0006903175381012,-0.0609397441148757,0.0532726868987083,-0.1248488277196884,0.0801168158650398,0.1061177551746368,-0.0532615892589092,-0.0917023196816444,-0.068139299750328,0.0545158721506595,0.0339358672499656,0.0866808295249939,-0.097029224038124,0.0584277585148811,-0.0651010200381279,0.1329088807106018,0.0007727578631602,0.0947697311639785,0.1280027627944946,0.0091964788734912,-0.0924752950668335,-0.0987905412912368,0.0386865139007568,-0.0776780694723129,0.0169466957449913,0.1136745512485504,-0.0464553087949752,0.1117099672555923,0.1153180971741676,-0.0537796728312969,0.1411970406770706,0.1179888546466827,0.0036536860279738,0.1316315829753875,-0.0557151846587657,0.1145868375897407,-0.0808417499065399,-0.1076154261827468,0.0018680273788049,0.0385448038578033,-0.0322469435632228,0.122435986995697,-0.1174467504024505,0.0446027964353561,-0.0340837277472019,-0.1014769598841667,-0.135499432682991,0.1286939233541488,-0.1128033846616745,0.0047163181006908,-0.0005159610882401,0.1305538415908813,0.1143753901124,-0.0162467416375875,-0.0656422227621078,-0.0142376562580466,0.0665071830153465,-0.1340236216783523,0.133385568857193,0.1343371123075485,0.061074499040842,-0.0931083261966705,0.106668047606945,-0.0845042988657951,-0.0678345635533332,0.1004712134599685,-0.0948984920978546,0.0070778536610305,0.1105852574110031,0.1214392259716987,-0.1498224139213562,0.1037985607981681,0.043098859488964,0.1157991215586662,0.1126178279519081,-0.0470807962119579,-0.0225528236478567,-0.0818089321255683,0.0567702427506446,0.1406626254320144,0.0563863031566143,-0.1191097125411033,0.1208961606025695,0.1452328860759735,-0.0820777639746666,0.119314894080162,0.0641364753246307,0.1446785628795623,0.0439359322190284,-0.0998869985342025,0.0091037675738334,0.0474483370780944,-0.0098695503547787,-0.0089355176314711,0.0540928579866886,-0.1257316619157791,-0.0391475856304168,0.0971283093094825,0.0374755337834358,-0.0784046500921249,0.0940782949328422,0.159266397356987,-0.0584807470440864,0.1060946732759475,0.1244520246982574,0.1373860985040664,0.0405157022178173,0.0236679315567016,0.0222758296877145,-0.0029556730296462,-0.0437214225530624,0.0717383027076721,0.1236513257026672,0.0853279680013656,-0.0161045044660568,0.1176851466298103,-0.0851178541779518,-0.0255041606724262,0.1222999095916748,0.0661229938268661,0.0556511357426643,-0.0063983649015426,0.1178153082728385,-0.0525419153273105,0.0364012755453586,-0.1472189426422119,0.1219956576824188,-0.032651238143444,0.1087422370910644,0.1544965803623199,0.0396643728017807,0.1332934498786926,-0.0002141170116374,-0.1066107451915741,0.1370453685522079,0.0623110793530941,-0.138682946562767,0.0681737214326858,-0.0356119498610496,-0.0480412542819976,-0.0228937752544879,-0.1507155150175094,-0.0752626582980156,0.0928484573960304,0.1086556389927864,-0.0775823220610618,0.0204915218055248,-0.139940544962883,-0.0155685171484947,-0.0179889202117919,-0.0723354443907737,0.1401290148496627,-0.0212331265211105,0.0925797820091247,-0.0150645403191447,0.0024878536351025,0.0487665757536888,0.1648544669151306,-0.0215507298707962,-0.1019406467676162,0.0908576995134353,-0.0901554375886917,0.0520160980522632,0.0179689489305019,0.1128458008170127,0.0604547709226608,0.0639907345175743,-0.0180331096053123,0.0149973081424832,0.1037115305662155,-0.0559132546186447,-0.074518084526062,0.0293053444474935,0.0954452753067016,-0.1301894187927246,0.0283278841525316,-0.1149471551179885,-0.059035450220108,-0.0972203835844993,0.1325068175792694,0.0307875368744134,-0.1118188723921775,0.1444041430950164,0.0583999082446098,0.1303993910551071,-0.0423238202929496,-0.0860002934932708,-0.1150214970111846,0.1517625451087951,-0.0049779210239648,0.0095151141285896,-0.1718125790357589,-0.0521105639636516,0.1664164811372757,-0.0435222946107387,0.0338891260325908,0.036742515861988,0.0854888185858726,0.0126988561823964,-0.086942583322525,0.0347232669591903,0.0148602090775966,0.1385867446660995,0.0078509347513318,-0.001846415339969,0.0883594378829002,0.0650744587182998,0.0073505830951035,-0.0820348560810089,-0.1143669337034225,-0.0858284458518028,0.1648502349853515,-0.1455925703048706,-0.0053861229680478,-0.0802771002054214,0.1228807717561721,-0.0816782414913177,0.0937761664390564,0.0776256248354911,-0.114276222884655,-0.0868810415267944,0.0650932043790817,-0.0323849730193614,-0.1131900250911712,0.0142886349931359,-0.0889802128076553,0.0452673807740211,-0.0919954180717468,0.0484124347567558,-0.0979521498084068,0.1057138741016388,0.0034251029137521,0.0503632836043834,0.1228676736354827,0.1529207825660705,-0.1017254963517189,-0.0254034847021102,0.1567952334880828,0.0071325097233057,-0.1187907010316848,-0.0845435261726379,0.1057177037000656,0.0316273942589759,-0.044238556176424,-0.1064658537507057,-0.1039332896471023,-0.125297412276268,-0.1102351397275924,0.0570641718804836,-0.0091391494497656,-0.1181713119149208,-0.0440190397202968,0.0315155610442161,0.0188767034560441,0.050246026366949,0.1170902848243713,-0.0315488800406456,-0.0289008952677249,0.0384685210883617,-0.0763733088970184,0.0250035710632801,-0.0168565046042203,0.1010708212852478,0.0985231474041938,-0.089392676949501,0.0648195222020149,-0.1164566129446029,0.067027561366558,-0.0362205170094966,-0.0658762902021408,0.0796221122145652,0.1100256145000457,-0.0163476280868053,0.1584795266389846,0.0711543783545494,-0.0156769827008247,0.1621187925338745,-0.0744256675243377,-0.0344938188791275,0.0897524654865264,-0.0943021550774574,-0.0872613862156868,-0.0708214566111564,0.0194587465375661,-0.0318722873926162,0.1094468012452125,-0.0083114383742213,-0.0783026665449142,-0.0483475960791111,-0.0657217279076576,-0.0841615572571754,0.0060322349891066,0.074312075972557,0.0560242123901844,0.0273931175470352,0.1380398124456405,0.0173601135611534,-0.118895873427391,-0.0115594742819666,-0.0094745466485619,-0.1323685497045517,-0.1030997782945633,-0.0591012462973594,-0.1536911129951477,0.0233884360641241,0.0076891295611858,-0.1307997852563858,0.142022356390953,-0.1395643502473831,0.1370381563901901,-0.0105781657621264,-0.0811618864536285,0.1483632028102874,0.0196761768311262,0.0169931836426258,-0.0979545637965202,-0.1325914561748504,-0.0803711041808128,0.0156982466578483,0.0722333416342735,-0.0480864904820919,-0.1159380078315734,0.0213059838861227,-0.0725400075316429,-0.0058440896682441,-0.1113952547311782,0.0148167200386524,0.0441526100039482,0.1487229317426681,0.1085452437400817,0.1152220591902732,0.0346226319670677,-0.1218650266528129,-0.0999467670917511,-0.0352424979209899,0.1128923222422599,-0.1407052129507064,0.1415824741125106,0.0789183899760246,0.1704019457101822,-0.0830928459763526,0.0931846052408218,0.1022421568632125,-0.0946837440133094,-0.0953617841005325,-0.0751824378967285,0.1396891921758651,0.0806717723608017,0.0805297419428825,0.1018701568245887,0.0497130118310451,0.0553881227970123,-0.0942385494709014,-0.0034711388871073,0.1006202772259712,PLKCGWJGDQCENY-UHFFFAOYSA-N,COc1ccc(C2CCN(C(=O)Cc3ccc(NC(C)=O)cc3)C2)cc1
-0.0014719818718731,-0.0495717711746692,-0.1010139361023902,0.100047618150711,-0.0917537435889244,-0.1010139510035514,-0.0950526520609855,0.0840419605374336,0.1009376570582389,0.097361259162426,0.0886591076850891,-0.0966595783829689,-0.0996590927243232,0.1010096296668052,0.1010139286518096,0.0265239030122756,-0.1009896770119667,0.1009631007909774,0.1008481383323669,-0.0945834219455719,-0.100962720811367,-0.1009732410311698,0.1009115129709243,-0.1002289727330207,-0.0987267643213272,0.0198229942470788,-0.0616026818752288,-0.0196648743003606,-0.1005744710564613,-0.0738062411546707,-0.1009699031710624,-0.0965604856610298,0.0988784283399581,0.1010084375739097,0.1009467542171478,-0.0990602970123291,-0.0214469581842422,-0.0709754303097724,0.1002348586916923,-0.1009887158870697,0.0917825773358345,0.0998117700219154,-0.1009300649166107,0.0675431415438652,0.1009967103600502,0.1000817194581031,-0.1010139510035514,-0.0722484812140464,0.0701698064804077,-0.0006059914594516,-0.1010139063000679,-0.1010139510035514,0.0995498225092887,0.1010128855705261,-0.0568233393132686,-0.1009670943021774,0.098356232047081,-0.0440010987222194,0.1006286069750785,-0.0663891732692718,0.101008728146553,0.0842698886990547,-0.0834013894200325,-0.1010055392980575,0.1001651436090469,-0.082654170691967,0.1003831773996353,-0.0337913520634174,0.1009964421391487,0.0658065751194953,0.0937525406479835,-0.0995212346315383,0.0268374774605035,-0.0992133021354675,-0.1009823679924011,0.0183052998036146,-0.1010139510035514,0.1009907126426696,0.1009856611490249,-0.1006626337766647,0.0882592722773552,-0.0970887839794159,-0.0981244444847107,-0.1010137721896171,-0.1008506789803505,-0.099141739308834,0.079477310180664,0.01763073541224,0.0929130464792251,0.0214803479611873,0.1010137349367141,0.1010021716356277,0.1010136678814888,0.1001940891146659,-0.0767260119318962,-0.1005050092935562,-0.1010059863328933,0.1010138690471649,-0.0273995716124773,-0.0977946370840072,0.1009607911109924,0.1001748815178871,0.0558145903050899,-0.0457255207002162,-0.0797496736049652,-0.1010139510035514,0.0988369062542915,0.1007840558886528,-0.1002415716648101,-0.1008897796273231,0.0932179912924766,0.0549076944589614,-0.1000985205173492,0.1010137796401977,0.1007701605558395,0.1010004952549934,0.1008750945329666,-0.0072818384505808,-0.1010134667158126,0.1010122001171112,-0.100998006761074,-0.0249304845929145,0.0166638791561126,-0.1010032594203949,0.0986795127391815,0.0638205260038375,-0.0784811973571777,-0.0397477261722087,0.0972575470805168,-0.0813294798135757,0.0973258689045906,0.0171348564326763,0.0757179036736488,-0.0252170450985431,0.0926465019583702,-0.0973209589719772,-0.0969033539295196,0.097319521009922,-0.0973254591226577,-0.0965167135000228,-0.0846403241157531,-0.0973257794976234,0.0973256453871727,-0.0937497094273567,-0.0326154567301273,0.0894036293029785,-0.0973245501518249,0.0933751836419105,-0.0966338366270065,-0.0973242074251174,-0.0972697436809539,0.09718719124794,0.0712202414870262,-0.0286415573209524,0.0966676026582717,-0.0931091234087944,0.0934086591005325,0.0972893759608268,-0.0955195128917694,0.0828894078731536,-0.0574080199003219,0.0972497537732124,0.0960824266076088,-0.0951393097639083,0.0973240956664085,-0.097325675189495,-0.0633470863103866,-0.0973216146230697,0.0972135588526725,0.0971874445676803,0.0972659438848495,-0.0973191484808921,0.0973210707306861,-0.0973181873559951,-0.0822924301028251,-0.0973258689045906,-0.0830523893237114,0.0972650945186615,0.0973030552268028,-0.0973246544599533,-0.097242422401905,0.0973182320594787,-0.0218332931399345,-0.0942501127719879,0.0577071160078048,-0.0969633981585502,-0.0101116020232439,-0.0971897318959236,0.0845692753791809,0.097122348845005,-0.0973258092999458,-0.0575130581855773,0.0973204672336578,-0.0916981101036071,-0.0971001237630844,0.0973167046904563,-0.0972615778446197,0.0958985164761543,0.0552786774933338,-0.0973208174109458,-0.0973258391022682,0.0114054735749959,-0.0973241552710533,0.0970813855528831,-0.0973258540034294,-0.0386649146676063,-0.0972917228937149,-0.0494472496211528,0.095049001276493,-0.0590776838362216,0.0969930961728096,-0.0796060413122177,0.0895493552088737,-0.0973244309425354,0.0878105983138084,0.0973258689045906,0.0973255708813667,0.0563773065805435,-0.0959295704960823,0.0845995768904686,0.097325786948204,0.09715486317873,0.0973249673843383,0.0967421382665634,0.0973258689045906,-0.0959566086530685,-0.0730042457580566,-0.0973212197422981,0.0973182097077369,-0.094452291727066,0.0973258540034294,-0.0891656354069709,-0.0941410735249519,0.0670767053961753,0.0961661711335182,0.0483100563287735,-0.09732586145401,0.0973257943987846,-0.0941483154892921,-0.0873657092452049,-0.0935688242316246,0.0967097282409668,0.0970377624034881,0.0909404680132865,0.0742606520652771,-0.0972055494785308,-0.0966446176171302,0.0604171641170978,0.0973256453871727,0.097321793437004,-0.0744451433420181,-0.0188865978270769,0.0946968421339988,0.0941128134727478,0.0889345481991767,-0.0968667715787887,0.0762617215514183,-0.1041559055447578,-0.0610612481832504,0.0973514392971992,0.1020728573203086,0.1041588336229324,0.0983576700091362,-0.0414703711867332,0.1001624166965484,0.0558438263833522,0.1041394919157028,-0.1040689647197723,0.1040488481521606,0.0510004721581935,0.0579778328537941,-0.0353417806327343,-0.1041584834456443,0.0872324183583259,-0.0999373272061348,0.0687346011400222,0.0217950195074081,-0.1040194258093833,0.0167599413543939,-0.104119062423706,-0.1037294715642929,-0.0980720892548561,0.1022508814930915,-0.0657175332307815,0.1041141748428344,-0.0269247498363256,0.0948445126414299,0.1040530800819397,0.011888732202351,0.0904791057109832,0.0655164420604705,-0.0919801071286201,0.1038207709789276,0.1006140112876892,0.1041100323200225,-0.0935877189040184,0.1041377261281013,0.0596219897270202,-0.1013887226581573,-0.1008872166275978,-0.1041579321026802,0.0406931526958942,0.1000256761908531,-0.0694127082824707,-0.1011902764439582,-0.0164724718779325,-0.0737269520759582,-0.0973510891199112,-0.1041556522250175,0.1041588261723518,-0.0553622432053089,0.0902227982878685,0.090959146618843,0.0997507274150848,-0.104122944176197,-0.0404657982289791,0.10415880382061,0.1041562110185623,-0.1014586687088012,-0.1040321141481399,0.0360307209193706,0.0397087484598159,0.1009119376540184,0.057591363787651,0.0221851896494627,-0.0765077173709869,-0.0952115729451179,0.1041588261723518,0.0773027241230011,0.0938327088952064,0.0899587273597717,-0.0248770248144865,-0.0438845045864582,-0.0904074981808662,0.1041197776794433,-0.1009111702442169,-0.101415991783142,-0.102336898446083,-0.1028916761279106,-0.1017188504338264,-0.104149617254734,-0.0416674651205539,0.096256211400032,-0.1041543409228324,-0.0970324948430061,0.0694091916084289,-0.1041055992245674,-0.0936316475272178,0.1041585579514503,0.1041317582130432,0.1000760197639465,-0.1035563126206398,-0.0378314219415187,0.0870319008827209,-0.036275777965784,-0.1039366051554679,0.1024661660194397,0.1039289012551307,0.1038165017962455,-0.0530210360884666,0.0518658310174942,0.1040161773562431,-0.103427454829216,0.0127927726134657,0.1033635288476944,0.1034328266978263,-0.1036232039332389,-0.1040565893054008,0.0930968597531318,-0.1029437184333801,0.1024709194898605,-0.0953365191817283,0.1025074943900108,-0.1031426191329956,0.1041503623127937,-0.0548916086554527,0.103194922208786,0.1041067987680435,-0.0891973376274108,0.1041579470038414,-0.0255625359714031,0.1038820669054985,0.0390547662973403,-0.0922274813055992,0.0785684809088707,0.0870237275958061,0.0644809752702713,0.1236240863800048,0.1236219108104705,-0.0581957101821899,-0.0130018861964344,-0.0304164104163646,-0.0289585217833518,-0.1294299811124801,-0.0072321267798542,-0.1201416105031967,0.0446497052907943,-0.120172344148159,0.1236617416143417,0.0618931762874126,0.0102775013074278,-0.0435808673501014,0.061161108314991,0.0987150073051452,-0.0152695281431078,0.0390590056777,-0.1281132251024246,-0.1015942394733429,0.0731870159506797,0.1250462532043457,-0.1255181580781936,0.051527950912714,0.0478192344307899,0.1001244932413101,-0.0020774872973561,-0.1161618381738662,-0.0035458086058497,-0.1027315407991409,-0.1002213135361671,-0.0948915630578994,-0.1284674853086471,0.0495431721210479,0.1003380045294761,0.0025150775909423,0.0381137952208519,-0.1030765250325203,-0.0867451429367065,-0.066274419426918,0.0967758297920227,0.0662127435207367,-0.0168999806046485,0.0661022514104843,0.0560868829488754,0.1250414401292801,-0.1239072158932685,0.0055598118342459,0.1211021095514297,0.0096074203029274,0.04542076587677,-0.1269953101873397,-0.0804208666086196,-0.1317128241062164,-0.104590892791748,0.0951343327760696,-0.1102597340941429,0.1118403822183609,-0.113230176270008,-0.0741962119936943,0.0887197405099868,0.1225679144263267,-0.0205103605985641,-0.0041818427853286,-0.1071986630558967,0.0797318443655967,-0.1181249693036079,-0.0340686030685901,0.0068200388923287,0.0991301536560058,0.1246062666177749,0.1259584277868271,-0.0958207696676254,-0.0177831966429948,-0.0599293895065784,-0.1268651932477951,0.1252232640981674,0.1085183173418045,0.0734995678067207,-0.0331784561276435,0.0956101641058921,-0.0461475998163223,0.0928734764456749,0.1235908567905426,-0.0127939824014902,-0.1213522180914878,-0.0960644260048866,-0.0004458782786969,-0.008445587940514,-0.0103335930034518,0.109848715364933,0.098502904176712,0.1092679128050804,0.1106890738010406,-0.1033925265073776,0.06653643399477,-0.0357545688748359,-0.1188464388251304,0.0888255313038826,-0.0017092109192162,-0.1282892674207687,-0.1029697582125663,0.0114801311865448,-0.1287339478731155,-0.1302330791950225,-0.1003843620419502,-0.0985650271177291,0.0037846092600375,0.0090655349195003,0.0478962175548076,0.0926234126091003,0.0392226874828338,0.0526630915701389,0.0881222337484359,0.1207397878170013,0.1257101446390152,0.1291903257369995,-0.1215859428048133,-0.0581211410462856,0.0603346712887287,-0.0636733993887901,0.1289861351251602,-0.1307388395071029,-0.0221904721111059,0.1130123063921928,-0.1136806011199951,0.0428824424743652,0.1107364073395729,0.0563328452408313,0.1083920076489448,-0.1064598560333252,0.0643897056579589,-0.0609835870563983,0.102116622030735,-0.0516412444412708,0.1099438145756721,0.1112327203154563,-0.1114357039332389,0.1126331910490989,0.1078363060951232,-0.0417099818587303,0.0042423629201948,-0.0933053269982338,0.0218505747616291,0.1108881160616874,0.0855318903923034,-0.0550239868462085,0.0894734784960746,0.0973068699240684,-0.1147661507129669,-0.0397945828735828,0.1148365586996078,0.0790189951658248,0.1110327541828155,0.0708236098289489,-0.1128975301980972,0.0443040393292903,-0.058364812284708,-0.099073976278305,0.1142106503248214,-0.0856681615114212,-0.0887079909443855,0.1042070612311363,-0.077552743256092,-0.0893269702792167,-0.1050574034452438,-0.114914484322071,-0.0121685126796364,0.0984787717461586,0.114710234105587,-0.0947182103991508,0.1122228130698204,-0.1110748127102851,-0.0448219366371631,0.0972431823611259,-0.1127079874277114,-0.0671502500772476,0.0955513268709182,-0.0112792076542973,-0.0789466053247451,0.0373287796974182,-0.069165714085102,0.1127722263336181,-0.0401184670627117,0.0295420102775096,0.0667239055037498,-0.0981539115309715,-0.1114017739892005,0.1123770549893379,0.1115953251719474,0.0771224275231361,0.0587214715778827,-0.1083388775587081,0.1026012375950813,0.099192090332508,-0.1058459728956222,-0.1136239543557167,-0.108341634273529,0.0825532674789428,0.09292733669281,-0.084187164902687,-0.0675078481435775,0.0696910098195076,-0.1019627302885055,0.107227087020874,-0.0479292757809162,-0.1120534464716911,0.1067312434315681,0.1055751964449882,0.1083630919456482,-0.1127310693264007,-0.0135819017887115,0.0126865860074758,0.0018046384211629,0.0319652594625949,0.1097160130739212,-0.0561244376003742,0.1051884442567825,0.1146740764379501,0.0541134551167488,-0.0974728018045425,0.0710957422852516,-0.0672823190689086,0.1042634472250938,0.0082341581583023,0.0984501838684082,0.1119564250111579,0.0055740750394761,-0.1099006384611129,-0.1091927513480186,0.1125016137957573,-0.1140481978654861,-0.0101216426119208,-0.1124169677495956,-0.1002610102295875,0.0305785108357667,0.1083998084068298,0.0285481680184602,-0.0933304727077484,0.0992060899734497,-0.1142101287841796,0.0934212431311607,0.0378185138106346,0.1013098433613777,-0.0139881344512104,-0.1119787022471427,0.0842346474528312,-0.0299029015004634,-0.0642016977071762,-0.067305788397789,0.1083572134375572,0.0422851033508777,0.0514690428972244,0.0275999177247285,-0.0992229357361793,0.0148475402966141,-0.115159198641777,-0.0966050624847412,-0.1111451461911201,-0.0778386071324348,0.0150565132498741,-0.1141904816031456,-0.0477479323744773,-0.0895139798521995,0.0993104130029678,0.1150139346718788,-0.1014412194490432,-0.0027171697001904,0.1028830483555793,-0.091724194586277,-0.0931112766265869,0.1150589510798454,-0.1146096289157867,-0.1135785207152366,0.0347385555505752,-0.1119602918624877,-0.0980340614914894,0.105115070939064,0.1147556379437446,-0.1047267317771911,-0.0369742549955844,0.1122848466038703,-0.1150639131665229,0.0045433081686496,-0.012143955565989,0.0376769192516803,0.0577133744955062,0.0053426730446517,-0.0170583482831716,-0.0958998501300811,-0.1081990599632263,-0.1122807338833808,-0.1047883406281471,-0.1148307546973228,-0.0838191956281662,0.1084922030568122,0.1147230267524719,0.0155983865261077,0.1146231964230537,-0.0871438533067703,-0.1113743484020233,0.1151337102055549,0.0380583256483078,0.0965166166424751,0.0620597787201404,0.112328253686428,-0.0867648050189018,-0.0164430625736713,0.1150992736220359,0.005402788054198,-0.0582699365913867,0.0204126071184873,-0.0943873524665832,-0.03156703338027,0.0369321592152118,0.0735970363020896,0.0113532003015279,-0.0626382678747177,-0.0041790497489273,-0.0289439298212528,0.1150040924549102,0.0720455050468444,-0.0476976856589317,0.0981941968202591,0.1151269823312759,0.0899268686771392,-0.0844917446374893,-0.0100110564380884,0.0030510749202221,-0.0336468331515789,0.1135336384177208,-0.0849104449152946,-0.0550894401967525,0.1144858375191688,0.1078282073140144,-0.05956457182765,-0.1090174317359924,-0.1152098253369331,0.0442403741180896,-0.0381538160145282,-0.0966273248195648,0.1145816370844841,0.1117354482412338,-0.1067200973629951,0.0820658802986145,0.0626406669616699,0.1140594854950904,-0.017803082242608,-0.1038188263773918,-0.0900918841361999,-0.1152711361646652,0.1141841113567352,-0.1135453432798385,-0.1121969521045684,-0.1025080308318138,-0.0858177095651626,0.1146962940692901,-0.1139649003744125,0.1122799590229988,-0.022821944206953,0.1112720295786857,0.1131374612450599,0.1151892021298408,0.1147396937012672,-0.0028902075719088,0.0947447270154953,0.0923898220062255,0.1052301004528999,0.1068959534168243,0.1144463419914245,0.106828786432743,0.1150427013635635,0.0139054413884878,-0.1145071014761924,0.1091816201806068,0.0339240878820419,0.0614040084183216,0.0953099429607391,-0.0490618012845516,0.1068652719259262,PXDMRLZYFOTMJM-UHFFFAOYSA-N,CCN(CCN1CCCC1)C1CCNCC1
0.1017020493745803,0.1021880730986595,0.1021496951580047,0.0981010645627975,-0.0226595755666494,0.059068389236927,-0.1010870561003685,0.0233676563948392,0.1017657443881034,0.0928970053791999,0.0992829129099845,0.0875411182641983,0.1021814942359924,0.0872831717133522,0.045392345637083,0.0990554615855217,0.0994569510221481,0.0859094187617302,-0.1017928719520568,0.1021804511547088,-0.1013126745820045,-0.1019396260380745,0.1014975234866142,0.1002418249845504,0.0949233695864677,-0.1021889969706535,-0.1021910235285759,0.0981487855315208,0.0654280558228492,0.0632083490490913,0.1015597656369209,-0.0755528435111045,-0.0829064100980758,-0.0476076677441597,-0.1018643826246261,0.1010453328490257,-0.1021462306380271,0.1018431484699249,-0.0951251313090324,-0.100721389055252,-0.102136842906475,-0.1021661236882209,-0.1018826439976692,0.0761088207364082,0.1021441593766212,0.1017436236143112,-0.0341023802757263,-0.1014207378029823,0.0354280211031436,-0.0648230761289596,0.1021402701735496,0.0755409523844719,-0.0853179171681404,0.0966851264238357,0.0971819534897804,0.0742927268147468,0.0045992615632712,0.0736725181341171,-0.102164514362812,-0.0384353771805763,-0.0822585746645927,0.1021913215517997,-0.0443815998733043,0.0990559011697769,0.1021448522806167,-0.0065522035583853,-0.0966372117400169,0.0581213273108005,0.0929316505789756,-0.1021296679973602,0.0920868813991546,0.1021914929151535,-0.0058059967122972,-0.1011536568403244,-0.0396206155419349,-0.1021334156394004,0.0425242930650711,-0.0293530877679586,-0.0861845090985298,0.0865277200937271,0.0977004021406173,0.1021578460931778,0.0915559381246566,0.0982321128249168,-0.0314555391669273,0.1020479276776313,-0.0984267070889473,0.0432515144348144,-0.0965304523706436,0.1021586135029792,0.0892003253102302,0.0951185524463653,-0.1021880805492401,0.029517913237214,-0.1021915599703788,0.1017316877841949,0.0758658275008201,-0.0169444512575864,0.098588116466999,0.1020591780543327,-0.0532203838229179,0.0471452102065086,0.1021559089422226,0.1021766364574432,-0.0920696258544921,0.100939504802227,0.1021904945373535,-0.1019812002778053,-0.1015546843409538,0.1016808077692985,-0.1008088141679763,0.1020528599619865,0.0362562388181686,-0.1009328365325927,0.1020922437310218,0.0959858074784278,-0.1021714061498642,-0.0827794820070266,-0.0407931059598922,-0.0621742308139801,0.1011806279420852,0.0931662693619728,0.1017952039837837,0.1020071431994438,-0.1021198108792305,-0.1012463495135307,-0.089589424431324,-0.1020969152450561,0.1005297899246215,-0.0974955111742019,0.1005031168460846,0.1005279868841171,-0.0438640899956226,-0.0956057608127594,-0.0554302036762237,0.0963393747806549,-0.0991629138588905,-0.099554605782032,0.0983961373567581,0.0612963214516639,0.0997584387660026,-0.0828864723443985,-0.0998861193656921,-0.1003656610846519,0.0997262597084045,0.1000974923372268,-0.0357133224606514,0.0954216122627258,-0.1003281623125076,0.0275140888988971,-0.0841557756066322,-0.1005232110619545,-0.1002644449472427,-0.1004047766327858,-0.1005301997065544,0.0904498621821403,-0.0974575206637382,0.0473627522587776,0.1005209907889366,-0.1004578024148941,-0.1005304306745529,0.0980438590049743,-0.0716155022382736,-0.0943034589290618,-0.0976679325103759,0.0988408848643302,0.1004089415073394,-0.0952829793095588,-0.1004047766327858,-0.0987266153097152,-0.0781699866056442,-0.0777997225522995,-0.0993748754262924,0.0708118006587028,-0.1004271730780601,0.1004258394241333,-0.0662999153137207,0.100516676902771,0.080070823431015,0.0551328100264072,-0.1003118976950645,-0.0991930440068245,0.100440576672554,0.1003530472517013,-0.0983989909291267,0.0986992716789245,-0.0721523165702819,0.0867681428790092,0.1002707779407501,-0.0990526974201202,-0.0974829718470573,0.0595626309514045,0.0183333698660135,0.0978128910064697,-0.089918777346611,0.0999675169587135,0.0914696305990219,0.100529208779335,-0.095775157213211,-0.0998893976211547,-0.0686354115605354,0.0664065703749656,-0.0976416021585464,0.0869792252779007,-0.0962278246879577,0.0792353227734565,-0.0156360194087028,0.0779192447662353,-0.1005288064479827,0.0997568443417549,-0.0991863086819648,0.0706332772970199,0.1002595201134681,-0.035362385213375,-0.084700770676136,0.0906788632273674,-0.0838785544037818,0.1004318669438362,0.0828528106212616,-0.0990381985902786,-0.0827138423919677,-0.1001934334635734,0.0437060259282588,0.0692874640226364,-0.0157503057271242,-0.0982236489653587,0.0810278356075286,-0.1000203043222427,0.1005156487226486,0.1005067601799964,-0.100354216992855,-0.0760710164904594,-0.0545922927558422,-0.0691060572862625,-0.0795219764113426,-0.07499610632658,0.0988070592284202,0.0804938748478889,0.0526064746081829,0.1005178093910217,0.097625084221363,0.0998798981308937,0.0789440497756004,0.0991636887192726,0.0999007821083068,0.1003607660531997,0.0780033767223358,-0.0037662703543901,0.1005286127328872,-0.1005237624049186,0.0740219876170158,-0.0034483191557228,-0.0998409464955329,-0.1003211364150047,-0.1004542782902717,0.089998610317707,0.0752802342176437,-0.0985076650977134,0.0297949947416782,-0.0009142404305748,-0.0854728072881698,-0.1018634214997291,0.0986874848604202,-0.1017135977745056,-0.0977563560009002,-0.0873817950487136,0.1018807664513588,-0.0971825942397117,-0.1018750965595245,-0.1018809452652931,-0.0584199205040931,-0.0770943686366081,0.0298565626144409,0.1018753051757812,-0.0985345616936683,-0.1018745899200439,0.0650901645421981,0.1005316153168678,0.1018420532345771,0.1017184033989906,-0.0643651634454727,0.1009241268038749,-0.0162732135504484,0.1015627384185791,-0.080039694905281,-0.0909628495573997,-0.1017794236540794,-0.1018802002072334,-0.1017857491970062,-0.0426522009074687,0.094786949455738,-0.0940745770931243,-0.1018802523612976,-0.1018769219517707,-0.039937075227499,-0.0790975019335746,-0.1005347371101379,0.0437970496714115,0.1018803566694259,0.0916196033358573,0.1018804833292961,0.0632530972361564,0.0522787049412727,-0.0870443880558013,0.1018803045153617,-0.0211683679372072,-0.0216568037867546,-0.1016826033592224,-0.1011974886059761,0.1018679961562156,-0.0979834645986557,0.0828237384557724,-0.0238103754818439,0.0426428914070129,0.1017807945609092,0.1015474423766136,-0.1018784642219543,-0.0246053636074066,0.1018808931112289,0.0424798876047134,0.0886432453989982,0.0798117294907569,0.0667412504553794,0.0634667575359344,0.1018402203917503,0.0809611827135086,-0.101256251335144,-0.0255433320999145,-0.1017223894596099,0.1018796861171722,0.0934940874576568,-0.1018808558583259,-0.1011111214756965,0.1011667922139167,-0.0774218142032623,-0.1006271243095398,-0.0410843789577484,-0.0931298732757568,0.1012112647294998,-0.0979446396231651,-0.1018707901239395,-0.0798219814896583,0.0778736919164657,0.1006464660167694,-0.0818522274494171,0.0974746271967887,0.086847573518753,0.0852740854024887,-0.0954430475831031,-0.0061572911217808,-0.018647076562047,-0.1018784567713737,-0.1018775999546051,0.1018785759806633,0.1017604693770408,-0.1018809080123901,-0.1018543168902397,0.0902020335197448,0.101877748966217,0.1017916724085807,-0.1018804386258125,-0.1012306362390518,-0.0809215158224105,-0.0342482738196849,-0.0959041938185691,0.0636966675519943,0.1018380597233772,0.1018617749214172,-0.1017028465867042,0.0961108580231666,0.1015592142939567,-0.0860693827271461,0.0968696549534797,-0.1018809378147125,0.1018809452652931,0.1016120314598083,-0.0677351728081703,0.1017956957221031,0.1018755137920379,0.0753426849842071,0.101878598332405,-0.0964509099721908,-0.1018403097987175,0.1005966141819953,0.1109825000166893,0.0748674795031547,-0.0409355014562606,-0.1044120788574218,0.0409015901386737,0.1130759790539741,-0.0119793200865387,0.1235703602433204,0.098307579755783,-0.1266729533672332,0.1121717989444732,0.1276134401559829,0.1185572892427444,-0.0487759336829185,-0.0429878830909729,-0.0658751800656318,-0.0010889089899137,-0.0022179048974066,0.0122853675857186,-0.1192222535610199,-0.1085490062832832,0.1443385034799575,-0.121038481593132,0.0582539290189743,-0.0805909559130668,-0.0182585939764976,-0.0980660170316696,0.0862143263220787,-0.0993728414177894,0.0355714447796344,-0.0517570935189724,0.1350312083959579,0.0499005876481533,-0.082748956978321,-0.0769878178834915,0.1062955260276794,0.1336564272642135,-0.0506656281650066,0.0291159432381391,-0.0348435044288635,-0.110162541270256,0.1188781857490539,0.0636013448238372,0.1459010690450668,-0.1135538220405578,0.0458116941154003,0.0089143449440598,-0.0747799649834632,-0.0042853909544646,0.0495028235018253,0.0484203547239303,-0.0556837432086467,0.1348935067653656,0.1291438937187194,-0.1141068711876869,0.0674351379275322,0.0083894450217485,0.1237470284104347,-0.0024812521878629,0.0808510184288024,-0.1454837173223495,-0.101611278951168,0.0866448208689689,-0.0135566163808107,0.1143842712044715,-0.0087638134136796,-0.1303485184907913,0.0231590960174798,-0.0640610605478286,0.0486540757119655,0.1038412600755691,0.0517474040389061,-0.0535092391073703,0.0778780430555343,-0.1384871453046798,0.0773825868964195,0.1219919174909591,-0.0404115431010723,0.0740009769797325,-0.0544878207147121,-0.1344393640756607,-0.0240811593830585,-0.0935257747769355,-0.1464910209178924,-0.088967852294445,0.0804464817047119,0.115776926279068,0.1372577995061874,-0.098538264632225,0.1240527406334877,0.0671630352735519,-0.0800409018993377,0.0197929088026285,0.0710257366299629,0.0676131621003151,-0.101470798254013,0.1173975244164466,-0.0918991714715957,0.0794193893671035,0.0487322509288787,0.0002236860746052,-0.0337844565510749,0.1288893222808838,0.0519295893609523,0.1254172921180725,-0.0666509866714477,-0.1122307851910591,0.0596441924571991,-0.0237772390246391,0.1212871223688125,-0.0399611964821815,0.1305402815341949,0.0529314540326595,-0.0762640163302421,-0.0826347917318344,0.0950510948896408,-0.1108126193284988,0.1063373535871505,0.0143815241754055,0.0943033322691917,0.0085130324587225,0.0591572299599647,0.0119960764423012,-0.1160340011119842,0.0525266081094741,-0.0694296136498451,0.1284147202968597,0.1310577988624572,0.1192605942487716,-0.0508336834609508,0.0755524113774299,-0.0038880510255694,0.101490743458271,0.1402192413806915,-0.0472766980528831,0.0361338891088962,-0.0631611049175262,0.0434032529592514,-0.004451404325664,-0.1038892045617103,-0.0207819491624832,0.0415642373263835,0.0245699007064104,-0.136402353644371,-0.0145820854231715,0.0777305737137794,0.1014866679906845,0.0874342992901802,-0.0478667579591274,-0.1196430251002311,-0.030893376097083,-0.128788873553276,-0.1172845363616943,0.1436422914266586,0.0545413717627525,-0.1678715646266937,0.1396631896495819,-0.0610943399369716,0.1195457652211189,-0.1229666322469711,-0.0070443265140056,0.0716934129595756,-0.0532862432301044,0.0437063053250312,0.0892022475600242,-0.1350381672382354,0.0376826897263526,-0.0909526646137237,0.0324414670467376,-0.0478143952786922,0.1130402535200119,-0.0903638079762458,-0.1074098497629165,-0.1476088762283325,-0.1408986747264862,-0.0384026877582073,-0.0899843275547027,-0.090629756450653,0.1034283638000488,0.0540524758398532,0.0612637959420681,0.0251579768955707,-0.0345208942890167,-0.0566079951822757,0.0040725832805037,-0.0690562352538108,0.0673819333314895,0.0727831348776817,0.0075715817511081,-0.0279703754931688,0.107473075389862,0.1281149983406067,-0.1104571595788002,-0.1133883967995643,-0.1019338220357894,0.0453115813434124,0.0112209012731909,0.0227655600756406,0.1230798512697219,0.0232748184353113,-0.0519668199121952,-0.0010900488123297,-0.1222460269927978,0.0856096744537353,0.0984357669949531,-0.122809924185276,0.0658338442444801,-0.081684723496437,-0.0053604375571012,-0.1208433732390403,0.0898982658982276,-0.1202943325042724,0.0343972481787204,0.091762289404869,-0.0701508447527885,0.0307541172951459,0.1327238976955413,0.0466807037591934,-0.0451855696737766,0.1081074401736259,-0.1122505590319633,-0.1413095891475677,0.1497228890657425,0.0025588085409253,7.853809802327305e-05,0.0102485716342926,0.0815241932868957,-0.16226626932621,-0.1328091025352478,-0.0521294027566909,-0.0550675615668296,0.0519599057734012,0.065380074083805,0.0954319164156913,-0.1037496775388717,-0.0125635275617241,0.051910500973463,0.1023601219058036,-0.0423177629709243,0.0974175408482551,0.1308744996786117,-0.1176567748188972,-0.0361223630607128,-0.1280006170272827,0.1236054152250289,0.1078473106026649,-0.0228936001658439,0.0923003032803535,-0.1146806627511978,-0.1391715854406356,-0.059481106698513,-0.0203601866960525,0.1328754872083664,-0.0141204744577407,-0.1408746540546417,-0.0011137840338051,-0.1093768551945686,0.0916240289807319,0.0638170912861824,0.0665836036205291,-0.0759316682815551,-0.0790437832474708,-0.1239267289638519,0.0773425698280334,-0.0835800617933273,0.07023736089468,0.0302316192537546,0.0538160614669323,0.0679263472557067,-0.011016946285963,0.0414837747812271,0.0343786887824535,-0.0882389694452285,0.0315009765326976,0.0001687199110165,0.1168254390358924,0.1107923090457916,0.0254688300192356,-0.1259072721004486,-0.0787456184625625,1.3336531992536038e-05,-0.0705222114920616,0.1113929897546768,0.1275116950273513,-0.034729279577732,0.1035166904330253,-0.0374206230044364,0.120292417705059,0.0353463180363178,0.0699475482106208,-0.1178671419620513,0.0141912698745727,0.0547838173806667,0.0329160802066326,0.0983074530959129,0.0597786605358123,0.1110467687249183,-0.0338447391986846,0.1072188466787338,-0.1212100461125373,0.0852836370468139,0.1281684935092926,0.1028710454702377,-0.0856780782341957,0.0667372122406959,-0.0080962227657437,0.0832042843103408,-0.1166776046156883,-0.0179017409682273,0.0773160234093666,0.1039701327681541,0.1173342987895011,-0.1185542568564415,0.0879542082548141,-0.1266281008720398,-0.0261456053704023,-0.0604977570474147,0.1164904087781906,0.1162461787462234,-0.0297201722860336,0.0811508297920227,-0.123747818171978,0.1225602254271507,0.0382484681904315,-0.0561177544295787,0.0446865074336528,-0.0604723542928695,-0.1151826009154319,-0.1092700660228729,0.063968539237976,0.0425687469542026,0.0959870517253875,0.1051564961671829,0.0651825442910194,-0.1160789355635643,-0.0939858257770538,0.0673710405826568,0.1125233769416809,-0.0826068148016929,0.0190760213881731,0.0449495762586593,-0.1214650422334671,0.1226558238267898,0.102493941783905,0.1111008152365684,0.0758532583713531,0.1260177940130233,0.0657233893871307,-0.0313092656433582,0.0386084094643592,0.0007400483591482,0.107249230146408,0.0752412527799606,-0.0681568384170532,0.0951654389500618,-0.0096072563901543,0.1081645488739013,0.120903693139553,0.0683550611138343,-0.1172587424516677,0.1158246174454689,0.0201080683618783,-0.0844400972127914,-0.1162615641951561,-0.1245676502585411,-0.1249013096094131,-0.1000798493623733,0.0444451123476028,0.1159243658185005,-0.1118718162178993,0.124107614159584,-0.127164289355278,0.0963204503059387,0.0378210023045539,-0.1242812201380729,-0.1222907826304435,-0.0882263705134391,-0.0829948633909225,0.1001477539539337,-0.046544998884201,0.0992338731884956,-0.1253080815076828,0.0572747178375721,-0.1022370532155036,PGVUQNSQIZSADN-UHFFFAOYSA-N,[C-]#[N+]c1ccc(C(=O)NC(Cc2ccc(F)cc2)C(=O)NCCC)cc1
0.1080284640192985,0.1075804457068443,0.1127525866031646,-0.1101886481046676,-0.078736700117588,-0.0091981124132871,-0.1105555519461631,-0.0272967964410781,0.0863307416439056,-0.0766626447439193,0.064312994480133,-0.0116001553833484,0.1124462708830833,0.0174167118966579,0.0879909992218017,0.1123895496129989,0.0579081252217292,0.1117870584130287,-0.1051463782787323,0.1115017011761665,-0.0025376519188284,-0.0154604315757751,-0.0476638413965702,0.0999821573495864,0.0416672155261039,-0.1090179979801178,-0.1099164932966232,-0.0209878906607627,-0.0492707155644893,-0.077125146985054,0.0998594984412193,0.1128847301006317,-0.0809738114476203,0.1131292656064033,-0.1099469065666198,0.0929993465542793,-0.1044720038771629,0.0689992979168891,-0.1083059459924697,-0.0160389486700296,-0.1114427298307418,0.0616743043065071,0.0845735594630241,-0.0811346769332885,0.085322082042694,0.0982780084013938,0.0356812737882137,-0.1131069883704185,-0.0603990405797958,0.0546958036720752,0.112803116440773,-0.080529861152172,0.0145127298310399,0.0962155163288116,0.0072047119028866,-0.0282240658998489,-0.111031524837017,0.0377926416695117,-0.1126313284039497,0.0641925558447837,0.0810438394546508,0.1130590662360191,0.0011258436134085,0.0615667551755905,0.1045500114560127,-0.1068156585097312,-0.0508061274886131,-0.1124964877963066,0.0322254933416843,-0.110897272825241,0.1047835797071456,0.1130520328879356,-0.0922479778528213,-0.1110850274562835,0.0433488860726356,-0.1077788099646568,0.0935232415795326,0.042907316237688,-0.056568618863821,-0.10995514690876,-0.1048735007643699,0.1119541749358177,0.1128114387392997,0.0762104243040084,0.0862509682774543,0.092736542224884,-0.1121164038777351,-0.0799839943647384,-0.085205540060997,-0.0872236415743827,-0.05300984531641,0.0943725630640983,-0.1046233922243118,-0.1121797710657119,-0.1132591962814331,-0.0254852399230003,-0.0319014862179756,-0.0628413334488868,-0.0243747159838676,0.0987816005945205,0.1019014492630958,-0.1121014803647995,0.11058010160923,0.0788728818297386,-0.1106001213192939,0.0855326503515243,0.1131049841642379,-0.0999222323298454,-0.1078604683279991,0.1131302416324615,0.0964405015110969,0.106709636747837,0.0471761412918567,0.0971036106348037,0.1056787520647049,0.1044927462935447,-0.0942788571119308,0.0596676506102085,-0.1011465564370155,0.1114602759480476,0.1017955169081687,0.1022668182849884,0.0224563144147396,0.111327476799488,-0.1072793677449226,0.0684893056750297,0.1047887280583381,-0.0677034184336662,0.1064293459057807,0.0929756164550781,0.0962794050574302,0.1078204065561294,-0.1055141910910606,0.1079902201890945,-0.0830363184213638,-0.0448239520192146,0.0943859592080116,0.0762777999043464,0.0835422500967979,0.0890623033046722,-0.1012677252292633,0.0201798863708972,0.1079314947128295,-0.1079902350902557,0.107665441930294,0.1071295589208602,0.1079902425408363,-0.072290726006031,0.1079902425408363,0.1057138741016388,-0.1008735820651054,-0.0903650298714637,-0.106363371014595,0.0391952581703662,-0.1067943200469017,-0.0633368268609047,0.1022823750972747,0.0968675762414932,-0.021365126594901,-0.1017284542322158,-0.1054244190454483,0.1064329221844673,0.1079899817705154,0.0666662901639938,-0.0993668064475059,0.095689445734024,0.1079902425408363,-0.1066240444779396,0.055008802562952,0.100621297955513,-0.048944279551506,0.1079902201890945,-0.0606245510280132,-0.1057501807808876,-0.0187140479683876,0.0922838151454925,-0.0244290139526128,0.1006963178515434,-0.0709193274378776,-0.0429638437926769,-0.0999437049031257,-0.10291488468647,-0.0593337304890155,0.1079854145646095,0.1079877465963363,0.0428608991205692,-0.1079902276396751,0.052930112928152,-0.0823700502514839,-0.1079898178577423,0.0662634745240211,0.1079842820763588,-0.1079902425408363,-0.1079901233315467,-0.1079902425408363,-0.0477167032659053,0.0657528266310691,0.0976717919111251,0.1079897210001945,-0.0958208665251731,0.1079898402094841,-0.1074967384338378,-0.1079740300774574,-0.0849753320217132,0.1079902201890945,-0.1079902425408363,0.050560537725687,-0.0857488438487052,0.1079869866371154,-0.0269284006208181,0.1026965603232383,-0.1079902425408363,0.0671276077628135,0.1059241592884063,-0.1079902276396751,0.0687553435564041,-0.1074234768748283,0.1070911586284637,-0.0202063992619514,0.0943330898880958,0.0265349335968494,-0.0933049097657203,0.0867245718836784,0.100244715809822,-0.0593464113771915,-0.0183125026524066,0.0888598710298538,0.001086777774617,0.0362234152853488,-0.0381475053727626,-0.0713106095790863,0.0552363768219947,0.0695293694734573,-0.1079902201890945,-0.0279092025011777,-0.0993245989084243,0.0172560326755046,-0.0044811479747295,0.1079608723521232,0.1079455092549324,0.0185250416398048,-0.0882406830787658,-0.1024958118796348,0.1058076173067092,0.0519778057932853,-0.0229895208030939,-0.0023250426165759,0.105599358677864,-0.1079902425408363,-0.101706638932228,-0.1079891175031662,0.1066231057047844,-0.0837349146604538,0.1073661968111991,-0.10407255589962,0.1050852686166763,-0.0598480142652988,0.0355571620166301,-0.1103314086794853,0.0451740697026252,0.0683984011411666,-0.1074150428175926,0.1013497710227966,-0.1085759922862052,0.0391924828290939,-0.1091772019863128,0.0761348083615303,-0.0708912163972854,-0.0797524079680442,-0.1097015216946601,0.1095729023218154,0.0985875576734542,0.0997138395905494,0.1095456108450889,0.0249397829174995,-0.0976964980363845,0.1087253913283348,0.1103381440043449,0.110396884381771,0.1006332710385322,0.0311910416930913,-0.0973460897803306,0.0787485316395759,0.0650764554738998,0.1005801558494567,-0.0037910514511168,-0.0822576880455017,-0.0981147214770317,-0.06116534024477,-0.0048287506215274,-0.0007182274712249,-0.1070070341229438,-0.1103708744049072,0.075365662574768,0.0444288700819015,-0.1103906631469726,0.0686988681554794,-0.0948396921157836,-0.1041318923234939,0.0476266890764236,0.1069029718637466,-0.028503268957138,0.0638517886400222,-0.1045041531324386,0.1103737577795982,-0.0256391372531652,0.1058638095855712,-0.1041591763496398,-0.0523138009011745,0.1101352050900459,-0.0594726726412773,0.0804013237357139,-0.0697882324457168,-0.0992926359176635,-0.0214814841747283,0.0945801809430122,-0.0813880413770675,-0.0452242232859134,0.110383965075016,-0.0840828567743301,0.1067772507667541,-0.1076930910348892,0.0908517315983772,-0.1095778495073318,0.1102435812354087,-0.0786733627319336,0.1043470799922943,0.1070616915822029,-0.0742334127426147,0.1009135097265243,0.0834831148386001,-0.090021938085556,0.1104035750031471,-0.1104036793112754,-0.0655808299779892,-0.1071582809090614,0.0622036680579185,-0.1076781749725341,-0.1011354923248291,-0.1097027733922004,-0.1042278707027435,0.1096291542053222,-0.1073250994086265,0.1087829619646072,0.1102346405386924,0.0479788221418857,0.1072525084018707,0.0303158666938543,-0.0707095935940742,-0.0807447955012321,-0.1013510152697563,-0.1101042404770851,-0.1021319329738617,0.1052231714129448,-0.1056722626090049,-0.044981263577938,-0.1067394316196441,0.1082643941044807,0.1032466068863868,-0.0132952686399221,-0.0851655602455139,-0.1031405180692672,0.0456733331084251,-0.0561384297907352,0.066002644598484,-0.1103381887078285,0.0208721701055765,0.1096616312861442,-0.0146891381591558,0.0662667974829673,0.0882076025009155,0.0976320505142211,0.1007123813033104,-0.1104045957326889,0.1104021146893501,-0.0714418664574623,-0.1103889793157577,0.0230631567537784,0.0926655307412147,-0.1100621595978736,-0.0443638637661933,-0.0390151999890804,-0.0989304855465889,0.1032964214682579,0.1043683215975761,-0.0995817855000495,-0.0729385614395141,0.0497712530195713,0.002412143163383,-0.0449426993727684,-0.1077277138829231,0.1276838481426239,0.0001264144666492,-0.0304324775934219,0.1268700510263443,0.1163135170936584,-0.0223477166146039,0.0465080514550209,-0.0758435875177383,0.096306525170803,-0.130276933312416,0.0397121645510196,-0.0494538843631744,-0.0981806293129921,-0.0695129707455635,0.1109456345438957,0.0476646237075328,-0.0622070655226707,-0.0797088891267776,0.0963062271475792,-0.1111002191901207,-0.0878191590309143,-0.1120723038911819,0.1051883772015571,0.0360987894237041,0.1302737146615982,-0.1071900874376297,0.0926547050476074,0.1075979471206665,-0.1115218549966812,-0.0686683803796768,-0.1276398301124572,-0.0655380114912986,-0.1080001294612884,-0.0290364362299442,-0.0231458377093076,-0.1151404380798339,0.1302458494901657,0.0279300808906555,0.0687337815761566,0.1131781786680221,0.0802721232175827,0.106791079044342,0.0047710216604173,-0.1175410374999046,-0.1020866259932518,0.0981653854250907,0.116597406566143,0.0955178141593933,0.1056580021977424,0.034603476524353,0.0776388645172119,0.0477117858827114,0.014271761290729,-0.0460467003285884,-0.1025161072611808,0.1269872039556503,0.0210509076714515,0.1061503440141677,-0.0709659978747367,-0.1039170548319816,-0.0522400997579097,0.0972820073366165,-0.125902459025383,-0.0112092550843954,-0.1100048944354057,-0.0491783767938613,0.0612582191824913,-0.1179850175976753,-0.0588674321770668,0.127535879611969,-0.1236604154109954,0.0283362828195095,-0.1224949732422828,-0.0311332009732723,0.0695975050330162,-0.118177942931652,-0.0924779847264289,0.0010343252215534,-0.0486438535153865,0.0054484470747411,0.1232225894927978,-0.0692921131849289,0.1076259762048721,-0.075411170721054,0.064674474298954,-0.0216420162469148,0.0970705896615982,-0.0704791471362114,-0.1011048033833503,-0.0243338402360677,-0.0537258721888065,0.1120770126581192,-0.0780365392565727,0.1191870793700218,0.0482648722827434,0.0958374738693237,0.0839054360985755,-0.0098382048308849,-0.1239051595330238,-0.1276139765977859,0.1094871312379837,0.0718876793980598,0.1186773627996444,-0.0731440782546997,0.1255701333284378,0.1236221715807914,-0.1028584986925125,0.1090885996818542,0.0991435125470161,0.0857787281274795,-0.0295920353382825,-0.0723840370774269,0.0705989897251129,0.126142606139183,0.0003868681960739,0.118938110768795,0.1183198764920234,-0.1093581914901733,-0.0628277957439422,0.0499469861388206,-0.0564371347427368,-0.1479589790105819,-0.0039813863113522,-0.1113083437085151,-0.1045735478401184,-0.091769702732563,0.0056869145482778,0.1237264350056648,-0.0356589406728744,0.1205852851271629,0.105992779135704,0.1235238015651702,0.0132624199613928,0.0355179086327552,0.0805711820721626,0.093656986951828,-0.1370575428009033,0.0214399937540292,0.1448741853237152,0.1180669590830802,0.0438397675752639,0.0748211294412612,0.1218991354107856,-0.1372119039297104,0.1373859494924545,0.0470641404390335,0.0953083708882331,-0.1452486515045166,0.0420413389801979,-0.1095447689294815,-0.0631297156214714,-0.1051785051822662,0.0900334417819976,-0.1019482240080833,0.0120246382430195,-0.0153134353458881,-0.1455221623182296,0.0736925303936004,-0.1055241450667381,0.1205067858099937,-0.0178197957575321,-0.0064415489323437,-0.1384612768888473,0.1058366671204567,0.046788603067398,-0.020793680101633,-0.0706526711583137,-0.0103702107444405,-0.1223449856042862,0.1435668170452118,-0.0030853019561618,0.1046586856245994,0.0509935729205608,-0.0219278410077095,0.136458158493042,-0.0817254856228828,-0.123770959675312,-0.0981298610568046,0.1386742293834686,0.032644122838974,0.0991414189338684,0.1464565992355346,-0.1368872374296188,-0.089490033686161,0.1433551758527755,-0.0935898944735527,0.0076041966676712,0.0117985745891928,0.0165948197245597,-0.0486500933766365,0.0831652730703353,0.1228018105030059,-0.0556232221424579,-0.1013384088873863,-0.0700485706329345,0.1147362664341926,-0.0099328374490141,-0.0010047847172245,-0.0712251886725425,0.0713108479976654,0.0033490525092929,0.0307208113372325,0.092427410185337,0.0502328835427761,0.0887589380145073,-0.0547500923275947,-0.1468374133110046,-0.1013031154870987,0.1273634135723114,-0.0074577848426997,0.0554364584386348,0.0954838320612907,-0.0334685891866683,-0.0031955144368112,-0.0817560479044914,-0.0042118355631828,0.1323869079351425,-0.0105414614081382,0.0713175758719444,0.0824552550911903,0.0190046150237321,0.1293121725320816,0.0663182958960533,0.0973801091313362,0.0374707207083702,-0.0549621321260929,-0.0015190636040642,-0.0729424878954887,0.081282764673233,0.078129343688488,0.0042207399383187,-0.0952655300498008,0.0608717463910579,0.1423849612474441,0.0649060159921646,0.0804615393280983,-0.0011484685819596,0.1361420601606369,-0.1413581818342209,0.0490347035229206,-0.0955226719379425,-0.0631569176912307,-0.1069538816809654,-0.0324379205703735,0.015147247351706,-0.135046437382698,0.082950584590435,0.003588410327211,0.0573874562978744,-0.0953463762998581,-0.0298472717404365,-0.0977396294474601,0.0971459075808525,-0.0978858023881912,0.0974905043840408,-0.0965921059250831,0.0979547873139381,0.042090967297554,-0.0977923348546028,0.0979834422469139,-0.0945493727922439,0.0967642143368721,0.096038669347763,0.0974651128053665,-0.0915097743272781,-0.03489575907588,-0.0953207314014434,0.0917260348796844,-0.0267016347497701,-0.0973037928342819,-0.0953116416931152,0.0643387734889984,-0.0978080034255981,-0.0973827987909317,0.0943614393472671,0.0634822398424148,0.0917974635958671,0.0979695916175842,0.0651907324790954,0.096750408411026,-0.0883644074201583,-0.089185319840908,0.0295163635164499,-0.0912905856966972,0.0939901769161224,0.0979165583848953,0.078334629535675,-0.0580848529934883,-0.0127120316028594,-0.0356570146977901,-0.0085527366027235,-0.0881411954760551,0.0967202112078666,0.0979858413338661,0.0682249590754509,0.09799425303936,-0.0634877979755401,-0.0969968065619468,0.098007820546627,-0.0589221343398094,-0.0714453384280204,0.0980017334222793,-0.0978808179497718,-0.0980094969272613,0.0939603224396705,-0.0895242840051651,-0.0979935675859451,0.0899589881300926,0.0924045071005821,-0.0979511737823486,-0.0978715270757675,-0.0845480635762214,-0.0947117581963539,-0.0971775576472282,-0.0922961384057998,0.0979906395077705,-0.0978588238358497,0.0980049669742584,0.0978045910596847,0.0602401979267597,-0.0839713960886001,0.0467574223875999,-0.0772150456905365,-0.093868464231491,-0.0468380786478519,-0.0980047434568405,0.0970494523644447,0.0966845601797103,-0.0979229733347892,0.0979425385594368,-0.0946682021021843,0.0980088710784912,0.0963368639349937,0.0938574150204658,0.0979177206754684,-0.0971430614590644,0.0667658075690269,-0.0979647561907768,-0.0979949533939361,-0.0977363064885139,-0.0923845171928405,-0.0919637456536293,-0.0875764861702919,0.0951838195323944,-0.0978530049324035,-0.0967050269246101,-0.0692477896809578,-0.0895400419831276,0.0969495177268982,-0.0954509899020195,0.0979204550385475,-0.0963819697499275,0.0978181809186935,0.0979911684989929,-0.0980064123868942,0.0896620973944664,0.0953897908329963,0.0975149646401405,-0.0967470780014991,0.0794608741998672,0.0979818478226661,0.0980105102062225,-0.0724930167198181,0.0971483290195465,0.0919469967484474,0.0972418561577797,-0.0030102559830993,-0.071878507733345,0.0980091616511344,0.0656218603253364,-0.0970530062913894,0.0925855040550232,0.0960866808891296,0.0872829407453537,0.0786090642213821,-0.0974619314074516,0.0938889905810356,QSMUEFKYRNFGAW-UHFFFAOYSA-N,CC(C)(C(=O)NCCCc1ccccc1)S(=O)(=O)c1ccc(C(F)(F)F)cc1
0.102853313088417,0.0013943306403234,0.0676715075969696,-0.1066146343946456,-0.1068084686994552,0.0013270473573356,-0.0981114506721496,0.0737326741218566,0.0126550709828734,-0.1064419746398925,-0.0969388633966445,0.0200092773884534,-0.0578010864555835,-0.1000592708587646,0.1070268079638481,0.0597215220332145,-0.1037138327956199,0.1069473326206207,-0.0589804202318191,-0.0464331731200218,-0.0832969397306442,0.0725187882781028,-0.1059510707855224,0.1037774309515953,0.1021201312541961,-0.003448411822319,0.0737161189317703,0.0101724416017532,0.0152390282601118,-0.1039568334817886,-0.1069838628172874,0.1062253564596176,0.1067269966006279,0.1070293486118316,0.0671471953392028,0.0950687006115913,0.0550541281700134,-0.1065889745950698,0.0709399729967117,-0.100405178964138,-0.0219657812267541,0.0981402769684791,0.1018948480486869,-0.1067059114575386,0.0871767625212669,-0.0656070709228515,-0.1069221943616867,-0.1058825105428695,0.0774892419576644,0.1047603711485862,-0.0942994803190231,-0.0804339349269867,0.1060972139239311,0.1051009967923164,-0.0050363526679575,-0.098708763718605,-0.1054197177290916,-0.0913351625204086,0.1025555506348609,-0.1061034500598907,0.1070235818624496,0.1063657999038696,-0.1052237749099731,-0.0831381231546402,-0.1062543764710426,-0.0911017656326294,-0.0602245517075061,-0.0985445007681846,0.0779168754816055,-0.0211214777082204,0.1056193634867668,-0.0571474246680736,-0.0890597105026245,-0.1064310520887374,-0.0949081033468246,0.030130386352539,-0.1053022369742393,0.1066231653094291,0.0940259769558906,-0.1070298850536346,-0.0625810921192169,0.1070265844464302,0.1070001572370529,0.095496155321598,0.1017256677150726,-0.0886882841587066,-0.1016553044319152,0.009195421822369,-0.0941816121339798,-0.102507397532463,0.1052942797541618,0.1009911596775055,-0.0118256621062755,-0.1070216447114944,-0.0586606599390506,-0.1044229641556739,-0.1011519730091095,0.1068337336182594,0.0784484073519706,0.0223106797784566,0.0780148431658744,-0.075132668018341,0.1021488234400749,-0.0994767174124717,-0.1069594025611877,-0.1050690859556198,0.0593110956251621,-0.0810457244515419,-0.1006787568330764,0.1070051938295364,0.1045872196555137,-0.0978226289153099,-0.1057010143995285,0.1025123968720436,0.1067355796694755,0.1059284061193466,0.0114766713231801,0.0155660659074783,-0.107016384601593,0.1069449111819267,-0.038886547088623,0.0920556932687759,0.0461581423878669,0.0419310443103313,0.0831113830208778,0.1060889512300491,0.1037493720650672,-0.0670781061053276,0.1002037599682807,0.0990193262696266,0.0999145880341529,0.1000130772590637,0.0833637118339538,0.1002884805202484,-0.0511878579854965,-0.0654005110263824,0.1001972556114196,0.0979526042938232,-0.0865934193134307,0.0163609907031059,-0.0496835820376873,-0.1002478972077369,0.1002883613109588,-0.100288487970829,0.0998717248439788,0.0794656425714492,0.1002853885293006,0.0391592346131801,0.100288487970829,0.0718755424022674,-0.1002448126673698,-0.0369396097958087,0.0207831598818302,0.0919823721051216,0.0269385389983654,-0.1000758931040763,-0.0953493043780326,0.0136875230818986,-0.100273348391056,0.0966246500611305,0.0951542854309082,0.1002877652645111,0.100288487970829,0.0999047309160232,0.0983963161706924,-0.1002841219305992,0.100288487970829,-0.0888435915112495,0.1002295091748237,0.1000763028860092,0.1002789288759231,0.1002161428332328,-0.0436347983777523,-0.094650849699974,-0.0697843208909034,-0.0823305249214172,-0.0992972403764724,0.1001615673303604,0.0941057652235031,-0.1001837998628616,-0.0933621302247047,-0.1002546921372413,-0.0927990153431892,0.0976209193468093,0.100288487970829,-0.100288413465023,-0.100288487970829,-0.0961444601416587,-0.0990586876869201,-0.1001702323555946,-0.1002491414546966,0.0544015876948833,-0.1002754494547844,-0.100288487970829,-0.100288487970829,0.1002172380685806,-0.1001023799180984,0.0049587315879762,0.1002884730696678,-0.1000888496637344,0.0437196418642997,-0.0996736511588096,-0.1002835631370544,-0.0577096492052078,0.0984717682003974,-0.100288487970829,-0.0871912315487861,-0.1001060232520103,0.1002883687615394,-0.0763580799102783,0.100245252251625,-0.100288487970829,-0.0941191017627716,0.0991636216640472,-0.1002884730696678,0.0965751633048057,0.1002680510282516,-0.0333557575941085,-0.0926844850182533,-0.073949858546257,0.0064199012704193,0.1002353727817535,-0.056834403425455,0.1002859473228454,-0.0729335099458694,-0.1002871692180633,-0.0310410633683204,0.0956754386425018,0.0976518616080284,-0.0249676275998353,0.0507764779031276,-0.099662534892559,0.0986991077661514,-0.100288487970829,0.0981670916080474,0.0707517340779304,-0.099968783557415,0.0429829508066177,0.0995632037520408,0.0896870195865631,-0.1002466082572937,-0.0963915959000587,0.0377846844494342,0.1001424938440322,-0.1001828238368034,-0.0880850628018379,0.0979183912277221,0.0990383252501487,-0.100288487970829,0.0755642130970954,-0.1002882421016693,0.099825344979763,-0.0668437033891677,0.0964857786893844,-0.0175143629312515,-0.0066038081422448,-0.0140010295435786,-0.0999124869704246,-0.103405475616455,0.1002596020698547,0.1036862954497337,0.1036987453699112,-0.08064616471529,-0.0956466197967529,0.0999689921736717,0.0366950556635856,0.1034363284707069,-0.1036504879593849,0.103558674454689,0.0930689349770546,0.1021317690610885,0.0045857955701649,-0.1036882400512695,-0.0687327608466148,-0.0759575739502906,-0.0661987662315368,0.0349340252578258,-0.0894650816917419,0.1036755740642547,-0.0565603114664554,-0.0936189517378807,0.0549702942371368,0.1034208089113235,-0.060794074088335,0.1035365387797355,-0.0575497969985008,0.1036998704075813,0.1022671982645988,-0.0847714841365814,0.1032360345125198,0.0477158799767494,0.0296283364295959,0.1036712825298309,0.067042089998722,0.0816984549164772,-0.026784548535943,0.1037035807967186,0.0339718908071517,-0.1029195412993431,-0.1036877483129501,-0.1013757064938545,-0.0980096757411956,0.100818783044815,-0.0892063379287719,-0.1035882607102394,-0.1012184843420982,-0.0147566702216863,-0.1034342795610427,-0.1037036031484603,0.1037036180496215,-0.0654348284006118,0.1030937880277633,0.1005028486251831,-0.0285331923514604,-0.1030755564570427,-0.0894884467124939,0.1036774367094039,0.1036919206380844,0.1004433706402778,-0.1035945117473602,0.0708289295434951,0.1018295511603355,0.1034072488546371,0.1035941466689109,0.1036870256066322,-0.0168674048036336,-0.103013627231121,0.1036590337753295,-0.0936958119273185,0.1010405346751213,-0.0241369158029556,0.1032084226608276,0.0822175145149231,-0.1036579236388206,0.1034167855978012,-0.1036580055952072,-0.1035446375608444,0.0978986695408821,-0.1034870445728302,-0.07813610881567,-0.1035274937748909,-0.0751742050051689,0.0967469960451126,-0.1036796569824218,-0.0852480083703994,0.0493386499583721,-0.1022557318210601,-0.0996003895998001,0.1037036851048469,0.1036777421832084,-0.0329600423574447,-0.1036999523639679,-0.1031891629099845,0.0118613550439476,-0.0583623871207237,-0.1013166159391403,0.0241443607956171,0.0625173151493072,-0.0566476322710514,-0.0743081718683242,0.0997292846441268,0.0537264943122863,-0.1014642119407653,-0.103185623884201,0.1037034019827842,0.1025225669145584,-0.1036559641361236,-0.0703463181853294,0.1035157069563865,-0.1035434603691101,0.0316919721662998,-0.089907668530941,0.1036948859691619,0.016057951375842,0.1035555973649025,0.0084254080429673,0.0897905081510543,-0.0862905159592628,-0.1027608588337898,0.1034031808376312,-0.0985949784517288,0.1035165414214134,-0.0460299588739872,-0.0924959182739257,0.0100658535957336,0.0216648802161216,-0.0453103184700012,-0.0092183900997042,0.0353068746626377,0.1409078985452652,-0.0188943725079298,0.1365851014852523,0.1163610517978668,-0.1207436993718147,0.1505075097084045,0.0464256480336189,0.0722181424498558,-0.0648236274719238,-0.099069707095623,-0.0007049195701256,0.0058015119284391,0.0025795428082346,-0.0105268685147166,-0.1089066043496131,-0.1270663738250732,0.1507481038570404,-0.0285091809928417,0.0749041214585304,-0.1033070683479309,-0.0581975691020488,-0.0894570797681808,0.031884416937828,-0.0461280047893524,-0.0218020975589752,0.0120139857754111,0.1363542377948761,0.1128184124827385,-0.0827066153287887,-0.0331848450005054,0.0244417395442724,0.1080634370446205,-0.050391498953104,-0.0300519987940788,0.0943743139505386,-0.1097528114914894,0.0508079044520854,0.055754218250513,0.13262839615345,-0.0808411836624145,0.0514831878244876,0.0799014419317245,-0.023196306079626,0.1047688722610473,0.0275151655077934,0.0374250225722789,0.0187878515571355,0.1447391360998153,0.1299655735492706,-0.1303494274616241,0.0824435129761695,-0.0002778813068289,0.1462006717920303,-0.0531703308224678,0.151590496301651,-0.1474089473485946,-0.090419016778469,0.0428975485265255,-0.0339260436594486,0.1226126328110694,0.0442969016730785,-0.1369316130876541,0.1048071905970573,0.0184204448014497,0.0159135218709707,0.1267595589160919,0.0703502893447876,-0.0539025142788887,-0.0281683504581451,-0.1429500877857208,-0.0145938321948051,0.1058615148067474,-0.1302432566881179,0.0346153900027275,0.0085364459082484,-0.1142987608909607,-0.0256642159074544,0.0232192669063806,-0.1608345210552215,-0.0781255811452865,0.0155399339273571,0.0912613719701767,0.1627569198608398,-0.0558893829584121,0.1157833784818649,0.1278600692749023,-0.0624967515468597,0.0480735972523689,0.0993619710206985,0.0882232338190078,-0.0973348543047905,0.1311238408088684,-0.0383931249380111,0.0281147919595241,-0.0957899168133735,-0.1074951961636543,-0.0428079329431057,0.1248961314558982,0.0786521136760711,0.1291488111019134,-0.1321006268262863,-0.0604639090597629,0.0579208023846149,0.0210001319646835,0.0656068623065948,-0.1264722645282745,0.1598443239927292,0.1288796961307525,-0.0179719366133213,-0.0878941118717193,-0.0187778938561677,-0.0422188304364681,0.1298355460166931,-0.0712124332785606,0.0994362011551857,-0.0741305202245712,0.0656916052103042,-0.0429565235972404,-0.0463678799569606,0.0754915028810501,-0.0863505080342292,0.1372710764408111,0.0779331251978874,0.0721862167119979,-0.0812278762459755,0.1350094377994537,-0.0117809800431132,0.135760486125946,0.1363372653722763,0.069600872695446,0.0313559994101524,-0.0684847012162208,0.1279933452606201,0.0549493730068206,0.1008462309837341,0.1032630279660224,0.0776406079530716,0.08956029266119,0.0184648372232913,0.0556204058229923,-0.0315243825316429,-0.132206842303276,0.1267481446266174,0.0886244475841522,-0.01287676487118,-0.0133104100823402,0.1057637482881546,0.0481806136667728,-0.109625220298767,-0.1083716824650764,0.1413318812847137,0.0180793311446905,0.119050346314907,0.1210963875055313,-0.090361475944519,0.1262102574110031,-0.0918222293257713,-0.0439389869570732,0.1381011456251144,0.0774965286254882,-0.1229383200407028,0.0748973563313484,-0.0859418958425521,-0.03867844119668,-0.0165377557277679,-0.1453129351139068,-0.0758476704359054,0.107353463768959,0.1433678567409515,-0.1026534736156463,-0.0090370196849107,-0.1317534893751144,0.0124593833461403,-0.0896191149950027,-0.0764649584889411,0.1241106539964675,-0.0090022971853613,0.0772159472107887,-0.0216112732887268,-0.0413370579481124,-0.021259170025587,0.1110613867640495,-0.1281088143587112,-0.0229925997555255,0.1171468570828437,-0.1315599828958511,-0.05997871235013,0.0254604890942573,0.1297408491373062,0.0268977377563714,0.0682048574090004,-0.101142942905426,0.0644060298800468,0.1165488064289093,-0.0767308324575424,-0.1313613504171371,-0.0783630684018135,0.0267849471420049,-0.0254270862787961,0.0299183838069438,-0.1081688851118087,0.0113319596275687,-0.029549578204751,0.1363939195871353,0.0024247046094387,-0.0955762043595314,0.1474277228116989,0.1199780330061912,0.133460596203804,-0.1031098142266273,-0.0459229089319705,-0.0966277047991752,0.0297660566866397,-0.0174699518829584,0.0900191292166709,-0.1438070386648178,-0.0481574870645999,0.1495053023099899,-0.0032479423098266,-0.022410437464714,0.0723153129220008,0.1062525957822799,0.0031301856506615,-0.0116761373355984,0.053629420697689,0.0683215782046318,0.1138867363333702,0.0337075628340244,-0.0741830989718437,0.1245156824588775,0.0075425747781991,-0.0654788464307785,-0.0971687063574791,-0.0978206470608711,-0.0639375001192092,0.1516231149435043,-0.1168717741966247,-0.0309106409549713,-0.0432679057121276,0.0274168271571397,0.0054759802296757,0.0725635811686515,0.1292415112257003,-0.0760895535349845,-0.123932659626007,0.1032122522592544,-0.1040543094277381,-0.0897590368986129,0.0205624569207429,0.0519700683653354,-0.0169804561883211,-0.0602780766785144,0.0988002344965934,-0.0001595824287505,0.0804156735539436,-0.1342577636241912,0.0954847708344459,0.1004841923713684,0.1135067641735076,-0.0437796227633953,-0.1051183193922042,0.0651077404618263,0.0201332829892635,0.057311899960041,0.0308147817850112,-0.0749112367630004,0.0054478370584547,0.1333994418382644,-0.1573299616575241,-0.0231011286377906,0.0595608092844486,-0.0800834968686103,0.00485669542104,-0.1390774846076965,-0.1075122877955436,-0.0818777680397033,0.0162477083504199,0.1367347836494445,-0.0273183304816484,0.0244170688092708,0.0600408166646957,-0.0781133845448494,0.1241262704133987,-0.0015709677245467,0.0430478081107139,-0.066108837723732,0.0222858730703592,0.0694362223148346,0.0397910512983799,0.0772237330675125,-0.0727200210094451,-0.0129435304552316,-0.1571284085512161,-0.048130590468645,0.0420327000319957,0.1708852797746658,-0.0531697385013103,0.172862023115158,-0.0764590501785278,-0.052980575710535,0.0771031156182289,-0.0846334174275398,0.0419104322791099,-0.0801265835762023,0.1555328965187072,0.0357053503394126,-0.070643313229084,-0.0689238458871841,0.0018948754295706,-0.110306940972805,0.055396169424057,-0.0765163153409957,-0.0232515037059783,0.0721352994441986,-0.0391548387706279,0.1064512133598327,-0.1327206790447235,0.0071018962189555,0.0204843506217002,0.0762166455388069,-0.0524519644677639,-0.092645838856697,-0.0563610047101974,0.146879568696022,0.1474947333335876,-0.1359990090131759,-0.0790772438049316,-0.0383194871246814,-0.0934541672468185,-0.0275564286857843,-0.0799185708165168,-0.0457059517502784,0.0813496261835098,-0.0658290758728981,-0.0248166117817163,-0.1442470103502273,-0.1314060688018798,0.0570534989237785,-0.0612639300525188,0.0169213972985744,0.1077581495046615,0.1623876094818115,0.0171212814748287,0.0601460821926593,0.0005402459646575,-0.0430107824504375,0.0545014701783657,-0.0885152220726013,-0.0584270469844341,-0.0166135504841804,0.1293573528528213,-0.0631071999669075,0.0392031706869602,-0.0417351126670837,-0.1232875138521194,0.102436639368534,-0.0297088958323001,-0.0295388679951429,-0.0644847005605697,0.1279384344816208,-0.1145703718066215,0.112767219543457,0.0628769546747207,0.0994122624397277,-0.1290193200111389,0.1688558012247085,-0.1589914858341217,0.1191937252879142,-0.109933391213417,-0.0889801606535911,0.023858094587922,-0.046610739082098,-0.013667163439095,0.1810629367828369,0.1199290007352829,0.1100632920861244,-0.1561045497655868,-0.0444656498730182,-0.0204802360385656,KYIRLUKSVDQRLM-UHFFFAOYSA-N,CCN1CCCC1CNS(=O)(=O)CCCC#N
-0.0099552441388368,-0.0639832243323326,-0.0911467745900154,0.1193362548947334,0.0775949731469154,-0.1234485059976577,-0.0004944054526276,0.0684151425957679,0.058744266629219,-0.0363049767911434,-0.1039633750915527,-0.0204014964401721,-0.1173284128308296,0.10203617811203,0.1244228258728981,-0.1224827170372009,-0.114707201719284,0.1044666618108749,0.1211956366896629,0.0861717984080314,-0.1072612330317497,-0.1195881217718124,0.0126070585101842,-0.0360228233039379,0.0466100797057151,-0.0797092020511627,-0.0171071160584688,0.0032721974421292,-0.0777373313903808,0.008649337105453,-0.1213246285915374,-0.0952761098742485,-0.0567385219037532,0.1173585057258606,-0.0763843357563018,-0.1070476919412612,-0.0110149877145886,-0.0320078693330287,0.1240488439798355,-0.0857850834727287,0.0205336567014455,0.1093827784061431,-0.104435883462429,0.1013911738991737,0.1226642876863479,0.1136472821235656,-0.1236363276839256,-0.0547372251749038,0.0489126034080982,-0.0341113694012165,-0.0863253995776176,-0.080983817577362,-0.0563073307275772,0.1210895925760269,-0.1171646937727928,-0.1153499335050582,0.1212005689740181,-0.111914537847042,0.085792988538742,-0.0772054120898246,0.1201942786574363,0.0550681427121162,-0.0196962635964155,-0.1049188673496246,0.0544699281454086,-0.0175476931035518,-0.0982289761304855,0.0379544273018837,0.1199337616562843,0.0052417293190956,0.1198347061872482,-0.0042612575925886,0.0443433560431003,-0.1166075691580772,-0.1153266653418541,0.1108023226261138,-0.1241128668189048,0.1172902807593345,0.1122560873627662,-0.1147705614566803,0.0528821796178817,0.1081702709197998,-0.0756561681628227,-0.1079094484448432,-0.0039202612824738,0.0925492420792579,0.1203484684228897,0.0240749195218086,0.0149946855381131,-0.025985212996602,0.1221135184168815,0.1065146848559379,0.1218415722250938,0.0526740476489067,-0.0546707957983017,-0.0754521414637565,-0.1102729216217994,0.0603945702314376,0.1097088828682899,-0.039604365825653,0.0650621354579925,0.0867466032505035,0.0613072626292705,-0.020239608362317,-0.1206900551915168,-0.1235079541802406,0.0775410532951355,0.0222197528928518,0.0947629511356353,-0.0688845217227935,0.0888021290302276,-0.1188753619790077,-0.0588070265948772,0.0948789417743682,0.0927707329392433,0.1205647066235542,0.0658781081438064,-0.090235911309719,-0.1235695108771324,0.1212839856743812,-0.0798082873225212,0.1061080917716026,-0.027968980371952,-0.0958381071686744,0.0963037312030792,0.056819912046194,-0.1018703132867813,0.021994287148118,0.099567137658596,0.0729805380105972,0.0325049795210361,-0.118456982076168,0.1072365492582321,-0.1170612722635269,0.1129675954580307,-0.004579450469464,-0.0068330992944538,0.1169847771525383,0.0087059615179896,0.1097079291939735,0.1195363402366638,-0.0177734568715095,0.0517579242587089,0.0426043234765529,-0.1140782684087753,-0.0187095515429973,-0.0336926653981208,-0.0971086919307708,-0.0037280211690813,-0.1169330477714538,-0.0988909229636192,-0.1032351031899452,0.0830977857112884,0.0954061299562454,-0.1182838976383209,0.0915500670671463,-0.116841159760952,-0.1176769211888313,-0.1174173504114151,0.0493435822427272,0.10963986068964,0.10844137519598,0.0708323046565055,0.1180983111262321,0.097001813352108,-0.1186470985412597,-0.0551632940769195,-0.0042880089022219,0.0172533057630062,0.0268247555941343,-0.026656100526452,-0.0178155116736888,0.1173924878239631,0.003179803257808,-0.1124060079455375,-0.1048163920640945,0.1131088212132453,0.062496617436409,-0.1051026359200477,0.0786825343966484,0.1018412411212921,-0.0773138478398323,-0.1021099537611007,-0.1190872117877006,0.0358444638550281,-0.1192110627889633,0.0050511937588453,-0.1176121830940246,-0.0232647638767957,0.1148326471447944,-0.0215237755328416,-0.1178495585918426,0.1189491897821426,-0.0670031756162643,-0.1102567389607429,-0.0894344821572303,0.0510683469474315,0.0075571644119918,0.0349393412470817,0.0968917682766914,-0.1185672506690025,-0.0475841723382473,-0.1138882786035537,-0.1156407222151756,-0.1181344538927078,0.0936436131596565,-0.1193231269717216,-0.0916724428534507,0.0604922845959663,0.0643451660871505,-0.0883626788854599,0.1045360714197158,-0.0611214824020862,0.0439361743628978,0.1095969676971435,0.041989766061306,0.1153917536139488,-0.1127671375870704,0.031469602137804,0.1156370937824249,0.1178934350609779,0.1196106672286987,-0.094284102320671,0.1184078603982925,-0.0089243873953819,-0.0989528521895408,-0.108866699039936,0.1060443520545959,-0.0022335620597004,-0.0663812309503555,-0.0993204712867736,-0.1193571165204048,-0.0412772148847579,0.0315259397029876,0.0779152065515518,0.0249187424778938,-0.0600039809942245,0.1051219627261161,-0.0369465164840221,0.0391374789178371,-0.1169913634657859,0.0064613251015543,0.0988542884588241,0.1177987307310104,-0.064834214746952,0.1036877185106277,-0.1160436198115348,-0.1039260253310203,0.0895512253046035,-0.059914480894804,-0.0988983884453773,0.0595988631248474,-0.0268786046653985,-0.1175950393080711,-0.1112615391612052,0.10500118881464,-0.1102121099829673,-0.1092746406793594,0.1083991006016731,0.0973313525319099,0.1106406450271606,0.0584871470928192,0.0014471698086708,-0.1081864535808563,0.0819976925849914,-0.0094460351392626,0.0411296635866165,-0.0445964485406875,0.1100077182054519,0.0632663518190383,0.109467826783657,-0.0598293095827102,-0.0989639461040496,-0.099546268582344,-0.108152151107788,-0.0932251065969467,-0.1020120829343795,-0.1104637905955314,0.0893360152840614,-0.1073979139328002,-0.0723790824413299,0.0848667845129966,0.0367372296750545,-0.0254993420094251,0.1090782433748245,-0.1097049117088317,0.1100122854113578,0.009253635071218,-0.0302492883056402,0.0801440477371215,0.0290560070425272,-0.1042753607034683,0.1090781465172767,-0.0247580017894506,-0.0988993048667907,0.0212584789842367,0.1017779558897018,0.1092110574245452,-0.0669565424323082,-0.1097915321588516,-0.0498779118061065,0.0795608907938003,-0.0808492302894592,-0.1068128421902656,-0.0264198929071426,-0.1081495285034179,-0.0996122509241104,-0.1043003425002098,-0.1095030903816223,0.1009775847196579,-0.1105416640639305,0.0507646612823009,-0.0954181179404258,-0.0776795893907547,-0.089311346411705,-0.0809173434972763,0.1061605215072631,0.1106579154729843,0.1097083240747451,-0.1099964380264282,-0.1081784516572952,-0.0348646827042102,0.1101327314972877,0.107779286801815,0.0489639043807983,-0.0755386129021644,-0.0103761134669184,0.088331401348114,-0.0471016280353069,0.0924861431121826,0.0620365142822265,0.1070886477828025,-0.1016648337244987,-0.0965072736144065,-0.0320838466286659,-0.1095589697360992,-0.0926898121833801,0.1096179261803627,-0.0962558016180992,0.0485790111124515,-0.1044220402836799,-0.0022339678835123,0.1097588315606117,-0.0985219478607177,-0.1091706752777099,0.0039972532540559,0.106163389980793,-0.0736750066280365,0.1106178686022758,0.1105699762701988,-0.0566101484000682,-0.1103008240461349,-0.1036942079663276,0.0183793101459741,-0.1085633188486099,-0.0687537193298339,0.1064539775252342,0.0283307451754808,0.0997939705848693,0.0644030049443245,0.1104549244046211,-0.0840882658958435,-0.1051333919167518,-0.105066955089569,0.0557414926588535,0.1099298074841499,-0.1105324923992157,-0.1049222946166992,0.0922216922044754,-0.1103986650705337,-0.035428736358881,-0.1067382842302322,0.097789853811264,-0.0593097731471061,0.1050809025764465,0.1068080812692642,0.1040184721350669,-0.0364494174718856,0.0674274489283561,0.0986684337258338,-0.089842602610588,0.0608788356184959,-0.1092605292797088,-0.0071136993356049,-0.053056601434946,0.0265142284333705,-0.1096356213092804,0.1010053679347038,-0.0946316644549369,0.0552121214568614,-0.0168260876089334,0.115615963935852,0.1122291609644889,-0.063694342970848,-0.0542397312819957,-0.1098353490233421,0.0990398749709129,-0.1297598034143448,0.0819069072604179,-0.1247191429138183,0.068697951734066,-0.0941815227270126,-0.0873505845665931,0.104081854224205,0.0889670476317405,0.0259348638355731,-0.0193955022841691,0.1186504438519477,0.1302340775728225,0.0364170335233211,-0.1046099811792373,-0.0837581828236579,0.0771431028842926,-0.1181888505816459,-0.0693406537175178,0.0947530195116996,-0.0864817351102829,-0.0734254568815231,0.0614449270069599,-0.0993794649839401,-0.1016420274972915,-0.1268108934164047,0.1154146566987037,-0.0845001861453056,0.109904408454895,-0.1324364691972732,-0.1285170465707779,-0.0471951477229595,0.1119611337780952,0.121518537402153,-0.0449167676270008,-0.1099046468734741,-0.0448381006717681,0.0889915227890014,-0.0621242746710777,-0.0923188477754592,-0.0333737917244434,0.1026967540383338,0.0593693554401397,-0.1210075616836547,-0.1135429218411445,-0.1153296530246734,0.111075222492218,-0.0508066341280937,-0.1158571392297744,-0.0901022627949714,0.0792000815272331,-0.0283870194107294,0.0563162192702293,-0.0700044259428978,0.1187645196914672,-0.1170330196619033,0.0733896568417549,0.101943053305149,-0.0535485036671161,0.0774514526128768,-0.0894458144903183,0.1235094964504242,-0.0890317484736442,-0.0705101415514946,-0.0677787736058235,-0.1025816723704338,-0.1042907238006591,-0.0598452724516391,0.0632125437259674,0.1032220721244812,0.0301251113414764,-0.1265308707952499,-0.115489475429058,0.0219361688941717,-0.0706868022680282,-0.1168794333934784,-0.0899916365742683,-0.1032352596521377,0.1243506893515586,-0.1240498498082161,0.0112923383712768,0.1155762150883674,-0.0108374329283833,-0.0076315817423164,0.1086122244596481,0.0495646595954895,-0.1126024425029754,0.0512809306383132,-0.0200704950839281,0.1078103557229042,-0.1134355142712593,0.0247542914003133,-0.0845668092370033,0.1043405085802078,-0.0088745327666401,-0.1045122817158699,-0.0036482862196862,0.0935084372758865,-0.1018590703606605,-0.1287503093481063,-0.113429307937622,0.0752332583069801,0.1008394658565521,0.0548279657959938,-0.007078209426254,0.0765801072120666,0.0295684952288866,0.0733864977955818,0.0886981710791587,-0.0844410136342048,0.0552498809993267,-0.0353926569223403,0.0296167638152837,0.0515710525214672,-0.1306546032428741,0.0282885357737541,-0.0879971086978912,0.0995542407035827,0.1407473236322403,-0.0715292692184448,0.1124615892767906,0.1617109924554824,0.1193823292851448,0.0545267350971698,-0.0395288839936256,0.0299925003200769,-0.1667935401201248,0.0443317554891109,-0.1072690561413765,-0.0073677725158631,-0.1069048270583152,-0.0430014543235302,0.0327001474797725,0.1807623505592346,-0.1452621072530746,0.1766450405120849,-0.0116990292444825,0.073397696018219,0.0224489271640777,-0.0600021369755268,0.0183471404016017,0.0253292024135589,0.0370835177600383,0.0059732166118919,0.0975606590509414,-0.0072391675785183,0.0774992629885673,0.00776625610888,0.0584133602678775,0.1102647855877876,-0.0217826385051012,-0.0813669934868812,0.0617913305759429,-0.1041700169444084,-0.0284005180001258,-0.0004627179878298,0.0740053132176399,-0.0114526320248842,0.013421625830233,0.0398455448448658,-0.0696195885539054,0.0840188339352607,-0.0889240875840187,-0.0332805067300796,-0.0896487608551979,0.0472804978489875,-0.0742939636111259,-0.0989070758223533,-0.0060381847433745,-0.0606365352869033,-0.0521634556353092,0.0582861378788948,-0.0473949089646339,-0.0220236890017986,0.0974304229021072,-0.1068089008331298,-0.0607730187475681,-0.0532238222658634,-0.1332444995641708,-0.0195482149720191,-0.1171830222010612,-0.1328071504831314,0.1097631305456161,0.0009706182754598,-0.0118239521980285,-0.1200181022286415,-0.0626366212964057,-0.1083882749080658,-0.1818692684173584,0.016388613730669,0.1186318546533584,-0.0969110131263732,-0.0540813468396663,0.0422505289316177,-0.0306653324514627,0.0953334420919418,0.1847591251134872,0.0125620085746049,-0.0899844616651535,0.175355851650238,0.1246285140514373,-0.1622852832078933,0.0836048647761344,0.0839749276638031,-0.0773771628737449,0.0318521447479724,-0.0811802074313163,-0.0674641504883766,-0.1912705600261688,0.0829514265060424,0.0062185595743358,-0.0003207032277714,0.1016113758087158,0.0780483856797218,0.0783526599407196,0.003217518562451,-0.032493483275175,0.1087723821401596,-0.0289841629564762,0.0668501406908035,-0.0826753377914428,0.0773937851190567,-0.0698998495936393,-0.0124213630333542,-0.138223335146904,0.1088971719145774,0.0185886453837156,-0.1276891231536865,0.0783503800630569,-0.037794079631567,0.1002451479434967,0.0953641906380653,0.1484763622283935,0.0144650423899292,0.1491408795118332,-0.0375676527619361,-0.0359349399805069,-0.0357522331178188,0.1001726537942886,0.001399016007781,-0.1595531851053238,0.0719652473926544,-0.0988533720374107,-0.1127387210726738,-0.0144179305061697,-0.0607456900179386,-0.0788944661617279,0.0674440339207649,-0.1035726740956306,-0.1021087691187858,0.0713515952229499,-0.0263229422271251,0.0898569375276565,-0.0953556299209594,-0.017223821952939,0.0886333286762237,-0.0920879021286964,0.0250131320208311,-0.0200031250715255,0.0477422140538692,0.0334771908819675,-0.1335964798927307,-0.130145862698555,0.1454811543226242,-0.1148154363036155,-0.0022404638584703,-0.0292164236307144,0.0265822280198335,-0.0641476809978485,-0.0162417888641357,0.1096114814281463,-0.1108269467949867,0.0924555659294128,0.1325632780790329,-0.1464191526174545,0.1152071058750152,-0.0259972307831048,0.0370577163994312,0.0248906444758176,0.0840045139193534,0.04640344530344,-0.0639604106545448,0.0501640103757381,-0.1532734781503677,-0.0126716513186693,-0.1475052833557129,0.0033559708390384,0.0557129234075546,0.1123662739992141,0.0250888988375663,0.147180363535881,-0.0878242775797844,-0.0467346347868442,0.1759095937013626,-0.0565777234733104,0.0537970811128616,-0.0447576604783535,0.1042369678616523,0.0008036998333409,0.0353342369198799,0.1420910209417343,0.0421885438263416,0.1079580411314964,-0.0407835692167282,-0.0777861624956131,0.1152771934866905,0.0910333096981048,0.0462239496409893,-0.0316015370190143,-0.0648073032498359,-0.0692470446228981,0.0935227870941162,0.097221165895462,-0.0720139220356941,-0.1700386255979538,-0.0374335683882236,0.1152406707406044,0.0103572402149438,-0.0885239467024803,-0.0828879475593566,-0.1242608949542045,-0.1314687579870224,0.0173978097736835,-0.1083556860685348,-4.0617094782646745e-05,-0.0272857211530208,0.1202621459960937,-0.096697099506855,-0.1268685162067413,-0.1364638656377792,0.1344902217388153,0.0789800733327865,-0.1115198135375976,0.0576354749500751,0.0579944550991058,0.0687318816781044,0.0716347768902778,-0.0346635580062866,-0.0228864140808582,-0.0241084042936563,-0.0865160897374153,0.0769103169441223,-0.1560048758983612,0.1291983276605606,0.0275760050863027,0.0084862019866704,0.0019550961442291,-0.1450879871845245,0.1265352666378021,-0.0915765240788459,-0.0355923846364021,-0.0379530489444732,0.1050954163074493,-0.0479697249829769,0.1572698056697845,-0.0303369853645563,0.1232141330838203,-0.0927209854125976,0.0865086242556572,0.0736483037471771,0.08559200912714,-0.1096605136990547,-0.0051715807057917,0.1440068632364273,-0.0588215552270412,0.0030127125792205,0.1323948055505752,0.1331539303064346,-0.0394442901015281,-0.1077001169323921,-0.0399894006550312,0.0881834626197815,KEJKDUUDNHQKLQ-UHFFFAOYSA-N,CSCc1nc(CNCC2(O)CCCNC2)cs1
-0.0655205175280571,-0.0586484260857105,0.1056772768497467,-0.1021653190255165,-0.1042384058237075,0.1010628193616867,0.0555746853351593,0.0480714328587055,-0.0952866375446319,-0.1048431396484375,-0.1036498919129371,0.0684667229652404,0.1050939187407493,-0.0532997734844684,0.1064723059535026,-0.0583298169076442,0.0999060422182083,0.1000676825642585,-0.0940297245979309,0.0970177203416824,-0.0314891301095485,0.0235614385455846,-0.1066397428512573,0.0720110684633255,0.1063411459326744,0.1026554778218269,0.0164815746247768,-0.088524542748928,0.1005284264683723,-0.1044013723731041,-0.1064753383398056,0.1066251471638679,-0.1059135645627975,0.1066381409764289,-0.1065691858530044,-0.1062787026166915,-0.1041060239076614,0.099785566329956,0.1063605919480323,0.0764796435832977,-0.0893469676375389,0.1058960258960723,0.1055289357900619,-0.040730632841587,0.1059078648686409,0.1034295856952667,-0.1049080491065979,-0.1065719127655029,-0.0975646823644638,-0.0121866501867771,0.1011757850646972,0.097490556538105,0.1027402728796005,-0.0748560801148414,-0.1049338430166244,0.0396190360188484,-0.1066039204597473,-0.0732616633176803,-0.0958382859826088,-0.0480224341154098,0.1051835864782333,0.1061721593141555,0.0847724974155426,0.0196155738085508,0.1010041087865829,-0.1061064526438713,-0.1062301024794578,-0.1042596623301506,-0.0217962730675935,-0.0383795984089374,0.1023258343338966,0.1066452637314796,0.0785132944583892,-0.1066431701183319,-0.1056306362152099,-0.0034575201570987,-0.0864164382219314,0.1000043451786041,0.0671003237366676,-0.1066325083374977,-0.1059872582554817,0.1059848293662071,0.1065225973725318,0.1057143807411193,0.0557239726185798,0.1054157316684722,-0.1033633053302764,-0.0225300844758749,-0.0303574670106172,-0.1063126176595687,-0.0259929746389389,-0.0851037949323654,0.0890659242868423,-0.1064426004886627,-0.1066447868943214,-0.1022487506270408,-0.1066078692674636,0.0714046731591224,0.0164127796888351,0.1037934124469757,0.0440339595079422,-0.0924423485994339,0.1006818637251854,-0.0953250229358673,-0.1066061854362487,0.023151671513915,-0.0125441811978816,-0.0848375186324119,-0.0493565127253532,0.1065563112497329,0.0895141139626503,-0.0706261172890663,0.0410614348948001,0.0445982329547405,0.1060551404953002,0.098177783191204,-0.0330612026154994,-0.0548474416136741,-0.1066441684961319,0.1066132634878158,0.0153183173388242,0.0704644247889518,-0.0983228459954261,0.1046970710158348,-0.009130191989243,0.1037362813949585,0.1030106022953987,-0.1060940697789192,-0.0627290904521942,-0.0944535732269287,0.0451065711677074,-0.0940414294600486,-0.0934880748391151,0.0945033729076385,0.0945377647876739,-0.0943985059857368,0.0943658724427223,0.0943504571914672,-0.0833044275641441,0.0943977534770965,-0.0941734015941619,0.0743535906076431,0.0933137759566307,-0.0945379808545112,0.0944741368293762,-0.0945087298750877,0.0945129245519638,-0.094387449324131,0.0945379883050918,0.0937225297093391,0.0089099463075399,-0.0927342623472213,0.093780942261219,-0.0934089422225952,0.0487598478794097,-0.0945171192288398,-0.0945342928171157,0.0927874967455864,-0.0945278331637382,-0.0944882854819297,0.0943916961550712,0.0867239832878112,0.0945379436016082,0.0944523066282272,0.066410444676876,-0.0945345982909202,0.0945378839969635,0.093275137245655,0.0941269472241401,0.0865861698985099,0.0945219323039054,0.0945130884647369,0.0647698044776916,0.0904420539736747,-0.0339254587888717,0.0700769424438476,0.025471281260252,-0.0945005863904953,0.0726710483431816,-0.0936795398592948,0.0945332646369934,-0.0945379883050918,-0.0754842832684516,0.0488049611449241,0.0629372671246528,-0.094537004828453,-0.0942644849419593,-0.09401835501194,-0.0944382101297378,-0.0944469273090362,0.0829411447048187,0.094483733177185,-0.094537541270256,-0.0939662903547287,-0.0945379883050918,-0.0944541543722152,0.0921796932816505,-0.09453796595335,0.0945194065570831,-0.094406358897686,0.0945347845554351,-0.0945144817233085,-0.0945043563842773,-0.0945348739624023,0.0942867249250412,-0.0945379883050918,-0.077774778008461,-0.0943350121378898,0.094537928700447,0.0934291258454322,0.0945176407694816,-0.094537928700447,-0.0945377424359321,0.0941969081759452,-0.09453796595335,-0.0064524062909185,0.0877474471926689,0.0945209413766861,-0.023267226293683,0.0869476124644279,0.0944177508354187,0.0945292636752128,-0.0917060226202011,0.0937531217932701,-0.0945220813155174,0.0788236036896705,-0.0582661554217338,0.071929283440113,-0.0943581312894821,-0.0945330485701561,-0.041487943381071,0.0930231884121894,-0.0878978446125984,-0.0942153707146644,0.0919229313731193,-0.0916639193892479,0.0944785550236702,-0.0913396850228309,0.0943942889571189,0.0945379510521888,-0.0945377424359321,-0.0941817313432693,-0.0945376753807067,-0.0824377685785293,0.0695022419095039,0.0944766476750373,-0.0945010557770729,0.0945254564285278,-0.0945379808545112,-0.0938611179590225,-0.0945379361510276,0.0945208966732025,-0.0941155478358268,0.0896096751093864,-0.0945252254605293,-0.0909566879272461,-0.1164590641856193,0.0387451760470867,-0.0618890300393104,-0.1054646670818328,0.1206112653017044,-0.103299967944622,0.0794295445084571,-0.1138923689723014,-0.114116296172142,-0.0831656157970428,0.0513024218380451,0.0647125765681266,-0.031494416296482,0.0969024375081062,0.0997007638216018,0.1066293269395828,0.1102900207042694,0.0195328574627637,0.0860919132828712,0.101421445608139,-0.0954735651612281,-0.0227420181035995,0.1110155433416366,0.0326026082038879,0.1020736768841743,-0.045559074729681,0.0583229809999465,0.1199662536382675,0.0832076147198677,-0.0837733596563339,0.1190178915858268,-0.1117221266031265,0.117784135043621,-0.0675498098134994,-0.0168074928224086,-0.1177693903446197,0.0708177760243415,-0.0708625316619873,-0.0345432236790657,-0.1202929690480232,0.1144184693694114,0.05087660998106,-0.1168064475059509,-0.1194501891732215,-0.0363574028015136,0.0645196586847305,-0.0820403918623924,-0.119473747909069,0.0398655869066715,-0.113429419696331,0.0951870381832122,-0.0632990002632141,-0.114099733531475,0.0947290807962417,-0.0635291710495948,0.1100887581706047,-0.1081134751439094,-0.0058827605098485,-0.0827499777078628,0.1127890720963478,0.1097958162426948,0.09922706335783,0.120846040546894,0.0469223409891128,0.1169148162007331,-0.0037064410280436,0.1131481826305389,-0.1096861585974693,0.0698463320732116,-0.1124305129051208,0.066765122115612,0.0893600806593895,0.021915765479207,0.1072408631443977,0.0464916229248046,-0.0803583711385726,0.1190260425209999,-0.1200106367468833,-0.1136033684015274,-0.1156205534934997,0.0825675651431083,0.078784555196762,-0.012012992054224,0.0643465146422386,-0.1087767630815506,0.096499852836132,0.095822088420391,0.0621933862566947,0.1060455814003944,-0.0884435921907424,0.1111171692609787,-0.0902773961424827,0.0657526925206184,-0.0898528546094894,-0.08722585439682,-0.1049853861331939,0.0330613479018211,-0.0083060897886753,0.066650666296482,-0.0148297604173421,-0.1179533824324607,-0.0465884357690811,-0.0911778286099433,0.0412995927035808,0.1148843318223953,-0.0283667296171188,0.0405491702258586,-0.0022009427193552,-0.0176992174237966,-0.1165874600410461,-0.0522065050899982,-0.0465558320283889,0.1161513775587081,-0.1110704615712165,0.1185115873813629,-0.0216279439628124,-0.1105652824044227,-0.0952046141028404,0.1159983724355697,0.1095577925443649,-0.1172269508242607,-0.1122426614165306,0.0135524170473217,-0.1205256655812263,-0.1174789369106292,-0.0660008266568183,0.0096629494801163,0.0083663510158658,0.0815309956669807,-0.0111930202692747,0.0413106605410575,0.0814202725887298,0.1236079037189483,-0.0348972454667091,0.049491461366415,0.1050435975193977,0.1498451381921768,0.0439063981175422,0.1116725578904151,0.1033035591244697,0.0474609211087226,-0.1267132461071014,-0.1150625422596931,-0.1203494146466255,-0.1491241604089737,-0.0518815480172634,0.0400453694164752,-0.1247583478689193,0.0010727433254942,0.1513359248638153,-0.0909170061349868,-0.0970149263739585,0.0661179199814796,0.0184109956026077,-0.0317612364888191,0.0797366052865982,-0.0522157102823257,-0.0755253583192825,0.0440476536750793,0.1364414244890213,-0.0502101071178913,0.0804315283894538,0.0954019948840141,0.1268405318260193,0.0994936153292656,0.0149376494809985,0.1537447273731231,0.0002866200520657,-0.0505896918475627,0.0065723625011742,0.1347243785858154,0.0607901848852634,0.0417451374232769,0.0458509549498558,-0.0174087956547737,-0.1178790181875228,0.0726975947618484,0.0988240987062454,0.0810873731970787,-0.1195548102259635,0.122993066906929,-0.0696430802345275,0.030268931761384,0.0725805088877677,-0.0892074182629585,0.1518764495849609,0.0060323756188154,0.1226648315787315,-0.1099027097225189,-0.1090280413627624,0.073016919195652,-0.1398632824420929,-0.0226749405264854,-0.0853967890143394,-0.1263078302145004,-0.095716580748558,-0.055214487016201,-0.0076490850187838,0.0511772818863391,-0.125521719455719,0.0030230120755732,-0.1371843069791793,0.0612526983022689,0.0917820632457733,0.1325141340494156,-0.1226984411478042,0.0584578737616539,-0.0322187468409538,-0.1128974109888076,0.1037929877638816,-0.0990571677684784,-0.1527609527111053,0.072756752371788,0.1360345780849456,0.0359857864677906,0.148740604519844,-0.0649357810616493,0.1083986088633537,-0.0586979426443576,0.0743852704763412,-0.0976248532533645,0.1105579510331153,0.0120259243994951,-0.035767339169979,0.1370916366577148,-0.0554152391850948,-0.0523666255176067,0.0807217434048652,0.0085700936615467,-0.1087381914258003,0.1447682976722717,-0.1054487004876136,0.0737072527408599,0.0378992334008216,0.1066012382507324,-0.0044251540675759,0.1393461525440216,0.0484048128128051,-0.0265498682856559,0.098209723830223,-0.0063754506409168,-0.0969152152538299,-0.0497757047414779,0.0598714910447597,-0.0749880149960517,0.0834095478057861,0.0153926443308591,-0.0580690465867519,-0.0919933170080185,0.0009138916502706,0.064998872578144,-0.0146578243002295,-0.0145986378192901,0.0165308788418769,0.1496742814779281,0.0520351007580757,-0.135225772857666,-0.0528767257928848,0.1098536327481269,-0.1062669679522514,0.0947253033518791,0.1240783557295799,0.1241128295660018,-0.0074829570949077,0.0734127983450889,-0.0328657515347003,0.1251320242881775,-0.021465016528964,0.1178916916251182,0.0430054552853107,0.0944544896483421,-0.1783855408430099,0.1076454892754554,-0.0533832274377346,-0.0515516698360443,-0.0486439764499664,-0.0980482101440429,-0.1019356623291969,0.02042156457901,-0.0423087477684021,-0.0101634580641984,0.1773768216371536,-0.0551371090114116,-0.141494333744049,-0.03645596280694,0.0847525671124458,0.0049836314283311,0.1648692190647125,0.0359378941357135,-0.0574866160750389,-0.0743462219834327,-0.0616984404623508,0.047104712575674,-0.1312606930732727,-0.0355008356273174,-0.0602319501340389,-0.0286053158342838,0.1275083869695663,0.0702401027083396,-0.0537619702517986,-0.0275136679410934,0.0472670048475265,0.0731460228562355,-0.0850847736001014,0.0467448830604553,-0.0191448796540498,0.0181373432278633,-0.0383018851280212,0.1620317995548248,-0.1122451946139335,0.0268201828002929,0.0016483375802636,-0.0007929431740194,-0.0101952850818634,0.1252251863479614,-0.0412403047084808,0.1129409968852996,0.1099421009421348,-0.1049737855792045,-0.0801204368472099,-0.1013437807559967,-0.1174820810556411,0.0145761212334036,-0.0356039218604564,0.0545897334814071,-0.0367788411676883,-0.0590362437069416,-0.0987679436802864,-0.1006013825535774,-0.1382436454296112,-5.791062721982598e-05,0.1105740517377853,0.0989143773913383,0.0975820571184158,-0.0867329835891723,0.0129396012052893,-0.0995110794901847,-0.0326416827738285,-0.037149142473936,-0.0229707639664411,0.0151757793501019,-0.1472336053848266,0.0719941928982734,0.0885147228837013,-0.1155567243695259,0.1086539477109909,0.1511684954166412,-0.0769552439451217,-0.0971719324588775,0.032587893307209,0.1595329046249389,-0.0777675881981849,0.0300997886806726,0.0437417924404144,-0.0722015649080276,0.0457022748887538,0.0897933542728424,0.000694976421073,-0.0626690834760665,0.0837271511554718,0.0645990893244743,0.0937156826257705,-0.1433681696653366,0.1066367179155349,-0.0698082521557807,0.1312301456928253,0.079652614891529,-0.0081325722858309,0.1370457112789154,-0.1117283031344413,0.0931372940540313,-0.1474685668945312,0.1091525182127952,-0.0054701110348105,-0.0464493334293365,0.0812918245792388,-0.1753209680318832,-0.0919209346175193,0.0149492770433425,-0.0987406000494957,0.0547991544008255,0.1105466559529304,-0.1089833229780197,0.0755499750375747,-0.0739082768559455,-0.0814382061362266,0.00522101810202,0.0070211892016232,-0.0251374244689941,0.0828530117869377,0.1657916903495788,0.166821539402008,-0.0037534441798925,-0.1019937619566917,0.1052736863493919,-0.0403971597552299,-0.0886415466666221,-0.0779388770461082,0.0250526573508977,0.0316943675279617,0.0237657148391008,-0.1137520223855972,-0.1465527564287185,-0.0705479905009269,0.0701102688908577,0.1280175298452377,0.0001193492935271,-0.0938910320401191,0.100422978401184,0.0470647253096103,0.0767194032669067,0.0644726306200027,-0.0661528781056404,-0.1353501081466674,-0.0395464450120925,0.1240772381424903,0.0504343472421169,-0.0204829983413219,-0.1405953764915466,0.1123841926455497,0.141315072774887,0.0399723015725612,0.0997449830174446,0.0620166733860969,0.1297603100538253,0.0403716154396534,-0.0884119644761085,-0.1367433369159698,0.0833247229456901,0.029413878917694,0.1487152129411697,-0.0650045648217201,-0.1109378412365913,0.0835583209991455,-0.0942471548914909,0.0628735721111297,-0.1353878080844879,0.0450182221829891,-0.0076870992779731,-0.0426804721355438,-0.1168904528021812,-0.0733854472637176,0.042397204786539,0.1192209273576736,0.0779235586524009,0.0795285776257515,0.0382578298449516,-0.0595747455954551,0.1187886595726013,-0.1089717373251915,0.047960489988327,-0.0557275749742984,0.1252601742744445,0.1331306248903274,-0.1672169715166092,-0.0793374478816986,-0.0448477752506732,0.0751261934638023,-0.067092090845108,0.0269492864608764,-0.0960441306233406,-0.0672125518321991,-0.1227099150419235,0.0370863825082778,0.0523317381739616,-0.0826499834656715,-0.0135516170412302,-0.0716706067323684,-0.1294796466827392,0.0413333736360073,0.0530377179384231,0.0336223542690277,-0.1364319920539856,-0.0368813052773475,0.0022670896723866,0.0972678586840629,-0.0533790178596973,0.0261754523962736,-0.046758834272623,-0.059052936732769,0.0849642381072044,0.0706552043557167,0.0884689465165138,0.0137811759486794,0.0752695053815841,0.0631443187594413,0.0476244390010833,-0.0117499055340886,0.0737743005156517,0.0724456757307052,-0.118986427783966,-0.1057489663362503,0.0196079220622777,-0.160480797290802,0.02191355638206,-0.0914430618286132,0.15997014939785,-0.0942838490009307,0.1373471021652221,-0.1517152637243271,0.0125681897625327,-0.1497086286544799,-0.017197722569108,0.0632277056574821,0.0069031398743391,0.1452541202306747,0.1670367419719696,-0.0418563075363636,0.1052122190594673,-0.0882178395986557,0.0455593802034854,-0.0350816547870636,QPVRKGNTQQJCQH-UHFFFAOYSA-N,N#Cc1ccc(S(=O)(=O)CC(N)=O)c(Cl)c1
0.08746799826622,-0.0684162899851799,0.018084991723299,-0.0802166163921356,-0.080016054213047,0.013606128282845,-0.0956124886870384,0.0711320266127586,-0.0739388987421989,-0.1086182594299316,-0.0519574284553527,-0.0614437013864517,-0.0266050528734922,0.0022581245284527,0.1244440823793411,-0.0580535866320133,-0.0201312825083732,0.1183989644050598,-0.0887563377618789,0.0116862952709198,-0.0722104385495185,-0.040398932993412,-0.0440175347030162,0.0842905938625335,0.1274085789918899,0.0727406442165374,0.0817789211869239,-0.0339011251926422,0.1058980375528335,-0.1120252609252929,-0.1229026168584823,0.1019217446446418,0.0676845461130142,0.1296631395816803,-0.0799463093280792,-0.0383573845028877,0.0250147767364978,-0.0890532359480857,0.0680571123957634,0.0666105598211288,-0.0766899809241294,-0.027025181800127,0.0794247537851333,-0.0432799868285656,0.0947970077395439,0.0812555253505706,-0.1121828481554985,-0.1174816712737083,-0.0648904144763946,0.1303396522998809,-0.1014147475361824,-0.1141515895724296,0.1331861764192581,0.0962469428777694,-0.1082342416048049,0.0484486520290374,-0.0824434235692024,-0.0656217634677887,0.0689489319920539,-0.1226621866226196,0.1005329713225364,0.1302156746387481,-0.0551173463463783,-0.1013161614537239,-0.0628624111413955,0.012735036201775,-0.0868280008435249,-0.1233104690909385,-0.0529979653656482,-0.0703074038028717,0.1095867305994033,0.1261768788099289,-0.09785046428442,-0.1306554079055786,0.0019489446422085,-0.0551740676164627,-0.1215785592794418,0.1161668449640274,0.1190094649791717,-0.1343188136816024,0.0731810703873634,0.1298250705003738,0.1286562830209732,0.0608141645789146,0.119672767817974,-0.0704785734415054,-0.0766605511307716,0.02357086725533,-0.1011301353573799,-0.1001047864556312,-0.0306826513260602,0.1181235536932945,0.1006458774209022,-0.0296980999410152,-0.0867977812886238,-0.1059704199433326,-0.1338847428560257,0.131433680653572,0.0570955574512481,0.0238360110670328,0.0546340383589267,-0.0108785238116979,0.1224196702241897,-0.0068316077813506,-0.1272246986627578,-0.0935140252113342,-0.0475453585386276,0.0955040678381919,-0.084180049598217,0.1336480975151062,0.0952626690268516,-0.0382739566266536,-0.1167600601911544,0.1000150963664054,0.1251685470342636,0.1047964915633201,-0.0030404664576053,-0.0754510760307312,-0.133362203836441,0.1321152448654174,0.0421105585992336,0.0758760422468185,-0.0647405236959457,0.0101046189665794,-0.0485077649354934,0.1224674955010414,0.0370313636958599,-0.053023163229227,0.1048527583479881,0.1046371012926101,0.1047129780054092,0.1042681038379669,0.1037205457687377,0.1050188094377517,-0.05898043140769,-0.0877681598067283,0.1048334836959838,0.0608309172093868,0.0065496377646923,0.0141793973743915,-0.0875923559069633,-0.1049545407295227,0.1050208285450935,-0.1050208583474159,0.1016317829489708,0.0961373001337051,0.1050122380256652,-0.0224800650030374,0.1050208732485771,-0.0089890789240598,-0.1048868596553802,-0.0355910249054431,-0.0855507627129554,0.0473288856446743,0.0418688878417015,-0.1033559218049049,-0.059035912156105,0.0950137749314308,-0.1039181351661682,0.1027269437909126,-0.0771635174751281,0.1049573048949241,0.1050207242369651,0.1038818806409835,0.0852727442979812,-0.1044977232813835,0.1050208583474159,-0.1036920771002769,0.097279854118824,0.1028583347797393,0.101338230073452,0.1049925237894058,0.0415840223431587,-0.10310660302639,0.009637514129281,-0.1037580221891403,-0.0595818348228931,0.0944536104798317,0.059630986303091,-0.1047168001532554,-0.0980036109685897,-0.1039904654026031,-0.0181568302214145,0.1000390797853469,0.1050208136439323,-0.1050193682312965,-0.1050208732485771,-0.1027596443891525,-0.1027408689260482,-0.1050049811601638,-0.1036490499973297,0.1040509194135665,-0.1050206273794174,-0.1050208732485771,-0.1050208732485771,0.0951777994632721,-0.0822321400046348,0.0862152650952339,0.1050207763910293,-0.0785264894366264,0.0995386093854904,-0.1049444675445556,-0.1050043627619743,-0.0653033629059791,0.1050145328044891,-0.1050208732485771,-0.1000799387693405,-0.0124641638249158,0.1050204485654831,-0.1026995480060577,0.1046612635254859,-0.1050208732485771,0.0944170653820037,-0.0043946676887571,-0.1050208210945129,0.0996593534946441,0.1045065745711326,0.0450696907937526,-0.0998803973197937,0.0010865442454814,0.0175698902457952,0.1045521944761276,0.0280094984918832,0.1048507615923881,0.0787851884961128,-0.1049298495054245,0.0622966587543487,0.0906591787934303,0.089380569756031,0.0095172896981239,0.0893439054489135,-0.104798287153244,0.0546865053474903,-0.1050208732485771,0.0806666165590286,-0.0192445274442434,-0.1049534007906913,0.0373618565499782,0.0974612310528755,0.0547945126891136,-0.1011002510786056,-0.0864607021212577,0.0123458225280046,0.1048212647438049,-0.1040627583861351,0.0807852745056152,-0.0413022190332412,0.0910986065864563,-0.1050208732485771,0.0306926351040601,-0.1050182282924652,0.0991223901510238,0.0207626167684793,0.0705645084381103,-0.0750783681869506,0.0757605209946632,-0.1009533554315567,-0.0934909880161285,-0.1046287417411804,0.0929150655865669,0.1050677224993705,0.1029537767171859,0.0987744927406311,-0.1024902984499931,-0.0269623883068561,-0.1046380922198295,0.0308505576103925,-0.0241869874298572,0.104810744524002,0.0652995631098747,0.1034878566861152,0.0838022679090499,0.0720671936869621,0.0518363788723945,0.1043892353773117,-0.043900366872549,-0.054107166826725,0.0249133110046386,0.1049270182847976,-0.1013697832822799,-0.0403905808925628,-0.1047598868608474,0.0655847266316413,0.0607307851314544,0.1044426336884498,-0.0972603037953376,0.0996758714318275,0.0556286461651325,0.0970043689012527,0.0840860307216644,0.0776166841387748,-0.1050701513886451,0.0869115516543388,0.0958703085780143,-0.0500688590109348,-0.1050769463181495,0.104708082973957,-0.0442719534039497,-0.1050778180360794,-0.1026621684432029,-0.083221212029457,-0.0387006625533103,-0.0899361297488212,-0.1047872155904769,0.0830975770950317,-0.101779505610466,-0.006631082855165,-0.1002103015780448,-0.1048474833369255,0.1050394549965858,-0.094987004995346,0.1048529520630836,-0.1049262061715126,-0.009599563665688,-0.0985143035650253,-0.0889639034867286,0.1050493344664573,0.1045240387320518,0.1047475859522819,-0.0947955176234245,0.1000369489192962,-0.1032851785421371,0.0936265736818313,-0.1050060540437698,0.0865553244948387,-0.1050417721271514,0.1050619781017303,0.1050582900643348,-0.049254797399044,0.1039129868149757,-0.0706499963998794,0.0997826755046844,0.1050779297947883,-0.1050780266523361,0.016744690015912,-0.1041824221611023,-0.0481426641345024,-0.1038514599204063,-0.0954401269555091,-0.102031409740448,-0.1039516776800155,0.1050368025898933,-0.0818622633814811,0.0559926331043243,0.1049549058079719,-0.0887024700641632,0.1024391502141952,0.0343353971838951,0.1045158132910728,0.080614261329174,-0.0484497994184494,-0.1050486862659454,0.0039842603728175,0.0868273228406906,-0.1027279421687126,0.0307625122368335,-0.0820676088333129,0.1046523451805114,0.0751594305038452,-0.0715789124369621,0.1019511073827743,-0.060942854732275,0.0581868290901184,-0.1040393784642219,0.0919069424271583,-0.1050738543272018,-0.1048206910490989,-0.0787426531314849,0.0986160263419151,-0.1045224666595459,0.1046062111854553,0.0721965134143829,-0.0636303648352623,-0.1049813702702522,0.0947357714176178,0.0756982043385505,-0.1050664111971855,-0.0724540650844574,0.0930854976177215,-0.1050471663475036,-0.1040531992912292,0.0592369213700294,-0.0977915897965431,-0.0300501380115747,0.0682563334703445,0.0042703682556748,0.0278120040893554,-0.0545082464814186,0.0163444578647613,0.0079051395878195,-0.1127446740865707,-0.024519482627511,0.0488588586449623,-0.0855539664626121,0.0392585210502147,0.0147935394197702,0.1247073709964752,-0.0070429593324661,-2.005586793529801e-05,-0.09797353297472,-0.1092448607087135,-0.0407164879143238,0.0418090298771858,-0.1311693787574768,-0.0034351574722677,0.1553101390600204,-0.1446572244167328,-0.0115766059607267,0.0899029970169067,-0.0466716103255748,-0.0407013781368732,0.0463216342031955,-0.1298441439867019,-0.1654314696788787,0.0282435119152069,0.1285202801227569,-0.1407205313444137,0.1678457260131836,0.1578656882047653,0.0712292268872261,0.0821506604552269,-0.1285215765237808,0.1590127646923065,0.1608109176158905,0.051125481724739,-0.0863086059689521,0.0168876070529222,0.0411873906850814,0.0272281542420387,0.0300357248634099,-0.1366027593612671,-0.0092175854369997,-0.0319592803716659,0.0148635692894458,0.0824595168232917,-0.0761890411376953,0.0767966732382774,0.128436341881752,0.0472121313214302,-0.0711701586842536,-0.0632443726062774,0.1542854905128479,0.0315141044557094,0.1409820616245269,-0.1717551052570343,-0.0515150316059589,0.1444990634918213,0.0023613020312041,0.0495678596198558,-0.070756658911705,-0.0782730281352996,-0.0671045109629631,-0.0982881858944892,0.0810228586196899,0.098822958767414,-0.0969321951270103,-0.1257482171058654,0.0654922798275947,-0.0742006599903106,0.1230186894536018,0.087337352335453,-0.1628882884979248,-0.1033159494400024,-0.0687629804015159,0.0665332973003387,0.1788970530033111,-0.1080106720328331,-0.1964500993490219,-0.0083328615874052,0.0036301594227552,0.0890439078211784,0.1696335077285766,-0.0112758297473192,0.1183455288410186,-0.0214474685490131,0.0876312553882598,-0.0870997831225395,-0.0324619337916374,0.0325734093785285,-0.0325363464653492,0.0413763560354709,0.114631786942482,-0.045727401971817,0.0421355739235878,0.0407489649951458,0.0462080277502536,0.0994741469621658,-0.0947364717721939,-0.0228143222630023,0.0674691572785377,0.0019270806806162,-0.0242040269076824,0.139297530055046,0.1033368706703186,-0.0813170224428176,-0.0178969129920005,0.0046947207301855,0.0263197515159845,0.0069692409597337,-0.0733557716012001,0.0162644013762474,0.1231665760278701,-0.1077066883444786,-0.0859368070960044,-0.0126899154856801,0.0595627538859844,0.1019600555300712,-0.064654104411602,-0.0271032210439443,-0.0529099740087986,-0.0145065709948539,-0.1044739782810211,0.0093739777803421,-0.0248169712722301,0.1451802104711532,-0.0166883487254381,0.1271014511585235,0.0964007079601287,0.0769917592406272,-0.0044948956929147,-0.0459327809512615,0.0807309001684188,0.0462644360959529,0.0237613823264837,-0.0074945841915905,0.0954756140708923,0.0574200898408889,0.0917095988988876,0.0447885170578956,-0.0144356973469257,-0.0831756815314292,0.1414742022752761,0.055596750229597,0.1246201917529106,0.0446558967232704,0.0717897117137909,-0.02311797067523,-0.0593256726861,-0.0724987685680389,0.171278566122055,-0.048713881522417,0.1033952534198761,0.15065598487854,-0.0397998392581939,0.0777073875069618,0.0585410818457603,-0.1279065459966659,0.1042735204100608,0.1192609071731567,-0.156921699643135,0.0367960445582866,-0.033246137201786,-0.0491781495511531,0.0275469310581684,-0.1651294231414795,-0.0365714468061924,0.0317867323756217,0.1617521345615387,-0.0323480106890201,0.0375586152076721,-0.0986659526824951,-0.0093037411570549,-0.0625718459486961,-0.1448408514261245,0.118601955473423,-0.0619691647589206,0.0556422136723995,0.0473175086081028,-0.052885066717863,0.0401710197329521,0.1524083763360977,-0.0755791813135147,-0.1156873777508735,0.0983784347772598,-0.1202554553747177,-0.0773508697748184,0.0688518211245536,0.1261807233095169,0.1323994249105453,0.0415635481476783,-0.0311311557888984,0.014565403573215,0.1127961426973342,-0.0750747621059417,-0.1213939562439918,-0.0294713769108057,0.0886101424694061,-0.1117397844791412,0.0769188627600669,-0.0980313867330551,-0.1006775274872779,-0.0818060040473938,0.1601494699716568,0.0279408246278762,-0.1349609345197677,0.183576300740242,0.0062925508245825,0.160665214061737,-0.0138300638645887,-0.0971862897276878,-0.1191321983933448,0.1296705454587936,-0.0036723662633448,-0.032527633011341,-0.1694478988647461,0.0274673569947481,0.1641963273286819,-0.0271418560296297,0.0138216651976108,0.0617432668805122,0.0985822081565857,-0.0187215786427259,-0.0629355162382125,0.0619145110249519,0.0302049592137336,0.114550694823265,-0.0495636239647865,-0.0300347600132226,0.0515456944704055,-0.0851878747344017,0.0152768353000283,-0.0825366750359535,-0.0494234934449195,-0.0784144327044487,0.1530459523200988,-0.0814826563000679,0.057596381753683,-0.0294804703444242,0.1190140023827552,-0.0483003631234169,0.1162152141332626,0.0182298626750707,0.001481803599745,-0.1129890009760856,0.1374487280845642,0.0020806635729968,-0.1112380027770996,-0.0390087738633155,-0.052461389452219,0.0255108177661895,-0.1036547273397445,0.0388062000274658,0.08277078717947,0.1165772303938865,0.0552346371114254,-0.1145344451069831,0.0294590331614017,0.1018087342381477,-0.0980973988771438,0.0613763518631458,-0.0168143380433321,0.1167925968766212,-0.1019139289855957,-0.1183354556560516,0.099433921277523,0.0633885711431503,-0.0367036946117877,-0.1049231067299842,-0.116944208741188,-0.0594039820134639,-0.1130004376173019,0.1135444939136505,-0.0743025243282318,-0.0968921110033989,-0.0177837144583463,-0.0964331999421119,0.0834858119487762,-0.05577202886343,0.0729642212390899,-0.0587400905787944,-0.0451286360621452,0.1160121709108352,-0.0953366756439209,0.0726983174681663,0.1025363057851791,0.1130461394786834,-0.0063645164482295,-0.1118293926119804,0.0698339566588401,-0.1209238767623901,-0.0656507015228271,-0.0760303884744644,0.0084428759291768,-0.104954719543457,-0.0159465931355953,0.0862397924065589,0.1214516684412956,0.0465373732149601,-0.0337441675364971,0.1177443489432334,-0.1157711222767829,0.0119204530492424,-0.0146879674866795,0.0888120979070663,-0.0359004996716976,-0.010390380397439,0.0228784810751676,-0.0679053515195846,0.1064948141574859,0.0840886235237121,-0.0742425844073295,0.0395048260688781,0.0822666734457016,0.0939877852797508,-0.0495302714407444,-0.0898926556110382,-0.0856649130582809,0.1177373528480529,0.0241125263273715,-0.0641557499766349,-0.1212913170456886,0.0978741645812988,0.104535698890686,-0.0774248540401458,-0.0987406596541404,-0.1152222827076911,-0.1160217151045799,-0.1186705902218818,-0.080137126147747,-0.1204902678728103,0.104679137468338,-0.1214343681931495,0.06606125831604,-0.0124916406348347,-0.1128477826714515,0.0732710883021354,0.1155723109841346,0.104342021048069,0.0142611023038625,-0.0283944867551326,-0.1001659408211708,0.1135869473218917,0.1166208162903785,0.0480863638222217,-0.1196792796254158,0.112951211631298,0.0661591365933418,0.0974713116884231,-0.0729786306619644,0.1102785095572471,0.118848793208599,0.0284706056118011,0.1005669832229614,0.0467928983271122,0.0499345585703849,0.0127798430621624,-0.1172042340040206,-0.0629827380180358,-0.108803890645504,-0.1099879890680313,0.118020050227642,-0.0368697568774223,0.1206935122609138,-0.1190228909254074,0.0425106771290302,0.1111076474189758,-0.0277251042425632,-0.1131957620382309,-0.1205892711877822,0.10920912027359,-0.010585393756628,0.1200068593025207,0.1134352385997772,-0.0403931736946105,-0.0756519138813018,-0.1075751632452011,0.100278839468956,0.1195072159171104,JEVAMNINAGXMJD-UHFFFAOYSA-N,CCS(=O)(=O)NCCCN(C)C1CCSC1
0.096890665590763,-0.0981441438198089,-0.0981413349509239,-0.0968314111232757,-0.0976697504520416,0.0863538607954979,-0.0979006141424179,0.0886856541037559,-0.091582179069519,0.0888834446668624,0.0906220600008964,0.0962841510772705,-0.0595584586262702,-0.0478069297969341,0.0913259536027908,-0.0978912934660911,0.0276241153478622,-0.0643044114112854,-0.0964016988873481,0.0963929593563079,0.086921103298664,-0.0962929725646972,-0.0981471091508865,0.0977267399430275,-0.084222987294197,0.0981459021568298,0.095944732427597,0.0960553437471389,0.0948363840579986,-0.0981447771191597,-0.0981381461024284,0.0978959128260612,-0.097814455628395,0.0981467738747596,-0.0778706595301628,-0.0936455428600311,-0.098143070936203,-0.0629236549139022,0.0603340193629264,0.0164181925356388,0.0981442481279373,-0.0142042310908436,0.098143458366394,-0.0970887243747711,0.0963747277855873,0.0788012146949768,-0.098141923546791,0.0512293092906475,-0.0942030027508735,0.0638183206319809,-0.0980013459920883,-0.0962710380554199,0.0981471389532089,0.0973366051912307,0.0401343591511249,0.0167914684861898,-0.0981470048427581,0.0976521447300911,-0.0897691026329994,-0.0980988889932632,0.0981471017003059,0.0979524850845336,0.096680037677288,0.0966518595814704,-0.0981366336345672,0.0856855735182762,0.0551031567156314,0.0974944978952407,0.045771736651659,0.0979326739907264,0.0981354266405105,-0.0562406405806541,-0.0939784795045852,-0.0963299199938774,-0.098146729171276,-0.0941089168190956,-0.098116248846054,0.0964053869247436,0.0975696295499801,-0.0969441682100296,-0.0981403440237045,0.0832268521189689,0.0981455072760582,-0.0931841060519218,-0.0917746275663375,-0.0957347452640533,-0.0981123447418212,-0.0977967828512191,0.0883856415748596,-0.0981462076306343,0.0973472818732261,0.0752660632133483,0.0981472060084343,-0.0981396585702896,0.0981376618146896,-0.0221789889037609,-0.098140925168991,0.0981254652142524,-0.0981216803193092,0.0480561666190624,0.0857730656862258,-0.0502186045050621,-0.0878053605556488,-0.0981470942497253,-0.097942404448986,-0.0855409875512123,-0.0980942547321319,0.059017077088356,-0.0028128817211836,0.098143070936203,0.098143957555294,-0.0980206206440925,0.0788150504231453,0.0980405285954475,0.0742323994636535,0.0980425253510475,0.0946193113923072,0.0967191085219383,-0.0981472134590148,-0.0250128544867038,0.0592700392007827,-0.0835390985012054,-0.0974683612585067,-0.0981426760554313,-0.0802094340324401,0.0937362909317016,0.0978673920035362,-0.0918196514248848,-0.0960665419697761,-0.0946946740150451,-0.0625375211238861,0.0962266698479652,0.090342529118061,0.0964168757200241,0.0579756014049053,-0.0021606311202049,0.0963651165366172,0.0957396999001503,-0.0852444916963577,0.0962428748607635,0.03190778195858,-0.0942503586411476,0.0964168757200241,-0.0964168757200241,0.0898837521672248,-0.0964159443974495,0.0964115187525749,0.0876238793134689,0.0964168757200241,-0.0263751670718193,-0.0896435156464576,0.0964168682694435,0.0963983088731765,0.0940693095326423,0.0939974039793014,-0.0963679775595665,-0.0963480994105339,0.0954627096652984,-0.0964168757200241,0.09640434384346,0.096386507153511,0.0964163318276405,0.0964168757200241,0.0944234058260917,0.096414029598236,-0.0964168757200241,0.0964168757200241,0.0715611800551414,0.0964165031909942,-0.0438042841851711,0.0964168682694435,0.0964163467288017,0.0963093340396881,-0.0955400243401527,0.0962700843811035,-0.0929767191410064,-0.00692282570526,0.0694918558001518,0.096396155655384,-0.0962323695421218,0.0963955968618393,-0.0870101302862167,-0.0964051038026809,0.093631736934185,0.0964168757200241,-0.0964168757200241,-0.0964168757200241,0.0175001788884401,-0.0959842875599861,-0.0963974222540855,-0.0924511477351188,0.0961695685982704,-0.0964168757200241,-0.0964168757200241,-0.0964168757200241,0.092962197959423,-0.0964168682694435,-0.0964164361357688,0.0964168757200241,-0.0963960736989975,0.0865560248494148,0.0678516775369644,-0.0964168757200241,-0.0954886972904205,0.0963966250419616,-0.0964168757200241,-0.0881427079439163,-0.0964065194129943,0.0964168757200241,0.0958685725927352,0.0659089162945747,-0.0964168757200241,-0.0957354456186294,0.0963649675250053,-0.0964164659380912,0.0795366838574409,0.0964162126183509,-0.0745174512267112,-0.0963879749178886,-0.0819369703531265,0.0950882211327552,0.0964165106415748,-0.0884612649679184,0.0963680669665336,-0.0702516734600067,-0.0432050861418247,-0.0931270569562912,0.0931806191802024,-0.0093287779018282,-0.0958632454276084,0.0962913036346435,0.0443722121417522,0.0960792303085327,-0.0964168757200241,0.0950041785836219,-0.0956563130021095,-0.0879019126296043,-0.0499523803591728,0.0964020565152168,-0.0865554064512252,-0.0963696762919426,-0.0964162945747375,0.0766180306673049,-0.0894376635551452,0.0932313576340675,0.0263195279985666,-0.0731608271598815,0.0963483452796936,-0.0964168757200241,0.079723060131073,-0.0964168757200241,0.0947779044508934,-0.0713385343551635,0.0964168757200241,-0.0116880610585212,-0.0703014582395553,0.0811663269996643,0.0976512357592582,-0.0976524204015731,0.0976317003369331,-0.0923304706811904,0.0975336879491806,0.0838058069348335,-0.0975685939192771,-0.0976431295275688,-0.0976316556334495,0.0976456701755523,-0.0955145731568336,0.0976359695196151,0.0670709013938903,0.0971013009548187,0.0655009374022483,-0.0976547673344612,0.0563042126595974,-0.0976547375321388,-0.0969405174255371,-0.0976546704769134,-0.0976007357239723,-0.0975367128849029,-0.0966207608580589,0.0973935797810554,0.066484235227108,-0.0972377583384513,-0.0967942103743553,0.0975064113736152,0.0976522788405418,0.0436726547777652,-0.0847925692796707,-0.0976546481251716,-0.0976359620690345,-0.0976234078407287,-0.097652681171894,0.0970796272158622,0.0965454205870628,-0.0119733763858675,0.0976512730121612,0.0505062341690063,0.0872672572731971,0.0068371570669114,-0.0976541563868522,-0.0964525938034057,0.0938727855682373,-0.0976516157388687,-0.0973545312881469,-0.0968702211976051,0.0502863004803657,0.0623112097382545,-0.0976019576191902,-0.0949395969510078,0.0295389201492071,-0.0908079147338867,-0.097654677927494,0.0976545065641403,0.0976525843143463,0.0111535005271434,0.0932386144995689,0.0976547598838806,0.0975025370717048,0.0976533144712448,-0.0881680399179458,-0.0949302613735199,0.0976547300815582,0.0976496338844299,-0.0956192091107368,0.081303983926773,0.0892967358231544,-0.0447182916104793,0.0976507887244224,0.091846078634262,0.0911531150341034,0.0975274965167045,0.0976217091083526,0.0976540595293045,-0.0745155662298202,0.0976542532444,-0.0976536944508552,0.0063610165379941,-0.0976310074329376,-0.0976155623793602,0.0973194241523742,0.0971871614456176,0.097654677927494,0.0976547598838806,0.0894127860665321,0.0957919284701347,0.096443124115467,-0.0976535007357597,-0.0975813418626785,0.0010845324723049,0.0976545661687851,-0.0974477678537368,-0.0976484045386314,-0.0976453945040702,-0.0242387782782316,-0.0976547300815582,-0.0833312720060348,0.0976249501109123,-0.0947257876396179,0.0976448282599449,-0.0777502581477165,0.0976547002792358,-0.0120338629931211,0.0867839604616165,0.0968977287411689,0.0092751830816268,0.0969996005296707,-0.0730059146881103,-0.0925155952572822,0.0080911600962281,-0.0976451486349105,-0.0682414844632148,0.0976496860384941,0.0958746671676635,0.0976547673344612,-0.096119113266468,0.033203400671482,0.088546834886074,-0.0928210243582725,-0.0963680371642112,0.0975159555673599,0.0891245901584625,0.0976544544100761,0.0588283613324165,0.0972050428390502,0.1028345227241516,0.0425519831478595,0.0171331670135259,-0.095670960843563,0.0885079577565193,-0.0395211651921272,-0.0716650485992431,-0.0932578966021537,-0.0607239305973053,-0.0335958525538444,-0.0433366075158119,0.0907086357474327,-0.1046609356999397,0.1041595935821533,-0.1067451164126396,0.0888292044401168,-0.0874771699309349,-0.0016473704017698,0.1073460355401039,0.1060404554009437,-0.1076777279376983,0.1054609939455986,0.1036935970187187,-0.0796447694301605,-0.1042265146970748,0.0855432674288749,-0.0787656977772712,-0.0986011996865272,0.0522102750837802,-0.0951143130660057,-0.1035252138972282,-0.0964373499155044,-0.108383223414421,0.1053511947393417,0.1079513505101203,0.0732863247394561,-0.0887091159820556,-0.105641171336174,0.101763404905796,0.0465693175792694,0.1018842980265617,-0.0960293561220169,0.0711059495806694,-0.093111053109169,0.0871243998408317,-0.0841279402375221,-0.0992737486958503,0.0680380016565322,-0.1072340980172157,-0.0942070707678794,0.0796142220497131,-0.0776989310979843,-0.1015843078494072,-0.0585573054850101,0.0873357504606247,-0.107870802283287,0.1045295149087905,0.1003386676311492,-0.0210663378238677,0.1079916954040527,0.104068599641323,0.0707347095012664,0.1049554497003555,-0.083182469010353,-0.0333754308521747,-0.1049637049436569,-0.1048834696412086,-0.0891805216670036,-0.0632975324988365,0.0894185602664947,0.1068853139877319,-0.1079702824354171,0.0804912820458412,0.1025892719626426,-0.0686307847499847,-0.1030391082167625,0.1046836897730827,-0.1056475862860679,-0.090493269264698,0.062426034361124,0.1070818677544593,0.1079440340399742,-0.0787989422678947,-0.1018853262066841,-0.0267075970768928,0.0370204485952854,-0.0959373712539672,0.0733850970864296,0.108466699719429,0.0958997532725334,-0.1043849065899849,0.0132982488721609,-0.1085614189505577,-0.0803590416908264,0.1075180321931839,-0.0932021960616111,-0.0666513964533805,0.095000259578228,0.1065468788146972,-0.1048779860138893,0.107992984354496,0.0695782303810119,0.0992894694209098,0.1068858653306961,-0.10518379509449,0.0419624485075473,-0.0543253980576992,0.105507954955101,0.1058349534869194,0.1032452583312988,-0.1002454757690429,-0.0342142544686794,0.1036823242902755,-0.094697967171669,0.1033258140087127,0.0456744693219661,0.1086822003126144,0.1063381657004356,-0.1057458743453025,0.063421681523323,0.0521078296005725,0.0276446808129549,0.0842921361327171,-0.0483385026454925,-0.1087904274463653,-0.0291076116263866,0.0794694721698761,-0.0182240605354309,-0.1275737881660461,0.0870959535241127,0.0017106592422351,-0.0585042834281921,-0.0733768418431282,0.1204088032245636,0.1084693372249603,-0.0162443947046995,0.1092604398727417,-0.1278862804174423,0.08118187636137,-0.1255849152803421,0.0745568871498107,0.0313813835382461,0.1235020980238914,-0.0972419157624244,0.0599379055202007,0.0536356940865516,0.1052409261465072,0.0090231448411941,-0.1089848726987838,0.0712435543537139,-0.0436798930168151,0.1013906747102737,-0.1293729841709137,0.1283903121948242,-0.0729905143380165,-0.0407663360238075,-0.1136808171868324,0.0876299738883972,-0.0126975802704691,0.1001823544502258,-0.0718199759721756,-0.0279076993465423,-0.132639393210411,-0.0837571024894714,0.0631876066327095,-0.1115088313817977,0.0813089311122894,-0.0626463741064071,-0.0798580199480056,-0.0841428413987159,0.0638235583901405,-0.0971791222691536,-0.1175637990236282,0.1045258268713951,0.0986676663160324,-0.0772393345832824,0.1171845123171806,-0.1152171269059181,0.1210502162575721,-0.0927531868219375,0.0995687767863273,0.0453587844967842,0.078045405447483,-0.0186690986156463,-0.0546436868607997,0.0822658464312553,0.0975434333086013,0.065655417740345,0.0834169909358024,-0.0172270517796278,-0.0031882592011243,0.0827723294496536,0.057168886065483,-0.0735127031803131,0.123171292245388,0.0095191095024347,0.0752743780612945,-0.1175061389803886,0.0299029760062694,-0.0071909525431692,-0.090103194117546,0.0802787542343139,0.1184084117412567,-0.0419384911656379,0.044487178325653,-0.021084364503622,-0.1232478022575378,-0.0750840455293655,0.0327027589082717,-0.0584002807736396,-0.1152633726596832,-0.0586585961282253,-0.10054711997509,-0.0928049534559249,0.1217745393514633,0.1085298135876655,-0.0872885584831237,0.1330535858869552,0.1125938668847084,-0.12379951775074,-0.0242498014122247,0.1194524765014648,0.0520810782909393,-0.1165898069739341,-0.0326167456805706,-0.0896060913801193,-0.0870505198836326,0.1120699420571327,0.0919293761253357,-0.0639932453632354,-0.0982383117079734,0.0959046855568885,-0.1149562150239944,0.0987302884459495,-0.1319603770971298,0.0229131579399108,0.0476740226149559,0.1130513846874237,-0.0666169822216034,0.0288185495883226,0.0665158480405807,-0.1147658005356788,-0.0258269030600786,-0.1179443374276161,0.138972982764244,-0.0859779492020607,0.0324300862848758,-0.0925903171300888,-0.0994674637913703,-0.1127215325832367,0.0150015782564878,0.0141057213768363,-0.0863996744155883,0.0746264979243278,-0.1332212090492248,0.129164770245552,0.1200928762555122,-0.0659869983792305,0.0033794462215155,0.050682608038187,-0.1263100504875183,0.0031521979253739,-0.0465425960719585,0.0175474304705858,-0.1168211996555328,-0.1227959096431732,-0.1016252636909484,0.0134442504495382,-0.0485225282609462,-0.0513966344296932,-0.1062972322106361,0.004028370603919,-0.1113350018858909,-0.1277450621128082,-0.1206710189580917,0.1248520985245704,0.0188537295907735,-0.1025929823517799,-0.1155545115470886,-0.043174635618925,0.06250961124897,0.091624416410923,0.0214323457330465,0.0195657052099704,0.0001919098867801,0.1201194450259208,-0.1335222721099853,-0.0564152263104915,-0.0417067073285579,-0.0858860835433006,-0.0118274064734578,-0.0850244536995887,0.0991246104240417,0.1101186946034431,-0.1198306903243064,-0.0462657585740089,-0.0890404805541038,-0.0980934128165245,-0.129008948802948,0.0188567470759153,-0.0323239415884017,-0.1244947165250778,-0.017988970503211,-0.0098005728796124,0.0407841727137565,0.0053678606636822,0.0882355421781539,0.101051777601242,0.0587261244654655,0.0987093821167945,0.1226328983902931,-0.1152275875210762,0.132205531001091,0.112280786037445,0.0830705687403678,-0.0663631185889244,-0.0843041464686393,0.0606700889766216,0.0874909088015556,-0.1318370699882507,0.1097328886389732,-0.0098491953685879,-0.1058278903365135,0.0488539338111877,0.032017957419157,-0.0776498839259147,0.057302676141262,-0.0344256870448589,0.0197868384420871,-0.0110781015828251,-0.0130678275600075,-0.1200058311223983,-0.1199782341718673,0.0561643056571483,0.123430423438549,-0.0991127863526344,0.092295229434967,0.1273911595344543,0.0596249289810657,-0.1160355731844902,0.032654121518135,-0.1283265799283981,0.010952578857541,0.0721579045057296,-0.1184108480811119,0.1093586906790733,0.1228533610701561,-0.0919072180986404,-0.0863508954644203,-0.0734484121203422,0.123905248939991,0.0265292841941118,-0.0835426226258277,0.0686330422759056,-0.1372557431459427,-0.0603023245930671,-0.1102575734257698,-0.10597675293684,0.0557289645075798,-0.1186338365077972,0.0719117596745491,-0.1260749250650406,0.0711408555507659,0.108721949160099,0.11776864528656,0.0156683735549449,0.0579821206629276,-0.0342708937823772,-0.0831352099776268,0.1296797841787338,-0.1201333478093147,0.0539268068969249,-0.0536228157579898,-0.1037239581346511,0.1149872168898582,-0.0431339032948017,-0.1137460321187973,-0.1142203509807586,-0.0265892315655946,0.1218229606747627,0.1196987926959991,-0.0782991498708725,0.1105964630842208,0.1136491820216178,KNQFDOLIXOOIGX-UHFFFAOYSA-N,CS(=O)(=O)c1ccc(N2CCNCC2)cc1
-0.1154405176639556,0.115938551723957,-0.1056449338793754,-0.058815736323595,0.116335280239582,-0.0867448076605796,-0.0907109975814819,-0.0320629626512527,0.1061430126428604,0.0259182788431644,0.1157337352633476,0.0333277992904186,0.0239721536636352,-0.1133283898234367,0.0986996665596962,-0.1158190071582794,-0.0176659002900123,-0.0949806496500969,0.0967288687825203,-0.1163981705904007,0.0396613329648971,0.1131453365087509,-0.1080991849303245,0.0048219379968941,-0.0641435384750366,0.1163918077945709,0.1137683317065239,-0.0592282116413116,-0.0717912316322326,0.0818261876702308,0.068933293223381,-0.0073341811075806,-0.1139589250087738,-0.1107683107256889,0.030573233962059,-0.1092777028679847,-0.1024500802159309,-0.1138278990983963,-0.0304686743766069,0.0929703339934349,-0.0724055096507072,-0.095195934176445,0.1123610585927963,-0.0184920355677604,-0.1160610616207122,0.0912439599633216,0.094972051680088,-0.1034593060612678,0.0957082509994506,0.0873021259903907,-0.0260642375797033,0.063183307647705,0.0988841280341148,-0.1163366287946701,0.0869799256324768,-0.052197590470314,-0.0926635041832923,-0.1074009537696838,0.1143088936805725,-0.0693037956953048,0.1164037212729454,-0.0809994712471962,-0.0945450961589813,-0.0698475092649459,0.1147461757063865,-0.0043215807527303,-0.0742556452751159,-0.0884564444422721,-0.1162086054682731,-0.064177930355072,-0.0285049974918365,0.0777423307299614,-0.1133265644311904,0.0731857791543006,0.0909617245197296,0.1162879019975662,0.078373409807682,-0.1086194887757301,0.0859603211283683,-0.0809441283345222,-0.0531126335263252,0.0242451950907707,-0.1114044040441513,-0.0758140161633491,-0.0520786941051483,-0.0452884845435619,0.0650212094187736,0.1126626431941986,-0.0254117548465728,0.1143345385789871,-0.1053972020745277,-0.046678602695465,-0.1163322404026985,0.1151542291045188,-0.1116699650883674,0.111046589910984,-0.0626996830105781,0.1160037368535995,-0.1144565343856811,-0.0932126715779304,0.0089887809008359,0.0400461368262767,0.0501256920397281,0.0997171401977539,0.0592528283596038,-0.034173309803009,-0.1116303205490112,0.0313411392271518,0.0451953820884227,0.111637108027935,-0.1123524457216262,0.0338091403245925,0.0341995880007743,-0.1157958731055259,-0.0771585628390312,-0.0986043736338615,-0.0467179156839847,-0.103518821299076,0.1158763468265533,-0.1110809072852134,-0.0170076489448547,0.1162219643592834,-0.0465729348361492,-0.1163689419627189,-0.101329855620861,-0.110431857407093,0.110690638422966,0.1080720573663711,0.007435068488121,0.1114020198583602,-0.0339567437767982,-0.0977731123566627,-0.0845541507005691,-0.0593773499131202,-0.1093120276927948,0.1127970293164253,-0.0908600389957428,-0.050054594874382,-0.0407034456729888,0.0755998566746711,0.1071857288479805,-0.092509776353836,-0.0596385933458805,0.0081004863604903,-0.1121817752718925,0.1135994270443916,0.1136360317468643,0.0784190669655799,-0.1098564863204956,0.0809098929166793,-0.0200623273849487,-0.1134747490286827,-0.112632043659687,-0.0252696331590414,-0.1139468923211097,-0.0310773272067308,-0.0175904333591461,-0.1136126369237899,0.1136071607470512,0.0426870174705982,-0.1133378148078918,0.0990243405103683,-0.0851520374417305,0.0971908122301101,0.0946090817451477,0.1139128133654594,-0.1096691042184829,-0.1069469302892685,-0.1125774905085563,-0.113052099943161,-0.0864405781030654,-0.0363859273493289,0.0265186019241809,0.1132040545344352,-0.113592118024826,0.1108485162258148,0.0844571143388748,0.108585387468338,-0.1002825051546096,0.0759080350399017,0.0922946184873581,0.0844696611166,0.1070872470736503,-0.0449413955211639,0.0686277672648429,0.110199324786663,0.1009686589241027,0.1085274368524551,-0.075665071606636,0.0603506155312061,0.0946369469165802,-0.1066441237926483,-0.111848808825016,-0.070458211004734,-0.0990232452750206,0.1030012741684913,0.1121352761983871,0.0856430158019065,-0.0335980765521526,0.0564692839980125,0.0550568960607051,0.0931527316570282,-0.0726894363760948,0.0568316243588924,0.1073756888508796,0.0950167700648307,-0.0373891405761241,0.0968458354473114,-0.1134358644485473,-0.0828213691711425,0.0108088953420519,0.1011348664760589,0.1117345914244651,-0.0209910683333873,0.1045802012085914,-0.0821056142449379,0.0377575047314167,0.0616208873689174,0.1100520342588424,0.0556341968476772,-0.0354411266744136,-0.0923476219177246,0.0998600497841835,0.0763871222734451,0.0919317752122879,-0.110572874546051,-0.0593848340213298,-0.1039923131465911,-0.104991465806961,0.1104759573936462,-0.0793269649147987,-0.1138509586453437,0.1127310916781425,0.1014314144849777,0.0830043479800224,-0.1128963083028793,0.1126999258995056,0.112443171441555,0.1132439523935318,0.0738633945584297,0.0671378746628761,0.0273805148899555,0.0460459180176258,0.0908378809690475,0.092738352715969,-0.0658355951309204,-0.0077497134916484,0.1108523085713386,0.0455359742045402,-0.1039107739925384,-0.0118236429989337,0.0861297249794006,0.0348211638629436,-0.1091756597161293,0.0998284891247749,0.0966098010540008,-0.1076211333274841,0.103308580815792,-0.0791991278529167,0.10407455265522,0.1074227020144462,0.1076404675841331,-0.1077738776803016,0.1055406108498573,-0.0914413407444953,0.1063748151063919,-0.0581343956291675,-0.0848427042365074,-0.0948960706591606,0.1078605502843856,-0.1078016310930252,0.1066894456744194,0.0120174558833241,-0.0783964395523071,-0.0687816813588142,-0.1043958440423011,0.0926887542009353,0.1026844903826713,0.0867276862263679,0.0134283741936087,0.0194841492921113,-0.0002214111882494,-0.098432756960392,0.1034065186977386,-0.1049231439828872,0.1035147607326507,-0.0608557537198066,0.0039499513804912,0.1075644791126251,0.1072387844324112,-0.1042549014091491,0.0959647819399833,0.1078028157353401,0.1008646264672279,-0.0954890847206115,0.1062395498156547,-0.0585419498383998,-0.0679236873984336,-0.0033226152881979,0.0998058691620826,0.0520009808242321,-0.1049610376358032,0.1078446060419082,-0.095450073480606,-0.0384914875030517,-0.0799715593457222,-0.1034945696592331,-0.0373083800077438,0.0981148928403854,0.0562084689736366,-0.1077949032187461,0.1049684584140777,-0.0803391858935356,-0.0935253649950027,0.1069737821817398,-0.1017756387591362,-0.0099034896120429,0.0795615315437316,0.1035211607813835,0.089441493153572,0.0915875509381294,0.1035589352250099,-0.0637702047824859,-0.0920017063617706,-0.0920894220471382,0.0416288785636425,-0.0282421447336673,0.1075607761740684,-0.1056060940027237,-0.1078364253044128,-0.0985826328396797,0.1058562025427818,-0.1006253436207771,0.0679980814456939,-0.1078284531831741,0.1058768481016159,0.0885537192225456,-0.0873478204011917,-0.0999056845903396,0.0406255908310413,-0.1078530102968216,-0.1069315969944,0.0861849933862686,-0.0673451870679855,0.0360574126243591,-0.0900472924113273,-0.0824876055121421,0.1056709662079811,-0.0720366686582565,0.0734228864312172,-0.1042405813932418,0.1070464998483657,0.0033658309839665,-0.1058466807007789,0.0995290577411651,0.1071953848004341,-0.094811350107193,-0.1057678088545799,-0.1078585237264633,0.1074745580554008,-0.0344742313027381,-0.0736663341522216,-0.0590376332402229,-0.0723299533128738,0.1076583042740821,0.0894718840718269,0.0985273569822311,-0.0506684482097625,0.0365861840546131,-0.0888283550739288,-0.1073289513587951,0.087418109178543,-0.1033423244953155,0.0625567138195037,-0.0988655313849449,0.091823898255825,0.1075796335935592,-0.1006297469139099,-0.0227267947047948,0.0919316187500953,0.0557619221508502,0.0229514446109533,0.0563307106494903,-0.1036881133913993,0.1070626229047775,0.0722143650054931,0.0447758287191391,-0.0779791101813316,-0.0332931987941265,0.127880111336708,-0.1046676412224769,-0.0270700771361589,-0.0356976017355918,-0.1353163421154022,0.0067556821741163,0.0368591919541358,0.0890662595629692,0.1355498284101486,0.0184542387723922,-0.111179232597351,-0.0022323383018374,0.0388491638004779,0.0240138955414295,-0.0228256899863481,-0.0682927295565605,0.1357800066471099,-0.1013435795903205,-0.1183635964989662,-0.0951876491308212,-0.003668796736747,-0.0616246089339256,0.1292576342821121,0.0298431981354951,-0.126483142375946,0.072104811668396,0.0043431888334453,-0.0832865685224533,0.1212182864546775,0.0786950066685676,0.0623222254216671,0.052146840840578,-0.1217224076390266,-0.0797799602150917,0.1340453177690506,-0.0376892648637294,0.0364841036498546,0.097986988723278,0.0454352125525474,-0.0811162069439888,0.0208772756159305,-0.0267878603190183,0.1387122422456741,0.0808852389454841,-0.0913268104195594,0.0578570961952209,0.1270497143268585,-0.0860215798020362,0.1202951148152351,-0.0293331705033779,-0.0525069497525692,2.8711639970424585e-05,0.1377832889556884,-0.0956995338201522,0.0872716903686523,-0.1005869135260582,0.0681672692298889,0.1120577156543731,0.084658607840538,0.1256010234355926,-0.0704247429966926,-0.1156083643436431,0.1051708310842514,-0.0051968884654343,0.1223901733756065,0.010509361512959,0.0961596667766571,-0.0724310427904129,0.1338762789964676,-0.1212743818759918,0.0730999410152435,0.1314866840839386,-0.1137743219733238,-0.106686383485794,0.0931271538138389,0.1232974752783775,0.1081482395529747,-0.0581065230071544,-0.1361879110336303,-0.0841127932071685,0.004458928015083,0.0941977351903915,0.0690606087446212,0.0326836071908474,0.1239784508943557,0.0002071867347694,0.1198611706495285,-0.1025864109396934,-0.0583293512463569,0.1065118759870529,0.0877551063895225,0.1047414392232894,0.1253586858510971,0.0089680133387446,0.0423555895686149,-0.0458809584379196,0.0644474104046821,0.1091597154736518,-0.0097140287980437,0.0375379808247089,0.0819672122597694,-0.0990741327404975,0.1172164902091026,0.0757122635841369,0.1218151748180389,-0.1010781228542327,0.1092244237661361,0.108292207121849,-0.0687218382954597,-0.0970944911241531,-0.0461349114775657,0.0476107001304626,0.0957087501883506,-0.1483305543661117,-0.1281517297029495,-0.0076706437394022,0.0831762924790382,-0.025823114439845,-0.1021965220570564,0.0189255271106958,-0.0737679600715637,0.1086082756519317,-0.090527594089508,-0.1731102168560028,0.1652279794216156,0.0801163241267204,-0.0495499521493911,-0.0619856044650077,-0.0300280470401048,0.0247014574706554,-0.0963303595781326,-0.0296694338321685,-0.0130766276270151,-0.1080422177910804,0.121733084321022,-0.1014387980103492,-0.1059979349374771,0.0792804881930351,-0.1499231457710266,-0.0210881829261779,0.1240407824516296,0.0124247269704937,0.0246980357915163,0.0360905937850475,-0.0303832851350307,0.1363131999969482,-0.0294850300997495,-0.000426276383223,-0.0930694118142128,-0.0663257166743278,-0.04120884090662,0.1421255320310592,0.1312734931707382,0.0078365122899413,0.0569684244692325,-0.0280487723648548,-0.0497926659882068,-0.0016998102655634,-0.0271808896213769,0.0341880470514297,-0.1459021866321563,0.0841290429234504,0.0037898789159953,-0.008545477874577,-0.1021583005785942,-0.0950943827629089,-0.0193598121404647,0.0867068693041801,0.0721733197569847,0.0027699575293809,0.093495525419712,0.0498064011335372,-0.0325772725045681,-0.0050937505438923,-0.1496246010065078,-0.0764036923646926,0.108465127646923,0.078217327594757,-0.0114552592858672,-0.0030934521928429,-0.0484993755817413,0.1397796422243118,-0.0963203907012939,0.0147000402212142,0.0491018034517765,-0.1291145086288452,-0.1564158499240875,0.0381682701408863,-0.1734298765659332,-0.1249267607927322,0.0507016442716121,0.149958074092865,-0.0507061369717121,-0.1427276730537414,-0.0647028163075447,-0.1213009506464004,-0.1635682284832,0.1369682252407074,0.0087973540648818,-0.1198904663324356,0.0493166595697402,0.0970764085650444,0.0238243769854307,-0.0080509157851338,-0.002573704579845,-0.0864448472857475,0.0070472639054059,0.0941502079367637,-0.0581998191773891,0.1482047587633133,-0.1201542019844055,-0.0853985846042633,-0.1701660454273224,-0.0703582093119621,-0.0433357097208499,0.0912871807813644,-0.1560206413269043,-0.0139972083270549,0.0872486680746078,0.1043438166379928,-0.1580783277750015,-0.0243198778480291,0.1371650248765945,-0.0185148622840642,-0.0603534579277038,-0.0292481947690248,-0.0064338846132159,0.0186774656176567,-0.0961703956127166,0.1548440754413604,0.0088495453819632,-0.0411251112818717,-0.1094022169709205,0.0169243775308132,0.0099134240299463,0.0733391717076301,-0.0178912039846181,0.0499221719801425,0.16443832218647,-0.0522933825850486,-0.0138153517618775,-0.0003899468574672,0.0527447313070297,0.0712578892707824,-0.0342871956527233,-0.1245683580636978,0.1651703715324401,0.0706433802843093,-0.0282272510230541,-0.0762206390500068,-0.1105761528015136,0.014826082624495,-0.0580158978700637,-0.0369496382772922,0.0218092817813158,0.0864030197262764,0.0532622449100017,0.1845683604478836,0.0534021332859993,-0.0503311865031719,-0.1270201802253723,0.0774405896663665,0.0106745958328247,-0.1434798091650009,-0.0761318653821945,0.095818743109703,0.1040560528635978,0.0628652945160865,0.0260574370622634,0.0508028678596019,-0.206173837184906,0.1209261789917945,0.0972256436944007,0.0274352077394723,-0.0784181877970695,0.1639466136693954,-0.0076389242894947,0.0420456267893314,-0.0752073898911476,-0.101767249405384,-0.0564230196177959,0.0108269033953547,0.056675985455513,0.1560228317975998,-0.0198990181088447,-0.1202058568596839,0.0745680555701255,0.1589188426733017,-0.0549086928367614,0.0248082466423511,-0.0066553228534758,0.0846384987235069,0.133237600326538,-0.1686733961105346,-0.1150488257408142,-0.0562404803931713,-0.0573730170726776,0.1331104636192321,0.0235980618745088,-0.0278220493346452,-0.0011742425849661,-0.1159678399562835,0.0426455065608024,-0.1132420599460601,-0.1168639585375785,0.0127002941444516,-0.0406406372785568,0.0508118942379951,-0.0442187450826168,0.0034320626873522,0.1268550902605056,0.1116116195917129,0.0483153387904167,-0.095175102353096,-0.0956930592656135,0.0894319638609886,-0.000224502684432,-0.0380390025675296,0.0447730086743831,0.1203808560967445,0.0954532995820045,-0.1322250068187713,-0.0307848807424306,-0.1003249585628509,-0.0820500925183296,0.0171922855079174,0.1252752244472503,-0.0724514126777648,0.1355472207069397,-0.1699488013982772,0.0498372875154018,-0.0293483939021825,-0.1346213668584823,0.0923235416412353,0.0283659715205431,-0.038893986493349,0.118958905339241,0.0761914551258087,-0.0185530092567205,0.0210569649934768,-0.0827865079045295,-0.0140392193570733,0.068121425807476,-0.0158524978905916,0.064945101737976,-0.1162473186850547,-0.015164565294981,-0.014761371538043,0.1055128276348114,0.0288654379546642,-0.018831267952919,0.0545008368790149,0.1282965838909149,0.1305815726518631,0.0924785882234573,0.0173134580254554,0.1209872364997863,-0.1744882762432098,-0.1255467683076858,0.1224252954125404,-0.1116112098097801,0.0649568364024162,-0.1549829244613647,0.0862418189644813,-0.0216269269585609,0.0180107206106185,-0.0227690339088439,-0.0097937295213341,-0.1814150065183639,-0.0016759644495323,-0.044275626540184,0.0521115586161613,0.0359544269740581,0.092728167772293,-0.1059294641017913,0.0677288696169853,0.0706356316804885,0.084502138197422,-0.0293415300548076,HOHHKMILBWQGBE-VNZKZBMGSA-N,CCCNCc1ccc2cc3c(c(O)c2c1)C(=O)C1=C(O)[C@]2(O)C(=O)C(C(N)=O)=C(O)[C@@H](N(C)C)[C@@H]2C[C@@H]1C3
-0.0926792472600936,-0.1101346239447593,0.0780678614974021,0.1120307296514511,0.0388587154448032,0.0776709243655204,0.0947752073407173,0.0804471373558044,-0.0901081785559654,-0.0751923173666,-0.0768536403775215,-0.0647260993719101,0.063870258629322,0.0880962461233139,0.1119598969817161,-0.0644787773489952,0.1048611402511596,-0.0650183036923408,0.0589039139449596,0.1118785515427589,0.0356571748852729,-0.0900244712829589,-0.1042399853467941,-0.0488008484244346,0.0790177807211875,0.093446210026741,-0.1003436222672462,-0.0894026830792427,0.0615441165864467,0.0931566134095192,-0.1061615645885467,-0.0238126628100872,-0.1104397252202034,0.1070423424243927,-0.1120670437812805,-0.1117509976029396,-0.0083184074610471,0.1117731854319572,0.1103941723704338,0.0797174870967865,-0.0923051163554191,0.0376497693359851,0.0122904442250728,0.0827258080244064,0.1120482459664344,0.0989322885870933,-0.1013648211956024,-0.0910507068037986,0.0069045596756041,-0.1076704189181327,0.1020223572850227,0.1035425961017608,-0.0933927446603775,0.1038995012640953,-0.111728236079216,0.017008751630783,-0.0668050050735473,-0.1098076030611991,-0.1022159457206726,0.0781012326478958,0.0732710286974906,0.0199728589504957,0.0963314026594162,0.0976950898766517,0.1082828938961029,-0.1115574613213539,-0.1102840900421142,-0.0108288582414388,0.0952635332942009,-0.0299638360738754,0.0771770551800727,0.1119493693113327,0.1100858300924301,-0.1120509654283523,-0.1100967824459075,0.0909448787569999,-0.1107979863882064,0.1095816418528556,-0.0261619463562965,-0.1018179357051849,-0.0462196581065654,0.0724154263734817,0.0560258775949478,0.044311448931694,0.0444194078445434,0.1115988940000534,0.1040562242269516,0.1044176518917083,-0.1024293601512909,-0.0682994797825813,0.0971962735056877,-0.0962501838803291,0.1018093973398208,0.0800710842013359,-0.1105023771524429,-0.0115512711927294,-0.1120321154594421,0.0346037596464157,-0.0757529810070991,0.1097709313035011,-0.0877820402383804,0.1040410846471786,0.0813413262367248,-0.0396881885826587,-0.097077339887619,-0.1007186919450759,0.0208985023200511,0.0755046904087066,0.0870719999074935,-0.0957081988453865,0.1009978577494621,-0.0643665194511413,0.0825961306691169,-0.1062852665781974,0.1099972873926162,-0.0961281135678291,-0.0974281877279281,-0.0558982640504837,-0.1116928905248642,0.1085774227976799,-0.0935291573405265,0.0989084839820861,-0.0676161870360374,0.1082337647676467,0.0982824638485908,0.0866096466779708,-0.0328249596059322,-0.1109389066696167,0.0240176301449537,-0.0673329755663871,0.0122144669294357,-0.1074414178729057,-0.1033468917012214,-0.0507436320185661,0.1073986068367958,-0.0921482890844345,0.0863451287150383,-0.039167184382677,-0.0879740789532661,-0.0072877453640103,-0.1065129712224006,-0.1052942797541618,-0.1068027317523956,-0.1025517061352729,0.0740158557891845,-0.1071115359663963,-0.1073917970061302,-0.092839740216732,0.0948999971151351,-0.0642624571919441,0.0404333136975765,-0.088753342628479,0.0997622832655906,-0.1051477193832397,0.0940144136548042,-0.0960600599646568,-0.1073196828365325,0.0940328314900398,-0.1038708463311195,-0.1062026396393776,0.0664956495165824,0.0969535484910011,0.0920157209038734,-0.000130070868181,0.046637624502182,-0.1075056940317154,0.0164474863559007,0.1017655357718467,0.0721459239721298,0.0520866811275482,0.1075172498822212,-0.1072829812765121,0.07910668104887,0.0789666324853897,0.0953152179718017,0.0430147759616375,-0.0637606456875801,-0.1012771129608154,0.1019495278596878,-0.1022185981273651,0.1072076559066772,-0.1075191795825958,0.1028222888708114,-0.103103406727314,-0.0996510088443756,-0.107441708445549,0.0978324636816978,-0.1003446727991104,-0.1024201586842536,0.0385799556970596,0.0199376549571752,0.0283250100910663,0.1071992740035057,0.0900113955140113,-0.1074774712324142,-0.1035837829113006,0.0497682690620422,-0.1075180247426033,-0.1043426692485809,-0.1069194599986076,-0.0874489322304725,-0.1025530844926834,-0.0377131104469299,-0.1020130440592765,-0.1053731590509414,-0.1014933586120605,-0.0582103207707405,-0.1018636375665664,0.0923218354582786,0.0943682417273521,0.1030701994895935,0.0024431583005934,-0.10396259278059,-0.0411984659731388,-0.0971472784876823,0.1060035079717636,0.1060312837362289,0.1052314788103103,-0.0554774776101112,-0.0207573324441909,0.1053970232605934,0.1073202490806579,-0.0984471812844276,0.096210666000843,-0.0258890949189662,0.0788806900382042,-0.0959443226456642,-0.1020131483674049,-0.0531793050467968,-0.0396417789161205,0.0958371087908744,0.0953612104058265,0.0724713504314422,0.1074739769101142,0.1004645526409149,-0.0754748433828353,0.1061454489827156,0.0957892835140228,-0.0624023005366325,0.1042315140366554,-0.1074433699250221,0.0587623640894889,-0.1036198213696479,-0.0843432769179344,0.0538748279213905,0.0945984125137329,-0.1068576052784919,0.1066920757293701,0.0627553761005401,-0.1017187237739563,-0.0927106812596321,0.0882981717586517,-0.0272361207753419,-0.1053812503814697,-0.0490978062152862,-0.1063204929232597,-0.0984024927020073,-0.0988560691475868,0.1052415519952774,-0.1024090722203254,0.1068842038512229,-0.1068138182163238,-0.026440717279911,-0.1069696024060249,-0.0963231846690177,0.0047710412181913,0.0051228152588009,0.0678353980183601,0.1067857816815376,-0.0935103669762611,0.0763531401753425,0.079245314002037,-0.0906913056969642,-0.0975685939192771,-0.1041486486792564,0.1065238937735557,-0.1063822582364082,-0.1069417893886566,0.0734433084726333,-0.051281064748764,0.0698800832033157,0.1051401272416114,0.0136439157649874,0.1053079441189765,-0.0406388826668262,-0.1042547523975372,0.1066717207431793,-0.096367597579956,0.0451499596238136,-0.0884256586432457,-0.1004685387015342,-0.1061354428529739,0.0464955195784568,-0.1058868542313575,-0.1031316891312599,-0.0324332863092422,-0.0399802364408969,0.1060919687151908,-0.0505615770816803,-0.0964951589703559,0.0905226320028305,0.1024322286248207,-0.1044385060667991,-0.096999891102314,0.1063719317317009,-0.0547997653484344,0.0781183689832687,-0.0644098222255706,-0.1041696295142173,-0.0996912270784378,-0.1040091291069984,-0.0814960673451423,-0.0059616072103381,-0.0878142267465591,0.0455331094563007,0.0228680688887834,-0.0705201104283332,0.1068674176931381,0.1064637079834938,-0.0679546594619751,-0.0458669811487197,0.0302136931568384,0.1035959646105766,0.0926120653748512,-0.0933433920145034,0.0983338207006454,-0.010935797356069,-0.0972209349274635,0.0798638686537742,0.1069667190313339,-0.0411849655210971,-0.1064590141177177,-0.1066997349262237,-0.0231919586658477,-0.0944484174251556,-0.0913329496979713,-0.0971312448382377,0.1059105545282363,0.0703002735972404,0.1066302880644798,0.058666855096817,-0.08492261916399,0.1066718325018882,0.0001251286885235,-0.0961045771837234,0.1028561666607856,0.1064149290323257,-0.1063511744141578,0.1008175909519195,-0.0980251729488372,0.1041871160268783,-0.0898777097463607,-0.0992870405316352,-0.0170404333621263,-0.0628023073077201,-0.1047077178955078,0.060510154813528,0.0730979368090629,0.1063393726944923,0.0972116887569427,0.1067280694842338,-0.1017934307456016,-0.1042749360203743,0.0418311767280101,-0.1069675087928772,0.1011928394436836,-0.0862012952566146,-0.1034461855888366,0.0981781780719757,-0.1067030355334281,0.1057682335376739,-0.1060907989740371,-0.0855817049741745,0.0810561925172805,0.1066547557711601,0.1063606962561607,0.0421999096870422,0.0405170246958732,0.1065451353788375,-0.1024911701679229,-0.0994813740253448,-0.0762547999620437,-0.098077468574047,0.1051649078726768,0.0859874486923217,0.1683105081319809,-0.1397190690040588,0.0592058971524238,0.1251190751791,-0.1030385047197341,0.04365935921669,-0.0931130796670913,-0.0125882439315319,-0.0885915830731391,0.1060468181967735,-0.0741050839424133,-0.0140912467613816,0.088643193244934,-0.0878842324018478,0.0265075378119945,-0.1700997501611709,-0.0413550734519958,0.1900182515382766,-0.0397112965583801,-0.0306174531579017,0.0374154075980186,-0.0386885702610015,-0.0884512662887573,0.2022213339805603,-0.0147270746529102,-0.0299911312758922,-0.0553106516599655,-0.1337106227874755,-0.1675049364566803,-0.1054381877183914,0.1445977091789245,-0.0563804544508457,0.0167601183056831,-0.0009306314168497,-0.036279272288084,0.0426938869059085,0.0013143979012966,0.1197373121976852,0.1515028923749923,0.0889146029949188,-0.0578152872622013,0.1182979643344879,0.040504477918148,0.0124540757387876,-0.0211745351552963,-0.0631862357258796,-0.092446319758892,-0.0983102023601532,0.0481272712349891,0.0287024229764938,-0.1207169592380523,0.1714334636926651,0.019404599443078,0.0082165664061903,0.0195084568113088,0.0188739243894815,0.0072948071174323,0.0272188726812601,0.0945916399359703,-0.1408256590366363,-0.0267447065562009,0.1351917088031768,-0.0056649623438715,0.1253796517848968,-0.083998903632164,-0.1099762618541717,0.0353599302470684,-0.0894742906093597,0.0345948636531829,0.1263933628797531,-0.0216513779014349,0.1343463361263275,-0.0752928704023361,-0.0390125662088394,0.1169278174638748,0.1501204222440719,-0.0039781033992767,0.0163124203681945,-0.0470564700663089,-0.1319898515939712,0.054887194186449,0.0556339845061302,0.0073845898732542,-0.0497805848717689,-0.0168280880898237,-0.0476455613970756,0.1770517081022262,0.0658632665872573,-0.0038053954485803,0.0091222999617457,0.1453372687101364,0.0828823819756507,-0.1609962284564972,0.0385128818452358,-0.0354707017540931,-0.1126970127224922,0.148606389760971,-0.0331854596734046,-0.0032441476359963,0.0022948763798922,-0.1174786984920501,0.0640174001455307,-0.0923096165060997,0.074674591422081,0.1049976795911789,-0.0181068554520607,-0.0108149601146578,0.1890328079462051,-0.1022762134671211,-0.0480511486530303,-0.013200256973505,0.1674681603908538,-0.0670559182763099,-0.0456546284258365,-0.0821161195635795,0.1292715072631836,-0.0302120093256235,-0.1067663356661796,0.0588341578841209,0.0759253352880477,0.0544581525027751,-0.0345179624855518,-0.050401747226715,0.0047777988947927,-0.0777559131383895,0.037648182362318,-0.0329566895961761,-0.0642586275935173,0.0888733640313148,0.172626718878746,-0.104134127497673,0.1221266761422157,0.1256607323884964,0.1543222516775131,0.0354730077087879,0.0575903765857219,-0.0139329880475997,-0.0491060651838779,-0.00380340940319,0.1436517089605331,0.1094158813357353,-0.0681905224919319,-0.1322405338287353,0.0807473063468933,0.0386152155697345,-0.1134186387062072,0.0632442757487297,-0.0920969247817993,-0.1070812568068504,-0.1084891557693481,-0.0018947811331599,-0.1592331379652023,0.1358570158481598,-0.101241298019886,0.0854725837707519,-0.1268287450075149,0.1288609355688095,0.0931510552763938,0.1324426680803299,0.1069376245141029,-0.0419385358691215,0.0216207988560199,0.0231882035732269,0.0125969313085079,-0.0491952002048492,-0.0350659601390361,0.0558177307248115,0.0470472835004329,0.1157458946108818,-0.1651381403207779,-0.0628140419721603,-0.0472985878586769,0.049867819994688,-0.1208684220910072,0.0223224256187677,-0.0440093651413917,-0.1145903170108795,0.0424424409866333,0.0885753408074379,0.133922591805458,-0.0449262969195842,0.1133486181497573,-0.0261367224156856,-0.0506605617702007,-0.0495055951178073,0.1182773485779762,-0.0641314759850502,-0.0949649363756179,0.0917391702532768,-0.066570833325386,0.0569443926215171,-0.0701257213950157,-0.0597003474831581,-0.0344953201711177,0.0785334631800651,-0.0866378098726272,0.1043713614344596,-0.0689587146043777,-0.1045693308115005,-0.1005382612347602,0.0275912787765264,0.106085866689682,-0.126933753490448,0.0927833840250969,-0.0221561025828123,0.0041914642788469,0.0650884285569191,0.0152972424402832,-0.0855240151286125,-0.0741482302546501,0.099353477358818,0.0137572521343827,-0.0870256125926971,0.093119703233242,-0.0816617980599403,-0.0434510000050067,0.1453301012516021,0.0147792566567659,-0.0612929388880729,-0.1715160608291626,0.0463068038225173,0.1187167465686798,-0.0263918917626142,0.1085362881422042,-0.1110967323184013,0.0367811731994152,0.0137332491576671,-0.0428179427981376,-0.0037036889698356,-0.0947695896029472,0.0896977335214614,-0.0121688935905694,0.1290906220674514,0.0786826461553573,0.0579924136400222,-0.0253061391413211,0.047343872487545,-0.1133807301521301,0.0063485130667686,0.1577543169260025,-0.110891118645668,0.0836300328373909,0.0243604835122823,0.177309900522232,-0.1081174463033676,0.0587198808789253,0.1142105162143707,-0.1290740817785263,0.0166625082492828,-0.0388249009847641,-0.0987526550889015,-0.1165403872728347,0.0040995720773935,-0.077013298869133,-0.0105082560330629,-0.0553668849170208,-0.089666798710823,0.0435614846646785,-0.0034491515252739,-0.015938801690936,0.0182284042239189,0.1911037713289261,0.1357549577951431,0.0296971164643764,-0.0461284294724464,0.046962883323431,-0.0142374401912093,-0.0291575901210308,-0.0800018683075904,0.0168977249413728,0.0008339253254234,0.1059180572628974,-0.1033587530255317,-0.0957426130771637,-0.0204871781170368,0.0033240220509469,0.1274699717760086,-0.0700533390045166,-0.0945479646325111,0.1036626994609832,-0.0418956018984317,0.0698839202523231,-0.0562982819974422,-0.0416483506560325,-0.1143931373953819,-0.0572326518595218,0.0944747105240821,-0.00868796184659,0.0553556904196739,-0.066083550453186,0.1541525423526764,0.1459124237298965,0.0403364337980747,0.0880924761295318,-0.0378337875008583,0.0126019790768623,-0.0445355251431465,-0.0447173714637756,-0.1370419859886169,0.0225835181772708,0.0005926021258346,0.1194397807121276,0.0128972772508859,-0.0438897311687469,-0.0117939207702875,-0.1049961298704147,0.1182639375329017,-0.1622105836868286,0.151687741279602,0.0314265713095665,-0.0966684967279434,-0.1290414482355117,-0.1005710810422897,0.0253535956144332,0.1893500238656997,0.1031926274299621,0.1051933765411377,0.0682003125548362,-0.0131815504282712,0.0942572057247161,-0.1537898033857345,-0.0137172397226095,-0.015878539532423,0.1052003726363182,0.0206414256244897,-0.1300527602434158,-0.0724502801895141,0.0552877970039844,0.1046659722924232,-0.1386375278234481,0.0198163073509931,-0.042112573981285,-0.125448390841484,-0.1365323513746261,-0.0887094363570213,0.0060891062021255,-0.0919195041060447,-0.0903796553611755,-0.1265091598033905,-0.1329674571752548,-0.0480885431170463,-0.021453820168972,0.0187700614333152,-0.0770066231489181,-0.0054576406255364,0.0425039231777191,0.1380254626274109,-0.0043126065284013,0.0002045125875156,-0.0701559260487556,-0.0588109530508518,0.0377823039889335,0.1118153482675552,0.0594514533877372,0.0546106547117233,0.0896623507142067,0.0177227687090635,0.0407877825200557,-0.044447474181652,0.0927173867821693,0.146927610039711,-0.049040101468563,-0.0702854841947555,0.0240223798900842,-0.0713322833180427,-0.0312307197600603,-0.1075789481401443,0.1562240123748779,-0.1167720854282379,0.170853242278099,-0.130001425743103,0.0670604556798935,-0.177780270576477,0.0138478800654411,0.0190874449908733,0.0576259531080722,0.145705446600914,0.176953911781311,-0.0215737707912921,-0.0220502261072397,-0.1445808112621307,0.0803890749812126,-0.0737062767148017,AVQYTHRWAZNNEB-UHFFFAOYSA-N,COCCN(CCOC)c1ccnc(C#N)c1
-0.1123642697930336,0.1133347377181053,-0.1108787357807159,-0.1133399829268455,0.1044832393527031,0.0933274924755096,0.1132241114974021,-0.0993487387895584,-0.0265604630112648,0.109633557498455,0.0462068654596805,-0.0107774985954165,-0.1120361983776092,0.0123643325641751,-0.1128779798746109,0.113100029528141,0.0737687051296234,-0.1128532886505127,-0.1123418286442756,-0.1133419126272201,0.0186262354254722,0.0499259494245052,-0.0840106159448623,0.092205174267292,0.113070972263813,-0.0316213704645633,-0.0887763798236846,0.0499253273010253,0.1041179820895195,0.0837998241186142,-0.0802803933620452,0.0081107998266816,-0.1129518300294876,0.0231950506567955,-0.0517303608357906,-0.0641185790300369,-0.1035607084631919,0.0026433488819748,0.0005186003400012,-0.1089613959193229,0.1084471046924591,0.0229525696486234,0.0923861488699913,-0.1120422706007957,-0.1120029240846633,0.1132945418357849,0.1129006817936897,0.11304522305727,0.1112496554851532,0.092225857079029,-0.0876058563590049,-0.0671696439385414,-0.0478612035512924,-0.1133205518126487,-0.0297865904867649,0.0953589752316474,0.01024950761348,-0.0855850353837013,0.1130275428295135,-0.1125960499048233,0.1001123860478401,0.1131452023983001,0.1132225021719932,0.0923026278614997,0.1124323159456253,0.0745657011866569,-0.0865161344408989,0.1133322864770889,-0.0930710211396217,-0.1016503572463989,0.0078465640544891,0.099113330245018,0.0681539848446846,0.1122761294245719,-0.0825647860765457,-0.0307251326739788,-0.1120053529739379,0.0666148364543914,0.1030202582478523,0.0433752983808517,-0.0742589309811592,-0.0934413373470306,0.0967630967497825,-0.0722322240471839,-0.1113533750176429,-0.1113030388951301,0.0888910889625549,0.1058016866445541,-0.1102351546287536,0.1133446395397186,0.1101459041237831,-0.0961446017026901,-0.1133239865303039,-0.0286730546504259,-0.0321845933794975,-0.0293874666094779,0.113344170153141,-0.1116854101419448,-0.0613435208797454,0.0684302151203155,-0.0426805689930915,0.1072211861610412,0.031024245545268,0.0385407730937004,-0.0859569758176803,-0.1130313947796821,-0.0797392055392265,0.0971429124474525,0.1132952272891998,-0.1093984618782997,-0.1133446395397186,0.0048679113388061,-0.0935021191835403,-0.1130859777331352,0.1105527728796005,-0.0838536992669105,0.0497859641909599,0.014043784700334,-0.0589257590472698,-0.1129651367664337,-0.0219016596674919,-0.0470311865210533,0.1014639660716056,-0.0360894352197647,0.0829123333096504,-0.0158695932477712,-0.10035090893507,0.1009479090571403,0.0994713082909584,-0.0728343278169632,0.079246886074543,0.0991561189293861,-0.0933444648981094,-0.0872007235884666,-0.0995255708694458,0.0994383245706558,0.0304400324821472,-0.086964264512062,-0.0829503610730171,0.0936039835214614,0.0993737056851387,-0.0779418423771858,-0.0993952900171279,-0.0992769300937652,0.0469026714563369,0.0995232909917831,0.0995292142033577,0.0993189588189125,-0.0960346534848213,0.0978770926594734,0.0014668409712612,-0.0994957461953163,-0.0995149090886116,-0.0129437316209077,-0.0995319262146949,-0.0981226488947868,-0.0995263010263443,-0.0972873121500015,0.09953173995018,0.0758077278733253,-0.09946970641613,0.0992738157510757,-0.0874219089746475,0.0782554149627685,0.0669165775179863,0.0995319262146949,0.0289327763020992,-0.0889099985361099,-0.099501721560955,-0.09953124076128,-0.0994055047631263,-0.0223692823201417,-0.0992618203163147,0.0995318964123725,-0.0995315164327621,0.0995272770524025,0.0898476764559745,0.0994729995727539,0.0277914628386497,0.0994694009423255,0.0179363824427127,0.0916382148861885,0.0995296537876129,-0.0947783067822456,-0.0146498065441846,0.0995318293571472,0.0984067097306251,0.0994844064116478,-0.0565578378736972,0.0965081080794334,0.0025566623080521,-0.0994438529014587,-0.0995313450694084,-0.0979682579636573,-0.0985445976257324,0.0929872244596481,0.0981919169425964,0.090828001499176,-0.0947538986802101,-0.0959132611751556,0.0992756709456443,0.0995038300752639,-0.0547740161418914,-0.0861304774880409,0.0939443930983543,0.0756491050124168,-0.0974334627389907,-0.0911907404661178,-0.0995318070054054,0.0817186757922172,-0.0982664078474044,0.0930841639637947,0.0995293483138084,-0.0217085964977741,0.0994713306427002,-0.0914459079504013,0.0056209410540759,0.0995136871933937,0.0995127856731414,-0.0978229641914367,0.0773138031363487,-0.0986541360616684,0.0993995741009712,0.0983361676335334,0.068067081272602,-0.0970256701111793,-0.0665357559919357,-0.0987241268157959,-0.098907858133316,0.0995274037122726,-0.099530853331089,-0.0995286107063293,0.09946770966053,0.0994622707366943,-0.0605841614305973,-0.0995301753282547,0.0995316207408905,0.0995310693979263,0.0992700532078743,0.0994500666856765,0.0691149979829788,0.0994772240519523,-0.0863716453313827,0.0946835428476333,0.0995248481631279,0.0928466171026229,0.0319147408008575,0.0967235565185546,0.0992426350712776,-0.099530778825283,-0.0980175957083702,0.0992635264992713,0.0831208303570747,-0.0071473466232419,-0.0353238135576248,-0.0078906081616878,0.0997657254338264,-0.0914466008543968,-0.0996581837534904,0.0997729301452636,0.0997729077935218,0.0649605020880699,-0.0929293558001518,-0.0997001677751541,-0.068192608654499,-0.0791568458080291,-0.0844522044062614,0.06724464148283,0.0855611190199852,-0.072778008878231,-0.0997395291924476,0.0949843600392341,-0.0697882696986198,-0.0298079308122396,0.0619513168931007,-0.0981664732098579,0.099772922694683,0.0997698754072189,0.0997729301452636,0.0900930315256118,-0.0986043214797973,0.0880189687013626,0.0862981528043747,0.0891376212239265,0.0039453427307307,-0.0794113203883171,0.0965402349829673,0.0995956510305404,0.0710004270076751,0.0993670523166656,0.0950434207916259,0.0997729301452636,0.0970891788601875,0.0997729301452636,0.0997729301452636,0.0997699871659278,0.0992306917905807,0.0993846356868743,0.0937063917517662,-0.0943862944841384,-0.0995219126343727,0.0997729301452636,0.0997729152441024,-0.099763810634613,0.0997696295380592,-0.0942123979330062,-0.0997729301452636,-0.0949864983558654,0.0992427170276641,-0.0990129634737968,0.0996966809034347,-0.0997712612152099,0.0144139742478728,-0.0929652452468872,0.0997727811336517,-0.0995393991470336,0.06205340847373,-0.072479747235775,0.0524312742054462,0.0902257338166236,-0.0960331484675407,0.0847541317343711,-0.0987260118126869,0.0983626917004585,0.0995264127850532,0.0997672602534294,0.0951115638017654,-0.0727046653628349,-0.0845413506031036,-0.0997729003429412,0.0938671827316284,0.0954533964395523,0.0875625386834144,-0.0997004956007003,0.0156769547611475,-0.055972795933485,-0.0961167514324188,-0.0984783768653869,0.0530271679162979,0.0937817022204399,0.0135337589308619,0.0995693430304527,-0.0997723862528801,-0.067619077861309,0.0837481319904327,0.099745936691761,6.65862753521651e-05,0.0628706440329551,0.0463834106922149,0.0949862450361251,0.0002452787884976,0.039275262504816,-0.0995613038539886,-0.0727529078722,-0.0997259467840194,-0.0935198068618774,0.099772922694683,-0.097413420677185,-0.099452868103981,0.0336747914552688,0.0956707671284675,0.0918698087334632,0.0172825921326875,-0.0997621044516563,0.0984358265995979,0.0997707843780517,0.0997412949800491,0.099772922694683,0.0925030410289764,0.0997729152441024,0.0985162034630775,-0.0997725650668144,0.059232197701931,-0.0997622981667518,0.0997390896081924,0.0910068601369857,0.0996615663170814,-0.0997694358229637,-0.0996944978833198,0.0997606590390205,0.0832388922572135,-0.0995498597621917,-0.0200081095099449,-0.0967215597629547,-0.0243342798203229,0.1073414832353591,0.1162404343485832,-0.1073576807975769,-0.0799572393298149,0.0524383448064327,-0.0927704423666,0.0271109323948621,-0.0825355872511863,-0.1178020536899566,0.1030535772442817,0.1040650904178619,0.1126986742019653,0.1078736558556556,0.0173547975718975,0.0155859645456075,0.1128737851977348,0.0694494768977165,-0.1141771078109741,-0.0692825242877006,-0.0267465859651565,0.0119013069197535,-0.1209368407726287,0.0897522941231727,-0.1067679300904274,-0.0331439711153507,-0.0888314545154571,0.0050687096081674,-0.0751748085021972,0.0295132230967283,-0.0438948236405849,0.1149206310510635,-0.100469522178173,0.0244249738752841,0.0921615213155746,0.0830788314342498,0.0904944837093353,-0.117727942764759,-0.1180343031883239,0.1027807891368866,-0.1239297166466713,0.0928921774029731,-0.0995809957385063,0.1254060864448547,-0.1206155717372894,-0.1031444892287254,-0.0094230724498629,0.1243745535612106,0.1077909022569656,0.073471188545227,-0.0388894639909267,0.1186108514666557,0.0118731847032904,0.1188069060444831,-0.0435929484665393,0.0716804862022399,0.1222603321075439,0.1157159954309463,-0.1118144020438194,-0.0995825678110122,-0.1201430857181549,-0.0327255725860595,0.1242675855755806,0.1115117445588111,0.0497507452964782,0.0722369253635406,-0.089229367673397,-0.0806993469595909,-0.0515076927840709,-0.0468622408807277,0.0028617647476494,0.0567619651556015,-0.12351606041193,0.1241995990276336,-0.1055548638105392,0.118680439889431,0.040717426687479,-0.1136784926056861,-0.1207174435257911,-0.0721863061189651,0.0588510259985923,0.1253470033407211,-0.0941918119788169,-0.1225283071398735,-0.0643005520105362,-0.1192732229828834,0.1201957985758781,0.096384197473526,-0.0961007177829742,0.0816352590918541,-0.0403709113597869,0.0794980376958847,0.0420684441924095,-0.0868097022175788,-0.0378412157297134,0.0860125496983528,0.0019307095790281,0.1045462414622306,0.0833431035280227,-0.0666708052158355,0.097312182188034,-0.0247508063912391,0.1157708317041397,0.0534724704921245,0.1062619239091873,0.0697308853268623,-0.1115338429808616,0.0462800674140453,-0.1108563393354415,0.1231713593006134,0.0784941837191581,0.0372059270739555,0.0419289581477642,-0.1188838928937912,0.0978100672364234,-0.0726983547210693,-0.1200830936431884,-0.0395467840135097,0.0249857902526855,0.042321965098381,0.0940141826868057,0.0948988199234008,0.0733325332403183,0.0139395678415894,-0.0555667951703071,-0.1226162686944007,-0.1023352518677711,-0.0454677492380142,0.0068399347364902,0.1395802646875381,-0.0033635310828685,0.048841044306755,0.1512099504470825,0.0151676749810576,-0.0430456697940826,-0.0075546479783952,0.0547210425138473,0.003460849635303,-0.1469392776489257,0.0071865865029394,-0.1480464190244674,0.0554123595356941,-0.1029436588287353,0.0368589833378791,-0.0546036325395107,0.0500633493065834,-0.0342239141464233,0.130997285246849,0.08998604118824,0.0779072940349578,-0.0276865921914577,0.0715580806136131,-0.0369738936424255,-0.0181155521422624,-0.1269443035125732,-0.0006571503472514,0.1061746031045913,0.0772413089871406,-0.0843889713287353,-0.1489656120538711,0.1093862578272819,0.0326307713985443,-0.0605607107281684,-0.111548863351345,0.0588778220117092,-0.047002375125885,-0.0891731828451156,0.099439226090908,-0.021319955587387,-0.097089447081089,-0.0595866478979587,0.1081468388438224,-0.0753684937953949,-0.1405443847179412,-0.0730918422341346,-0.0449918061494827,0.0753564983606338,0.0101136956363916,-0.1009224280714988,-0.1226361319422721,-0.1061574667692184,0.0845063775777816,-0.0386827997863292,-0.0442248173058033,-0.0783326253294944,-0.1390233039855957,0.1650856286287307,-0.0495227500796318,0.0408926159143447,-0.0199763849377632,0.0070557654835283,0.0052425349131226,-0.0881193056702613,-0.1525584310293197,0.032065775245428,0.057641502469778,0.0467853024601936,-0.0439001247286796,0.0618384853005409,-0.0004842467315029,-0.0871466323733329,-0.0398777350783348,0.0573680736124515,-0.101355642080307,-0.0116525869816541,-0.0381051264703273,0.1600531488656997,0.068888172507286,0.1337795704603195,-0.0861837118864059,-0.0811714306473732,-0.048425618559122,0.0442394837737083,0.1204558759927749,0.1313804537057876,0.0308746807277202,-0.0602829046547412,-0.1331446319818496,0.1107909083366394,-0.1167297437787056,0.0759386718273162,-0.1228237152099609,0.158180683851242,0.0228039473295211,0.1693566888570785,-0.0762779712677002,0.1351569443941116,0.0047738351859152,-0.1501545310020446,-0.0049617118202149,-0.0706701502203941,0.0402185544371604,0.1327823400497436,0.0699021890759468,-0.0676438882946968,0.0733593329787254,-0.1364490985870361,-0.0347381718456745,-0.0417513065040111,-0.0458384305238723,0.0862365067005157,-0.1250543445348739,0.0674401968717575,0.0885313600301742,0.1305791586637497,-0.0282225999981164,0.0752765387296676,0.0502977706491947,-0.0104185175150632,-0.0433717034757137,0.1356980949640274,0.0707918033003807,0.1252310574054718,0.1525320559740066,-0.1477149277925491,-0.1266484558582306,-0.1271381974220276,0.1017535105347633,0.1068987622857093,-0.099862053990364,-0.0004183109558653,0.1059550791978836,-0.0648191347718238,0.1386700868606567,0.0296055022627115,-0.0910026803612709,0.1147366240620613,0.0222949385643005,0.0096665527671575,0.0388624966144561,-0.0051894718781113,0.0654379725456237,-0.0542748868465423,-0.0381714180111885,-0.1085832640528678,-0.1259301900863647,0.026883715763688,0.1288933753967285,0.0017080423422157,-0.0752839669585228,0.0865525156259536,-0.1215202286839485,0.0966818779706955,0.0944587141275405,-0.0507499873638153,-0.1126406788825988,-0.110883742570877,-0.1208448559045791,0.1108572408556938,0.0452020615339279,-0.0222693663090467,-0.0746723189949989,0.1020889356732368,0.0302004255354404,-0.1231405064463615,-0.0067646172828972,0.1161646842956543,0.1302147507667541,-0.1059949100017547,-0.0894960090517997,-0.1341980397701263,0.1036584004759788,0.0209315046668052,0.0785729065537452,0.0163371209055185,0.1283130347728729,-0.134332850575447,-0.1147484853863716,-0.0148976622149348,0.0140411416068673,-0.0856628641486167,-0.0453806705772876,0.0463565476238727,0.0871971845626831,-0.0573464334011077,0.081503115594387,0.1354271471500396,0.1297480463981628,-0.0745425373315811,0.061192475259304,0.0634118616580963,0.0312023758888244,0.0811787098646164,0.049438688904047,0.0160696823149919,0.1279460787773132,0.1114683747291565,0.1373943835496902,0.0308664161711931,-0.1373514980077743,-0.0369349159300327,0.1033283695578575,0.1276292502880096,0.0698697566986084,-0.0506455413997173,0.1095239073038101,0.1314740478992462,-0.1031739860773086,0.1111698076128959,-0.0637651309370994,-0.1374497860670089,0.1231944486498832,0.0057808882556855,-0.0367669388651847,-0.1319823414087295,0.0020972078200429,0.091775394976139,-0.1076787784695625,-0.1035237088799476,0.0145815601572394,-0.0772442668676376,0.133747398853302,-0.0393169298768043,0.1235433891415596,-0.0289888586848974,-0.097656026482582,0.0812186077237129,0.0282132532447576,0.0925342738628387,0.1393169611692428,-0.0978172793984413,0.0021489225327968,-0.1078587844967842,0.0409502349793911,0.00312469759956,-0.0829655975103378,0.0795618295669555,-0.02193502523005,-0.055926114320755,-0.0356669798493385,-0.0867461860179901,0.0496170185506343,-0.1237093135714531,-0.0618669725954532,-0.040158711373806,-0.0427046306431293,0.0359716676175594,0.1057376191020011,-0.0416523329913616,-0.132288321852684,0.1183169409632682,0.0652392953634262,0.1324978768825531,0.1087041869759559,FHKMVNFRAJAHCV-BOWXQOMESA-N,CC(C)C[C@@H]1NC(=O)[C@@H](Cc2ccccc2)NC(=O)[C@H](CCN)NC(=O)[C@@H](NC(=O)[C@H](CN)NC(=O)[C@@H](NC(=O)[C@H](CCN)NC(=O)c2ccnc(-c3ccccc3)c2)[C@@H](C)O)CCNC(=O)[C@H]([C@@H](C)O)NC(=O)[C@H](CCN)NC(=O)[C@H](CCN)NC1=O
0.1040863245725631,0.0685614794492721,-0.0546724535524845,0.1038637459278106,-0.1039268001914024,-0.1039575785398483,-0.0974839329719543,-0.0537301525473594,-0.0993520095944404,0.0839279368519783,-0.1038784757256507,-0.038269929587841,-0.0763141065835952,0.0941478312015533,0.1041289716958999,-0.0399706326425075,-0.1041262447834014,0.1036233082413673,-0.0593076534569263,0.0879032239317894,-0.0615451410412788,0.0669301003217697,0.0988906323909759,0.0391387715935707,-0.097961887717247,-0.0743222832679748,-0.1024558767676353,0.0793283358216285,-0.0567779652774333,-0.0920009240508079,-0.1038887575268745,0.0715197324752807,0.1035829856991767,0.0937391519546508,0.1041054725646972,0.1005331128835678,0.0923794731497764,-0.1039613112807273,-0.1016546562314033,-0.1041194498538971,0.0048503568395972,0.1027550101280212,-0.103948526084423,-0.0873582959175109,0.0886795297265052,-0.063477873802185,-0.1041342541575431,-0.1039203256368637,-0.091747298836708,-0.1041292995214462,-0.1036818176507949,0.1006994619965553,-0.1016820594668388,0.1041342467069625,0.1039918959140777,-0.1032633185386657,-0.0922828689217567,-0.0786825940012931,0.0049849874339997,-0.1035613715648651,0.1041344329714775,0.1041344627737999,-0.0439979471266269,0.0348937772214412,-0.1041314452886581,0.1041231080889701,0.1028526350855827,0.1023680418729782,-0.0795977190136909,0.1039075627923011,0.0630481839179992,-0.1041214168071746,0.0171451568603515,0.0871456190943718,-0.1041327491402626,0.0979195386171341,-0.104035846889019,0.1027789264917373,0.1040272042155265,0.0113763203844428,-0.0245157163590192,0.1041331738233566,0.1003964692354202,0.0255864951759576,-0.0987129285931587,-0.0970960557460784,0.0496149845421314,0.0018806930165737,0.1034779995679855,-0.1039960235357284,0.104134477674961,0.104081317782402,0.090816244482994,-0.1034058406949043,0.1023188158869743,-0.0791495591402053,0.0995629876852035,0.104131318628788,-0.0196927916258573,-0.0945079028606414,0.0932656377553939,-0.100147821009159,-0.099789872765541,0.0875399187207222,-0.0890122652053833,-0.1006926372647285,-0.040809690952301,-0.1033406630158424,-0.0910035520792007,0.1029740646481514,0.0770194381475448,-0.1037256121635437,-0.1020887494087219,0.0249027144163846,0.0835097953677177,0.1041023209691047,-0.0439573600888252,0.0310359913855791,-0.0899920389056205,0.1040951907634735,-0.0512231551110744,-0.0788037180900573,0.0999249070882797,-0.1040265336632728,0.104125864803791,0.0512049570679664,0.0601907037198543,0.0630928128957748,0.107804998755455,0.0382801927626132,0.1016539186239242,0.0230392385274171,0.0871902108192443,-0.0263526570051908,0.0999433249235153,0.1089208126068115,0.0232926588505506,0.0476256795227527,-0.07546017318964,0.0506553649902343,0.0816987752914428,-0.0933996811509132,0.1053890660405159,0.0463207401335239,-0.0373391434550285,-0.0866532400250434,-0.0641007721424102,-0.0092158047482371,0.0281601771712303,0.0457082577049732,-0.0615058690309524,0.0381539389491081,0.0662146434187889,0.0781313329935073,-0.1114403903484344,-0.0859340950846672,-0.0887546464800834,-0.1115978881716728,-0.1117739379405975,0.0454173982143402,0.1103198751807212,0.1118986159563064,0.1114410459995269,0.0017693873960524,0.1108077988028526,-0.1118202582001686,0.0607131235301494,0.1045386865735054,0.0989038869738578,0.0523117780685424,0.1005284488201141,-0.1085241958498954,0.1101797819137573,-0.0983360707759857,-0.1114328429102897,0.0238456893712282,0.1110031083226203,0.1113581210374832,0.0608340576291084,0.1100106760859489,-0.0956702902913093,0.0406342186033725,-0.1044973507523536,-0.1100599020719528,0.0432291515171527,-0.1117836460471153,-0.0497885569930076,-0.1104197278618812,0.1037808954715728,0.1101833879947662,-0.0675903111696243,-0.0992578640580177,0.1119232922792434,0.0134592233225703,-0.0819670408964157,0.1097066774964332,-0.111846886575222,0.0826256871223449,0.0835325717926025,-0.1031685471534729,-0.1118895858526229,0.1024954542517662,-0.1114785373210907,-0.0876306518912315,-0.1116352155804634,0.1078198924660682,-0.1107445061206817,-0.1097995340824127,-0.0935709550976753,0.0051995213143527,-0.0438525453209877,0.1102876737713813,-0.0938459932804107,0.0664886757731437,0.1050065606832504,0.0214588306844234,0.1084949523210525,-0.0242253206670284,-0.1077982783317565,-0.0880953148007392,0.1071389019489288,0.1113234683871269,-0.0524135455489158,0.1119059473276138,-0.0618496350944042,-0.1098700910806655,-0.1024550050497055,0.1105886846780777,0.0969418883323669,-0.0141872065141797,-0.109322689473629,-0.1032063513994216,-0.0067937201820313,0.0946340411901474,0.1112680435180664,-0.1079398095607757,-0.0673615410923957,0.0037800695281475,-0.0693387165665626,-0.0132365273311734,-0.1116951629519462,0.0778562575578689,0.1063644886016845,0.1089351251721382,-0.1091820001602172,0.0960276499390602,-0.0225900970399379,-0.1074328273534774,0.111712522804737,-0.1062559187412262,-0.085612878203392,0.1102013438940048,-0.1012517586350441,-0.0249772183597087,-0.1074785515666008,0.0306810662150383,0.0999014154076576,-0.0905357226729393,-0.1000151187181472,-0.0720673352479934,0.0989729464054107,0.1000155583024025,-0.0949190631508827,0.0971198379993438,0.0951024964451789,0.0983426421880722,0.0917821004986763,-0.0889077857136726,-0.0755815058946609,-0.0945263803005218,0.1000161468982696,0.0754382386803627,-0.0999969914555549,-0.0011765599483624,0.0880132690072059,0.0990345999598503,0.1000052839517593,0.1000008210539817,0.1000111848115921,0.0998867377638816,-0.1000132039189338,0.0957626104354858,0.1000100672245025,0.0986918583512306,-0.0810820013284683,-0.0952536836266517,0.1000154688954353,0.0157757196575403,-0.1000132411718368,0.0992012545466423,-0.0981637239456176,0.0987855717539787,0.0751698613166809,-0.0929180830717086,0.0977249592542648,0.0897656828165054,0.1000163853168487,-0.0936378613114357,-0.0752241760492324,-0.0787301510572433,0.0979002863168716,-0.0995155572891235,0.099529281258583,-0.0981654971837997,-0.0999985784292221,-0.0748319029808044,0.0962143614888191,-0.0991717278957367,-0.0694088861346244,0.1000151187181472,0.0231851115822792,0.0997592806816101,0.100010760128498,-0.0035413296427577,-0.0930777862668037,0.0986735969781875,0.0793296992778778,-0.0868042334914207,0.0681321918964386,0.0358147621154785,0.094514787197113,0.099954105913639,-0.0481425113976001,0.0998439192771911,0.1000164449214935,0.012449063360691,-0.0641640722751617,-0.0952486023306846,0.0999155566096305,-0.0957837775349617,-0.0999631956219673,-0.0997002348303794,0.0999891608953476,0.0258897710591554,0.1000162661075592,-0.0562148280441761,-0.100013718008995,0.0998318940401077,0.0970345064997673,0.0998864993453025,0.056057933717966,-0.0265075117349624,0.0923568159341812,-0.1000114828348159,0.0674860626459121,-0.1000010520219802,-0.1000159829854965,-0.0831710398197174,0.1000164598226547,-0.0469974316656589,0.0935169458389282,-0.0999502018094062,0.0874790698289871,-0.075001373887062,0.0718234106898307,-0.0851208791136741,0.011026999913156,0.0997715815901756,0.0919295474886894,-0.1000163406133651,-0.0889312475919723,0.0995308235287666,-0.0935395509004592,-0.0883965939283371,0.1000004485249519,-0.099975474178791,-0.0348480492830276,0.089286059141159,-0.052964624017477,-0.0999581292271614,-0.0997737124562263,-0.080601267516613,0.1000164225697517,0.0998530313372612,-0.0951751992106437,-0.0999446585774421,-0.0985345244407653,0.0044498583301901,-0.0677593871951103,0.0999695882201194,-0.099968284368515,0.0989328324794769,-0.02332229539752,-0.0967822968959808,0.0574860870838165,-0.0439209975302219,-0.1511093974113464,0.0293400734663009,0.0202224515378475,-0.0130310542881488,-0.0675451979041099,0.1186452731490135,0.027243597432971,-0.1080732569098472,0.1153720021247863,-0.1133228167891502,0.0603240244090557,-0.1404483765363693,-0.0774193778634071,-0.1218676343560218,-0.0613605268299579,-0.0233340896666049,-0.0205753967165946,-0.0229986459016799,0.0483913198113441,0.1195351183414459,-0.1157684922218322,0.0539202019572258,0.1296852082014084,-0.0943078026175499,-0.1432959735393524,0.0124882068485021,-0.152797594666481,-0.0974460318684578,0.0312256421893835,0.1035775616765022,-0.0113832242786884,0.1334634870290756,0.1060277298092842,-0.122367188334465,-0.1043179035186767,-0.128509521484375,0.052824854850769,-0.0289729237556457,0.0564308762550354,-0.097682237625122,-0.1374447643756866,-0.0473094917833805,0.1607616543769836,0.1336951851844787,0.0685111135244369,-0.02903863042593,0.0263937208801507,0.0875406712293624,-0.044089812785387,-0.073831707239151,0.0772027894854545,0.1470567882061004,-0.0300686452537775,-0.050542376935482,-0.1634822487831115,0.0171364452689886,0.0534818284213542,0.1284414082765579,-0.1065776944160461,-0.0697840079665184,0.042425662279129,-0.0216806977987289,0.0521097928285598,-0.073822446167469,-0.022489883005619,-0.042212963104248,-0.0724296644330024,0.0237799640744924,0.012043822556734,-0.0229471996426582,-0.1219022646546363,-0.0278752800077199,-0.1333698332309723,0.0568867959082126,0.0415714383125305,-0.1379618793725967,-0.1126473620533943,-0.1048091948032379,0.0975426360964775,0.131303921341896,0.0449391454458236,-0.1717470288276672,-0.0818867832422256,-0.0848743095993995,0.0901998132467269,0.0866604298353195,-0.1179000288248062,0.0378882549703121,0.1160861179232597,-0.0553163550794124,-0.1131149381399154,0.0053221499547362,0.0131195345893502,0.0415336973965168,0.12453543394804,0.0076127918437123,-0.0158177036792039,-0.0330729372799396,-0.0990846827626228,0.051339067518711,-0.0445728749036788,0.0058638025075197,-0.0660341009497642,-0.0522534921765327,-0.1069112196564674,-0.0748249143362045,0.070352554321289,0.1300720870494842,-0.1701289862394333,0.115707479417324,0.1001874729990959,0.1341278105974197,0.0589699074625968,0.0490411110222339,0.0724997892975807,0.1158605888485908,-0.1358688473701477,0.0039814137853682,0.030808312818408,-0.0537476316094398,0.0615787766873836,-0.0522063709795475,-0.0444548092782497,0.0932480320334434,-0.1436721831560135,-0.0710909739136695,-0.03872811794281,-0.0292917396873235,0.0752640217542648,-0.0217987820506095,0.0987426489591598,0.0312026385217905,0.0631769672036171,0.0316823944449424,-0.0076393531635403,0.1009287163615226,0.0158205684274435,0.0245352759957313,-0.0135705014690756,0.0197325050830841,0.0661941617727279,0.097023069858551,0.0841363370418548,-0.0602131523191928,0.020399335771799,0.1202798709273338,0.1408841609954834,0.1331339925527572,0.0313246138393878,0.0944913774728775,-0.0666270330548286,-0.0271384809166193,-0.0576151087880134,0.1196970716118812,0.0890291184186935,0.0465752184391021,0.140633687376976,-0.0338146910071373,0.0759725868701934,0.0911628901958465,-0.1044954732060432,0.139344722032547,0.1228423342108726,-0.1475867927074432,0.0382936000823974,-0.0464415922760963,-0.0255260150879621,-0.0044952449388802,-0.1324313730001449,0.0433969907462596,0.0625112056732177,0.0511142872273922,-0.0328246653079986,0.0500988699495792,-0.1287872940301895,0.0181418862193822,-0.056212093681097,-0.143017366528511,0.0868593528866767,-0.02441131696105,-0.0108536761254072,0.050321627408266,-0.0701007544994354,0.1189040169119834,0.1324509531259536,-0.0088094575330615,-0.1353314369916916,-0.035071674734354,-0.1299759447574615,-0.0149451028555631,0.0401642993092536,0.129568725824356,0.1151745393872261,0.0188939869403839,0.118537351489067,0.0168076548725366,0.1278073340654373,-0.0478036850690841,-0.0970131084322929,-0.0992711782455444,0.0754953399300575,-0.133174180984497,0.0761187523603439,-0.0734859555959701,-0.0722109824419021,-0.1124345064163208,0.1047713458538055,0.0990692153573036,-0.1257009357213974,0.1421922743320465,0.073913924396038,0.1458591222763061,-0.0286931432783603,-0.1117049530148506,-0.0977577418088913,0.0998582392930984,0.0006286202697083,-6.615572783630341e-05,-0.1476184427738189,-0.1301174908876419,0.1400009244680404,0.1035159900784492,-0.089728757739067,0.1053299456834793,0.1260228753089904,-0.0631913691759109,-0.1021479591727256,0.1359728276729583,0.1159247383475303,0.0977141112089157,-0.0041915094479918,0.0030145344790071,0.1140061169862747,-0.1192543357610702,0.049265794456005,-0.0738729089498519,-0.1204857528209686,-0.0469900220632553,0.1238067671656608,-0.1187603995203971,0.0563051700592041,0.0068505234085023,0.085364244878292,-0.1081492751836776,0.1161388978362083,-0.0787820145487785,-0.0728133618831634,-0.106288157403469,0.1082101017236709,-0.0045755887404084,-0.022403685376048,-0.0867727994918823,-0.0950298979878425,0.0446006953716278,-0.1052062362432479,0.1017872020602226,-0.0871309340000152,0.0271576941013336,-0.1432403475046157,-0.0135721508413553,0.0333855263888835,0.0792443454265594,-0.0769389122724533,-0.1505930125713348,0.0913425013422966,-0.0272583216428756,-0.0563351288437843,0.0157942939549684,-0.0105669572949409,0.0070764208212494,0.047207985073328,-0.0840994119644165,-0.1312743574380874,0.0087612615898251,-0.1102746799588203,0.0034012277610599,0.0157894399017095,-0.1499248445034027,0.1213883534073829,-0.0341941714286804,0.1506850570440292,-0.0270312000066041,0.0539561957120895,0.0142087154090404,-0.1495143473148346,0.0021796566434204,0.0728377550840377,-0.0697816759347915,0.0749702453613281,0.1407701820135116,0.0844148397445678,-0.1042770221829414,0.0062420656904578,-0.1227478012442588,0.0518625043332576,-0.0829173177480697,-0.0758898183703422,-0.016526099294424,0.0973200276494026,0.0354996062815189,0.1588544994592666,-0.0005803134408779,-0.0791374370455741,0.1666201055049896,-0.0946246907114982,0.0288004260510206,-0.0414527393877506,0.1009522899985313,0.007056200876832,-0.0945591777563095,0.1252927780151367,0.020010307431221,0.0057407827116549,0.1201378107070922,-0.0050510563887655,0.0998940020799636,-0.0039900741539895,0.0755631998181343,0.0060762059874832,-0.052586805075407,-0.0183295905590057,0.1133901923894882,0.157685101032257,0.0951471775770187,-0.1352924704551696,0.1337995827198028,0.1010297909379005,-0.0348810441792011,-0.0662614181637764,0.0032858878839761,-0.0307122599333524,-0.0493687614798545,-0.0345109812915325,-0.1232481598854065,0.0987074524164199,0.0078800041228532,0.128859743475914,-0.0995449423789978,-0.1314011365175247,-0.1262163668870926,0.137902021408081,-0.0207962319254875,-0.0919921472668647,0.1205831989645958,0.1227341145277023,0.0115853501483798,0.044476930052042,0.0298115462064743,-0.0650283396244049,0.0191489178687334,-0.0880367308855056,-0.0096354056149721,-0.158408373594284,0.0664883777499198,-0.0646210983395576,0.0070144375786185,0.0602029561996459,-0.0113489273935556,0.1373832523822784,-0.1104123368859291,-0.0805192366242408,-0.1250861287117004,0.1145837604999542,-0.112577773630619,0.1677417159080505,0.0905345752835273,0.1358968168497085,-0.0604686364531517,0.1055945008993148,0.0262075345963239,0.0189944952726364,-0.1070403307676315,-0.0986886546015739,0.1261928826570511,-0.0198625195771455,-0.0501086860895156,0.1610721349716186,-0.0055309939198195,0.0630543977022171,-0.0644966065883636,0.0310321263968944,0.1297792792320251,LCVZDXWQCIJGNN-UHFFFAOYSA-N,O=C(CC1CCCNCC1)N1CCCC1
0.0552708655595779,0.0958251878619194,0.0324068702757358,0.1127451509237289,0.0386667773127555,-0.0925777852535247,-0.0744431689381599,0.0395005904138088,0.0560109056532382,0.0043735234066843,-0.0759494379162788,0.0663182735443115,-0.0970826596021652,-0.0538028702139854,0.1210888177156448,-0.10591921210289,-0.1207132786512374,0.1171807274222374,0.0463974177837371,0.111568734049797,-0.1000255420804023,0.0585259385406971,0.060779470950365,0.094878576695919,0.0965232923626899,-0.1154485344886779,-0.0282708015292882,0.0560124404728412,0.0351609960198402,0.0913278385996818,-0.1011677607893943,-0.0787527784705162,0.119893804192543,0.087063230574131,0.1059720069169998,0.086187720298767,0.0934291258454322,-0.0805224925279617,-0.0884244292974472,-0.1192490085959434,-0.0915508270263671,-0.0815680846571922,-0.1066718026995658,-0.1134202629327774,0.0372304357588291,-0.0906742438673973,-0.1099195703864097,0.0019803424365818,0.1115718260407447,-0.0969480946660041,-0.0917257741093635,0.0651025772094726,-0.0761556625366211,0.1211956739425659,0.0993536040186882,-0.0416059829294681,0.098083883523941,-0.1062482669949531,0.0959439128637313,-0.0711457654833793,0.1195114478468895,0.1195689067244529,-0.0959862321615219,0.0678019747138023,-0.1171724572777748,0.0247557945549488,-0.0385715067386627,-0.0503749884665012,-0.0198600143194198,-0.0109186489135026,0.0541828349232673,-0.1182644963264465,0.062296736985445,0.0232900027185678,-0.1153847500681877,-0.055742971599102,-0.1159199625253677,0.117106594145298,0.1113041564822197,-0.1195743307471275,0.0394304990768432,0.1208884641528129,0.1150515750050544,0.0228150151669979,-0.021189484745264,-0.0852813124656677,0.1109378263354301,0.0413927361369133,-0.0756127089262008,0.0724445059895515,0.1211570054292678,0.1201933398842811,-0.0087710069492459,-0.1123038828372955,0.0802841037511825,0.0507015064358711,-0.0482639037072658,0.1208456829190254,0.1173831224441528,0.0682464316487312,-0.052368439733982,0.0262201894074678,0.0981533825397491,0.1022211611270904,-0.1063834428787231,-0.1136913895606994,0.106262169778347,-0.0400309599936008,-0.0911764055490493,0.0956445038318634,0.1180966794490814,-0.1182840764522552,-0.1147174388170242,-0.1022026538848877,0.119216687977314,0.0940413996577262,-0.1188335046172142,-0.0983997657895088,-0.0688602775335311,0.1002938821911811,0.0614276528358459,0.1035873442888259,0.1151512339711189,-0.0887399762868881,0.1123945415019989,0.0167493447661399,-0.033051136881113,0.0202731415629386,0.1298689395189285,0.0851678326725959,0.1303529590368271,0.0440472699701786,0.032874796539545,-0.0514772459864616,0.0456506200134754,0.1206642463803291,0.0177391804754734,-0.0847104787826538,-0.013805367052555,-0.0885435044765472,-0.0043197642080485,-0.1243266761302948,0.0954473838210105,0.0555162355303764,0.0468206740915775,0.0990138053894043,-0.0941467955708503,0.0279269516468048,-0.0687155798077583,0.0374856442213058,-0.1143768802285194,-0.1148800477385521,-0.0932969972491264,-0.0565894581377506,-0.1199924796819686,-0.0534779876470565,-0.0687524378299713,-0.1039885133504867,-0.0368277765810489,-0.0034253690391778,-0.0760126709938049,0.1319951564073562,0.1129307523369789,-0.0193473789840936,0.0912729725241661,-0.1182279139757156,-0.0093822637572884,-0.0138212647289037,-0.0062046935781836,0.0519851520657539,0.0996166691184043,-0.1286810934543609,0.0775987431406974,-0.0867259353399276,-0.1279722303152084,0.0477530695497989,0.0649174228310585,0.1311378180980682,0.0103817144408822,0.0209777727723121,-0.1289033889770507,-0.0760174021124839,-0.026697039604187,-0.0551049634814262,0.0472705960273742,-0.1171819418668747,-0.0896180868148803,-0.0814600437879562,0.1007034033536911,0.1093963235616684,-0.1206217482686042,-0.068165510892868,0.131806269288063,0.0320106782019138,-0.1127418354153633,0.1289879083633422,-0.0878537818789482,0.124521754682064,-0.0198540724813938,-0.1248332113027572,-0.1309562623500824,-0.018935102969408,-0.1285496205091476,0.0419689938426017,-0.1249257922172546,0.124549500644207,-0.1090709716081619,-0.0076044178567826,-0.1272409260272979,-0.0570869259536266,0.0858717411756515,0.1095268577337265,0.0637163370847702,-0.0915716588497161,-0.030555298551917,0.0572103112936019,0.0860435664653778,0.0505105219781398,-0.0809256061911583,-0.0979731455445289,-0.0030405644793063,0.1007207781076431,0.0430897884070873,0.1317265927791595,0.0875931680202484,-0.1296828240156173,-0.055113211274147,-0.0187294464558362,0.1272992193698883,0.0987925305962562,-0.0807865783572197,-0.1214728951454162,0.0344135202467441,0.0946945920586586,0.1245943084359169,-0.0316600129008293,-0.0953741148114204,0.0637484416365623,-0.0702331140637397,0.045786302536726,-0.0947653353214263,0.1123091280460357,0.1234505698084831,0.1262107640504837,-0.1226386278867721,0.0563519783318042,0.0358420833945274,-0.076926551759243,0.1317117512226104,-0.1144939288496971,0.0684796944260597,0.0999365001916885,-0.0932186841964721,-0.1223526075482368,-0.081117071211338,0.0242139585316181,-0.0065145245753228,-0.1033861190080642,-0.093671791255474,-0.0225088633596897,0.1175365522503852,0.1180729642510414,0.0451692678034305,0.0330947898328304,0.0947749242186546,0.0568975731730461,0.1044165790081024,-0.0903332978487014,0.0812934264540672,0.0422683432698249,0.1172289103269577,-0.0466123856604099,-0.1181027144193649,0.0273023508489131,0.1046067625284195,-0.1094182655215263,0.0291768964380025,-0.0547556392848491,0.0874695405364036,-0.0467265881597995,-0.1087304800748825,-0.0021130326204001,0.1132565960288047,0.0219960696995258,0.1164429485797882,-0.0974092110991478,0.1141493916511535,0.03013501688838,-0.1016060262918472,0.0815500766038894,0.0722375214099884,-0.0447100549936294,0.1170075833797454,0.0949676185846328,0.1008014678955078,-0.0167675483971834,0.1179971396923065,0.0813749283552169,-0.1115785837173461,-0.1159292533993721,-0.0849172994494438,-0.1111566498875618,0.0362124405801296,-0.1103557273745536,-0.1178085207939148,-0.1127965599298477,0.0574663132429122,-0.1156677976250648,-0.1177847534418106,0.1181446015834808,-0.0866509601473808,0.1127106696367263,0.1139580085873603,0.0453220754861831,-0.1094371601939201,0.0626655146479606,0.118019089102745,0.1149540469050407,-0.0169083438813686,-0.0240800008177757,-0.0204032585024833,0.1051401942968368,0.0971594229340553,0.1123126670718193,0.1179084256291389,-0.0648753568530082,-0.1107108369469642,0.1140823140740394,0.0836129263043403,0.0107190143316984,-0.0952564403414726,0.0818080827593803,-0.0162908229976892,-0.0392002128064632,0.1176384463906288,-0.1101497709751129,-0.1166787445545196,0.0952162072062492,0.0072426171973347,0.0991589054465293,-0.11786600202322,0.0849592983722686,0.1021238937973976,-0.1159919202327728,-0.1011844500899314,-0.0358762294054031,-0.1114224940538406,-0.039269533008337,0.1181375011801719,0.1136429980397224,0.0694792196154594,-0.1169043257832527,-0.0199389345943927,0.066087007522583,0.0435638390481472,-0.1153453066945076,-0.034635242074728,0.114649511873722,0.0522124953567981,-0.0869398862123489,0.0659386664628982,0.1099321395158767,-0.0687097311019897,-0.1158044040203094,0.1180348768830299,-0.0412739254534244,-0.0300641674548387,-0.1096547245979309,0.0717243552207946,-0.117666557431221,-0.076463408768177,-0.0171014759689569,0.1154539212584495,0.0603500232100486,0.0833854377269744,0.0249147024005651,0.0067555271089077,0.0550216697156429,-0.0898442864418029,0.1180285289883613,-0.1089156866073608,0.1098235547542572,0.0319736637175083,-0.0979398936033248,-0.0921117812395095,0.1147017851471901,-0.0433579422533512,-0.0045335162431001,-0.0610828623175621,0.11825792491436,0.076884739100933,0.1199198216199874,0.1101722493767738,-0.1037385761737823,0.1182645410299301,0.1139334812760353,-0.0060157747939229,-0.0164016094058752,-0.0294282045215368,0.026828734204173,0.1097805052995681,0.078962318599224,-0.0665821507573127,-0.0806935653090477,-0.0874256044626236,0.1128706783056259,-0.0023621052969247,0.1035537049174308,-0.1061011105775833,-0.0267881676554679,-0.046103049069643,0.013839048333466,0.0411379821598529,-0.0958889573812484,-0.0978456363081932,0.1193241328001022,0.0680106952786445,-0.1108148843050003,-0.097384974360466,0.1138465031981468,0.1125116422772407,-0.0881678536534309,-0.1024979874491691,0.1149801686406135,-0.122347205877304,0.0697602927684784,0.0003339535614941,0.1114360019564628,-0.114751249551773,-0.098652958869934,-0.0248742401599884,0.061043657362461,0.0830074176192283,0.0586545355618,-0.0121935429051518,0.0953100398182869,0.1088484674692154,0.120120994746685,-0.0625627636909484,0.0999351292848587,0.1127078607678413,0.1173982843756675,-0.0972191914916038,0.0990419462323188,-0.1208730340003967,-0.0740051493048667,-0.0207086410373449,-0.0912286415696144,0.11878053098917,0.1147340461611747,-0.0930931791663169,0.1012415885925293,0.0710904449224472,0.0932007282972335,0.1077233105897903,0.0714830234646797,0.0062668565660715,-0.0146778039634227,-0.052448846399784,-0.0131292706355452,0.0874865874648094,-0.113820306956768,0.030089171603322,0.0763235613703727,-0.0894028395414352,0.0186436474323272,0.0863279402256012,-0.1195603087544441,-0.0622005872428417,-0.0673630982637405,0.0984109789133071,0.1215474680066108,-0.0479065477848053,0.0716834813356399,0.1056316941976547,-0.0418162979185581,0.1220469325780868,0.1181680411100387,0.0883620306849479,-0.0634815767407417,0.1109002009034156,0.0177775267511606,-0.0860069543123245,-0.1157098785042762,-0.1128770634531974,-0.0640593096613884,0.123694010078907,0.1112883239984512,0.1187449619174003,-0.1238122582435607,0.0153082031756639,0.0416369214653968,-0.0916985720396041,0.0161752328276634,-0.0547251999378204,0.1213858798146247,0.0233822911977767,-0.1224145963788032,-0.1185703203082084,-0.0992118194699287,-0.1125628799200058,0.1125738844275474,-0.0565112642943859,0.0888201370835304,-0.0459302105009555,0.0906127765774726,-0.1072758510708808,0.0325832851231098,0.0722231119871139,-0.1211160570383071,0.1121864914894104,-0.0438604094088077,-0.0348521508276462,-0.0991471633315086,-0.075096309185028,0.1139106228947639,0.1233437955379486,0.0768342167139053,0.0389498509466648,0.0939692631363868,0.1005745381116867,0.0847530514001846,0.0052515529096126,0.0752292796969413,-0.0247470922768116,-0.0740496963262558,0.1141301691532135,0.1240781769156456,0.1123623996973037,-0.0960258692502975,-0.0307451374828815,0.1053046584129333,0.1281545162200927,0.0844067111611366,-0.0689395368099212,0.1273241639137268,0.1052725687623024,-0.0867416560649871,-0.0862511917948722,0.1294439435005188,0.0224328245967626,-0.0079589821398258,0.109513446688652,-0.0989836230874061,0.1048165112733841,0.1015571653842926,-0.0075236628763377,0.1283151656389236,0.0630098581314086,-0.127162218093872,0.017943600192666,-0.1181514933705329,-0.087468683719635,-0.0642646700143814,-0.1286095827817917,0.058235228061676,0.085515446960926,0.0652742385864257,-0.0766270384192466,0.0538280569016933,-0.1136894822120666,0.0476763434708118,-0.0357495583593845,-0.1134490147233009,0.0276897884905338,0.0136110316962003,-0.110278196632862,0.0594923384487628,-0.0688814222812652,0.1029684841632843,0.123758353292942,0.0390702486038208,-0.0832600817084312,0.067179374396801,-0.0727157592773437,-0.0331698209047317,0.0086655905470252,0.1278045326471328,0.1295968890190124,-0.0129084242507815,0.0293410383164882,0.085192397236824,0.1194807440042495,-0.1112172082066536,-0.1149779632687568,-0.0585927553474903,0.0691484808921814,-0.1139949038624763,-0.0201249364763498,-0.0664131119847297,-0.0267801713198423,-0.106225773692131,0.1188758015632629,0.1102133020758628,-0.0709707513451576,0.1280198842287063,0.1005366444587707,0.1302082687616348,-0.0791115164756774,0.0223138872534036,-0.0531892515718936,0.1003831699490547,0.1016389727592468,0.0373468771576881,-0.1308483183383941,-0.0885025635361671,0.1297433972358703,0.0327311716973781,-0.0638989061117172,0.1184421330690383,0.0958882719278335,-0.0033462541177868,-0.0332677401602268,0.1137547641992569,0.1222384199500083,0.0930818319320678,-0.0721718966960907,-0.0147094838321208,0.0378887876868248,-0.1024212688207626,-0.0400667451322078,-0.1219638064503669,-0.1268737167119979,-0.0693562552332878,0.1055558398365974,-0.1184994578361511,-0.0974331349134445,-0.0741987451910972,0.0413886941969394,-0.0419394634664058,0.1269683837890625,-0.0394602417945861,-0.1247255057096481,-0.1246963292360305,0.1291179805994033,-0.0241542123258113,-0.0838393568992614,0.0173259787261486,-0.1110929772257804,0.0057449834421277,-0.0932619422674179,-0.0097369020804762,-0.0474793016910553,0.0987783968448638,-0.0583118125796318,0.1262488067150116,0.1545078158378601,0.1504465937614441,-0.0327517241239547,-0.1371960937976837,0.0970098003745079,0.000574319215957,-0.1100020036101341,-0.0604755021631717,0.0848184153437614,-0.0134577779099345,0.0686242058873176,-0.1337742656469345,-0.1240556761622428,-0.1138454601168632,0.02517956122756,0.1092478558421135,-0.0304032526910305,-0.1411610692739486,0.0640846341848373,0.0072680315934121,0.0706883147358894,0.0220404136925935,-0.0416849330067634,-0.0840695351362228,0.0162756294012069,0.1011613383889198,0.0957247242331504,0.0194024555385112,-0.0758637338876724,0.1458515226840973,0.1425980031490326,-0.0413819514214992,0.0533676967024803,-0.0959620550274849,0.0769365355372428,-0.064496099948883,-0.0966586917638778,-0.1025798320770263,0.0950534343719482,-0.0080766286700963,0.1691105961799621,-0.0476675331592559,-0.0719468519091606,0.1135829910635948,-0.1286201924085617,0.09315787255764,-0.0810663327574729,0.0874509587883949,0.0467669256031513,-0.1037649363279342,-0.0530901476740837,-0.087378405034542,-0.0542304851114749,0.1253689974546432,0.0451254695653915,0.0505580939352512,-0.039399079978466,-0.0416262298822402,0.0851738825440406,-0.1183908730745315,-0.0273398570716381,0.0006487644277513,0.1361393183469772,0.0725484117865562,-0.1574738770723343,-0.0054251533001661,0.0837639197707176,0.0050554531626403,-0.1045402958989143,-0.0431188084185123,-0.1405637413263321,-0.0362781807780265,-0.1066467314958572,-0.0482507534325122,0.0550109446048736,-0.1210867241024971,0.059937197715044,-0.09846843034029,-0.1285879760980606,0.049770787358284,0.0898715853691101,-0.0197956915944814,-0.1193046122789383,0.0060606012120842,0.1244533434510231,0.0412254855036735,-0.0512086078524589,0.0790605917572975,-0.1003489717841148,0.0334332883358001,-0.0360624678432941,0.0530301220715045,-0.0508340485394001,-0.0025911699049174,0.0130022102966904,0.1343143433332443,0.0119861057028174,-0.0567490831017494,0.0820961594581604,-0.0157627779990434,-0.1349124312400818,-0.112755112349987,0.1069012731313705,-0.142870157957077,0.1456368267536163,-0.0973795503377914,0.1555272191762924,-0.0907261297106742,0.1185516938567161,-0.0998771712183952,-0.0222531855106353,-0.1212236881256103,-0.0840504169464111,-0.0022927962709218,0.0028791308868676,0.1002649217844009,0.1663985103368759,0.0170487817376852,0.089179091155529,-0.0907808393239975,0.0419857315719127,0.0299002937972545,RZXPJKLXTSTIQY-UHFFFAOYSA-N,NCCCN(C(=O)C1CCC1)C1CC1
-0.004161181859672,-0.0746279805898666,0.0948733389377594,-0.1047222688794136,-0.1043210998177528,0.0709863901138305,-0.0866594910621643,0.044888187199831,-0.0405760705471038,-0.1032020524144172,-0.0859766975045204,0.0889443904161453,0.1007310077548027,-0.1033670455217361,0.1043753698468208,0.1025473102927208,0.0973538532853126,0.1045313850045204,-0.0972014516592025,-0.0668884664773941,-0.0574250034987926,0.0085315965116024,-0.1047196611762046,0.1040348708629608,0.1042230203747749,0.0697637274861335,0.0995956808328628,-0.0701946690678596,-0.0363051332533359,-0.1046688631176948,-0.1042394489049911,0.1047215983271598,-0.0981853529810905,0.1047222912311554,-0.1038482412695884,-0.0887610167264938,-0.1045204252004623,-0.0350129157304763,0.0971623733639717,0.042673073709011,-0.0037863003090023,0.0647859722375869,0.1047222390770912,-0.1045655161142349,0.1007986888289451,0.0824572443962097,-0.0787167176604271,-0.1034990325570106,0.0328867174685001,0.1047200784087181,0.0141347525641322,-0.0974637642502784,0.1047194376587867,0.0199851598590612,-0.1035519912838935,-0.0954121723771095,-0.1046356037259101,0.1017795577645301,-0.0800945907831192,-0.0985680222511291,0.0993993729352951,0.0812280178070068,-0.1007106900215148,0.0019018333405256,0.0137251019477844,-0.1046476364135742,-0.097384437918663,-0.1047152578830719,0.0871284529566764,-0.0850730091333389,0.1046423837542533,0.1026640012860298,-0.0943300724029541,-0.1046117544174194,0.004399777855724,-0.1004559844732284,-0.0352686904370784,0.1006734147667884,0.0980356857180595,-0.1047221720218658,-0.1045107468962669,0.1042791157960891,0.1047192886471748,0.1039620712399482,0.0980011969804763,0.0512930825352668,-0.1047205030918121,-0.0485136844217777,-0.0175973027944564,-0.104690670967102,-0.0994559973478317,-0.0872162356972694,0.0327601768076419,-0.1047219038009643,-0.1023128405213356,-0.103882685303688,-0.1036522760987281,0.0797376185655593,-0.0422236435115337,0.0772059187293052,0.0977699309587478,-0.098963052034378,0.1036552935838699,-0.1044961363077163,-0.1047083586454391,-0.0925890952348709,0.0369587279856205,-0.0481911040842533,-0.0815866664052009,0.1047222837805748,0.103162832558155,-0.0958781912922859,-0.0472635217010974,0.1046933680772781,0.1044214442372322,0.0968576893210411,0.0743356868624687,0.0213159602135419,-0.1047222390770912,0.1042970791459083,0.0842708125710487,0.0522035360336303,-0.0616939179599285,0.1034126654267311,-0.0996849536895752,0.1038474440574646,0.1046562045812606,-0.1022887006402015,0.0840193703770637,0.0970591828227043,0.0630636736750602,0.0986063554883003,0.055795669555664,0.0986092165112495,-0.0911691263318061,-0.0571066960692405,0.098606064915657,-0.0290189366787672,0.0979691371321678,0.0922563672065734,-0.0978779420256614,-0.0982334017753601,0.0986086726188659,-0.0986092165112495,0.0985410809516906,0.0886776000261306,0.0986079722642898,-0.0918805077672004,0.0986092165112495,0.093558020889759,-0.0985907763242721,0.0698287710547447,0.084006980061531,0.065289132297039,0.095462828874588,-0.0843176320195198,-0.0861008763313293,0.064943179488182,-0.0985910892486572,0.0055892225354909,-0.0745587423443794,0.0985932350158691,0.0986092165112495,0.0930527672171592,0.0950997248291969,-0.0986002907156944,0.0986092165112495,-0.0387076810002327,0.0984465256333351,0.0985817834734916,0.0986061692237854,0.0986081883311271,-0.0848955139517784,-0.0982925295829773,0.0761837065219879,0.0458147935569286,-0.098580278456211,0.0981475710868835,0.096778318285942,-0.0985703542828559,0.0316055603325367,-0.0986072495579719,-0.0937486514449119,0.098576046526432,0.0986092165112495,-0.0986092090606689,-0.0986092165112495,-0.0968229919672012,-0.0985872521996498,-0.0986088514328002,-0.0969470143318176,0.0983160361647605,-0.0986092090606689,-0.0986092165112495,-0.0986092165112495,0.0962611958384513,-0.0985739454627037,-0.0393456146121025,0.0986092090606689,-0.0974108651280403,0.0982393398880958,-0.0985904932022094,-0.0986063107848167,-0.0881670266389846,0.0986091122031211,-0.0986092165112495,0.0784789398312568,-0.094473972916603,0.0986092090606689,-0.0705075040459632,0.0985351800918579,-0.0986092165112495,-0.0952271148562431,0.0984085351228714,-0.0986092165112495,0.0084770293906331,0.0888558402657508,0.0587993003427982,-0.0928630232810974,0.0020851895678788,-0.098073624074459,0.0985572338104248,-0.0960740894079208,0.095342181622982,-0.0971890240907669,-0.0985365808010101,0.0700670406222343,0.0982226505875587,0.0054302820935845,0.0781863629817962,-0.033057902008295,-0.0637224465608596,0.0982512533664703,-0.0986092165112495,0.0768397971987724,0.0433699041604995,-0.0981746390461921,-0.0981578156352043,0.0985523834824562,0.0963080748915672,-0.0969587936997413,-0.0985851138830185,-0.0250332504510879,0.0886106491088867,-0.0972159951925277,0.0419301651418209,0.0749086365103721,0.0982211977243423,-0.0986092165112495,0.0802423134446144,-0.0986092016100883,0.0972083508968353,-0.0939479917287826,0.0828168168663978,-0.0957958400249481,0.054839476943016,-0.1015162020921707,-0.0520892776548862,-0.1039774045348167,-0.0728441327810287,0.1038819327950477,-0.0058219949714839,0.10361348092556,-0.1034313663840293,-0.0999590158462524,-0.1039722561836242,0.087046094238758,0.0178679227828979,0.1036857888102531,-0.0162230879068374,0.0498463399708271,0.1037002950906753,0.1034338027238845,0.096682958304882,0.1037456169724464,0.1016575098037719,0.0118656670674681,0.0911730527877807,0.1039820909500122,-0.0742590278387069,0.0967221558094024,-0.1039322316646575,0.0490572713315486,0.1025956347584724,0.1033930703997612,0.0534498579800128,0.1004015579819679,-0.0700185596942901,0.1035139858722686,-0.0247772615402936,0.0426710210740566,-0.1039976403117179,-0.0927774384617805,-0.0075527187436819,0.0919472351670265,-0.1039988622069358,0.1038183644413948,0.0435786545276641,-0.1039988622069358,-0.0991822332143783,-0.0860039889812469,0.0414970554411411,-0.1016555801033973,-0.1034422442317009,0.1039376184344291,-0.1028618440032005,0.1015755608677864,-0.0889395922422409,-0.1033882647752761,0.1035997942090034,0.0835587456822395,0.1038739308714866,-0.1039073839783668,-0.023952106013894,-0.0850506573915481,0.1015364751219749,0.1033416613936424,0.1033487394452095,0.1039795503020286,0.0332918018102645,0.1038230434060096,-0.1037136763334274,0.0579490363597869,-0.1039988249540329,0.015145381912589,-0.1039377897977829,0.1039967387914657,0.1039629578590393,-0.0738180950284004,0.1039466857910156,0.017300521954894,-0.1015885844826698,0.1039988696575164,-0.103998877108097,-0.0793523266911506,-0.1014445796608924,0.0889327228069305,-0.1037841290235519,-0.1018376797437667,-0.0771171003580093,-0.0936932861804962,0.1039839759469032,-0.0786459147930145,0.100987784564495,0.103998452425003,0.0306583270430564,0.103062979876995,-0.0867786556482315,0.0322992652654647,-0.1027230024337768,-0.0886173769831657,-0.1020977422595024,0.0528469793498516,-0.0557818636298179,-0.0946138948202133,0.0118154063820838,-0.1035119742155075,0.1018807217478752,0.0937897488474845,-0.072697676718235,0.1032572090625763,-0.0929680243134498,0.037191554903984,-0.0363292023539543,-0.0790672153234481,-0.1039988696575164,-0.098351165652275,0.0132353072986006,0.1037174314260482,-0.1033564507961273,0.1039973273873329,0.0846181809902191,-0.1035461649298667,-0.1039973124861717,0.1039266139268875,0.0056460369378328,-0.1039986386895179,-0.0999136865139007,0.0835811644792556,-0.1039988696575164,-0.1039662510156631,-0.05814965441823,-0.0996147990226745,0.0626222789287567,0.0532614961266517,-0.0501896180212497,-0.0988990142941474,0.0244751870632171,0.0388371050357818,-0.003926838748157,-0.0194437503814697,0.0674976557493209,0.1513394564390182,-0.054085336625576,-0.0435537286102771,0.064146377146244,0.0954348891973495,-0.1440583914518356,0.0452146492898464,-0.160729631781578,-0.1453628838062286,-0.0546483434736728,0.0721229240298271,-0.081569418311119,0.0775924175977706,0.179277166724205,-0.0828244090080261,0.0598600879311561,0.1297404468059539,0.1046647652983665,-0.0783402398228645,0.0029981879051774,-0.039181537926197,-0.1090492233633995,0.0106632439419627,0.1465273201465606,-0.0939812213182449,0.0465239435434341,0.0093019502237439,0.0369712486863136,0.0715670511126518,0.0125385848805308,0.1907719075679779,-0.0453824736177921,0.0977715402841568,-0.0064506763592362,0.0968086645007133,-0.0044699953868985,0.0818510353565216,0.103736288845539,-0.054674070328474,-0.1519993990659713,-0.042165383696556,0.1190555021166801,-0.0176093988120555,-0.1342789530754089,0.1302530467510223,0.116937480866909,0.0098325721919536,-0.0419578030705452,-0.1223020106554031,0.1109644398093223,0.1322394609451294,0.0965157523751258,-0.1858057081699371,-0.1291748285293579,0.0817679837346077,-0.0842179805040359,0.1349359303712844,-0.0724929347634315,-0.0346065461635589,-0.149280771613121,0.0316097214818,0.0704224556684494,0.0336468517780303,-0.0737477242946624,-0.0471929013729095,0.0191565547138452,-0.0943753272294998,0.0761797502636909,0.073677085340023,0.0144733805209398,0.0253652799874544,-0.1300393790006637,-0.1042379811406135,0.0100719118490815,-0.117297276854515,-0.1957739442586898,0.0282445140182971,0.1505131274461746,0.0044655255042016,0.1472562849521637,-0.024100998416543,0.0400702357292175,0.033996969461441,0.0168118830770254,-0.0533923767507076,0.0640465021133422,-0.047986801713705,-0.0844406336545944,0.138958066701889,-0.0784749463200569,-0.0635385811328888,0.1253354996442794,0.0681998506188392,0.0155280409380793,0.0735619738698005,-0.0968100279569625,-0.0580792091786861,0.084293894469738,-0.0222599022090435,-0.0682666450738906,0.1274919211864471,-0.0230448395013809,-0.0660275220870971,0.0213974900543689,-0.1303136199712753,0.0876697972416877,-0.0759925320744514,0.1108867153525352,-0.0853048786520958,0.0772594287991523,-0.0409945882856845,-0.0837182998657226,-0.0591062493622303,-0.0697418376803398,0.0658489391207695,-0.0391189157962799,0.0253925006836652,-0.0016410107491537,0.1166653484106063,0.0815567001700401,-0.1353924572467804,-0.1011389940977096,0.1397962123155594,-0.1384868621826172,-0.0142986876890063,0.1205352917313575,0.0963264033198356,0.0672646313905716,-0.0021731429733335,-0.0438818484544754,0.1113771945238113,-0.1110196262598037,0.1407077461481094,0.1173350065946579,0.0934104621410369,-0.1412636190652847,0.1395187973976135,-0.0921094194054603,-0.0860775932669639,-0.1136038675904274,-0.1036051884293556,-0.1279527693986892,0.0057407356798648,-0.0690072998404502,0.0032985128927975,0.1298701763153076,-0.1359375566244125,-0.0267208591103553,-0.1122351139783859,0.0969273820519447,-0.0549553856253623,0.1491464078426361,0.0781793519854545,-0.087279736995697,-0.0928567349910736,0.0259387604892253,0.0622991472482681,-0.0848997458815574,-0.0859560221433639,0.0090522784739732,-0.0131402118131518,0.1312131881713867,0.0404781848192215,0.0922218635678291,-0.0058303214609622,0.0348482094705104,0.1019963100552558,0.0792741775512695,0.0182307716459035,-0.05148671194911,0.0052168774418532,-0.0059742075391113,0.144925832748413,-0.0831279009580612,0.0811335891485214,0.0136077431961894,0.0717238932847976,-0.0972115769982338,0.1149292588233947,0.0001447959803044,0.0761038213968277,0.1195177733898162,-0.1046724170446395,-0.0741011127829551,-0.0609201528131961,-0.0425887778401374,-0.0499319285154342,-0.0392155312001705,-0.0619833841919899,0.0338227190077304,-0.0833093300461769,-0.109692096710205,-0.0364952646195888,-0.1022681146860122,0.0567953288555145,0.0332734510302543,0.1116300970315933,-0.005287040490657,-0.108124129474163,-0.0975096076726913,-0.1369051188230514,0.01013686042279,-0.0332680568099021,-0.0959325730800628,-0.0524802543222904,-0.1332394033670425,0.0615716092288494,-0.0430650189518928,-0.12250716984272,0.1502877920866012,0.1283731311559677,-0.1313091218471527,-0.0262980870902538,0.1008359938859939,0.108233705163002,-0.1190817654132843,0.04608641192317,0.0345923416316509,0.0210094135254621,0.1077529042959213,0.1218068897724151,0.0740406513214111,-0.0627371743321418,0.1063710078597068,-0.0467851087450981,0.0049058818258345,-0.0956401824951171,0.1112396791577339,0.0062216753140091,0.0701475515961647,0.0294231735169887,-0.0382330678403377,0.12896129488945,-0.0607124269008636,0.126162588596344,-0.1348274201154709,0.110494315624237,-0.0466880798339843,-0.039350900799036,0.0355738252401351,-0.1235983669757843,0.0416838899254798,-0.009804748930037,-0.1310251653194427,-0.0248645488172769,0.1388439685106277,-0.0901824384927749,0.0091248955577611,-0.0295087583363056,0.0891685262322425,0.1117486432194709,0.103429690003395,-0.1126141920685768,0.0412285365164279,0.0027819229289889,0.1136502921581268,-0.0956698134541511,-0.111229084432125,0.0250324383378028,-0.073699340224266,-0.0960756987333297,0.0527695603668689,-0.1091201454401016,0.0561323836445808,-0.0897980630397796,-0.1097088232636451,-0.1126729696989059,0.1130544245243072,-0.0680871084332466,0.1043170243501663,0.015518357977271,-0.1028962656855583,-0.0555959865450859,0.1077384054660797,0.113081619143486,0.1008088067173957,-0.1057572662830352,-0.0731677114963531,-0.1096939146518707,0.1127923727035522,0.0272646863013505,-0.0467622466385364,0.0077869268134236,-0.004334210883826,-0.0615433268249034,-0.0689642801880836,0.096641756594181,0.0667621716856956,0.1031323298811912,-0.0962228029966354,0.01662571541965,-0.0404206961393356,0.1130873933434486,-0.0127336848527193,0.1135113015770912,-0.1104786023497581,-0.1123063787817955,0.1127568557858467,0.0941947326064109,0.1088296994566917,-0.1108848080039024,0.1126831397414207,-0.0114886555820703,0.0608607679605484,0.0586437731981277,0.1001075506210327,-0.0691529810428619,0.0456562265753746,0.0459128133952617,0.0049141347408294,0.0982408076524734,0.0742392763495445,0.1067254468798637,-0.1083237007260322,0.0074785901233553,0.1098471656441688,-0.0318318419158458,0.0596600919961929,-0.1131324768066406,0.029012281447649,0.1076598241925239,0.1128866672515869,0.0107442494481801,-0.0979846492409706,-0.0993007123470306,-0.111655943095684,-0.0371217615902423,0.0635235235095024,0.0926019474864006,0.1125463992357254,-0.1083905696868896,0.0522430352866649,-0.1137002184987068,-0.1122924908995628,0.1105670034885406,-0.0514931418001651,-0.1040045768022537,0.112577311694622,0.1123582422733306,0.1051497459411621,0.0762180984020233,0.0613987073302269,0.0426076799631118,0.0444210693240165,0.0913684591650962,-0.0997265949845314,0.0974226891994476,0.0891541391611099,-0.0465298146009445,-0.1111822351813316,-0.0146959340199828,-0.1108985990285873,0.0423843748867511,0.0223644226789474,-0.1124777570366859,-0.1131917014718055,0.080035388469696,-0.1132332608103752,0.1095709726214408,0.0364300236105918,0.1067758873105049,-0.1077143400907516,0.110532209277153,-0.1134818270802497,0.107246033847332,-0.0771474614739418,-0.1096476763486862,0.1087128445506095,-0.1121445149183273,0.0610487721860408,0.1139076724648475,-0.0558006726205349,0.1132121756672859,-0.101504810154438,-0.1114825680851936,0.071575328707695,KVQRJWAVAZDCDJ-UHFFFAOYSA-N,CCOc1ccc(S(=O)(=O)NCCC(C)N)c(C)c1
-0.094432845711708,0.094432845711708,0.0937493965029716,-0.0944328382611274,0.0944328233599662,-0.0944112688302993,0.0891148447990417,-0.0487080663442611,0.093186154961586,-0.0813081860542297,-0.0564499236643314,-0.0944279432296752,-0.0939789414405822,0.0935883149504661,0.0942834615707397,-0.0513203404843807,-0.0944327637553215,0.0944304913282394,0.0780711397528648,-0.094432845711708,0.0938335582613945,0.0944227054715156,-0.0944327190518379,-0.0803017914295196,0.0744572281837463,0.094432845711708,-0.0613128803670406,-0.094432845711708,-0.0943598896265029,0.0369586385786533,0.0904012396931648,0.094361200928688,-0.0944266691803932,0.0940524265170097,0.0693259388208389,-0.0944313630461692,0.0925887674093246,-0.0943976491689682,-0.0831499621272087,-0.093901515007019,0.088810496032238,0.0944300517439842,0.0944292694330215,0.0324654653668403,-0.0944325700402259,0.0944328382611274,0.0944102555513382,-0.0944328308105468,0.018722103908658,-0.0621038116514682,0.0944272726774215,-0.0944233015179634,0.0363348051905632,-0.094432845711708,0.0944248214364051,-0.0944326519966125,-0.0732321888208389,-0.0944274961948394,0.094432845711708,-0.0836784467101097,0.094432845711708,0.0883785635232925,-0.0942380800843238,-0.0935824364423751,0.0944299474358558,0.0943468213081359,0.0930287316441536,0.0936303734779357,-0.0944328308105468,0.0939562916755676,0.0943145453929901,0.0934617072343826,-0.025243217125535,0.0875213369727134,0.094338059425354,0.0944328308105468,-0.0806836411356926,0.0036698100157082,-0.0938738286495208,0.0942109078168869,-0.0927635356783866,-0.0933489128947258,0.0789444148540496,-0.0944012552499771,-0.0914004445075988,-0.0170125383883714,-0.0939646959304809,0.0944303274154663,0.0944175720214843,0.0944328010082244,0.0939910858869552,0.0363443493843078,-0.094432845711708,0.0842090547084808,-0.094432845711708,0.0940066874027252,0.0939136296510696,0.065623290836811,0.0943398922681808,-0.0941612124443054,0.0942655950784683,-0.0944259166717529,0.0942799374461174,0.0944322049617767,-0.0944321975111961,-0.0944328159093856,-0.0943463742733001,0.0942880064249038,0.0944321453571319,-0.0940119624137878,-0.094432808458805,0.0897363349795341,-0.0944093316793441,-0.0942698419094085,-0.0944313034415245,0.0944012701511383,-0.094386838376522,-0.0941085666418075,-0.0885407924652099,0.0944306701421737,-0.0944328308105468,0.0944326519966125,-0.0895203649997711,-0.0944328308105468,-0.0889340192079544,0.0944325551390647,-0.0926553606986999,-0.0940098166465759,-0.0937108471989631,0.0906448662281036,-0.0937531366944313,-0.0937559753656387,-0.0931359380483627,-0.0794747620820999,-0.0876837968826294,0.0884772911667823,0.0838173255324363,0.0926025211811065,0.0932005867362022,0.0937555581331253,0.0937560349702835,0.0839420184493064,-0.0208954904228448,-0.0774708837270736,-0.0937560349702835,0.0937560349702835,0.0937560349702835,0.0863867625594139,-0.0936732813715934,-0.0936535149812698,0.0611326918005943,-0.0937517210841178,-0.0934095382690429,0.0937026515603065,-0.0937560349702835,0.0937560349702835,0.08323784917593,-0.0937560349702835,0.0937522873282432,-0.0937114879488945,-0.0910321399569511,-0.0520575158298015,-0.0929630547761917,0.0937560200691223,0.0932986661791801,0.0937546268105506,-0.0891556218266487,-0.0937394574284553,-0.0937147513031959,0.0912858098745346,-0.0937559977173805,0.0933495610952377,0.0932756662368774,0.0937559679150581,-0.0937560349702835,-0.0865057110786438,0.0286764428019523,0.0937527567148208,-0.0937548801302909,0.093592844903469,0.0937544181942939,0.093754269182682,-0.0936933532357215,0.0835206061601638,0.0934439525008201,0.0262326933443546,0.0928306430578231,-0.0919222384691238,-0.0926495045423507,-0.089881494641304,0.0932649672031402,-0.0937560349702835,-0.0936510488390922,0.0662097856402397,-0.0542185679078102,0.0908380970358848,0.0934044569730758,0.0937199741601944,0.0417685881257057,0.0937557145953178,-0.0924826338887214,0.0937104672193527,0.093675784766674,-0.0866262167692184,0.0925323665142059,0.0937560349702835,-0.0578628629446029,0.001610928797163,-0.0937559977173805,0.0910796374082565,-0.0937551632523536,-0.0931202694773674,-0.0684127137064933,0.091217465698719,0.0937524139881134,-0.0937543809413909,0.0937523022294044,-0.0915680453181266,0.0937559232115745,0.0937554091215133,0.0936685279011726,0.0937560275197029,0.0929911509156227,-0.0778818652033805,0.0931430384516716,-0.0937554389238357,0.0935992300510406,0.0911094546318054,-0.0937540307641029,0.0937549918889999,-0.0937497168779373,-0.0937560349702835,0.0937121510505676,-0.0937000438570976,0.0863906815648078,-0.0936858803033828,0.0937304198741912,0.0937560200691223,0.0937560349702835,0.0591074600815773,0.0933055132627487,0.0916661843657493,0.0937560349702835,0.0937539935111999,-0.0170563701540231,-0.093755729496479,-0.0934821367263794,0.0936050936579704,-0.0930850952863693,0.0937549173831939,-0.0937443375587463,-0.0937559753656387,0.093751460313797,-0.0937560349702835,0.0900992155075073,-0.0298578049987554,-0.092591218650341,0.0925860702991485,0.0911967009305954,0.0148896379396319,0.0925913602113723,0.0925913602113723,-0.015456473454833,0.0925913602113723,0.0923184379935264,-0.0916869714856147,-0.0920931994915008,-0.0925814360380172,-0.0925913527607917,0.0925913602113723,0.0881147980690002,0.0925734639167785,-0.0925913453102111,0.0061883493326604,-0.0925426632165908,-0.0925578474998474,0.0925913602113723,0.0925913602113723,-0.0925489664077758,-0.0925913527607917,0.0728860422968864,-0.0565575659275054,0.0906696692109108,0.0925913602113723,-0.0924888774752616,0.0925408005714416,0.091540589928627,-0.092101976275444,0.0925901606678962,0.0912669226527214,-0.0924929156899452,0.0374467484652996,0.0925913527607917,0.092591181397438,-0.0880133509635925,0.0924775153398513,-0.0925913527607917,-0.0925800129771232,0.0925779640674591,0.0925874263048172,0.0166413020342588,-0.0925842002034187,0.0925899669528007,-0.0925913602113723,-0.0919361785054206,-0.0925171002745628,-0.0925889611244201,-0.0267039705067873,0.0923993587493896,-0.0924427732825279,-0.0925913602113723,-0.0870019048452377,-0.0835579633712768,-0.092591181397438,0.0925380066037178,-0.0925213620066642,0.0871643275022506,-0.0925913602113723,0.077736385166645,0.0925913602113723,0.0837972685694694,0.092591255903244,-0.0900572761893272,-0.0922527909278869,-0.0925857052206993,-0.0925728753209114,-0.0922227948904037,0.0110109876841306,0.0919032767415046,-0.0925913602113723,-0.0925883650779724,-0.0925913229584693,-0.09258883446455,0.0924197286367416,-0.0925913602113723,0.0925913155078888,0.0925913378596305,-0.0921095311641693,-0.0694911032915115,0.092590682208538,-0.0925913602113723,0.0925013497471809,-0.0924708992242813,-0.0925506353378295,0.0925913527607917,-0.0925913602113723,-0.0919507145881652,0.0922817066311836,0.0925913080573082,0.092591144144535,-0.0915088355541229,0.0925911739468574,0.0925913602113723,0.0657958835363388,0.0925872176885604,0.0925908833742141,0.0925913602113723,0.0925761982798576,-0.0925913602113723,0.0925913527607917,0.0924717411398887,0.0925913527607917,-0.092589259147644,-0.0912005677819252,0.0920706465840339,0.0920337736606597,0.0925913602113723,0.0925912633538246,-0.0925781354308128,-0.0925913304090499,-0.0925864428281784,0.0924795269966125,-0.0925878137350082,-0.0905043184757232,-0.0925913602113723,-0.0585199780762195,0.0925886034965515,0.092587262392044,0.0925675258040428,0.0925495401024818,0.0925681143999099,0.0922391638159751,0.0574222393333911,-0.0924809351563453,0.0943182334303855,0.0943193212151527,0.0687475353479385,0.0943034216761589,-0.024176487699151,0.0913636982440948,0.0942821875214576,-0.0942272543907165,-0.0942955315113067,-0.09431853890419,0.0940834283828735,-0.0943193435668945,-0.0943192392587661,0.0931943282485008,0.094187282025814,-0.0943000540137291,0.0943003296852111,-0.0943190604448318,0.0943192690610885,-0.0917154550552368,-0.094169020652771,0.0060911648906767,0.0943116098642349,-0.0942592099308967,0.0943193286657333,-0.0940055474638938,-0.0943120867013931,-0.0525114350020885,-0.0943018123507499,0.0417733304202556,0.0943192690610885,-0.0817605927586555,0.0064317719079554,0.0918094515800476,-0.0907616019248962,-0.0943193435668945,-0.0943192914128303,-0.0803632363677024,-0.086154006421566,-0.0847097709774971,-0.0930137857794761,0.0941022187471389,-0.093854047358036,-0.0943192616105079,0.0943167880177497,-0.0833228379487991,-0.083459585905075,-0.0943193286657333,0.0938250198960304,0.0942649617791175,-0.0384517237544059,0.0943157523870468,0.0943192094564437,-0.0943193212151527,-0.0943193286657333,0.0942937731742858,-0.0942932143807411,-0.0943193212151527,-0.0941371768712997,-0.0914258956909179,-0.0939420014619827,0.0916943848133087,0.0943193435668945,0.0942978113889694,-0.0938796699047088,0.0852353423833847,-0.0942708998918533,0.0922637730836868,-0.0943177565932273,0.0943193435668945,0.0296319480985403,-0.0798130929470062,-0.0943179503083229,-0.0799934938549995,-0.0942872017621994,0.094026431441307,0.0943193286657333,-0.0936256498098373,-0.0759301781654357,0.094317615032196,0.0939174368977546,-0.0866069048643112,0.0943069830536842,0.0943062677979469,-0.0936731547117233,0.0942052081227302,-0.0939151346683502,0.0942379757761955,-0.080598272383213,-0.0943097919225692,-0.0937807336449623,0.0942630916833877,-0.071578212082386,0.0907101258635521,0.0935058072209358,-0.0934210047125816,-0.0164794288575649,0.0833531394600868,0.0931310653686523,0.0943193063139915,0.0932710990309715,0.0931776463985443,0.0941639021039009,0.0927597880363464,-0.0375576578080654,0.0943130552768707,0.0872199907898902,0.0711238831281662,-0.0940586477518081,-0.0540330000221729,-0.0942855179309845,0.0931208878755569,0.0943134874105453,0.0941748321056366,-0.0935976803302764,0.0941226482391357,0.0943192392587661,-0.0943189486861229,-0.0222736652940511,0.0943131372332573,-0.0943161696195602,0.0856748819351196,-0.094316117465496,-0.0943191722035408,-0.0902820825576782,-0.0793542116880416,-0.0919534564018249,-0.0939442291855812,-0.0541549995541572,-0.0792879536747932,-0.0031273912172764,-0.0286808423697948,0.1180014610290527,0.0994417816400528,0.1197935864329338,-0.0346476249396801,-0.0575550980865955,0.1036714315414428,0.1185390427708625,0.1191725432872772,0.0889851301908493,0.0622738823294639,0.1194991096854209,-0.1177822723984718,-0.0490305051207542,-0.0707820281386375,-0.1210241988301277,0.1003165766596794,0.0254567526280879,-0.0932419225573539,0.0435882955789566,0.119856022298336,0.1067117676138877,-0.0294971875846385,-0.1212561801075935,0.1111891493201255,0.050537135452032,0.110015295445919,-0.0334676578640937,-0.1112555116415023,0.113432340323925,-0.1205906793475151,0.1160602122545242,0.0842251405119896,0.0801174789667129,-0.1209998503327369,0.0756386518478393,-0.1179413944482803,0.0173903349786996,-0.0156759712845087,-0.1099576726555824,-0.120345763862133,0.118922047317028,0.1213241517543792,-0.0965880751609802,-0.1214611604809761,0.0475681573152542,0.0988975837826728,-0.1143952682614326,-0.0087566524744033,0.1134132742881774,-0.091828666627407,-0.0292187519371509,-0.0890818759799003,-0.0899926796555519,0.0346319191157817,0.0087139438837766,-0.1173551231622695,0.0839333906769752,0.1207007393240928,-0.1221145391464233,-0.1136751547455787,0.0628017634153366,0.1036569103598594,0.0500648654997348,0.0942068174481391,-0.0532027892768383,0.0367560498416423,-0.0207480266690254,0.0478879362344741,-0.1022692993283271,-0.1088758781552314,0.0791207551956176,0.0946074724197387,0.0397622883319854,0.0424735359847545,0.0939939618110656,0.0657606720924377,0.1045815199613571,0.0642867311835289,0.0688435137271881,0.1201690137386322,0.1202952191233635,0.1087227836251258,0.0513316579163074,-0.0061052665114402,-0.1038592904806137,-0.1173937395215034,0.1001773104071617,0.1086347922682762,-0.1134779453277587,-0.1187982261180877,0.1221779212355613,-0.111645683646202,0.026299437507987,-0.0008747102692723,0.0575379580259323,0.0942641571164131,0.1145945414900779,0.0109502431005239,0.1129248216748237,0.0660304352641105,0.0964235588908195,-0.1029416471719741,0.0893743634223938,0.1154809594154357,-0.0521100871264934,0.0203701555728912,0.0435917750000953,0.020532339811325,0.1215039044618606,-0.1188108175992965,-0.0317146703600883,-0.087354764342308,0.0773635283112526,-0.0812913402915,-0.0710528269410133,0.0955085381865501,-0.105963796377182,-0.1214021071791648,0.0304606445133686,0.0244074054062366,-0.0196576490998268,0.0934792608022689,0.0497815646231174,-0.0464235134422779,-0.0372253954410553,0.006957930047065,-0.0646418780088424,-0.00236622011289,-0.046840950846672,0.153220921754837,0.1624074876308441,0.1251296252012252,-0.0944969207048416,-0.1730419993400573,0.0564676187932491,0.0061794468201696,-0.1287488490343094,-0.0365097224712371,0.0507439151406288,0.1236135587096214,-0.024560397490859,-0.1454005390405655,-0.0844418182969093,-0.144839197397232,-0.0028529898263514,0.0461637936532497,-0.0554083734750747,-0.1301280409097671,0.0789717957377433,0.0576742887496948,0.0772092267870903,-0.0464570149779319,-0.0320570208132267,0.0189956855028867,-0.0899928286671638,0.0399633683264255,0.1198514699935913,-0.0529234446585178,-0.0977221056818962,0.0285948943346738,0.1452425271272659,-0.0514345504343509,-0.1033704131841659,-0.032709777355194,-0.0116337165236473,0.0122205447405576,-0.175261840224266,0.055787693709135,0.0674221292138099,-0.1226648241281509,0.1687074899673462,-0.0153747340664267,-0.0285569131374359,0.1483130007982254,-0.1489429920911789,0.0230782907456159,-0.0410505644977092,-0.0433479808270931,0.004285545554012,-0.0140002220869064,0.132208451628685,0.0273295398801565,0.0464224107563495,0.1155655309557914,0.0056209173053503,-0.0632830932736396,-0.0075917299836874,-0.0900678560137748,0.0444643273949623,-0.0010821177856996,-0.1014833748340606,0.0408421158790588,0.1509765088558197,0.0926984176039695,-0.1091297566890716,0.0796180441975593,0.036086555570364,-0.0925272926688194,-0.0221984665840864,0.0328686945140361,-0.158959075808525,0.1057466715574264,-0.096626304090023,-0.0001427515526302,0.0747907161712646,0.0092177465558052,0.1544393450021743,-0.0099814105778932,-0.1026426926255226,0.068464495241642,0.0908268094062805,-0.098499946296215,-0.1406057476997375,0.0022120736539363,-0.0075548277236521,-0.1116991564631462,0.0090996567159891,0.062021467834711,-0.0637586638331413,0.095041237771511,-0.0574727468192577,0.0381170213222503,-0.0754760652780532,-0.0114233214408159,0.0487212911248207,0.0852803289890289,0.1011096313595771,0.0711456984281539,0.0429140403866767,-0.1011621803045272,-0.1662046462297439,-0.0851886123418808,0.1606734991073608,-0.1432840526103973,0.1735448837280273,-0.0767659172415733,0.0540916584432125,0.0006948256632313,-0.0178365912288427,-0.0426976792514324,-0.0033548527862876,-0.1675112098455429,-0.0609930828213691,0.0746247172355651,0.0057865078561007,0.0278069972991943,0.1347887068986892,-0.0140110440552234,0.1319977045059204,0.0563580654561519,0.0369252823293209,0.1613442748785019,VEPSYABRBFXYIB-PWXDFCLTSA-M,CC(=O)O[C@H]1C[C@@H]2CC[C@@H]3[C@H](CC[C@@]4(C)[C@H]3C[C@H]([N+]3(C)CCCCC3)[C@@H]4OC(C)=O)[C@@]2(C)C[C@@H]1N1CCCCC1.[Br-]
0.0937146842479705,0.1016948446631431,-0.0991866365075111,-0.1016753837466239,-0.0882582142949104,-0.0993646532297134,0.0946849957108497,-0.0992346629500389,-0.096261091530323,0.0985829159617424,0.1013942882418632,0.0965756028890609,-0.1011848226189613,-0.1016671359539032,-0.1016944423317909,0.1016948372125625,0.101693145930767,-0.1014434322714805,-0.1011368706822395,-0.101694256067276,3.316693255328573e-05,-0.1012160405516624,0.1016614660620689,0.0998394861817359,0.1016919836401939,-0.0784353464841842,0.0253026261925697,0.1014047637581825,-0.0811780914664268,0.018619205802679,-0.0999506562948226,0.0880928859114646,-0.1016831398010253,-0.0933547243475914,-0.0984843149781227,0.1000142768025398,-0.0965277105569839,-0.0999700203537941,0.0903378054499626,-0.1016908437013626,-0.0596656017005443,-0.1016940549015998,0.0964656248688697,-0.0917494669556617,0.0502550788223743,0.1016690284013748,0.0993144065141677,0.0869562476873397,0.0660524889826774,0.1001398637890815,-0.1016617566347122,-0.0794470980763435,0.1012525334954261,-0.1016947254538536,0.1009949594736099,0.0957609713077545,0.0166376624256372,0.0150919593870639,0.1010357141494751,-0.1016854494810104,-0.0833732038736343,0.1016921997070312,-0.0560939647257328,0.0739314928650856,0.1016926169395446,0.0371288582682609,0.0658164769411087,0.1016893535852432,0.0673893988132476,-0.0411587655544281,-0.0648435801267623,0.1016917005181312,0.1004061102867126,-0.0381956249475479,0.0597597621381282,-0.1016116365790367,-0.0966540947556495,-0.0883456990122795,0.0643879026174545,0.1015859171748161,0.0530984625220298,-0.0368742831051349,-0.0802555456757545,0.0970581173896789,0.0721374601125717,-0.1016875654458999,-0.0938716009259224,-0.0924718081951141,-0.0252809114754199,0.1016948372125625,-0.1006035655736923,-0.1013635694980621,-0.1016771793365478,0.101660318672657,-0.101599670946598,0.0958596691489219,0.1011042296886444,0.0998402461409568,-0.0950295478105545,0.1004246771335601,0.0852647423744201,-0.100133366882801,-0.0975399538874626,0.1015017032623291,0.0930559858679771,-0.1011779457330703,-0.0992473438382148,-0.0823722258210182,0.1014319136738777,-0.0583079494535923,-0.1016948521137237,-0.0982174351811409,-0.0635403916239738,-0.073992408812046,-0.0443693660199642,-0.0629477575421333,0.1016719788312912,0.0278777442872524,-0.0953403562307357,0.0337188616394996,0.1014674231410026,-0.1012705564498901,0.0308524183928966,0.1016507223248481,-0.1007900089025497,-0.1013363823294639,0.0258965361863374,-0.0005404850817285,0.0932572335004806,-0.0932387635111808,0.09324262291193,0.0932881385087966,0.0932301506400108,-0.0932966619729995,-0.0920145213603973,0.0893273502588272,0.0834997072815895,-0.0286543183028697,-0.0932898670434951,0.0925261080265045,0.0932850465178489,-0.0799762159585952,-0.0688128098845481,-0.0933015570044517,0.04033724963665,0.0933015793561935,0.093297578394413,0.0933015868067741,-0.0920949578285217,0.0932749137282371,-0.0933010503649711,-0.0933016091585159,-0.0933013632893562,0.0176440216600894,-0.0933016389608383,-0.0932964086532592,-0.0933016091585159,-0.0809985399246215,0.0933015570044517,0.0927795767784118,-0.0932964980602264,0.0926725566387176,-0.093285471200943,0.093289703130722,-0.0906879976391792,0.0933014973998069,-0.0924126580357551,-0.0926655679941177,-0.0933013781905174,-0.0933013632893562,-0.0933007001876831,-0.0932998284697532,-0.0933011472225189,0.0933016389608383,-0.0933016389608383,0.0932964906096458,-0.0911621823906898,0.0933012291789054,0.085888922214508,0.092902660369873,-0.0609675124287605,-0.0657963156700134,0.0932989045977592,-0.0756646394729614,-0.0871383920311927,0.0929318815469741,0.0910635739564895,0.0901791229844093,0.0928708761930465,-0.0921427458524704,-0.0900438949465751,-0.093290664255619,-0.0923350602388382,-0.0922328531742096,-0.0931946635246276,0.0932933315634727,0.093298964202404,0.0933015868067741,0.0932761132717132,-0.0933009386062622,0.0250243935734033,0.0926637202501297,-0.0862518399953842,-0.0519106946885585,0.0928974747657775,0.0329534821212291,-0.0932957381010055,-0.0817130431532859,-0.0933016091585159,0.0917261391878128,-0.0633054375648498,0.0919276401400566,0.0932976454496383,-0.093274675309658,0.0786613672971725,0.079961359500885,0.0920142084360122,0.0933014899492263,0.0933016389608383,-0.0932853892445564,0.0877454727888107,-0.0932873040437698,0.0814692974090576,0.0904630869626998,-0.0931901931762695,-0.0933016315102577,0.0873180404305458,-0.093295894563198,0.0924510434269905,0.0933016389608383,-0.0933016166090965,-0.0933016389608383,-0.0811236128211021,0.0843372344970703,0.0276421587914228,-0.0932905301451683,0.0933008566498756,0.0914710387587547,0.0916578248143196,0.0933009535074234,0.0932060107588768,0.0932915955781936,-0.0929400846362114,-0.0652699992060661,0.0932608172297477,0.0932957753539085,0.0932968631386756,0.085843488574028,0.0933016091585159,-0.0932658016681671,-0.0924524366855621,0.0920522660017013,0.0837554261088371,-0.0929477736353874,0.0930166840553283,-0.0932768508791923,0.0739871561527252,0.0961218252778053,-0.0995444357395172,0.0995456427335739,0.0995415225625038,0.0739766210317611,0.0863871127367019,-0.097859539091587,-0.0796496048569679,-0.0222543310374021,0.0980032682418823,0.0995242446660995,-0.0932742208242416,-0.0990761965513229,-0.0405733957886695,0.0987271890044212,-0.0990246385335922,-0.0369691587984561,-0.0866922959685325,-0.0971764177083969,0.0995456427335739,0.0995456427335739,0.0995456427335739,0.0266910810023546,-0.0897312313318252,0.0616477020084857,-0.0770554021000862,0.0995446518063545,-0.0935267806053161,0.0995271205902099,-0.0984942018985748,-0.089342400431633,0.0722280442714691,0.0950528904795646,-0.0689810216426849,0.0995430946350097,-0.0994695872068405,0.0995454713702201,0.0995456352829933,0.0994651764631271,-0.0445334203541278,0.0982340648770332,0.0866542309522628,0.0959393084049224,-0.0995233356952667,0.0995456278324127,0.0994852259755134,-0.0995438173413276,0.0995456427335739,0.0148271126672625,-0.099529430270195,-0.0991395413875579,0.0984964445233345,0.0906128361821174,0.0929187387228012,-0.0995444357395172,0.0907710269093513,0.0206337310373783,0.0995451435446739,0.0976347550749778,0.0992296189069747,-0.0115567436441779,0.0786580741405487,0.0807766988873481,-0.0980704575777053,-0.0994787886738777,-0.0976845398545265,-0.0351605154573917,0.0907304883003234,-0.086097851395607,-0.0128874098882079,0.099541500210762,-0.070106104016304,-0.0995455980300903,0.0994180664420127,-0.0994157269597053,0.0993749350309372,0.0959907323122024,-0.0989032685756683,-0.0264255590736866,0.0994943156838417,0.0081537254154682,0.0681193247437477,-0.0988937467336654,-0.0955514088273048,0.0986713021993637,-0.0995439887046814,0.0984508991241455,-0.0923377126455307,0.0995260626077652,0.0980322882533073,0.0631292983889579,-0.0994837507605552,0.0281965937465429,0.0981183052062988,-0.0989435762166976,0.0920622423291206,0.0995440483093261,-0.0995293632149696,-0.0921150892972946,0.0994856804609298,0.0989375337958335,0.0485256277024745,0.0957267209887504,-0.0994611904025077,-0.0566960982978343,0.0816072896122932,0.0508697442710399,-0.0800008103251457,0.0994503200054168,0.0995455384254455,0.0995454117655754,-0.0994821637868881,0.0995456427335739,0.091448463499546,-0.0047753974795341,0.099530391395092,-0.0995456427335739,0.0995456427335739,-0.0990980416536331,0.093033418059349,0.0888842940330505,-0.0538341030478477,0.0995352044701576,-0.0899993330240249,-0.0952443704009056,0.0692619904875755,0.0994924381375312,0.0644652098417282,0.0966222360730171,0.096597209572792,-0.0719054713845253,0.0025483332574367,-0.0963425636291503,0.0850796401500701,-0.0191218350082635,-0.0951034426689148,-0.0966169983148574,0.0966473445296287,-0.0057652266696095,-0.0647049099206924,0.0265129953622818,-0.0961361676454544,0.0963913053274154,0.0774945467710495,0.0959663018584251,-0.0966384336352348,-0.0072783194482326,-0.0838922336697578,0.0074258912354707,-0.096311867237091,0.0915488377213478,-0.0953685119748115,0.0757818520069122,-0.0966268852353096,-0.0959212779998779,-0.0792539194226265,0.0966456159949302,-0.0934591069817543,0.0964061245322227,-0.0777744799852371,-0.0691234841942787,0.0768018662929534,-0.0386912561953067,-0.0686525180935859,-0.0960141345858573,-0.0965993851423263,-0.0938145890831947,-0.0966462567448616,0.0964852795004844,-0.0964727476239204,0.0966526120901107,-0.0966207310557365,-0.0965750887989997,0.096606008708477,0.0966333299875259,0.095346599817276,0.0966460853815078,-0.0961828306317329,0.0964874476194381,0.0965075939893722,0.0681717246770858,-0.0964082032442092,0.067034974694252,0.0966478958725929,-0.0550205074250698,-0.0933783501386642,-0.0966218188405036,-0.0966518074274063,-0.0429840348660945,0.0966506972908973,0.0962561964988708,0.0917948186397552,-0.0924789905548095,-0.0966469869017601,-0.0964934602379798,0.0510301887989044,-0.0966210886836052,-0.0964912623167038,0.0965954214334487,-0.095106340944767,0.0966479703783989,-0.0941771268844604,0.0966386720538139,0.0951159447431564,0.0605791509151458,-0.0965113416314125,-0.0966511070728302,-0.0952944681048393,0.0966501161456108,0.0316647738218307,-0.0966325029730796,-0.0957077294588089,-0.096650019288063,0.0966476052999496,0.0966398864984512,-0.0966231524944305,0.0853831321001052,-0.0919506102800369,0.0944081991910934,-0.0849132388830185,-0.0940337628126144,-0.0964963361620903,0.0966466441750526,0.0965844765305519,0.0343173556029796,0.0966273471713066,-0.0861330106854438,0.0966124013066291,-0.0965948179364204,0.0964973419904708,0.0966203957796096,0.0913747027516365,0.0944027975201606,-0.0966493040323257,0.0836057290434837,-0.0966205671429634,0.0926731154322624,0.0966392382979393,0.0169377271085977,0.0966483503580093,-0.0966527536511421,0.0965801328420639,0.0880331918597221,-0.0961606055498123,-0.0958706215023994,0.0793985500931739,0.0966362580657005,0.0964440330862999,0.0965585634112358,0.0965468659996986,0.0958043709397316,-0.0965883061289787,-0.0963207706809043,-0.0948193669319152,0.0925991684198379,-0.1155856922268867,0.1255545914173126,-0.0078878784552216,0.0283842589706182,0.0395835824310779,-0.0333174392580986,-0.0111879147589206,-0.0343469306826591,0.0564730651676654,-0.038809448480606,-0.101733773946762,0.0784934982657432,-0.1477380543947219,0.055520087480545,-0.0723955109715461,-0.0139940297231078,0.0075003071688115,0.1227396801114082,0.0565816797316074,0.0858953967690467,0.116780512034893,0.0975408852100372,0.1317749768495559,0.0899551659822464,0.0503517873585224,-0.0893040224909782,-0.1081249937415123,-0.0916746705770492,0.1269251555204391,0.1269570589065551,-0.0925859212875366,-0.0290113575756549,0.0283141322433948,0.0995863676071167,-0.0555651932954788,0.0670629739761352,0.0620756596326828,-0.0016329169739037,0.0459720604121685,-0.0736239254474639,-0.1307009011507034,-0.0005539604462683,-0.001844965852797,0.1048264428973198,0.0782041996717453,-0.1503486484289169,-0.025302704423666,0.1190194189548492,0.1026052311062812,0.0812525823712349,-0.0905657634139061,-0.1324889659881591,-0.1268650293350219,0.1381573528051376,0.066205583512783,-0.014156905002892,0.0593063458800315,-0.0726877227425575,0.1485115736722946,0.0568904690444469,0.1050583347678184,0.0043284748680889,-0.0173566583544015,-0.13051737844944,0.0725677907466888,-0.129538208246231,-0.1416219025850296,0.0744819119572639,0.0539325736463069,-0.0791002810001373,-0.0253941472619771,0.0543637201189994,-0.0014069677563384,-0.1098561063408851,0.0141835240647196,0.0112052112817764,-0.058651927858591,-0.1438511610031128,0.1492532640695572,-0.0952304303646087,0.0696605667471885,0.043154552578926,0.0762328654527664,-0.1259064823389053,0.0278819315135478,0.0977859795093536,0.1136980205774307,-0.0953516289591789,0.059011735022068,-0.1473924368619918,-0.0249574668705463,-0.1149462983012199,0.1438652276992797,-0.1466219872236251,0.0772794038057327,0.1140648126602172,0.1039863601326942,-0.106309950351715,0.1047339662909507,0.0053712842054665,-0.1221967861056327,0.0768189132213592,-0.0252550244331359,-0.111447624862194,0.0183774027973413,-0.0642833933234214,0.0754172280430793,0.044468130916357,-0.0067111081443727,-0.133317157626152,0.0528858415782451,-0.0747071430087089,0.0278627313673496,0.0575219914317131,0.0891867130994796,0.1240447089076042,-0.0686465874314308,0.058685328811407,0.0360154807567596,0.0914720222353935,0.1271147727966308,-0.0165776778012514,0.0188922602683305,0.1363689452409744,0.1315417438745498,-0.0282592754811048,-0.081440083682537,-0.146734282374382,-0.0710766538977623,0.1025263965129852,-0.0509220659732818,-0.1024480164051055,-0.1025606170296669,0.0980356559157371,-0.1019947230815887,0.1015239208936691,-0.0939247012138366,-0.1025042310357093,0.1024486199021339,-0.1025514602661132,-0.0455311089754104,-0.0209887642413377,0.1014134585857391,-0.0399840027093887,-0.1015482619404792,-0.0784076750278472,0.0662458166480064,-0.0087869279086589,-0.1014172285795211,-0.0438512004911899,-0.0515997521579265,-0.1023388803005218,0.0719110295176506,-0.0994390696287155,0.1025137454271316,0.1019308790564537,0.1025604531168937,-0.1025316417217254,0.1018548086285591,-0.1024990752339363,-0.0341957286000251,0.061874870210886,-0.021324286237359,0.1024577021598815,0.0975463464856147,-0.1022301763296127,-0.1014599204063415,-0.0983977764844894,0.1016303971409797,0.1023509427905082,0.0615640506148338,0.0799827277660369,0.0915920510888099,0.1015940830111503,0.0989525243639946,0.054111048579216,-0.1024013236165046,0.1024326458573341,-0.0732304602861404,0.0774485692381858,0.1007387563586235,0.0163589026778936,-0.0940672382712364,-0.0849999114871025,-0.1018907725811004,-0.090190902352333,-0.0883424654603004,0.0991031304001808,-0.0672256350517273,0.088161900639534,-0.0997077673673629,0.0275208856910467,-0.1004403010010719,0.099756084382534,0.1025459766387939,-0.0983651429414749,0.1025437638163566,0.1020144000649452,0.0745934918522834,0.1010775715112686,0.0507510714232921,-0.1001979112625122,0.0829488039016723,0.1024867966771125,-0.0904988497495651,0.1000693663954734,-0.0155492555350065,-0.1017061397433281,0.1022661700844764,0.0868339240550994,0.1018173918128013,-0.0374497734010219,0.0988616868853569,0.0990475341677665,-0.052783653140068,-0.0668149963021278,0.0964761301875114,-0.0842311158776283,-0.0936425551772117,-0.1020822376012802,-0.078836902976036,-0.1018083021044731,0.0320290215313434,-0.1024830713868141,-0.1021742150187492,-0.1024188846349716,-0.0283898301422595,-0.1006320267915725,-0.1022604182362556,0.1025637164711952,-0.0393517762422561,0.1019244417548179,0.1024500727653503,-0.1025076955556869,-0.090872585773468,-0.102180577814579,0.1025174930691719,-0.1000050231814384,-0.0342476591467857,0.1025172024965286,0.1025581434369087,-0.1005889847874641,0.0465300194919109,0.100136362016201,0.101414106786251,-0.0004560720699373,-0.10255728662014,0.1022631302475929,0.1021479368209838,-0.1019004881381988,0.0816016942262649,-0.022793486714363,0.1025235652923584,0.0396583601832389,-0.1015197932720184,0.0904399454593658,ZUZBQJDDJUQBBQ-NFCYHQAGSA-N,CCCCCC(=O)NCCCC[C@H](N)C(=O)N[C@@H](CCCNC(=N)N)C(=O)N[C@@H](Cc1c[nH]c2ccccc12)C(=O)N[C@@H](CCCNC(=N)N)C(=O)N[C@@H](Cc1c[nH]c2ccccc12)C(=O)N[C@@H](CCCNC(=N)N)C(=O)N[C@@H](Cc1c[nH]c2ccccc12)C(N)=O
-0.0279449522495269,0.0153241846710443,0.0906955599784851,0.0433405302464962,0.1105922982096672,-0.1056170910596847,-0.070520170032978,0.1078013107180595,0.0796147957444191,0.0631983950734138,0.0867858007550239,-0.0313261337578296,0.0973239243030548,-0.0938899293541908,0.1104117184877395,-0.0707312375307083,-0.1091388091444969,0.1088223084807396,0.1037894710898399,0.109463907778263,-0.00295873102732,-0.1081486791372299,0.0780130475759506,0.0687601044774055,0.0909884199500083,-0.1107271015644073,-0.02780138887465,-0.0950042754411697,0.040907472372055,0.1107034385204315,0.0927225276827812,-0.0716744661331176,0.0573854893445968,0.0813743099570274,-0.0363219194114208,0.1078654378652572,-0.046195562928915,0.057302251458168,0.0662345215678215,-0.0759878754615783,-0.0913836285471916,-0.1080726012587547,0.0920945927500724,-0.1063029766082763,0.0902710780501365,-0.1080745458602905,0.1061483770608902,0.0638532638549804,0.1110945045948028,0.0943111702799797,0.082899272441864,-0.0982582569122314,-0.097242996096611,0.1110647022724151,-0.1025254055857658,0.0044581643305718,0.111070916056633,-0.1019553244113922,-0.1046169772744178,0.0706249922513961,-0.067853957414627,-0.1090149134397506,-0.1016445234417915,0.0710358992218971,-0.0867977887392044,-0.1080463156104087,0.0497849248349666,-0.102163091301918,0.1020997464656829,-0.0494652912020683,0.1028721034526825,0.0669406130909919,0.009876855649054,-0.1007571071386337,0.1058229133486747,-0.0851843357086181,0.0943352207541465,0.0628748163580894,0.1052252501249313,-0.1002229675650596,0.1042904332280159,0.1100622937083244,0.1088087707757949,-0.0691031441092491,0.1016400530934333,0.095362365245819,0.0797741338610649,0.0555073171854019,-0.0853014066815376,0.0960796475410461,0.1066244319081306,0.0804622322320938,-0.0940098315477371,-0.1079515442252159,0.0665337890386581,0.1104585081338882,0.0077311471104621,-0.0302724298089742,0.1055366098880767,-0.019798906520009,0.0778763592243194,0.09628427028656,0.1089020520448684,0.0923804640769958,-0.1108137220144271,-0.0762622207403183,0.1063924506306648,-0.0756520703434944,-0.0719778463244438,0.1091488376259803,0.11087616533041,-0.059656735509634,-0.0371201038360595,-0.1001282259821891,0.1065815314650535,-0.0995164886116981,-0.1108261048793792,-0.1091840043663978,-0.1000682041049003,-0.0501419939100742,0.0878109484910965,0.0881743282079696,0.1100914850831031,0.0233215950429439,-0.109176829457283,-0.1012588366866111,-0.1050606146454811,0.0611486732959747,0.1137933582067489,0.1080058887600898,-0.0262594725936651,0.0834932103753089,0.1135645806789398,-0.1135426610708236,-0.1010822281241417,-0.0779676213860511,-0.1010432690382003,-0.1133652701973915,0.0867094025015831,-0.0780829265713691,0.0795581564307212,-0.1123296990990638,-0.0688633173704147,-0.1101935803890228,0.1079368665814399,0.0369601063430309,-0.0546397864818573,0.0293471571058034,-0.1107044592499733,0.0610269270837307,0.0823623389005661,-0.1072609573602676,0.0864752084016799,-0.1106057614088058,-0.1076584383845329,-0.0189940892159938,-0.1087405681610107,0.056922111660242,0.1125513240694999,-0.019687570631504,-0.1120761707425117,0.1001849472522735,-0.0476493015885353,-0.1112414896488189,-0.1137302443385124,0.036249291151762,0.0872692540287971,0.0747690945863723,-0.1068608090281486,0.0577269047498703,-0.0324074551463127,0.1113048642873764,-0.1033378839492797,-0.0947799161076545,0.0748428106307983,0.0874117240309715,0.1115228310227394,-0.1036420166492462,-0.0829688385128974,0.1091678291559219,-0.1104434430599212,-0.1038717776536941,0.0933752804994583,0.0561362020671367,-0.0491042733192443,0.0509042367339134,-0.1113545373082161,0.0344286598265171,-0.105652242898941,0.0809788629412651,0.0684772059321403,-0.0113691473379731,-0.0252410862594842,-0.0117854448035359,0.1022576242685318,0.0451139286160469,0.1031336784362793,0.1134798005223274,-0.0585862919688224,0.1106264814734458,-0.0914299339056015,0.1086115688085556,0.1107935905456543,0.0013852404663339,0.1112614125013351,0.1118482127785682,-0.1091269552707672,0.1120432242751121,-0.098583236336708,-0.0149992406368255,-0.1078440994024276,-0.0272350739687681,0.1137663573026657,-0.0625063329935073,-0.0585133545100688,0.0820034891366958,0.0539898201823234,0.0140405809506773,-0.0248340647667646,0.0132368253543972,-0.1135757490992546,-0.1130553483963012,-0.1054884791374206,0.0493342615664005,0.1113947480916976,-0.1133828312158584,0.1044345423579216,0.0966780036687851,0.1127455756068229,0.1127040535211563,0.0193922203034162,-0.1133970990777015,0.0250212959945201,0.0914845466613769,0.1004505306482315,0.1080048978328704,-0.0343184247612953,0.0269998628646135,-0.1137675046920776,0.0500236302614212,-0.0285358168184757,0.1096551045775413,0.1014922633767128,0.1102324053645134,-0.0904054045677185,0.099641777575016,0.1100881919264793,0.0938393101096153,0.1137100830674171,-0.1131679639220237,0.0576027445495128,0.1012544259428978,-0.1102789118885994,-0.0306657068431377,-0.0993218347430229,0.0538602620363235,-0.0841377824544906,-0.1058302149176597,-0.0424796976149082,-0.1057764664292335,-0.099428005516529,-0.073284164071083,0.0088687231764197,0.0972459390759468,0.105795532464981,0.1031631976366043,-0.105810172855854,-0.0108973644673824,-0.1053653284907341,-0.1058157160878181,0.1042694225907325,-0.1057550609111785,0.1044916361570358,-0.0976754054427146,0.0556051768362522,-0.1058470085263252,0.092545285820961,0.0133118471130728,0.0863015130162239,0.1008900478482246,-0.1030678525567054,-0.09098831564188,-0.0190402567386627,-0.1056969836354255,0.0852024853229522,-0.1056587323546409,-0.1034914553165435,0.0066023091785609,0.0261097103357315,-0.0989559665322303,0.1019988283514976,-0.1051830947399139,-0.1055245697498321,0.097135454416275,0.0958932861685752,-0.1019332855939865,-0.1050142645835876,-0.0408658869564533,0.0513253696262836,0.1027807071805,0.1057281792163848,-0.105584405362606,0.0183044020086526,0.0905628204345703,0.1036915034055709,-0.1055986210703849,-0.0484517812728881,0.056792315095663,0.1056275069713592,0.1024027541279792,-0.10573361068964,0.1058323681354522,-0.1021216809749603,-0.1050192266702652,-0.0742504671216011,0.1014309898018837,-0.1058060973882675,0.0269236713647842,-0.0736386328935623,0.0003160506312269,-0.1057579889893531,0.0818211883306503,0.1055883392691612,0.0876847729086875,0.105141669511795,-0.0599301233887672,0.0661678314208984,-0.1058437302708625,0.1001928597688674,0.1038392260670661,0.0081093367189168,0.1010631993412971,-0.003576444927603,-0.1002474650740623,0.1053494960069656,0.1057006418704986,0.0953937992453575,0.0905669629573822,-0.0759528651833534,-0.0825344622135162,-0.1058348789811134,0.0510702803730964,-0.0895707309246063,0.1055670753121376,0.0763425007462501,-0.0263667162507772,0.1057682186365127,0.1056871637701988,0.0976927950978279,0.1037424579262733,-0.072559155523777,0.0916146785020828,-0.0935295075178146,-0.0558563470840454,0.0069771711714565,-0.1054112091660499,-0.1057215258479118,0.0668024122714996,0.1031075343489646,0.0998895391821861,-0.1055355370044708,-0.0848610699176788,0.1029497981071472,0.0104611217975616,0.0636806860566139,0.1051617115736007,0.097091794013977,-0.0798871517181396,-0.1037538275122642,-0.0764314830303192,-0.0149635560810565,-0.0037573743611574,0.0783227831125259,-0.104700967669487,0.0884157419204711,-0.0964389368891716,-0.1058458387851715,0.1058479696512222,0.1055542379617691,0.0935138761997222,0.1023905798792839,-0.1049015671014785,0.0233457293361425,-0.0044461549259722,0.0523239821195602,0.1085325852036476,-0.0630961656570434,0.0068277092650532,0.0503766015172004,0.1094589009881019,0.0085214404389262,0.1703756898641586,0.1525893807411193,-0.1158673465251922,0.1805833578109741,0.0845361649990081,0.0286782383918762,-0.0908752307295799,-0.1133535131812095,-0.0357084572315216,-0.0472748912870883,0.0019067341927438,-0.0016197345685213,-0.0805942267179489,-0.0688554421067237,0.1833803355693817,-0.1032671630382537,-0.0342870578169822,-0.034442089498043,-0.0182566549628973,-0.102402277290821,0.0798747912049293,-0.0863766372203826,-0.0557910464704036,-0.0166523456573486,0.1289148777723312,-0.0147303119301795,0.0034293376374989,0.0250288937240839,0.0948306694626808,0.1082370802760124,-0.1024325042963028,0.0442861840128898,0.0338436104357242,-0.1306384801864624,0.0040231789462268,0.0292750783264637,0.1404542326927185,-0.0802939534187316,0.0148372678086161,0.0358217023313045,-0.0476974509656429,0.0611474364995956,0.0552113875746727,0.0742893517017364,-0.0685615837574005,0.1398063004016876,0.118527241051197,-0.0451851338148117,0.0741811618208885,-0.0130770299583673,0.1607967764139175,-0.0320940501987934,0.135136604309082,-0.1659140288829803,-0.1034120544791221,0.0438326448202133,-0.0875391885638237,0.0932016000151634,-0.0522898100316524,-0.170557752251625,0.0451463796198368,-0.0758803933858871,0.0414365045726299,0.110334113240242,0.0010538144269958,0.0109792882576584,-0.0647347792983055,-0.0861830040812492,0.0201574675738811,0.1209953799843788,-0.1628927290439605,0.0249191485345363,0.0014318196335807,-0.0863687768578529,0.0643214732408523,0.0248730890452861,-0.1927814930677414,-0.0426653437316417,0.0292956624180078,0.1363810449838638,0.1723709404468536,-0.0910189598798751,0.1256710439920425,0.0610853657126426,-0.0246202051639556,0.0094174658879637,0.1227882653474807,0.0746249556541442,-0.0725797414779663,0.1418954581022262,0.0136250853538513,-0.0052071665413677,-0.0669469460844993,-0.1035250350832939,-0.0640313401818275,0.1656275540590286,0.0995751023292541,0.102553904056549,-0.1140950098633766,-0.0246828868985176,0.0151047743856906,0.0306357759982347,0.0905956253409385,-0.0753987357020378,0.1598584055900573,0.1177126690745353,-0.1190258488059043,-0.0302948355674743,0.0248792394995689,-0.0122743193060159,0.1403589248657226,-0.0231107585132122,0.0962567999958992,-0.0320909060537815,0.0622975267469882,0.0035248831845819,-0.0623087100684642,-0.0018368049059063,-0.023721594363451,0.1178201586008071,0.0624009557068347,0.0149048035964369,0.0126795824617147,0.1455425322055816,-0.107322372496128,0.0862843990325927,0.0469690971076488,0.0043137613683938,-0.0818452909588813,-0.1231145709753036,0.0839819014072418,0.0532593838870525,-0.0597653836011886,-0.0356040224432945,0.0969048216938972,-0.0639632642269134,-0.0145128546282649,0.0755623057484626,0.0402116887271404,-0.088489331305027,0.1094894111156463,0.0702030211687088,0.0922338441014289,0.046146560460329,-0.0700697973370552,-0.1465585678815841,0.066510297358036,0.0829272121191024,-0.0491115301847457,0.040377452969551,0.0521851815283298,0.1597591638565063,0.0740134343504905,0.0197221543639898,0.0837012603878974,-0.1441674977540969,0.1246647164225578,0.1391799002885818,-0.1678037047386169,-0.0065774507820606,0.0346619561314582,0.053093072026968,0.1050079315900802,-0.0964074060320854,0.0305877923965454,-0.1296740025281906,-0.0231094006448984,-0.0351839736104011,0.003947667311877,-0.0200824365019798,-0.0763228088617324,-0.079093225300312,-0.1396341025829315,0.1401897966861724,0.0012464164756238,0.0576708763837814,0.0897748246788978,-0.0918270200490951,0.015835803002119,0.1249058097600936,0.0071091083809733,-0.0671733766794204,0.0806797966361045,-0.1025349572300911,-0.091402418911457,0.0498803444206714,0.0266582556068897,0.0479850023984909,0.0365973860025405,0.0616874396800994,0.0567635782063007,0.147403210401535,-0.002052754163742,-0.1215050965547561,-0.1129686757922172,0.0317427106201648,-0.123994655907154,0.1350908428430557,-0.0926975384354591,-0.0607205443084239,-0.0930196344852447,0.0731173753738403,-0.0694971904158592,-0.1418394297361374,0.1575236022472381,0.0276579577475786,0.1014171913266182,0.0643934682011604,-0.0607134662568569,-0.0777673497796058,0.1247009858489036,0.0369075648486614,-0.070730447769165,-0.1381234228610992,-0.094317503273487,0.1122701838612556,0.1434835791587829,-0.0621915608644485,-0.0538456179201602,0.1565660238265991,-0.1184703782200813,-0.1136581003665924,0.0800212174654007,-0.0611969456076622,0.1070534959435463,0.0098582282662391,0.1126832142472267,0.0210541430860757,-0.1354625672101974,0.005544054787606,-0.0236381869763135,-0.045865274965763,-0.0015008249320089,0.1475445628166198,-0.1324983537197113,0.1509801000356674,-0.0041700876317918,0.148574486374855,-0.0591188669204711,0.0816854909062385,-0.0290307216346263,-0.0266624260693788,-0.0757265388965606,0.1120021343231201,-0.0559812150895595,0.0543131716549396,-0.0790602341294288,-0.101681187748909,0.0596877187490463,0.0051843295805156,0.1184912696480751,-0.0273892898112535,0.0555481240153312,0.0458236895501613,0.1410458385944366,0.1310080289840698,0.0456543415784835,-0.070600114762783,0.1063749343156814,0.1081052273511886,0.0369320698082447,-0.1188894510269165,0.0371681042015552,-0.056419301778078,0.0309222061187028,0.1150202006101608,-0.0410157702863216,0.007641895674169,-0.1472685784101486,-0.0099740950390696,-0.0047862380743026,-0.1054311990737915,-0.0058535463176667,-0.1045279055833816,0.1054588332772255,-0.0332441851496696,0.0438519231975078,-0.0937080159783363,-0.0177449751645326,0.1392253190279007,-0.0541105717420578,-0.0253288671374321,0.0549236238002777,-0.1004481613636016,-0.018522722646594,0.0705296099185943,-0.0968985632061958,0.0524917356669902,-0.149543896317482,0.0631349608302116,-0.0994470417499542,0.0255815833806991,-0.0013109993888065,0.1107111349701881,-0.0945074930787086,0.1488092839717865,0.0692493394017219,0.0592526718974113,-0.1264660805463791,-0.1146660670638084,0.0939147397875785,0.0380310900509357,-0.0507738813757896,0.1313180178403854,-0.1427497267723083,-0.074419118463993,-0.055597960948944,-0.133420392870903,-0.0796352550387382,-0.0339928679168224,-0.1400236040353775,-0.1207156702876091,-0.0836379304528236,0.0896456390619278,0.0465121194720268,-0.0699728578329086,-0.0351088605821132,0.0143134221434593,-0.1411060988903045,-0.0289584342390298,-0.1207123398780822,0.0881486237049102,0.0034096424933522,-0.1385007798671722,-0.1201150342822074,-0.0957880765199661,0.0427671857178211,0.0722647756338119,-0.0136867985129356,-0.1241817623376846,-0.112763874232769,-0.0433231480419635,-0.036864548921585,-0.0157411657273769,0.1501876264810562,-0.0949914529919624,-0.0866382122039794,0.0440992601215839,-0.1269257366657257,0.143027201294899,-0.0107646146789193,-0.0283335465937852,-0.0285494234412908,-0.1416035741567611,0.0741797611117363,-0.1277969479560852,-0.0471622981131076,0.0628671199083328,0.0135864792391657,-0.11519106477499,0.1577813625335693,0.0247936286032199,0.0105601204559206,-0.1176802292466163,0.1198832243680954,-0.0341079570353031,-0.0628559961915016,0.1142461001873016,0.0279789250344038,0.1010124757885932,-0.0878403484821319,0.1276966631412506,-0.0345222949981689,0.1144721359014511,-0.0800908058881759,-0.0823305398225784,0.073286049067974,-0.0002139040880138,-0.138223260641098,0.1055618077516555,0.1253634095191955,0.1591289192438125,-0.0158100593835115,0.0365275554358959,-0.0819933637976646,-0.0093269851058721,-0.1062790006399154,UHTOSIKBPFRUCT-UHFFFAOYSA-N,O=C(NCC1COCCO1)N(Cc1cccs1)C1CC1
0.0209266059100627,-0.1073096767067909,0.1103426218032836,0.1112062409520149,0.1105980724096298,-0.1106623411178588,-0.1036172360181808,-0.0102380169555544,-0.1026075035333633,0.0577529370784759,0.0289521999657154,-0.0573824904859066,-0.0810656398534774,0.0219297856092453,0.1112103313207626,-0.0720850527286529,-0.1108100861310958,0.1110380217432975,0.1091636195778846,0.1112206727266311,-0.0918301939964294,-0.0989142805337905,-0.0748990401625633,0.1085058972239494,-0.0834098383784294,-0.0890732258558273,-0.1084259822964668,-0.1064988374710083,-0.1104477122426033,0.1110649332404136,-0.1026668027043342,-0.0951329097151756,0.1068705692887306,0.1077397987246513,-0.1049446687102317,0.0183631740510463,0.0794406905770301,-0.012158659286797,-0.1059912592172622,-0.1103220880031585,-0.037070695310831,-0.081934779882431,-0.0547174550592899,-0.0821262076497078,0.086507149040699,-0.0578436106443405,0.0653832182288169,0.0487084425985813,0.1112141907215118,-0.1010995581746101,0.0822486728429794,0.1106723919510841,-0.1112036481499672,0.1112275123596191,0.1018599271774292,0.027877302840352,0.1060386598110199,-0.0971908867359161,-0.0196051020175218,0.0759223625063896,0.1101428121328353,0.0748117417097091,-0.0558391772210598,0.1069188937544822,-0.1009494513273239,-0.1099143102765083,0.0288562774658203,-0.0988159999251365,0.098714955151081,0.0435592830181121,0.0153605621308088,-0.1008955612778663,0.1082024350762367,-0.0884781256318092,-0.0978424996137619,-0.0273367371410131,-0.0832810401916503,0.1087589561939239,0.0968179628252983,-0.1000890955328941,0.0139633072540164,0.1105226501822471,0.108214646577835,-0.0813315585255622,-0.0085710836574435,0.0500495284795761,0.1110387817025184,0.0875012353062629,-0.1022726446390152,0.1012238413095474,0.1111887171864509,0.0932545587420463,-0.0330311246216297,-0.1105609685182571,-0.01152328774333,0.1109446957707405,-0.0432352982461452,0.1095498502254486,0.0863320454955101,0.0727553069591522,-0.1068286076188087,0.0615385361015796,-0.0052805379964411,0.1101264655590057,-0.1061953827738761,-0.0287630259990692,0.1111087426543235,0.0861566141247749,0.0993319824337959,0.0823306366801261,0.1112261414527893,-0.1028053313493728,-0.0841223299503326,-0.1111462116241455,0.1090756356716156,0.0654127672314643,-0.111190915107727,-0.1012976020574569,-0.0861731842160224,0.0899512469768524,-0.0644446685910224,0.104230597615242,0.110528215765953,0.0174533370882272,0.0385643690824508,-0.0829422995448112,-0.062007401138544,0.0108769498765468,0.1125702410936355,0.1091002970933914,-0.1093026399612426,0.1057174280285835,0.1105644702911377,-0.0349820889532566,-0.1123158931732177,0.0936257317662239,0.110512688755989,-0.103891409933567,0.1118825301527977,-0.0169617924839258,0.0195484422147274,-0.1081885546445846,-0.0781035274267196,-0.0566849522292614,0.0656546354293823,-0.0539140813052654,-0.1086191982030868,-0.1006622463464737,-0.1022769436240196,0.0213257353752851,-0.100764200091362,-0.0380589738488197,0.1055085957050323,-0.0048998487181961,0.0790355503559112,0.0989570915699005,-0.1081526428461074,-0.1099214106798172,0.0471988096833229,-0.0956804007291793,-0.0468799136579036,0.1005873680114746,0.1125577092170715,-0.1085097417235374,0.0049335369840264,-0.1123462095856666,0.0909285247325897,0.1124194487929344,-0.0831044688820838,0.0087350560352206,0.0737828314304351,-0.0225925873965024,0.0070994086563587,-0.1120840683579444,0.0551892556250095,-0.1088242977857589,0.0387827828526496,0.0758038535714149,-0.1054452210664749,0.0848688259720802,-0.0199741162359714,-0.1123999133706092,-0.0679550841450691,-0.0981962233781814,-0.0960466265678405,-0.1120328977704048,-0.090363822877407,-0.0949100479483604,-0.1078366711735725,0.1124140098690986,-0.1042427867650985,-0.0995920971035957,0.1125536188483238,-0.1011587381362915,0.1123746335506439,0.0976066663861274,-0.1121894270181655,0.0101624755188822,-0.0599252209067344,0.0224608015269041,-0.0911598429083824,-0.0471716150641441,0.0510492324829101,-0.108222484588623,0.0652272701263427,0.1122285649180412,-0.0881729125976562,0.0148643301799893,-0.1075209081172943,0.1014799177646637,0.0922305434942245,-0.0219472888857126,-0.0347375497221946,0.1077962294220924,-0.1052861586213111,-0.1021093428134918,0.1033699437975883,0.1060581356287002,-0.0635076612234115,-0.0996317192912101,-0.1073828637599945,0.0908512249588966,-0.0533291883766651,-0.1084765717387199,-0.1013745740056037,-0.1123789623379707,-0.0734332427382469,0.112578697502613,0.0113839786499738,0.1088360920548439,0.0585952028632164,0.0958397090435028,0.0935643762350082,-0.0934745296835899,-0.0032085392158478,0.1125808656215667,-0.1119351014494896,-0.0800527110695838,-0.1118137016892433,-0.0453051142394542,-0.0703004151582717,0.075002022087574,0.1114372536540031,0.0027613632846623,-0.1114406511187553,-0.0545880608260631,0.1106849536299705,0.0328497290611267,0.0994369611144065,-0.1116754040122032,0.1117250695824623,0.0345098190009593,-0.1103604584932327,-0.1119366362690925,-0.0992574021220207,0.0074568330310285,-0.1072975993156433,-0.0209178980439901,0.0783383920788765,-0.0600123889744281,0.1123759970068931,0.096798837184906,-0.0325123593211174,0.0674071386456489,0.0288649201393127,0.0629186779260635,0.1075244545936584,-0.0775571539998054,-0.0675937533378601,0.1052498072385788,0.1114172488451004,0.0561696290969848,-0.1107565239071846,-0.0836812481284141,0.1004810854792594,-0.0597953535616397,-0.1090597510337829,-0.0892030671238899,0.1018937230110168,0.0130932442843914,0.0447857156395912,0.0266831889748573,0.0506931953132152,0.0887960493564605,0.1119052618741989,-0.0514334365725517,0.1122945621609687,-0.0810149237513542,-0.0720955356955528,0.0130939790979027,0.011233078315854,-0.0918413177132606,0.1120265871286392,-0.1028463989496231,-0.0925185680389404,0.0864236876368522,0.1119441390037536,0.1058678478002548,-0.0903095006942749,-0.1123699247837066,0.0978864952921867,-0.0955494344234466,-0.0926019772887229,-0.1116017773747444,-0.1080239862203598,-0.111782282590866,0.0436837784945964,-0.1117871701717376,-0.112327255308628,0.1122124940156936,-0.0912558063864708,0.1108832657337188,0.0924251452088356,0.0251865591853857,-0.0821015834808349,0.0951885506510734,0.111816219985485,0.1050313636660575,0.1118822991847992,0.0083354264497756,-0.084803432226181,0.112085685133934,0.111170083284378,0.0784506052732467,0.1122871413826942,-0.0862794816493988,-0.112236313521862,0.0197429005056619,0.0455613210797309,0.0338784605264663,-0.0292201414704322,0.1108401790261268,-0.0760077610611915,0.0288359727710485,0.0226931534707546,-0.1100776940584182,-0.0261049102991819,0.1123296394944191,0.076180063188076,0.1119062379002571,-0.1123677492141723,0.0216793902218341,0.1121785044670105,-0.1113992929458618,-0.1111393645405769,-0.1031061112880706,-0.0917339697480201,-0.0714081898331642,0.1121895238757133,0.1091742068529129,-0.0478114895522594,-0.1121708080172538,0.027430735528469,0.0976518765091896,0.1111211627721786,-0.1114797741174697,-0.1097510978579521,0.0152210928499698,-0.1036620885133743,-0.0058631827123463,0.1103051975369453,0.0859179720282554,0.0158215463161468,-0.1066958755254745,0.1123137399554252,0.082965187728405,0.0021721154917031,-0.0962286740541458,0.1115370169281959,-0.1121580228209495,-0.0651845559477806,-0.0645073130726814,0.0865889862179756,0.1016222015023231,0.0450287647545337,0.1081215292215347,0.09393972158432,-0.1020830422639846,-0.02277079410851,0.1076688393950462,-0.1103124693036079,0.074081189930439,0.0858929529786109,-0.1071823015809059,0.0915635600686073,0.0279488191008567,0.0065799467265605,0.0598384216427803,0.13288015127182,0.0296639576554298,0.0322888456284999,0.0973306968808174,0.1661705076694488,-0.013372266665101,0.1011311635375022,0.0899900421500206,0.0185333229601383,-0.0902010947465896,-0.1284711956977844,-0.1276921480894088,-0.167253628373146,-0.0320045091211795,0.1206345111131668,-0.0871228352189064,-0.0278309769928455,0.177277386188507,-0.0019025178626179,-0.0814684703946113,0.0425959825515747,-0.0159421432763338,0.0122356414794921,0.081900879740715,0.0056071644648909,-0.1291456371545791,0.0315399467945098,0.1314388662576675,-0.0272827222943305,0.0673395171761512,0.1156184747815132,0.1316644251346588,0.0810148194432258,-0.014354451559484,0.1696917861700058,0.0638674348592758,-0.0200733374804258,0.022795345634222,0.1673959195613861,-0.0065273563377559,0.0231684371829032,0.0222369469702243,-0.0538301058113575,-0.0596851035952568,0.041480578482151,0.0173751134425401,0.0605317987501621,-0.112534761428833,0.1081667691469192,-0.0402994565665721,0.0260830000042915,-0.0633372366428375,-0.0485741347074508,0.1619237959384918,-0.0494555681943893,0.1586430668830871,-0.0485315360128879,-0.0930730476975441,0.0776561349630355,-0.1508056819438934,-0.0355699583888053,-0.1048899218440055,-0.1385868042707443,-0.0626977086067199,-0.07742790132761,0.0310904495418071,0.066081017255783,-0.1063024178147316,0.0035995910875499,-0.1254913508892059,0.0552325807511806,-0.0284655280411243,0.1366623044013977,-0.1164707541465759,-0.0410093106329441,0.0570448860526084,-0.0575903244316577,0.1328679770231247,-0.0585563443601131,-0.1628833711147308,0.0127618918195366,0.121229350566864,0.0169595573097467,0.1650827378034591,0.0146726863458752,0.1196025162935257,-0.0375059880316257,0.0612761117517948,-0.1390741616487503,0.0724560469388961,0.0938185006380081,-0.0600476823747158,0.1546828150749206,0.0178504064679145,-0.0554564148187637,0.0017718747258186,-0.0346298404037952,-0.0056454776786267,0.1561213284730911,-0.0593781284987926,-0.0004769209772348,0.0813376009464263,0.1115826666355133,0.0304879024624824,0.149902269244194,0.046971533447504,-0.0534851923584938,0.1263077110052108,0.0662734806537628,-0.0841337889432907,-0.0369849354028701,0.0079843113198876,-0.0361188389360904,0.1150959730148315,-0.0603424683213233,-0.0976594388484954,-0.1207487806677818,0.0829420313239097,-0.0226497203111648,-0.0946113541722297,-0.0528038255870342,-0.0530547462403774,0.1675651222467422,0.0488234870135784,-0.0552435554563999,0.0465724430978298,0.1863705068826675,-0.0762908607721328,0.1571141183376312,0.1768277734518051,0.1907744109630584,-0.0414413996040821,0.1337771266698837,0.0527606531977653,0.0270975772291421,0.028244400396943,0.0368613079190254,0.1017457768321037,0.0414010696113109,-0.0872838050127029,0.0700208842754364,-0.0373952500522136,-0.01818473264575,0.1320927143096923,-0.0291706249117851,-0.0293827857822179,-0.0722830221056938,0.0410225018858909,-0.058178212493658,0.1438732147216797,-0.0662777721881866,-0.0298196449875831,-0.0290309265255928,0.14540696144104,0.1435761302709579,0.0709025487303733,0.0878051370382309,-0.0338392220437526,-0.1165154129266738,-0.0014640097506344,0.095864400267601,-0.1438682228326797,0.0735535770654678,-0.0341271981596946,-0.0691070333123207,0.0355167351663112,-0.1105012819170951,-0.0415322259068489,-0.0002503392752259,0.0741694644093513,-0.0869513675570488,-0.0967065766453743,-0.0838423818349838,-0.0476426146924495,0.0231931135058403,-0.0198540333658456,0.1561490893363952,-0.0860706344246864,0.0662087202072143,-0.029330551624298,-0.0614651106297969,0.0360555201768875,0.1786238104104995,-0.0615122243762016,-0.0202869083732366,0.0620017796754837,-0.043125495314598,0.0462035089731216,-0.124843917787075,-0.0498957894742488,0.0024129368830472,0.0662338286638259,0.0209626015275716,-0.0217809602618217,0.0529657863080501,-0.1364197880029678,-0.1187524646520614,-0.1089904084801673,0.0165718756616115,-0.0142536601051688,0.1028544455766677,0.0165533646941185,-0.0486129522323608,0.0269016716629266,0.1070677861571312,-0.0447741374373436,-0.1012865677475929,0.1472249031066894,-0.0455904342234134,0.0137183330953121,-0.0512747131288051,0.0305606219917535,-0.1064627319574356,0.1164363175630569,0.0274278931319713,-0.0334622226655483,-0.2168377488851547,-0.0058230240829288,0.2277120053768158,0.0201464165002107,0.0361917093396186,0.0491873323917388,0.0471939072012901,-0.067393310368061,-0.0526548810303211,0.0344812981784343,-0.0257254242897033,0.0799616351723671,0.0576820187270641,0.0974949151277542,-0.0308443941175937,0.0769777745008468,-0.0613369084894657,0.0495393872261047,-0.096534639596939,-0.0385440587997436,0.2151928544044494,-0.1260890513658523,0.0585943534970283,-0.1087634414434433,0.1849806308746338,-0.0125456303358078,0.1085333675146102,0.1165796592831611,-0.1510357707738876,-0.1307215839624405,0.0462435707449913,-0.0457848161458969,-0.0344548746943473,-0.0159218646585941,-0.0735886394977569,0.0262056346982717,-0.072516068816185,0.002985511906445,0.0422448366880416,0.0570369772613048,-0.0390243865549564,0.1226755827665329,0.1276119351387024,0.144136369228363,0.0544943772256374,0.0559631995856761,0.0970060676336288,0.0542617999017238,-0.0871154591441154,0.0877433270215988,-0.0839114412665367,0.0099940216168761,0.0687249526381492,-0.126064732670784,-0.1314306557178497,0.0201213583350181,0.0311493389308452,0.002243383321911,-0.0979591161012649,0.006235213484615,-0.1034688949584961,0.0672907754778862,0.0258595254272222,0.0940161421895027,-0.1272822618484497,-0.0902821570634841,0.0386990010738372,0.1274386793375015,-0.006451700348407,0.056543368846178,-0.1257827579975128,0.023497300222516,0.1226200982928276,0.0932888388633728,0.1510832011699676,-0.0610818713903427,0.1067560687661171,-0.0611342079937458,0.0306886509060859,-0.0919178873300552,0.1060260683298111,5.42935413250234e-05,0.1279472261667251,0.0081418436020612,-0.1032200008630752,-0.041750494390726,-0.0715540051460266,0.056514948606491,-0.1010361909866333,0.0501896440982818,0.0629779398441314,-0.0974439233541488,-0.147511288523674,-0.097609557211399,-0.0862959325313568,0.0110918832942843,-0.0214438345283269,-0.0382102392613887,-0.0508761331439018,-0.0354622304439544,0.1023327633738517,-0.1012628674507141,0.1017973497509956,-0.1152974069118499,0.0302092637866735,-0.0369543321430683,-0.1224102228879928,-0.1514229625463485,0.0473151467740535,0.1263847053050995,-0.1659979969263076,-0.1226189658045768,-0.131988376379013,-0.0744809359312057,0.081669233739376,0.0742472112178802,-0.044661771506071,-0.0894902497529983,-0.0481525734066963,-0.0576927252113819,-0.1170796677470207,0.1225433498620987,-0.0919225811958313,0.0390708893537521,-0.0676438733935356,-0.0694907009601593,0.1313639283180236,0.0289156772196292,-0.056471724063158,-0.0887817963957786,-0.1497930288314819,0.0173321459442377,-0.0230919029563665,0.0020824146922677,0.12919782102108,0.0597646534442901,0.0252243988215923,0.1326205730438232,0.0285456422716379,-0.0297408141195774,-0.0148492865264415,0.1403196454048156,-0.0471871867775917,-0.0518934354186058,-0.0170416459441185,-0.0907655879855156,-0.0179607849568128,-0.0546102747321128,0.1502959728240966,-0.0530064329504966,0.1530080586671829,-0.1437352150678634,0.0034793312661349,-0.0510815232992172,0.0275899674743413,-0.0966276228427887,0.0321925543248653,0.1682006567716598,0.1719647049903869,-0.020050186663866,0.0756150260567665,-0.1600625365972519,-0.0035912001039832,-0.1392533779144287,PQLQFMDBYWXDOZ-UHFFFAOYSA-N,Cc1noc(OCC(=O)N(C)C2CC2)n1
-0.0960877835750579,0.0958253145217895,0.0606764107942581,0.0964765027165412,-0.0961305424571037,0.0942003279924392,0.0964803174138069,0.0391057506203651,-0.0739918947219848,-0.0885279029607772,-0.0964802801609039,0.0783197283744812,0.0964757353067398,-0.0964469835162162,0.0964803099632263,0.001028032391332,-0.0923376008868217,0.0293950662016868,0.096086286008358,-0.0884719043970108,0.0932045727968216,0.0764482170343399,0.0964108556509018,0.0960489362478256,0.0955791622400283,-0.0963509827852249,-0.0962560400366783,-0.0963561981916427,-0.0964569747447967,-0.0961268618702888,0.0964720323681831,-0.0909205749630928,-0.0946465954184532,-0.0857940539717674,0.0883117839694023,0.0964801236987114,-0.0964760407805442,-0.0964564159512519,-0.0320328623056411,0.0964779108762741,-0.092238537967205,-0.0964803248643875,0.0093373311683535,-0.0953378230333328,0.0964748337864875,0.0964802652597427,-0.063460573554039,0.0964803248643875,0.0964803174138069,0.0945942029356956,-0.0964803248643875,0.0950065851211547,-0.003325923345983,0.0912430211901664,-0.0874086320400238,-0.0002092750073643,0.0964803099632263,-0.0941097214818,-0.0964428335428237,0.0958577543497085,-0.0964803099632263,-0.0964803248643875,-0.0609526969492435,-0.086950734257698,-0.0800997763872146,-0.0954869091510772,0.0940948724746704,-0.0963783636689186,0.0964803248643875,0.0964444279670715,0.09647948294878,-0.0964776277542114,0.056970614939928,0.0964803174138069,0.0964802280068397,0.0951646417379379,-0.0963924005627632,-0.0926477760076522,0.0889406576752662,0.0964803174138069,0.094018742442131,-0.0964803099632263,-0.0964801460504531,0.0964802056550979,0.0931476578116417,-0.0804320499300956,-0.096376247704029,-0.0591339096426963,0.0964590907096862,-0.0944959595799446,0.0876248925924301,0.0783416479825973,-0.0175700541585683,0.0964801013469696,0.0964803248643875,-0.0601189993321895,0.016199667006731,-0.060871671885252,0.0964774265885353,-0.0949207246303558,-0.0964792072772979,-0.0964694246649742,-0.0964802652597427,-0.0964766517281532,-0.0964515507221221,0.0964002981781959,0.0964537039399147,-0.0957956612110138,-0.0963829979300499,-0.0962428301572799,-0.0955072417855262,0.0963170602917671,0.048714380711317,-0.0938118398189544,0.0964247360825538,-0.0964803248643875,-0.0964802131056785,-0.0964803248643875,-0.0577337406575679,-0.0964665561914444,-0.0964801087975502,-0.0633772015571594,0.0242280792444944,-0.0964427441358566,-0.0931700840592384,0.0958791226148605,0.0936889797449112,-0.0964633449912071,0.0955055058002471,-0.0977136492729187,0.0975098386406898,-0.0977007672190666,0.0978162288665771,-0.0873936712741851,-0.0978539660573005,0.063055120408535,-0.0978540033102035,-0.0977650582790374,0.0232238732278347,-0.0654590725898742,-0.0977681800723075,0.0978405624628067,-0.0976315066218376,0.0976769477128982,0.0978539660573005,0.0977881997823715,-0.0971736907958984,-0.096498429775238,-0.0977089032530784,-0.0287306457757949,-0.0978539884090423,0.095003917813301,0.0977791100740432,0.0495094358921051,0.097045674920082,-0.0973500087857246,0.0978476107120513,-0.018370458856225,0.097853697836399,-0.0133332982659339,-0.0962677225470542,0.0866188704967498,-0.0675801709294319,-0.0978471562266349,-0.0978506579995155,-0.0805533826351165,0.0978530645370483,-0.0976906940340995,0.0884348601102829,0.0959181562066078,0.0978525727987289,0.0973364859819412,-0.097494937479496,-0.0857207179069519,0.095550000667572,0.0978495627641677,0.0788244903087616,0.0908750742673873,0.0977831482887268,-0.096255213022232,-0.0978493615984916,-0.0775354355573654,0.0978484973311424,-0.0675328373908996,0.0763699412345886,0.0978113785386085,-0.0773625969886779,0.0978525280952453,-0.0868287160992622,0.0977780297398567,-0.097030408680439,0.0597100816667079,0.0978487953543663,0.0978382602334022,0.0978539660573005,0.097597911953926,-0.0348847657442092,0.0978166610002517,0.0696704611182212,-0.0639012157917022,-0.0975946933031082,0.0898801982402801,0.0925844833254814,0.0978540033102035,0.0375130511820316,-0.0873001813888549,0.0940984189510345,0.09756650775671,0.0978200435638427,-0.0978169962763786,0.0972796827554702,-0.0978021994233131,-0.0450040996074676,0.0978533402085304,0.090753860771656,0.0976384580135345,-0.088824525475502,-0.0978540033102035,-0.0969932302832603,-0.0454196631908416,-0.0004755687841679,-0.0978473573923111,-0.0760210752487182,-0.0978523194789886,0.0977892652153968,-0.0977001264691352,-0.0975164920091629,0.0978417471051216,0.0619602836668491,-0.0807621702551841,-0.0970896035432815,-0.0911778286099433,-0.066923014819622,0.0978500992059707,0.0978539958596229,0.0978490710258483,0.0182156786322593,-0.059888731688261,0.0940575078129768,-0.0977769270539283,0.0978518277406692,0.0902130380272865,0.0978493243455886,0.0965679660439491,0.0066532655619084,0.0953052267432212,0.0978540033102035,0.0978308320045471,0.0947645977139473,-0.0974498018622398,-0.0975786820054054,0.0355744622647762,0.0977578163146972,0.0972059592604637,0.0978466346859932,-0.0553690046072006,-0.0896022245287895,-0.0553086325526237,0.0114872250705957,0.0987220481038093,-0.099473625421524,0.0994582697749137,-0.0825617834925651,-0.0967934057116508,0.0988456904888153,-0.0895166471600532,-0.0903185009956359,0.0994674861431121,0.0502794161438941,0.0994603335857391,-0.0457951202988624,-0.094048798084259,-0.094576857984066,-0.0892537608742713,0.0213160011917352,-0.091235227882862,0.0993822664022445,-0.0609497502446174,0.0990273207426071,-0.0994660407304763,0.0994349792599678,0.0994719862937927,-0.0481091067194938,-0.0994730442762374,0.0989750251173973,-0.0986705273389816,0.0959489494562149,-0.0511221326887607,-0.089489035308361,0.0994704887270927,0.0981506183743476,0.0993159264326095,-0.0993022993206977,-0.099400520324707,0.039571288973093,0.0994739979505539,-0.0515316165983676,-0.0193537231534719,0.0991729423403739,-0.0992490053176879,-0.099363088607788,-0.0992709770798683,-0.0369595140218734,0.0968874543905258,-0.0681794285774231,-0.0994146987795829,0.0994628965854644,0.0994739979505539,0.0994739979505539,-0.0444128811359405,0.0994739979505539,-0.077267475426197,0.0984342396259307,-0.0084330374374985,0.0736724957823753,-0.0400071814656257,0.0993399024009704,0.0994709059596061,-0.0994739979505539,0.0542342364788055,0.0967959389090538,0.0968038514256477,0.0687233656644821,-0.0442963913083076,-0.0994739979505539,-0.0774245634675026,-0.0982616394758224,-0.0994186624884605,-0.0994233861565589,0.0816725343465805,0.0989218056201934,-0.0364655256271362,-0.0994653478264808,-0.0994569286704063,0.0653223022818565,0.0994739904999733,0.0994014516472816,0.0987444072961807,0.0969922766089439,0.0994717553257942,0.0107240807265043,-0.0704923272132873,-0.099201999604702,0.0900619253516197,0.0984916761517524,-0.0994646325707435,0.0994739085435867,-0.0809204205870628,-0.0994729101657867,-0.0994738116860389,-0.0993795320391655,-0.099155381321907,0.0993970707058906,-0.0942688658833503,-0.0664213374257087,0.0807280465960502,-0.0898324996232986,-0.0994389802217483,0.0993410125374794,0.0990207195281982,-0.0994739979505539,0.0969732850790023,0.096367098391056,-0.0993667691946029,-0.0994739308953285,0.0266633760184049,-0.0613295100629329,-0.0986289083957672,0.0547796487808227,0.0994739159941673,0.0994201451539993,-0.0976091548800468,-0.098079577088356,-0.0994598716497421,0.0261916201561689,-0.0978411063551902,-0.0994709953665733,0.0978920236229896,-0.0994271486997604,0.0992359668016433,-0.0950131937861442,-0.0918327942490577,-0.0994533076882362,-0.0990046486258506,0.1177870109677314,-0.072867102921009,0.0469494089484214,0.0400273390114307,-0.0790190324187278,-0.0496044903993606,0.1087115034461021,0.0988405644893646,0.1021615788340568,-0.1218679919838905,0.0937928631901741,-0.0605402253568172,-0.139573186635971,0.0566533654928207,-0.0057321321219205,0.0349041819572448,-0.1457081288099289,0.0584482364356517,-0.0031701510306447,-0.1277252584695816,-0.0156584065407514,-0.0120586520060896,0.1238516792654991,0.0093457791954278,-0.0190475806593894,0.0611546039581298,-0.1068310737609863,-0.0876362845301628,-0.1091531291604042,0.0582593642175197,0.1138093024492263,0.0936367884278297,-0.1300626844167709,0.1270277947187423,0.1097033470869064,-0.1288899630308151,-0.1291124522686004,-0.0717527121305465,-0.022456120699644,-0.1036983579397201,0.0812555477023124,0.11780247092247,0.0034058957826346,-0.0821740999817848,-0.0363950096070766,-0.1232869029045105,0.0406839847564697,0.0723658055067062,0.1166847348213195,0.0170554500073194,-0.0457351095974445,0.1006551384925842,0.0651052072644233,-0.0126907741650938,-0.0660421028733253,0.0564957708120346,-0.0047211470082402,0.0033951881341636,0.0393793694674968,0.049855925142765,-0.0881853848695755,-0.1318088769912719,0.1252977102994918,0.0165257472544908,0.1158346235752105,-0.1224862709641456,0.025448365136981,-0.0235836990177631,0.1376740485429763,-0.1082274839282035,-0.1020905151963234,0.067311480641365,-0.1085264012217521,-0.0307805445045232,-0.1222592368721962,0.0025827637873589,0.1411982178688049,-0.0057750362902879,-0.0874869152903556,-0.0488996356725692,0.0427921935915946,-0.0403083972632885,-0.1187062039971351,-0.1158783957362175,0.0078077847138047,0.0140656577423214,-0.0956969633698463,0.145146444439888,-0.060871422290802,0.1122634187340736,0.0121806869283318,0.1372989565134048,0.0311819314956665,0.08587346971035,-0.1129403933882713,0.0739413797855377,0.10468540340662,-0.0581678859889507,-0.0017377561889588,-0.1218803897500038,0.0949941650032997,0.0850718542933464,0.0105961523950099,-7.265442400239408e-05,-0.1341641694307327,-0.0936943590641021,0.0035534063354134,0.0784736424684524,0.0808905214071273,-0.1308794319629669,0.1277474015951156,0.1242858469486236,0.1239325329661369,0.0638124197721481,-0.1044227704405784,0.0849701538681984,0.0711381062865257,0.0432729534804821,-0.0784501209855079,-0.1211340576410293,-0.0811399146914482,0.1281752735376358,0.0485938377678394,0.1168698891997337,-0.0432874858379364,-0.1249923184514045,0.1119529232382774,-0.1211745291948318,-0.0021018907427787,0.07149488478899,0.0835768058896064,-0.1154864355921745,-0.0286832079291343,0.0123496139422059,0.1154050379991531,0.1074245944619178,-0.0643050074577331,0.0581586621701717,0.0560414716601371,0.0581018850207328,0.1114986091852188,0.0803600624203682,-0.0987739861011505,-0.0834293141961097,0.0917853489518165,-0.0875436067581176,-0.022671416401863,-0.0255141835659742,-0.1212575584650039,-0.1210327968001365,-0.1069360598921775,0.0113096255809068,-0.1218335255980491,0.1043022349476814,-0.1137820482254028,0.118696242570877,-0.1211177930235862,0.1031429767608642,-0.0968575254082679,0.1199605762958526,0.1059795841574668,-0.1107233315706253,0.1098797693848609,-0.0736330449581146,0.0603697337210178,-0.0033068708144128,-0.0591257624328136,0.0138527946546673,0.1200990006327629,0.12176164239645,-0.1170326769351959,-0.0008785934187471,0.0782077461481094,0.0326407141983509,-0.0687446668744087,0.0540867410600185,-0.0159572586417198,0.0659826025366783,0.0672766789793968,0.1122664809226989,0.0697328820824623,0.0075575932860374,0.1219784021377563,0.0786991789937019,-0.1155184358358383,-0.0297557357698678,-0.066167339682579,-0.082603134214878,-0.1099441051483154,0.0644522607326507,0.004290385171771,0.01707055978477,-0.1168684065341949,0.0361494645476341,0.005950370337814,-0.0500598028302192,-0.0713356807827949,0.0413912646472454,-0.1089304387569427,0.0249319169670343,-0.1099859103560447,0.0394220538437366,0.1022117510437965,-0.0834129378199577,0.1176171824336052,0.1127482876181602,0.113925814628601,0.0961151868104934,-0.1105360090732574,-0.0962138772010803,-0.0041983793489634,0.0337228886783123,-0.0736384242773056,-0.1182404831051826,0.1147815361618995,-0.121394582092762,0.0519055947661399,0.1066722944378852,-0.0826350972056388,-0.0714718103408813,-0.1197541132569313,0.1144642308354377,0.1023227199912071,-0.073539413511753,0.1138881146907806,-0.0718295574188232,-0.0655476227402687,0.0808454677462577,-0.0742557048797607,-0.0912097170948982,-0.1165462806820869,0.0667725428938865,0.0869865044951438,0.1127886325120925,0.0896601304411888,0.1162018179893493,-0.0730926021933555,-0.0813895389437675,-0.1092766597867012,0.0699037089943885,0.0943078324198722,-0.0932691991329193,0.1084682121872901,0.0950419604778289,0.1039564535021781,-0.1118579432368278,-0.0538466088473796,0.102264180779457,-0.1220537647604942,0.1175626665353775,-0.1199004426598548,-0.1208904534578323,0.0396162085235118,-0.0494841709733009,-0.0841201692819595,-0.1097007766366005,-0.0124420886859297,0.0737545117735862,-0.0428552366793155,0.0122980838641524,0.1042658388614654,0.1153949126601219,0.1584816128015518,0.1236784383654594,-0.1405082792043686,0.0670525953173637,0.0578584931790828,-0.0390250794589519,-0.1434454172849655,-0.0453686527907848,-0.0279621463268995,-0.0107638482004404,0.0948699787259101,-0.0912429615855217,-0.1088638305664062,-0.1631748676300048,-0.0699662789702415,0.0529590882360935,-0.1235869526863098,0.0117704812437295,-0.0928900241851806,0.1259124726057052,-0.0840365663170814,0.0904852524399757,0.0463658533990383,-0.0015129195526242,0.1173666939139366,-0.0335867069661617,-0.0470643565058708,-0.040073599666357,-0.0631114393472671,0.0359864681959152,0.0657396465539932,-0.1067080497741699,0.0095177153125405,-0.1346765458583831,0.0422513671219348,-0.0849206373095512,-0.0653013810515403,-0.0003915500710718,0.1270502507686615,-0.1374484896659851,0.1176394671201706,0.0302379094064235,0.1337203234434127,-0.0924834311008453,-0.1054975688457489,0.0838275104761123,0.0582871995866298,0.0123752569779753,0.1080560013651847,-0.1440587639808654,-0.1001762524247169,0.0558649748563766,-0.0457335747778415,-0.0214070193469524,0.0116425715386867,-0.121619589626789,-0.0373940616846084,-0.1105452179908752,0.1094873398542404,0.081098273396492,-0.1189166978001594,0.045904017984867,0.0406499840319156,-0.1233371719717979,-0.0334541723132133,-0.1024263724684715,0.0314978919923305,0.0127237569540739,-0.1205759420990943,-0.1373960971832275,-0.0964502021670341,0.0062415106222033,-0.016499038785696,-0.031818464398384,-0.1073895096778869,-0.1176330372691154,-0.0631307736039161,-0.0154225341975688,-0.084614597260952,0.1384898126125335,-0.0176210738718509,-0.1234992891550064,0.0143121918663382,-0.1024828404188156,0.1260696351528167,-0.0115191228687763,-0.0493355616927146,0.0177203193306922,-0.1407242566347122,0.0985733941197395,-0.0681618303060531,0.0614088997244834,-0.0618484728038311,-0.0176181551069021,-0.1338752657175064,0.1437639892101287,0.0676110461354255,0.014611286111176,-0.1315330564975738,0.1199591159820556,-0.0203409455716609,-0.0402794741094112,0.1119777485728263,0.0578122474253177,0.119331493973732,-0.1286805123090744,0.1240922957658767,-0.0646102353930473,-0.0065142489038407,-0.0799676552414894,-0.1181415691971778,0.0045503252185881,0.0174685232341289,-0.1200121939182281,0.1345730274915695,0.1315307915210724,0.1508664637804031,-0.0512810498476028,0.0587098747491836,-0.0976170673966407,0.019827140495181,-0.0662122890353202,NLAPNVWGEDOEDL-UHFFFAOYSA-N,CCCCn1c(=O)c2sccc2n2c(=O)n(CC(=O)c3ccc(OC)cc3)nc12
0.0001900785719044,0.1173117831349372,0.1173977777361869,0.0860006660223007,-0.1113134026527404,0.0408042147755622,-0.1010249033570289,-0.019506411626935,-0.0960937514901161,0.0119745647534728,0.1088407263159751,-0.0700064375996589,0.0870070606470108,-0.0935026779770851,0.0436356551945209,0.1125043705105781,0.1099037528038024,0.0847274735569953,-0.0846897363662719,0.0562263913452625,-0.0697068497538566,-0.1071051433682441,0.10203667730093,-0.0955694690346717,0.1180744692683219,-0.0783618316054344,-0.1050910353660583,0.1119330376386642,0.0667632818222045,-0.0618070475757122,-0.0497357919812202,0.059250108897686,0.0077617764472961,-0.0067423502914607,-0.1164216771721839,0.1074443459510803,-0.0144756259396672,0.0396503135561943,0.1099416017532348,-0.0745140761137008,-0.0702164620161056,0.0242125261574983,-0.0337680019438266,0.1151120364665985,0.1161542385816574,0.1164289712905883,0.0525339730083942,-0.1113856732845306,-0.1130810305476188,0.0299660433083772,0.0845447704195976,-0.0213167499750852,-0.1096780598163604,-0.1160741671919822,0.0019162121461704,0.0861800014972686,-0.0639188140630722,0.0647580027580261,-0.1156030669808387,-0.0873100534081459,-0.0360534153878688,0.1171024143695831,0.0651343837380409,-0.0985899940133094,0.1180735975503921,-0.0963760837912559,0.0838000997900962,-0.0445705614984035,0.0840615257620811,-0.0717773288488388,0.0925022736191749,0.1181125789880752,0.0513648092746734,-0.1117251217365264,0.1062565371394157,-0.0150489658117294,-0.070498488843441,0.1109449192881584,0.083100639283657,0.0606623217463493,0.1040934175252914,0.0949443355202674,-0.0910925939679145,0.1117271780967712,0.0919538736343383,0.1100501492619514,-0.0412991680204868,-0.08607217669487,0.1079351231455802,0.1063454449176788,-0.1112610101699829,0.1017732620239257,-0.1163101196289062,0.111048899590969,-0.1181534603238105,0.0942784696817398,-0.1040222570300102,0.0753717646002769,-0.0427402704954147,0.0948291346430778,0.1053639352321624,-0.1099150478839874,0.094024047255516,0.10857754945755,-0.1065505295991897,0.0919267535209655,0.114813208580017,-0.0553288832306861,0.0100938966497778,0.0997853502631187,-0.117429718375206,-0.0921739414334297,0.0509129613637924,0.0982476845383644,0.0413398258388042,0.0237450823187828,-0.0616287887096405,-0.1168750897049903,-0.0526142381131649,0.1179288774728775,0.065293900668621,-0.0122760031372308,-0.1014291420578956,0.1175357326865196,-0.0963241085410118,-0.0961630120873451,-0.0948565676808357,-0.1021125316619873,0.0923287346959114,-0.0620920695364475,0.0863407626748085,0.045904878526926,-0.096267782151699,0.0856464281678199,0.0953830182552337,0.0721790120005607,0.0968171432614326,0.070193126797676,0.0942502170801162,-0.0967404916882515,-0.0964066162705421,-0.0964560657739639,-0.095667228102684,-0.0946389064192771,0.0967018827795982,0.096370056271553,-0.0968191921710968,-0.0686286985874176,0.0900756120681762,-0.0273273270577192,-0.0968188866972923,-0.0961947217583656,0.0958433523774147,0.0954864621162414,-0.0438944287598133,0.0655852407217025,-0.0968144759535789,-0.0967971980571746,-0.0964787527918815,-0.0869513675570488,-0.0953805074095726,0.0968188866972923,0.0690380558371543,0.0965624973177909,0.0742001608014106,-0.0968192592263221,-0.0826393812894821,0.0932152718305587,0.0966353788971901,0.0965287312865257,0.0968140512704849,-0.0968192592263221,-0.0924206227064132,0.0964973792433738,-0.0960347205400466,0.0968121066689491,-0.0968191772699356,0.096819207072258,0.0968157351016998,-0.0968181192874908,-0.096051700413227,-0.0968191921710968,-0.0370555520057678,-0.0968086123466491,0.0963390618562698,-0.0968192592263221,-0.0966337397694587,-0.0968142747879028,-0.0664379969239234,-0.0920081511139869,-0.095663771033287,-0.0807759687304496,0.0968192592263221,-0.0963849127292633,-0.0968137085437774,0.0847865864634513,-0.090653471648693,0.0595467984676361,0.0960309132933616,-0.0968192592263221,-0.0968186780810356,-0.0968170240521431,-0.0968174859881401,0.0955609828233718,-0.0968145877122879,0.0968024581670761,0.08921929448843,-0.0967959240078926,-0.0953410789370536,0.0961897745728492,0.096816174685955,0.0934102535247802,-0.0968189686536789,-0.0906240195035934,-0.0966168195009231,0.0883493348956108,0.0110118417069315,-0.0161296166479587,0.0775048211216926,0.0476606898009777,-0.0774666368961334,0.0968192443251609,-0.0961900427937507,0.0968191921710968,-0.0785535350441932,-0.0965745970606803,-0.090163804590702,-0.0925745591521263,0.0962694734334945,0.0968184024095535,0.001383472350426,-0.0942618623375892,0.0959786474704742,0.0968105718493461,-0.0931295007467269,0.0771943256258964,-0.0957329794764518,-0.0967920944094657,-0.0670855566859245,0.0968173667788505,-0.0968191623687744,-0.0945519730448722,-0.0964876338839531,0.0072716330178081,-0.0968122854828834,-0.0080688204616308,0.0502069815993309,-0.0966517403721809,0.0967157781124115,0.0709943324327468,-0.096552200615406,0.0927576050162315,-0.0595702528953552,-0.0968192592263221,0.0799345523118972,-0.096286654472351,-0.1121492311358451,0.0987594500184059,-0.0072992951609194,0.0033810979221016,0.121060736477375,0.0034285131841897,0.1099488288164138,-0.0217506662011146,-0.1165512427687645,0.0870350301265716,0.0892896950244903,0.1043298318982124,-0.1198279783129692,0.0963957831263542,0.0237836446613073,0.119679681956768,0.0865788608789444,0.1150697767734527,0.0730626061558723,0.1135172247886657,0.1175373047590255,0.120669737458229,0.1122437044978141,-0.0500311478972435,0.1170945465564727,-0.0345351174473762,-0.0230032596737146,0.1210921928286552,-0.0934807732701301,-0.0416171811521053,0.1193663403391838,-0.1198176071047782,0.1120555400848388,0.0263692717999219,-0.1192172169685363,-0.0552827008068561,-0.0610830560326576,-0.0044754222035408,0.0114382645115256,0.0785703510046005,0.0894793421030044,-0.0721546933054924,0.0561859272420406,-0.119901642203331,0.0999261438846588,0.067500963807106,0.1021989434957504,-0.1210470646619796,0.1174482256174087,-0.0061529278755187,-0.1000107452273368,-0.0197081100195646,-0.0880880504846572,-0.0197470132261514,-0.1135319173336029,-0.0699029117822647,0.1176479533314704,0.0619618184864521,-0.0896071419119834,0.1104447990655899,0.1163680627942085,-0.0739203616976738,0.1210823729634285,-0.0035857325419783,0.0863292142748832,0.0588589385151863,0.052813746035099,-0.082227848470211,-0.052115611732006,-0.1169720962643623,-0.0906661003828048,-0.0638430342078208,0.0454348511993885,-0.1172620132565498,0.0735507160425186,-0.1201850771903991,0.0616469532251358,0.0937471538782119,-0.1210235059261322,0.0058498419821262,0.1160290539264679,0.1207877770066261,0.078445017337799,-0.0643221139907836,-0.1204963997006416,-0.0457692220807075,0.1098650991916656,0.0889213979244232,-0.1063386276364326,-0.1072703599929809,0.1069230735301971,0.0900065973401069,0.0376922227442264,-0.1164528355002403,0.0523896552622318,-0.104953683912754,0.1151066944003105,0.0494882389903068,0.1162991151213646,-0.0353956706821918,-0.0170894190669059,0.0996171459555625,-0.111624076962471,-0.0100505715236067,-0.0232219249010086,0.0582975223660469,0.0432149954140186,0.1016003265976905,-0.0934805870056152,-0.0374937877058982,0.1190049350261688,0.0976568683981895,-0.0451505370438098,0.0405856892466545,0.1182592138648033,0.0925701782107353,-0.1097668260335922,-0.1188327223062515,0.1209029704332351,0.023441033437848,0.0551454424858093,-0.0249862186610698,-0.018341964110732,-0.1135370582342147,-0.111146479845047,-0.0885961428284645,0.1147246435284614,0.0912470743060112,0.0210857279598712,0.1401114016771316,-0.0679231435060501,-0.0597399957478046,0.0540597401559352,0.0788142681121826,-0.0181534849107265,0.0141057940199971,-0.0315211489796638,-0.1349756866693496,0.1160012483596801,0.1296460777521133,0.0655339285731315,-0.0080698709934949,0.1127577573060989,0.014882362447679,0.1170011907815933,-0.0009359185351058,0.0680159330368042,-0.0492651984095573,-0.0761196613311767,0.0392635948956012,-0.080502726137638,0.0596591159701347,0.1074936166405677,0.0175103936344385,-0.0970048308372497,0.1198295429348945,-0.0725005343556404,-0.1170129999518394,-0.124254785478115,0.0936174392700195,-0.0062058414332568,-0.1106398254632949,-0.1317440122365951,0.138448104262352,0.1405477225780487,0.0967393517494201,-0.0394916497170925,0.122325986623764,-0.1134726926684379,-0.019588217139244,-0.0522543750703334,0.1418289095163345,-0.0754197165369987,-0.084089808166027,-0.014678387902677,0.0985992327332496,0.0386546552181243,0.1073097139596939,0.0353735387325286,0.0476826578378677,0.1175982430577278,0.135507583618164,0.0080803046002984,0.1347147822380066,0.0989182218909263,0.1153079122304916,-0.1105159297585487,-0.0755688920617103,-0.1300604045391082,0.0622197352349758,0.0457277223467826,-0.0235730074346065,0.117019273340702,0.135969653725624,-0.0884046703577041,0.1309120059013366,0.0021229507401585,0.0076664271764457,0.1036225259304046,0.0916488915681839,-0.0279270634055137,-0.0800908878445625,-0.0996918305754661,0.1058641523122787,0.0881299376487732,-0.080239824950695,0.1244819015264511,0.0456918738782405,-0.0692285373806953,0.0870421305298805,-0.0279994215816259,-0.0877438187599182,-0.0787350609898567,-0.0290348418056964,0.0930617004632949,0.1329248994588852,-0.0912263393402099,0.0137381851673126,0.0478221848607063,0.0727142915129661,0.1255051344633102,-0.0359346754848957,0.1163746491074562,0.0143776070326566,0.0471350140869617,0.0543312914669513,0.0067960545420646,-0.1282054930925369,-0.0956163182854652,-0.0751257687807083,0.1328203678131103,0.0885472372174263,0.1381491720676422,-0.0895481929183006,0.0273873452097177,-0.1228319928050041,-0.104747898876667,-0.0053660259582102,-0.0760387629270553,0.1343558132648468,-0.0129755605012178,-0.1240631639957428,-0.0807390585541725,-0.0423470325767993,-0.1364156901836395,-0.0180207975208759,0.0854384377598762,0.0987494811415672,-0.059634044766426,0.0269588474184274,-0.1259453892707824,-0.008047510869801,0.0969162657856941,-0.1264137178659439,-0.0576603189110755,0.0880573168396949,-0.1060864329338073,0.1028425768017768,0.16182342171669,-0.1082976832985878,0.1595280766487121,0.1503199338912964,0.1589485108852386,-0.0596042424440383,0.12356798350811,0.0760397389531135,-0.0124967731535434,-0.0207197237759828,0.077094130218029,0.0862230062484741,0.0217888914048671,-0.1188029274344444,0.0302015803754329,-0.0023120660334825,0.0264952089637517,0.120656631886959,0.0179888345301151,-0.0946309566497802,-0.1201695129275322,-0.0665301978588104,-0.1398748457431793,0.1429571509361267,-0.0558774694800376,-0.0960201546549797,0.0208164118230342,0.0934898406267166,0.1215312927961349,0.0512025691568851,0.0991511344909668,0.0230533387511968,-0.0763759091496467,0.0244984440505504,0.1576677113771438,-0.1290434598922729,0.0889832973480224,-0.0067137107253074,-0.0068925363011658,0.0724364891648292,-0.0119739435613155,0.0073694339953362,0.035046387463808,-0.0319370925426483,-0.026495648548007,-0.0978290364146232,-0.1293686926364898,-0.0853796079754829,0.0087775122374296,0.0228516906499862,0.0991983413696289,-0.1145112887024879,0.0262244846671819,-0.0771441981196403,-0.0826993584632873,0.0762105509638786,0.107727013528347,-0.0911315158009529,-0.1103664711117744,0.0080874040722846,-0.0448165014386177,0.1218684464693069,-0.1519658714532852,-0.1006531715393066,-0.085588090121746,0.0409066341817379,0.0725191831588745,0.0068656834773719,0.0636560246348381,-0.1137140914797782,-0.0654734745621681,-0.1273606419563293,0.0164861250668764,-0.0834627002477645,0.0954920873045921,0.0757832452654838,-0.0416442789137363,0.0643353387713432,0.0423394329845905,-0.0728887170553207,-0.0896763801574707,0.1331797689199447,-0.071663774549961,0.0358073040843009,-0.0046254112385213,-0.0118479011580348,-0.0551578216254711,0.0477198474109172,-0.068022608757019,-0.039617471396923,-0.1723924279212951,-0.1437524408102035,0.1797694414854049,0.109300322830677,0.0278623104095459,0.0467015616595745,0.0712697207927703,-0.1319204419851303,-0.0317859873175621,0.0446903780102729,-0.0288532879203557,0.0035499595105648,0.0799204483628273,0.1164730563759803,0.0121987275779247,0.0687922686338424,-0.0353182330727577,0.1101934313774108,-0.1190978586673736,-0.0387789644300937,0.1816133856773376,-0.0961672738194465,0.0834039151668548,-0.0584013871848583,0.1702179610729217,-0.0785304233431816,0.1126150265336036,0.0853335261344909,-0.1352197080850601,-0.0896050781011581,-0.0142125943675637,-0.0537922643125057,0.0367036536335945,-0.0302013754844665,-0.0837615430355072,0.0466683842241764,-0.0910953804850578,0.0084005044773221,-0.0076662427745759,0.1090102940797805,0.0023848025593906,0.0554570704698562,0.1614307612180709,0.1611169278621673,-0.0299753807485103,-0.0855251774191856,0.104111909866333,0.0211714729666709,-0.0957528576254844,-0.1054074987769126,0.0734350904822349,0.0545585677027702,-0.0040620737709105,-0.1400607675313949,-0.1342182904481887,-0.0920467227697372,0.0940751433372497,0.1466325670480728,-0.0439829118549823,-0.0679377913475036,0.0315105319023132,0.0158913750201463,0.0507696308195591,0.0445186272263526,-0.0320649780333042,-0.0823055654764175,0.0208561457693576,0.1435773968696594,0.0155471041798591,0.0373342968523502,-0.1013642698526382,0.1340979933738708,0.1296624541282653,-0.0485804751515388,0.0809100866317749,-0.0548304244875907,0.1004658937454223,-0.0220663771033287,-0.0396476984024047,-0.1323605179786682,0.0795468166470527,0.0473666451871395,0.1762315779924392,-0.0488372594118118,-0.08006102591753,0.081636257469654,-0.1242176666855812,0.0534369945526123,-0.1269190609455108,0.0137209650129079,0.0452318526804447,-0.0766962021589279,-0.089449793100357,-0.0570111162960529,0.044163666665554,0.0949298962950706,0.0267198849469423,0.0304664988070726,0.0034724888391792,-0.0757504850625991,0.1060681492090225,-0.106472760438919,0.0547032095491886,0.0111987553536891,0.1026823744177818,0.0672672465443611,-0.1706838458776474,-0.0692737102508544,0.006372426636517,0.0081796087324619,-0.110091783106327,-0.024731745943427,-0.1410359293222427,-0.0400118120014667,-0.1287930309772491,-0.0458893999457359,0.0423799827694892,-0.1414787024259567,0.0037489710375666,-0.0828821063041687,-0.1163002550601959,0.1045542806386947,0.0861792564392089,0.0569924041628837,-0.1198138818144798,-0.0533468015491962,0.0093858428299427,0.0937047824263572,0.0346700586378574,0.0413381978869438,-0.108198344707489,0.0375864766538143,0.0704701468348503,0.054016925394535,0.0673697814345359,-0.0054212878458201,0.1064568981528282,0.1526325047016143,0.0878710374236106,-0.0264194943010807,0.0080333845689892,0.0500242635607719,-0.1387127190828323,-0.1223062574863433,-0.0039394162595272,-0.1606918722391128,0.0735819414258003,-0.1280680149793625,0.1647120267152786,-0.1197321116924285,0.1263313442468643,-0.0948744118213653,-0.0036650460679084,-0.1549312621355056,-0.085896648466587,0.0442030020058155,0.0122295701876282,0.1500263214111328,0.1622907668352127,0.0111315669491887,0.0739402994513511,-0.1147217452526092,0.0441062413156032,0.0147781139239668,RGTVXZZZLFAHKM-UHFFFAOYSA-N,CC(C)C(N)CCN(C)C(=O)CC(F)(F)F
-0.0797381401062011,-0.1173248514533042,0.117250956594944,0.1172647625207901,0.0643249675631523,0.1069380268454551,-0.0311592631042003,0.0399793088436126,0.0621529147028923,-0.1102160587906837,0.1144280657172203,-0.0391573458909988,-0.048920914530754,0.1173427999019622,-0.112010434269905,0.0214962027966976,0.1098932176828384,0.0479354709386825,0.1119540333747863,0.1173906773328781,0.1118809282779693,0.0440969690680503,-0.102503202855587,0.1173664480447769,0.004249170422554,-0.0136281596496701,-0.1150424778461456,-0.0934056043624877,-0.1036438420414924,0.1070181205868721,0.1132075414061546,0.0505638532340526,0.0039682169444859,-0.0507641844451427,0.0975725725293159,-0.1023331135511398,0.1029215231537818,-0.0443338826298713,0.1156984195113182,-0.1035414487123489,0.1174049451947212,0.0295282416045665,-0.0673626363277435,0.0045200218446552,0.1169527098536491,0.0727375745773315,0.0904741361737251,0.1167600527405738,-0.1062018275260925,0.1164916828274726,0.1146790087223053,0.1117661744356155,-0.0451204255223274,0.1172579750418663,-0.0498931594192981,-0.0356174036860466,-0.0213601179420948,0.113044187426567,0.1002819016575813,0.0156423859298229,0.0162139106541872,-0.0599433109164238,-0.0396204367280006,-0.0786917433142662,-0.0342179089784622,0.1169408783316612,-0.0480498448014259,-0.0744345411658287,0.1129807606339454,-0.006113601848483,-0.1109966337680816,0.0162310898303985,-0.0757451876997947,-0.1076059937477111,-0.0572801828384399,-0.0003977679007221,0.1097126081585884,0.1061948165297508,0.004005754366517,0.1101081892848014,0.1084199920296669,-0.1106872111558914,-0.1093501970171928,-0.1159804463386535,-0.1130902618169784,-0.0618705637753009,-0.0446711704134941,0.0226904358714818,-0.0818546935915947,-0.0921822339296341,0.0264199487864971,0.1001461446285247,0.1157250627875328,0.1140459552407264,0.1171471700072288,-0.0947415232658386,0.0897758826613426,-0.1172748208045959,0.0037414373364299,0.0628497451543808,0.0952665582299232,-0.1156425327062606,-0.0995164513587951,0.1171249076724052,-0.0741857439279556,0.117402970790863,-0.1166310459375381,0.1054906919598579,0.1162577867507934,0.0099055459722876,0.1022117361426353,-0.0616126619279384,-0.1162448897957801,-0.0967968851327896,-0.0648871734738349,-0.022644592449069,-0.0934664011001586,-0.1037398129701614,-0.0502955503761768,0.1122582182288169,-0.0957165136933326,0.1151454597711563,0.0257498361170291,0.0384128205478191,-0.08977672457695,-0.0762426927685737,-0.0894175171852111,0.1036211848258972,-0.1006301045417785,-0.0657265186309814,-0.10664102435112,-0.0446201711893081,-0.0393561497330665,-0.1057146713137626,-0.1003730297088623,-0.1009815782308578,0.0553690902888774,-0.1075202524662017,0.0287016630172729,0.107009932398796,-0.1049068495631218,-0.0771852061152458,-0.10752734541893,-0.1029034107923507,0.1069000735878944,-0.1064366996288299,-0.1024028733372688,-0.0876329839229583,-0.037962682545185,-0.100128136575222,0.0310966093093156,0.1057987585663795,-0.1010895445942878,0.1035561710596084,0.106171928346157,0.1075180917978286,-0.1019629836082458,0.0635417252779007,0.1053607389330864,-0.0209531355649232,-0.0979432836174964,-0.0919660031795501,0.046656060963869,0.1058234497904777,-0.1049507036805152,-0.104523554444313,-0.1065279692411422,-0.0410823039710521,-0.1075153872370719,-0.1048253327608108,-0.0822978466749191,0.0847758650779724,0.0790228620171547,0.0142726926133036,0.1075188517570495,-0.0054442789405584,0.0422600731253623,-0.1074753254652023,-0.0198405962437391,-0.0850308313965797,0.0609593838453292,-0.1066270023584365,-0.1066890656948089,-0.0872775539755821,0.1074272841215133,0.0689141526818275,0.1062988713383674,-0.0123480539768934,-0.1074788123369216,-0.1033983826637268,-0.0895884782075882,0.1064267456531524,0.0322242937982082,0.0793656110763549,-0.027904026210308,-0.1075271368026733,0.0998218208551406,-0.106512039899826,-0.0884354636073112,-0.1047184467315673,-0.0540824756026268,-0.0993358492851257,-0.0395700484514236,-0.1041213944554328,0.1047139093279838,0.106978066265583,-0.0909864977002143,-0.0503879711031913,-0.0842996537685394,0.107518769800663,-0.1075026169419288,0.0994772687554359,0.1054741069674491,-0.1064126938581466,-0.0828981921076774,0.1000434681773185,0.1009859666228294,-0.0366753153502941,-0.0682730451226234,0.0168075151741504,0.0085173053666949,0.1033446341753006,-0.106469064950943,-0.1028737276792526,-0.1039614006876945,0.0910721719264984,-0.1070662066340446,-0.1055648922920227,0.098843827843666,0.090800292789936,-0.1016550883650779,-0.1044835671782493,-0.0887150540947914,-0.0423365198075771,-0.1066087856888771,0.1070298328995704,-0.0839983522891998,0.0984083116054534,-0.1075251772999763,0.0405442826449871,-0.0988502129912376,0.1070376113057136,-0.0183969158679246,0.1063081249594688,0.0947605744004249,0.107513852417469,0.0621942654252052,0.0267309229820966,-0.0529702939093112,-0.0195421800017356,0.0479790493845939,-0.102932222187519,0.1029491126537323,-0.0429538935422897,-0.0981442928314209,0.0847753286361694,-0.0899718180298805,-0.0036211241967976,-0.0614177398383617,0.1044361218810081,0.0994893312454223,-0.106419526040554,0.0681499615311622,-0.1013076230883598,0.1060137599706649,-0.0449759401381015,-0.1053137257695198,0.0889692828059196,0.0965219810605049,-0.1034667193889617,0.1063069701194763,-0.094620369374752,-0.0121706631034612,0.1061755940318107,0.0983109697699546,0.1062591820955276,-0.1063169240951538,-0.1058472618460655,-0.1040916144847869,-0.0450239181518554,-0.0248708426952362,0.1026853919029235,0.1063530445098877,0.0740874931216239,0.0392696112394332,-0.0353476665914058,0.1044804751873016,0.1061384454369545,0.0980836749076843,-0.087470456957817,0.0923264250159263,-0.1063878089189529,0.0729770362377166,0.1059209927916526,-0.0277897957712411,0.0960454940795898,-0.0788686349987983,0.0358005091547966,0.0233220234513282,0.0993797704577446,0.106389433145523,-0.0776598155498504,0.0710732340812683,-0.1062712967395782,-0.0180608183145523,-0.0183760933578014,-0.102488026022911,0.1064125746488571,0.1014045402407646,-0.1064209416508674,-0.0923644229769706,-0.1064201071858406,0.1063811406493187,-0.1062590479850769,-0.094263345003128,-0.1060988083481788,0.0406868197023868,-0.0972869843244552,0.1000919193029403,-0.0965408608317375,0.0055361934937536,-0.0652970671653747,-0.1063092350959777,0.0456179603934288,-0.0956091806292533,0.0994946211576461,-0.0952067449688911,-0.106421560049057,0.0398874729871749,0.0491707883775234,-0.0898095592856407,0.0075604212470352,-0.106171891093254,-0.0564913861453533,-0.0915635675191879,-0.1029571294784545,-0.0597489699721336,-0.0032117848750203,0.0983291417360305,-0.0915167853236198,0.1064193919301033,0.0800406858325004,0.105392038822174,0.0415948070585727,-0.0815085247159004,0.0613419152796268,0.102486252784729,0.0788089632987976,0.0977813303470611,-0.0078365355730056,-0.0139359151944518,-0.103757195174694,-0.0774678662419319,0.1063237190246582,-0.1063564717769622,0.1015196368098259,0.1064204648137092,0.1064112484455108,0.1063706800341606,-0.1026190891861915,0.0997532904148101,0.0949168130755424,-0.0687375217676162,-0.1063917055726051,-0.1063990667462349,0.0484363436698913,-0.0958094224333763,-0.1049560010433197,0.0838595777750015,-0.0255571380257606,-0.0936260968446731,0.1054329872131347,-0.1059944406151771,0.1063946336507797,-0.105928935110569,0.097993791103363,0.1036769673228263,-0.0989591926336288,0.1034530401229858,-0.106338120996952,0.0368236750364303,0.1041416898369789,-0.0697155743837356,0.0999503433704376,-0.0473320297896862,0.0672818794846534,-0.0359267927706241,-0.1489178389310836,-0.005642395466566,0.0220939274877309,-0.1286941915750503,-0.0548444017767906,0.0514598377048969,-0.1262526214122772,0.0808814838528633,-0.0341720506548881,0.0023468888830393,0.0919951722025871,-0.1455456316471099,-0.1265054643154144,-0.005850417073816,0.0080743869766592,-0.0259705800563097,0.0508998520672321,0.0220532342791557,0.0594487451016902,-0.0699023827910423,0.0270203966647386,-0.0660091117024421,0.0329662263393402,-0.0207596980035305,0.0338004864752292,-0.0530351921916008,-0.1735368221998214,-0.0137914167717099,-0.067092128098011,-0.0733946114778518,0.182491049170494,0.164539098739624,0.0086905481293797,0.0264446027576923,-0.0647643879055976,0.0012155176373198,0.1437183916568756,0.1491975337266922,0.0512383691966533,0.002540977904573,-0.1065895408391952,0.0760992914438247,-0.0673960968852043,-0.0339674726128578,0.1032615825533866,0.0307988077402114,-0.0541824623942375,0.0725017935037612,0.0562907010316848,-0.1373207718133926,0.1128288358449935,-0.0290141105651855,-0.0249790046364069,0.1021991893649101,0.1601906865835189,0.0125035066157579,0.0478518679738044,-0.0527189522981643,-0.0588026158511638,-0.0042199157178401,0.1065040379762649,0.0664340108633041,-0.1519262194633484,-0.1264635920524597,-0.0751835852861404,-0.1071685180068016,0.0662627890706062,0.098751850426197,-0.0367483496665954,-0.0221897587180137,0.1374242752790451,-0.1112704128026962,0.0275055468082427,0.1105835884809494,-0.1091952249407768,-0.1667315065860748,0.0635890290141105,0.1719353795051574,0.1382238864898681,0.0377511940896511,-0.1688373684883117,-0.0159212928265333,-0.022990321740508,-0.0042461571283638,0.1295470595359802,-0.030557470396161,0.011349132284522,0.0612514838576316,0.0074825142510235,-0.1568400114774704,-0.1315137594938278,0.0580473393201828,0.1154417395591735,0.0572004504501819,0.1641463786363601,0.0185886938124895,-0.1403505653142929,-0.0792394652962684,0.042631022632122,-0.0252766702324152,0.0776481032371521,-0.0948902741074562,-0.0218493696302175,-0.0720957443118095,0.0804817304015159,0.1314185410737991,-0.0062373443506658,0.0580486617982387,0.0866894125938415,0.0750832110643386,0.0433673933148384,0.027211133390665,0.0869028121232986,0.1379692256450653,0.1264564245939254,-0.1708689033985138,-0.1125245690345764,-0.0577730573713779,-0.0265326350927352,0.0461386889219284,-0.0318749286234378,-0.0569277182221412,0.054056778550148,0.0760971903800964,-0.135264903306961,-0.097158208489418,0.0878748223185539,0.1284727603197097,-0.1228814646601677,-0.0758760124444961,0.0810298547148704,0.1396551728248596,0.122383713722229,-0.0684846565127372,-0.0114473802968859,-0.0485587418079376,-0.0077731478959321,0.1049346774816513,0.1031406596302986,-0.1078492999076843,-0.0540993474423885,0.0258824937045574,-0.0567026585340499,-0.1088483184576034,-0.0827116146683693,-0.1235381215810775,-0.1287262290716171,-0.0410855114459991,-0.1122126579284668,-0.1151482984423637,0.1438577026128769,-0.111551433801651,0.1184606254100799,-0.139955997467041,0.1273693740367889,-0.1083714663982391,0.1254263222217559,0.0413817912340164,0.0451433174312114,0.1324501186609268,-0.0411956757307052,0.0177207458764314,0.115420676767826,-0.0697950571775436,0.0136361345648765,0.1024346351623535,0.1147369444370269,-0.1316681802272796,0.0348421558737754,0.0916924700140953,0.1009614244103431,0.0579055100679397,0.0132501991465687,0.0406347438693046,-0.0587855949997901,0.1270302534103393,0.136883795261383,0.0982487276196479,-0.0914723575115203,0.0843350514769554,-0.0316553227603435,-0.0999771133065223,-0.1071304231882095,-0.0471460968255996,-0.0068391724489629,-0.1099167317152023,0.0155744757503271,0.1085930243134498,0.0912454351782798,-0.0302899312227964,-0.0449354834854602,-0.0500711724162101,0.0215926431119442,-0.0300050992518663,0.0808313190937042,-0.1233788579702377,-0.049632828682661,-0.0744045451283454,0.0767778530716896,0.0722687914967536,-0.1318665742874145,0.0638937279582023,0.0558050610125064,-0.0468609817326068,0.0170646123588085,-0.0848768949508667,-0.0290683098137378,0.0413066446781158,0.0166425239294767,-0.0132225006818771,-0.1241825297474861,0.0936166048049926,-0.1302010864019394,-0.0076934997923672,0.1354947835206985,-0.0985474064946174,-0.0880152881145477,-0.1228933334350586,0.0998236015439033,0.016761340200901,-0.1179396659135818,0.1093108132481575,-0.0942878648638725,-0.0642024874687194,0.0472953915596008,-0.0749414041638374,-0.075337991118431,-0.1047281324863433,-0.017243517562747,-0.0975197181105613,0.0577710233628749,0.1186375692486763,0.076541393995285,0.028729798272252,-0.0537248328328132,-0.1191551834344863,0.0304156634956598,-0.016018396243453,0.0540174655616283,0.1169189661741256,0.1081690192222595,0.1346265524625778,-0.0706432908773422,-0.0077240876853466,0.0204561986029148,-0.103218488395214,0.1269379556179046,-0.1155241206288337,-0.0894172936677932,-0.1060720682144165,0.0108525995165109,-0.1082974150776863,-0.1196126267313957,0.0720381736755371,0.0057687587104737,-0.0184524692595005,-0.0721442997455596,0.0928346961736679,-0.1044726446270942,0.1135396659374237,-0.0796821564435958,-0.1035270541906356,0.0606513917446136,-0.0987466424703598,-0.0548585467040538,-0.12669537961483,-0.1000578254461288,0.1181533560156822,0.0507105253636837,0.0874895229935646,-0.0782003030180931,-0.0203714631497859,-0.1758764386177063,0.1035683527588844,-0.0236377324908971,-0.0801788121461868,0.09681386500597,0.0759734958410263,0.1220215111970901,0.0694679543375969,-0.1040489748120307,-0.024666016921401,-0.1243233606219291,0.0670648589730262,0.0015177530003711,0.1434090733528137,-0.0675513744354248,-0.1252447962760925,-0.0312548466026783,0.1095231771469116,-0.1065542325377464,-0.0157940927892923,-0.1395013779401779,0.0768923535943031,0.1195468306541442,-0.0504788570106029,-0.1564478427171707,0.0185989737510681,-0.0385460555553436,-0.0656247958540916,0.0567235499620437,0.090933047235012,-0.1297800689935684,-0.1224708780646324,0.0742406249046325,-0.0860408917069435,-0.0766272023320198,0.0629776045680046,-0.0480017662048339,0.0008514085202477,-0.1404787749052047,0.0844188779592514,0.0329468920826911,0.1275952756404876,0.0127403931692242,-0.0910260304808616,-0.0347535908222198,0.1549142748117447,0.1065109372138977,-0.085060641169548,0.0099491374567151,0.0693961381912231,0.0191284157335758,-0.0468260012567043,-0.1171855628490448,0.011781932786107,-0.0595437213778495,-0.0660155117511749,-0.012577986344695,-0.1088395044207573,-0.0140909366309642,-0.1170851662755012,-0.0808638632297515,-0.0573520585894584,-0.0678368806838989,-0.0569249987602233,0.0251498203724622,0.0488431416451931,0.0980053544044494,-0.0318334512412548,0.0567956641316413,0.1240198761224746,-0.0900968238711357,0.0693993493914604,0.0165608804672956,-0.0896191820502281,-0.0583336092531681,-0.1170600280165672,-0.0230404194444417,-0.0674341097474098,0.0830262750387191,-0.0365524850785732,-0.0884533897042274,-0.0367797575891017,0.087101399898529,0.1018082424998283,-0.0103491907939314,-0.0913193300366401,0.1274076700210571,-0.0902022421360015,-0.1296508759260177,0.1442022770643234,0.1316151320934295,0.073825679719448,-0.1423007547855377,0.0629615858197212,-0.0731901451945304,-0.1257948279380798,0.0601212829351425,-0.1236013323068618,-0.1050033569335937,0.0103286113590002,-0.163662239909172,0.0860043540596962,0.0840553641319274,0.0391448214650154,-0.1093694642186164,-0.0180882755666971,0.1376677006483078,0.0966444313526153,-0.1128402352333068,LVVHGBHCFCKIPX-UHFFFAOYSA-N,c1csc(-c2cnc3sc(NCC4CCOCC4)nn23)c1
-0.0581831820309162,0.0547288544476032,0.086192212998867,0.1082980632781982,0.0969057232141494,-0.1075934693217277,-0.0517906695604324,0.0983667969703674,0.1054007187485694,-0.0391790904104709,-0.031118731945753,0.044552844017744,0.0718258023262023,-0.0953524708747863,0.1123199164867401,0.0137823699042201,-0.0582172833383083,0.1119590774178505,0.0902260988950729,0.1112598851323127,-0.0934015735983848,-0.1037754714488983,0.0154873561114072,0.1103552803397178,0.1094991713762283,-0.1122330278158187,-0.0933734253048896,0.046599231660366,-0.1080490425229072,0.1077243611216545,0.0360523238778114,-0.0891701281070709,0.0869006440043449,0.1107072234153747,-0.0995651111006736,0.0565144978463649,0.0336334630846977,0.0862275436520576,0.100106693804264,-0.1029684394598007,-0.1051921918988227,-0.0965674966573715,-0.0665307193994522,-0.095613770186901,0.1113190725445747,-0.0235739890486001,-0.0155941527336835,-0.0767208114266395,0.1122579723596572,0.1067007854580879,0.079020008444786,-0.0291553381830453,-0.0872051864862442,0.1123205795884132,-0.0789910554885864,-0.0857295766472816,0.1119291856884956,0.0041734473779797,-0.0260265283286571,0.0193787664175033,0.0578199103474617,-0.0564526058733463,-0.1091562956571579,0.0840438455343246,0.0985115319490432,-0.1119047850370407,-0.0810097604990005,-0.1094693765044212,0.1034994199872016,-0.1021793857216835,0.0453376546502113,-0.0140462378039956,0.0301693156361579,-0.1111131832003593,-0.0146253462880849,-0.0470467656850814,-0.0741124674677848,0.0939225405454635,0.1007844284176826,-0.1090559735894203,0.0972954779863357,0.1120670735836029,0.0233036447316408,-0.0554035902023315,0.1050891876220703,0.100416861474514,0.1042220816016197,0.0987690165638923,-0.1082867607474327,0.1059825494885444,0.1075145304203033,0.1071945801377296,-0.0999339893460273,-0.0849862098693847,-0.0954062789678573,0.1023247465491294,-0.0917413309216499,0.1010445654392242,0.1117624789476394,0.0765086933970451,-0.0351563841104507,0.0813039094209671,0.1121076941490173,0.1097223684191703,-0.111197642982006,-0.1110527291893959,0.1120742559432983,-0.0079964399337768,-0.0719693601131439,0.1004941239953041,0.1105667576193809,-0.0823056772351265,-0.0940357893705368,-0.0337894037365913,0.1121276840567588,0.0044492911547422,-0.1119619980454444,-0.1116309762001037,-0.1105012670159339,0.104342944920063,0.0814884901046752,0.1112718135118484,0.1077763736248016,0.0947764217853546,-0.0675941929221153,-0.0977171137928962,-0.1046995967626571,-0.0135939214378595,0.1458827555179596,0.1232613697648048,0.0214986484497785,0.0993495881557464,0.0386249981820583,-0.0986937656998634,-0.1243014335632324,0.110608622431755,0.0029141034465283,-0.0819025561213493,-0.0050372048281133,-0.0518102906644344,0.0713862553238868,-0.1226113811135292,0.0010511958971619,-0.086985170841217,0.0848213657736778,0.1136468276381492,0.0602882169187068,-0.0118276085704565,-0.121502436697483,0.1214235126972198,0.0392509922385215,-0.1300850957632064,-0.1154935285449028,-0.0632202327251434,-0.1438860148191452,-0.0802733674645423,-0.0788857862353324,-0.0123788733035326,0.1057967841625213,-0.0814097300171852,-0.1248910650610923,0.1370249539613723,0.0665705651044845,-0.0433381982147693,-0.1303589046001434,0.1006621196866035,-0.0450428090989589,-0.0342932492494583,-0.0134325418621301,-0.0659076049923896,-0.056524746119976,-0.0248277857899665,-0.0813448056578636,-0.0620199888944625,-0.062129121273756,0.1212999448180198,0.1167008727788925,0.0988008752465248,-0.0868725851178169,0.1222703456878662,-0.1008867919445037,-0.0442322865128517,0.1325387805700302,-0.0485532954335212,-0.0893043130636215,0.0791331976652145,-0.1159436404705047,0.065323956310749,-0.0622645355761051,0.1125898584723472,0.0201555434614419,0.0211691260337829,0.0015194099396467,0.052718162536621,0.0146037638187408,0.1229129955172538,0.0437437482178211,0.1361749172210693,-0.126612052321434,-0.028577422723174,0.0260823965072631,0.0883086621761322,0.0560608096420764,-0.0494978912174701,0.0784646496176719,0.133109375834465,-0.0694079175591468,0.0420049913227558,-0.1355483829975128,-0.0361407548189163,-0.0031573036685585,0.0874228775501251,0.1426621377468109,0.0862421467900276,0.0891266092658042,-0.0471199862658977,-0.0482244677841663,0.1176728531718254,0.0596488565206527,-0.0840161368250846,-0.1270371675491333,-0.1314156353473663,-0.0111798113211989,0.1265161484479904,0.1111634820699691,-0.1188283413648605,0.0610801391303539,0.0292138457298278,0.0995083451271057,0.1040201112627983,-0.0357024669647216,-0.1277494728565216,0.0375899411737918,0.08720513433218,0.0347320884466171,-0.0084041077643632,0.0777899697422981,0.0733196586370468,-0.1040206626057624,0.0795298293232917,-0.067893162369728,0.0773483738303184,0.0113994600251317,0.1326837539672851,-0.0263890102505683,-0.0330373980104923,0.1134616062045097,0.1087704971432685,0.1408382356166839,-0.1455417722463607,0.1049782112240791,0.1002743020653724,-0.0905163511633873,-0.090278647840023,-0.0075549352914094,0.1335303038358688,-0.0330867879092693,-0.1121197938919067,0.0762739405035972,-0.0294074937701225,0.1070623621344566,-0.0125061459839344,0.1124991625547409,-0.0733674392104148,0.1088166162371635,0.033104084432125,0.0886102616786956,-0.1127043589949607,0.001097341068089,-0.1124010607600212,0.1026278883218765,-0.0222068782895803,-0.10462137311697,0.0559831373393535,0.1119827553629875,-0.1105382516980171,0.0068834838457405,-0.0192585233598947,0.1124585345387458,-0.0639359951019287,-0.0963944494724273,-0.0363426469266414,0.0864164754748344,-0.058615107089281,0.1128297597169876,-0.1106259003281593,-0.0220636818557977,0.0380973033607006,-0.0771754309535026,0.0594825632870197,0.1092433258891105,-0.1020273342728614,-0.0870113968849182,-0.061213556677103,0.0099136559292674,-0.1085351482033729,0.1074093878269195,-0.0607828497886657,0.0462997481226921,-0.0713158324360847,0.1126608774065971,-0.1082059666514396,-0.0975445434451103,-0.1039446517825126,0.0838770791888237,-0.0793068781495094,0.0085271382704377,-0.112759344279766,-0.1128460839390754,0.1129912436008453,-0.1052562966942787,0.112963005900383,-0.0847045928239822,-0.028032224625349,-0.0808408260345459,0.000606097979471,-0.103860005736351,0.1084348633885383,0.1100822612643241,-0.0758782401680946,-0.1003488004207611,0.0600815154612064,0.1114838272333145,0.1113761812448501,0.1129327565431594,-0.0910601839423179,-0.1086299493908882,0.0382669381797313,-0.0933765023946762,0.1123054102063179,-0.1059277579188346,0.0286617670208215,-0.106218121945858,-0.0962840393185615,0.106584794819355,-0.0924104005098342,-0.1006349474191665,0.0672416538000106,0.0909899473190307,0.0797671899199485,-0.1129829362034797,-0.062304887920618,-0.0668118074536323,0.0968932062387466,-0.1027734354138374,0.075591005384922,0.0970571190118789,0.0460688434541225,0.1042426899075508,-0.0266444310545921,-0.0236813556402921,-0.1126473098993301,-0.0738412886857986,0.1075056716799736,0.1063725128769874,-0.1127422004938125,-0.1048602983355522,0.1125784665346145,0.1059265211224556,0.1087334379553794,-0.0823692828416824,-0.0551066733896732,0.0780781432986259,-0.1093468070030212,0.1112331822514534,0.0953590869903564,0.0883658081293106,0.0744673758745193,-0.0622300766408443,-0.1002096831798553,0.0860010981559753,0.0240838136523962,0.1012744456529617,-0.1129297316074371,0.1129698604345321,0.0428094789385795,-0.0811102390289306,0.1073909923434257,0.1097966358065605,0.1115950867533683,-0.0297143273055553,-0.1060248613357544,-0.1089333072304725,0.0143715124577283,-0.0055440044961869,0.143333613872528,-0.0861727967858314,-0.0346782058477401,0.0418616868555545,0.0911176055669784,-0.0110063478350639,0.1475035697221756,0.1265553683042526,-0.1274537742137909,0.1489171087741851,0.1364564895629882,0.0102863451465964,-0.0146386558189988,-0.0679030194878578,-0.0112882172688841,0.0351846143603324,0.0512605607509613,0.0634809508919715,-0.0541228279471397,-0.0762797594070434,0.165685623884201,-0.0471922978758811,0.0249886400997638,-0.0565847940742969,0.0046552796848118,-0.0598828755319118,0.0323519743978977,-0.0450298860669136,-0.1189828962087631,-0.1340454965829849,0.1216303557157516,-0.0667601600289344,-0.0420734696090221,0.0048759896308183,0.0925386846065521,0.1240774691104888,-0.0995038598775863,-0.0355468690395355,0.1086985096335411,-0.1138877347111702,0.0807463377714157,0.0707983821630477,0.1291442215442657,-0.13222736120224,-0.0936244130134582,-0.0758512318134307,0.0022513202857226,-0.0217125173658132,0.0396014861762523,0.0591122545301914,-0.0185101106762886,0.1344006210565567,0.132276251912117,-0.0603116303682327,0.0024749184958636,0.0838168859481811,0.141666755080223,-0.0787255242466926,0.0920086354017257,-0.1621475368738174,-0.0756342113018035,0.0164003297686576,-0.0598939545452594,0.1125091537833213,0.0052673676982522,-0.1631467789411544,0.0475681945681571,-0.0541737973690032,0.1087863966822624,0.123684711754322,-0.0172443874180316,0.0537403188645839,0.0230758674442768,-0.026317486539483,-0.0106769707053899,0.1396842896938324,-0.1258204728364944,-0.0167686268687248,0.0427453629672527,-0.0772895738482475,0.0939002260565757,0.0230028554797172,-0.1613532900810241,-0.0503433384001255,-0.0210384577512741,0.1123961433768272,0.1568065881729126,-0.0376323908567428,0.0840243026614189,0.098506398499012,-0.0212895981967449,0.0940819978713989,0.1004572138190269,0.1057482212781906,-0.0790793970227241,0.1201469600200653,0.0432501509785652,-0.0625401809811592,-0.1205336675047874,-0.04366035759449,-0.0486769899725914,0.1673797965049743,0.111332431435585,0.0957105159759521,-0.1358405947685241,0.0321339033544063,0.0810868665575981,-0.0369022749364376,0.0296345483511686,0.0123680187389254,0.1329414099454879,0.0803193598985672,-0.1377102732658386,-0.1067703068256378,-0.081520952284336,-0.0105575285851955,0.1459044069051742,-0.0533044785261154,0.089019276201725,0.0099846478551626,0.0934913605451583,-0.0916668176651001,-0.0455728285014629,-0.0372327156364917,-0.1038160622119903,0.1250467300415039,-0.0164890810847282,-0.115835316479206,0.1091078892350196,0.1070563122630119,-0.0582085624337196,0.1420708894729614,0.1450146585702896,0.1399633735418319,-0.0514767207205295,0.0387452691793441,0.0985951647162437,0.0646795257925987,-0.0142166037112474,-0.011103612370789,0.0905797556042671,0.017584016546607,-0.1288516372442245,0.0823278874158859,0.0231215562671422,-0.0412863828241825,0.1677142679691314,0.0261615868657827,0.043248638510704,-0.0730128139257431,0.0131626958027482,-0.0656436085700988,0.1377800554037094,-0.0184361971914768,-0.1302900910377502,0.0525574944913387,0.0792632848024368,0.1229696050286293,0.1078413426876068,0.0606913715600967,0.0279858075082302,-0.0933964997529983,0.000719983538147,0.0840488150715828,-0.1646150648593902,0.0784760937094688,-0.0166687220335006,0.0028455583378672,0.0398875996470451,-0.0105605125427246,0.0262346100062131,-0.016670873388648,0.000733386084903,-0.0511340983211994,-0.1397723853588104,-0.0448819175362587,-0.0008125736494548,-0.0492382645606994,-0.1140327528119087,0.11454938352108,0.0123982029035687,0.0325574725866317,-0.0265919156372547,-0.1210420355200767,0.0433169901371002,0.1647767871618271,-0.0336599871516227,0.0167995449155569,-0.0276315305382013,-0.0605806857347488,-0.0077081569470465,-0.1454819589853286,-0.0998816341161727,0.0132741658017039,0.0206209160387516,0.0694113597273826,-0.0282497983425855,0.1114117205142974,-0.0623100772500038,-0.154829666018486,-0.0999677032232284,0.0548329204320907,-0.0664078742265701,0.0820148959755897,0.0541347414255142,-0.016615804284811,0.063269980251789,0.1456649452447891,-0.0382502935826778,-0.1230904981493949,0.150950089097023,0.0449664406478405,-0.0190992709249258,0.0055181845091283,0.0569678805768489,-0.0867129787802696,0.0544321648776531,0.038141444325447,-0.0505623072385787,-0.1743343770503997,-0.0751143842935562,0.1884709745645523,0.0974156707525253,0.0266053024679422,0.0691587254405021,0.114482395350933,-0.1053398326039314,-0.08929493278265,0.0516977943480014,-0.0291773173958063,0.1177849993109703,0.0929569005966186,0.1276361346244812,-0.0973305329680442,-0.0198153350502252,-0.082616277039051,0.0475361794233322,-0.0154838962480425,-0.079960823059082,0.1729469746351242,-0.1511546820402145,0.1443703174591064,-0.0959044247865676,0.1627317667007446,-0.0545904263854026,0.0735333487391471,0.0444047190248966,-0.1457165479660034,-0.1195098236203193,0.1263192743062973,-0.0731482058763504,0.0394664891064167,0.0218543391674757,-0.1180035322904586,0.0665856003761291,-0.0524332895874977,0.1068303361535072,-0.1055443882942199,0.0523751750588417,-0.0504203364253044,0.0791373029351234,-0.0009858172852545,0.1749549508094787,-0.1161459311842918,-0.0340054184198379,0.1863959282636642,-0.0340651012957096,-0.0700521096587181,-0.0463422164320945,0.1352738142013549,-0.0423528887331485,-0.0825333669781684,-0.0469110682606697,-0.0892717540264129,-0.0680258199572563,-0.1120352298021316,0.0137083893641829,-0.0400257892906665,-0.1412098556756973,-0.0269708447158336,0.0099587235599756,0.1052316576242446,0.119257278740406,0.1090544387698173,-0.0831927061080932,0.003926726989448,-0.0789315551519393,-0.0609015859663486,0.0454917326569557,-0.0887385010719299,0.0795799791812896,0.1320864558219909,-0.0575662888586521,-0.0266764517873525,-0.0873780027031898,0.1308465749025344,0.0272011440247297,-0.0261195637285709,0.0608306229114532,0.0867208316922187,0.0771791264414787,0.1514941155910492,0.0661434456706047,-0.0299400798976421,0.1818004548549652,-0.0434472747147083,-0.0386212579905986,0.1188879162073135,-0.0575415939092636,-0.0959253683686256,-0.0740772560238838,-0.0889930874109268,-0.0544918961822986,0.0070142671465873,0.0302935987710952,-0.0787482112646102,-0.000955163675826,-0.0865669772028923,-0.0810827389359474,0.006438186392188,0.0461231470108032,0.158113032579422,-0.10120839625597,0.1674239933490753,0.0928680449724197,-0.0745108500123024,-0.0187552906572818,-0.0691016539931297,-0.1182451173663139,-0.0699983537197113,0.0028991398867219,-0.1327347755432129,0.084121324121952,0.0312021356076002,-0.1144528090953826,0.1532848924398422,-0.0975158661603927,0.1521717458963394,-0.0251855496317148,-0.0097696296870708,0.1464258581399917,-0.0272584054619073,0.0289602074772119,-0.093848131597042,-0.1405319571495056,-0.0274078212678432,-0.0593067556619644,0.0018750050803646,-0.0835772827267646,-0.0494250319898128,-0.033914640545845,-0.0950319394469261,0.0031987733673304,-0.0842118710279464,-0.0471581146121025,-0.0422124713659286,0.1825114041566848,0.0375614501535892,0.117153026163578,0.0927728936076164,-0.1367715448141098,-0.015192911028862,-0.0531101673841476,0.0914127379655838,-0.1309068650007248,0.081391841173172,0.1347523927688598,0.1969102323055267,-0.0801970362663269,0.1316554844379425,0.0708318725228309,-0.0426988862454891,0.0040118759498,-0.0745778530836105,0.1177542135119438,0.0812139958143234,0.031651996076107,0.0470648370683193,0.0466761514544487,0.0929315313696861,-0.0792015939950943,0.0095497043803334,0.0572480894625186,LMSUVNNVFINHCL-UHFFFAOYSA-N,NC(=O)CN(Cc1ccc(Br)cc1)C(=O)C1CCOC1
0.0874859541654586,-0.1130989417433738,0.1043665707111358,0.1133425012230873,0.080429807305336,-0.1125524565577507,-0.0191727504134178,0.0847615301609039,-0.0474389716982841,-0.0084991753101348,0.0964595898985862,0.0979979336261749,-0.0340274199843406,0.0773629695177078,0.1093718260526657,0.0459444671869277,-0.0427741929888725,0.0694855898618698,0.1132518425583839,0.1133624985814094,0.0004957121564075,-0.1100122258067131,-0.0849321708083152,0.107497900724411,-0.0940887555480003,-0.0968220084905624,-0.1131197586655616,-0.0996267423033714,-0.1121578514575958,0.0146528901532292,0.0181726571172475,-0.0675337091088295,0.0464852713048458,0.1119070127606391,-0.0961910784244537,-0.0881221964955329,-0.1043879091739654,-0.0885928720235824,-0.0740010812878608,-0.083239309489727,0.1094515919685363,0.0557134933769702,0.0044612428173422,0.072188414633274,0.1120175495743751,0.053116537630558,-0.0322772674262523,0.0944355204701423,0.1100965365767479,-0.1090655699372291,0.1100305169820785,0.1116326600313186,-0.1131208389997482,0.113367348909378,0.1058693677186966,-0.0133278034627437,-0.0824321657419204,-0.087602823972702,-0.1039163842797279,-0.0936864390969276,0.1117827594280242,0.0750490799546241,-0.0866868123412132,0.1093628630042076,-0.0522033013403415,-0.0220681130886077,0.1079311370849609,-0.1123768836259841,0.0785327404737472,0.0987558290362358,0.0386561527848243,-0.108363851904869,0.0416018478572368,-0.0591000616550445,-0.1094976365566253,0.0431386940181255,0.0570791624486446,0.1132169216871261,0.0997906327247619,0.10187578946352,0.0167833175510168,0.1094101443886756,-0.1008940935134887,-0.1092750281095504,-0.067694142460823,0.0996229797601699,0.0695565566420555,0.0769974812865257,0.0516698807477951,-0.1083406209945678,0.1133595928549766,0.0105133764445781,0.0360407643020153,-0.1017050072550773,0.1035358533263206,0.0984242931008338,0.0963069871068,-0.0773212388157844,-0.0651550367474556,-0.0977495908737182,-0.077673964202404,-0.0323570892214775,-0.1058516874909401,0.0489616096019744,-0.0964802950620651,0.1091072410345077,0.0971278995275497,-0.0414662845432758,0.1118299067020416,0.1049960479140281,0.1117612794041633,-0.1124616935849189,-0.1036771982908248,-0.1121342778205871,0.1079641133546829,-0.0584913566708564,-0.1118918731808662,0.0877915471792221,-0.0960230976343154,0.0969224050641059,-0.1021119877696037,0.101616084575653,-0.035565011203289,-0.0794731751084327,-0.0910155028104782,-0.1133063957095146,-0.0328347012400627,0.0965902805328369,0.0691983103752136,0.1134979799389839,-0.0321597829461097,-0.0791940242052078,0.0237210225313901,-0.0635781362652778,-0.0962392538785934,0.0931985676288604,0.0849455147981643,-0.0333822406828403,-0.0791585445404052,0.1215780824422836,-0.112319491803646,-0.0649002790451049,-0.1149768307805061,-0.0760729685425758,0.1202098876237869,0.0615702606737613,-0.0288827046751976,-0.0665181800723075,-0.0094436276704072,0.1213517859578132,-0.0480550341308116,0.1179512068629264,-0.0738188996911048,0.12225853651762,-0.0815741494297981,0.1147039979696273,0.061917845159769,-0.1229619458317756,0.0087678851559758,-0.1054029315710067,0.1194355711340904,0.1261606216430664,0.1278382688760757,-0.0138779105618596,-0.0371858850121498,-0.126295804977417,-0.0351029336452484,0.069147802889347,0.0335302650928497,-0.0434516854584217,0.0638581663370132,0.0124345086514949,0.1047112345695495,-0.1217508092522621,0.1130058169364929,-0.1182562559843063,0.1083689182996749,0.0037211326416581,0.0639527961611747,0.1171799004077911,-0.1051303520798683,-0.0609169714152812,-0.1207930147647857,-0.1139574497938156,-0.1071764305233955,-0.0729884579777717,0.0935806632041931,-0.1136403828859329,-0.1224033087491989,0.1011561006307601,0.0042687878012657,0.0608360283076763,0.0618927478790283,0.0775931850075721,0.0974959582090377,-0.1259157806634903,-0.1229047253727912,-0.124006800353527,0.0963365733623504,-0.0818888321518898,-0.1069447100162506,-0.1037935018539428,-0.0772079676389694,-0.002162659773603,-0.056283950805664,0.0675667077302932,0.0404380708932876,-0.126118779182434,0.089276410639286,0.1156662479043006,-0.044927854090929,0.1190769076347351,-0.0006464102189056,0.1257364004850387,0.0001697354309726,-0.0948095172643661,0.0741360932588577,-0.0876860842108726,-0.0629097372293472,-0.0878824070096015,0.0934031903743743,0.1090791895985603,-0.1112023368477821,-0.0798506587743759,-0.0927676782011985,-0.1170065775513649,-0.1201834678649902,0.1162972822785377,0.0710045918822288,0.0248784217983484,-0.0565680190920829,0.0006801511044614,-0.0462094657123088,-0.0176597610116004,0.0233079921454191,0.0533546507358551,-0.1229361817240715,0.1039296016097068,-0.1264640092849731,-0.0651447549462318,-0.1155750751495361,0.1194931045174598,0.031125396490097,0.1191574409604072,-0.039206214249134,-0.0967312753200531,0.121394395828247,0.1012040898203849,0.1097585633397102,-0.0892923176288604,0.0854087695479393,0.0941311866044998,-0.0378508530557155,-0.0256279688328504,-0.0416386313736438,-0.0410524345934391,0.0547605752944946,-0.1022812500596046,0.0296047236770391,-0.0988583639264106,0.101283311843872,0.0969748497009277,-0.0887786969542503,0.0793582275509834,0.0496289506554603,-0.1041357517242431,0.1042300686240196,0.0514330081641674,0.104196086525917,-0.078352078795433,0.1040983647108078,-0.1041318774223327,-0.1020043864846229,-0.0849823877215385,-0.0950054079294204,0.050557691603899,-0.1027205437421798,-0.1042849943041801,0.1017943769693374,-0.0992121547460556,0.0800966471433639,0.0999054089188575,0.104081206023693,-0.1040826886892318,0.0819447189569473,0.0707897320389747,0.1036726683378219,0.1038654595613479,-0.0908079743385315,-0.1010965183377265,-0.0527385249733924,-0.10421122610569,0.0836139917373657,-0.0972258448600769,-0.0965602993965148,0.0843972340226173,0.1037916094064712,-0.0044628358446061,0.0480219647288322,-0.0976767018437385,0.0773602128028869,-0.0004562769609037,-0.0959266051650047,-0.0894317626953125,-0.0827985480427742,-0.1015790849924087,0.0284376647323369,0.0754551663994789,-0.1041231006383895,-0.1024155765771865,0.0999784842133522,-0.0635031536221504,0.0969892442226409,-0.1023606732487678,0.0774083361029625,0.0842101946473121,0.0979588851332664,0.071031630039215,0.0988924801349639,-0.1021684408187866,-0.1036073416471481,0.1040425300598144,0.0903410837054252,0.0878208801150322,0.1008780747652053,-0.0046347500756382,-0.1009482517838478,-0.0862821117043495,0.0642522424459457,0.1041366904973983,0.0950600206851959,0.0976109057664871,-0.0943734422326088,-0.0928268358111381,0.0975552722811698,-0.1042687967419624,0.1032305210828781,0.1030304804444313,-0.0969318076968193,0.096336543560028,-0.0943449512124061,0.0891883000731468,-0.0639701336622238,-0.1035525053739547,-0.0964015573263168,-0.0587921552360057,-0.0450440198183059,0.0541225187480449,0.1042964234948158,0.103312574326992,0.0987385287880897,-0.0793490260839462,-0.1024108007550239,0.1034574434161186,0.0015037303091958,-0.1042990982532501,0.1018618270754814,0.1029993370175361,0.0920587629079818,-0.1003767699003219,0.10430359095335,-0.0255858059972524,-0.0554302781820297,-0.1040925532579422,-0.0883413851261138,0.1036045402288436,0.0556505881249904,0.088598258793354,0.0998653247952461,-0.1041008159518241,0.0773476734757423,-0.0820219665765762,-0.0103109991177916,0.1040427163243293,0.0268381889909505,0.1032951474189758,0.0981295704841613,-0.0359258241951465,0.0305997263640165,-0.0465295016765594,-0.1040848195552825,0.1041629463434219,-0.0657001063227653,-0.1032884716987609,0.1406858116388321,-0.0103254150599241,0.0639214217662811,-0.0686257630586624,0.0234600789844989,-0.0559334456920623,-0.0069995839148759,0.0619881562888622,-0.0341748669743537,-0.1284222453832626,0.1279363632202148,0.0694594234228134,0.0183722712099552,0.0360731072723865,-0.0969996452331543,0.0219568703323602,-0.1404046565294265,0.0336164012551307,-0.0739425793290138,-0.1126033291220665,-0.0697954893112182,0.1337919384241104,-0.1102651730179786,-0.0283618848770856,-0.0584827996790409,0.0432516820728778,-0.1374794989824295,-0.0022559030912816,-0.1300012618303299,0.1089547574520111,0.0550607927143573,0.1371189802885055,-0.1012509912252426,0.102841779589653,0.0918774753808975,-0.0381309986114501,-0.0254623368382453,-0.1178412139415741,0.009585759602487,-0.0653261691331863,-0.059673398733139,0.0625837370753288,-0.0816092267632484,0.1488695740699768,-0.0447276309132576,-0.0515517741441726,0.1021156683564186,0.0566711798310279,0.086063228547573,0.0990293622016906,-0.0694942772388458,-0.000652267364785,0.1314341425895691,0.1035172417759895,-0.0712695866823196,0.0737928450107574,0.0383988916873931,0.1077931970357894,-0.036450620740652,0.0689762830734252,-0.143288567662239,-0.0769700109958648,0.1383533328771591,0.0617530234158039,0.1176459267735481,-0.0815680772066116,-0.1334416568279266,-0.0730728656053543,0.0121590178459882,-0.1008309498429298,-0.0488070994615554,-0.036081213504076,-0.0912294909358024,0.0816515386104583,-0.1381755471229553,0.1332619488239288,0.1340338885784149,-0.0896339640021324,-0.0491183400154113,-0.1386688649654388,-0.0606186687946319,0.1050118207931518,-0.1089765578508377,-0.154216468334198,-0.0671493932604789,-0.0337952375411987,0.1118712648749351,0.159171923995018,-0.0970453470945358,0.1320302784442901,-0.0782998725771904,0.1008495688438415,-0.1025742292404174,-0.0120116872712969,-0.0783711448311805,0.0277710054069757,0.0921775847673416,-0.0470585525035858,0.132449135184288,-0.0010640794644132,0.1220833510160446,-0.0469097420573234,0.1255517899990081,0.0670997500419616,0.0395112298429012,-0.0220271870493888,-0.1472256034612655,0.0609030835330486,0.0380566045641899,0.1058623269200325,0.0145592121407389,0.1155012995004654,0.1398351192474365,-0.0917506664991378,0.0423877835273742,0.1011033505201339,0.0047725043259561,-0.0034566451795399,-0.0570477955043315,0.0780587494373321,0.0782400146126747,0.0596839673817157,0.1232687979936599,0.0537213012576103,-0.1179285645484924,-0.0624142028391361,0.0671563893556594,0.0056543522514402,-0.1354876458644867,0.0813169553875923,0.0561513938009738,-0.0522385388612747,0.1071143969893455,0.0326555781066417,0.1527611464262008,0.0161903351545333,0.0921277776360511,-0.0074484543874859,-0.0037697288207709,0.0523549020290374,-0.0348783917725086,0.0512493960559368,-0.0762781202793121,-0.0218094810843467,0.0731464326381683,0.056292999535799,0.0102952327579259,0.125201866030693,0.0773004814982414,0.0200519226491451,-0.1152176558971405,0.1129167079925537,-0.0352927073836326,0.0948695316910743,-0.1311602741479873,0.1087290942668914,-0.0577851012349128,-0.0054581146687269,0.1138857081532478,-0.0115117384120821,0.0785042494535446,0.0829214453697204,0.0403290838003158,-0.0593066327273845,0.100687138736248,-0.1576519608497619,-0.072666697204113,-0.0096934456378221,0.0399023592472076,-0.0308157261461019,-0.1567258387804031,0.0326800271868705,-0.0033525249455124,0.0460238456726074,-0.1386583149433136,-0.0567480847239494,-0.0176875125616788,0.0440353341400623,0.027798430994153,-0.0096322977915406,-0.0249099377542734,0.0108357239514589,-0.0552650354802608,-0.0210500713437795,-0.0875781625509262,0.087039515376091,0.1523291170597076,-0.0361306965351104,-0.1004846692085266,0.0299874041229486,-0.0525803826749324,0.1092496439814567,-0.1541968435049057,0.0905299857258796,0.1443673819303512,0.0307407192885875,0.1036448776721954,0.0093165319412946,0.0894764736294746,-0.1255233138799667,-0.1706894338130951,-0.007345647085458,0.153759554028511,-0.1688711047172546,0.0392113961279392,0.035495139658451,0.0109915072098374,0.0591046884655952,0.0901167020201683,0.0406560823321342,-0.1008544340729713,0.1691132634878158,-0.0217647794634103,-0.0019901439081877,0.0774401873350143,0.0138985877856612,-0.0826059877872467,0.130649447441101,0.0796110704541206,0.0135095585137605,-0.1853083372116089,-0.0515360012650489,0.1480804085731506,-0.0222588200122118,0.110041007399559,0.0273379180580377,0.1203586384654045,-0.0274558663368225,-0.0771674066781997,0.0734368935227394,0.0049834717065095,0.1426156014204025,-0.0156534761190414,0.1138052567839622,-0.0170692782849073,0.0211145654320716,-0.0046085049398243,-0.0322146713733673,-0.1569740325212478,-0.0642457157373428,0.1550599485635757,-0.0941074788570404,0.0348536372184753,0.0460909679532051,0.1702847331762313,-0.1225029081106185,0.1528533846139907,-0.0330043993890285,-0.1621076017618179,-0.0738945677876472,0.0975765809416771,0.0494100861251354,-0.1096474006772041,0.0667153149843216,-0.1403841823339462,-0.0756545439362526,-0.0599588267505168,0.1282831579446792,-0.0908603370189666,0.0982850193977356,0.0688637271523475,0.1205531656742096,0.0998894423246383,0.1309643387794494,-0.14004847407341,0.1226060166954994,0.1224003583192825,0.0354133620858192,-0.0988371148705482,-0.0468169450759887,0.0408675111830234,0.0276958551257848,0.0647129863500595,-0.0665125399827957,-0.0582971684634685,-0.1327442973852157,-0.0707524642348289,-0.0569808296859264,-0.1518449634313583,-0.0569606833159923,-0.1253149658441543,0.1183182224631309,-0.047024480998516,0.1389140784740448,0.0126031823456287,0.0186848882585763,0.1034083217382431,-0.041847288608551,-0.0897383391857147,0.001625538105145,-0.1102431267499923,-0.0009513645782135,0.0228789635002613,-0.076836496591568,0.0753258988261222,-0.1411931216716766,0.0726223587989807,-0.1205648705363273,0.0010343744652345,-0.0005647506914101,0.1501103043556213,-0.0569082759320735,0.1302447319030761,0.0743963718414306,0.1109716519713401,-0.0828864574432373,-0.0698708370327949,0.0144623322412371,0.0930464714765548,-0.0075449817813932,0.081816017627716,-0.1237019002437591,-0.1294650435447693,0.0314459428191185,-0.1273294389247894,-0.1177688911557197,-0.1184435710310936,-0.1146254688501358,-0.0196741130203008,-0.1220428571105003,0.1176917925477027,0.0244601238518953,-0.0508212484419345,-0.0786040797829628,0.0329377353191375,-0.1330056935548782,0.0137506574392318,-0.1352608501911163,0.0282469801604747,-0.0040846965275704,-0.1183530688285827,-0.1445970088243484,-0.1112817227840423,0.0760996639728546,0.0822975784540176,-0.0989054590463638,-0.0332734212279319,-0.0297481827437877,-0.0034641558304429,0.0060734008438885,-0.0131806628778576,0.1461768597364425,-0.0608495995402336,-0.0739064440131187,0.022553164511919,-0.1138172298669815,0.1370615065097808,-0.0430932864546775,0.0144319841638207,-0.043378259986639,-0.121174968779087,0.1087593734264373,-0.0582011193037033,-0.0016872138949111,-0.04502559825778,0.0520535707473754,-0.102110780775547,0.15498648583889,0.0332810953259468,-0.0054748966358602,-0.0548009127378463,0.0496062412858009,0.0718970447778701,-0.0189673565328121,0.0507579259574413,-0.0422357432544231,0.0947782173752784,0.031799279153347,0.1458480209112167,-0.0489147119224071,0.1312455385923385,-0.1153027266263961,-0.0856079459190368,0.0592256151139736,-0.0148862479254603,-0.1198301836848259,0.0922383964061737,0.117298923432827,0.1539147198200225,0.0401120856404304,0.0741236060857772,-0.1532571762800216,0.0651751086115837,-0.023651722818613,UJTBCYHEDQAYFR-UHFFFAOYSA-N,Cc1noc(C2COCCN2Cc2cccnc2C)n1
0.0626534521579742,0.0336013250052928,0.0598469451069831,0.1459313631057739,0.0084931068122386,0.0793135315179824,0.106858380138874,-0.0763449445366859,-0.0021668851841241,-0.065704770386219,-0.0004303964669816,-0.0614797659218311,-0.0794667527079582,0.0128050781786441,0.1358237415552139,0.0182226318866014,0.1113449558615684,-0.0927106961607933,0.0503040626645088,0.1364679932594299,0.0457550846040248,-0.0958963483572006,0.0263302158564329,-0.053572654724121,0.1216894537210464,-0.1039999201893806,-0.1294523477554321,-0.0855449214577674,0.0532183200120925,0.0012251328444108,0.0327465645968914,-0.0917757526040077,0.0089297816157341,-0.0007932789158076,-0.1339480578899383,-0.0423899181187152,0.0704559609293937,0.0260428488254547,0.1322061568498611,0.077425867319107,0.0401113182306289,-0.0352612324059009,-0.1263422071933746,0.1255923509597778,0.127018541097641,0.1271669417619705,-0.117464080452919,0.0276060681790113,-0.0161897614598274,-0.0071201464161276,0.080406866967678,0.0217420924454927,-0.1167579665780067,0.0465574711561203,-0.1098836660385131,-0.0263037048280239,0.0129970395937561,-0.0933659821748733,-0.0614944882690906,-0.0459109283983707,0.0377596355974674,0.1058644875884056,0.024962980300188,-0.0610215365886688,0.1290850937366485,-0.0960514098405838,-0.0736257135868072,-0.0753682926297187,0.106784887611866,-0.1155815795063972,0.05645152926445,0.1428239494562149,0.0024496032856404,-0.0981646031141281,-0.0699061229825019,0.0885861292481422,-0.1039804965257644,0.135132610797882,0.0755215212702751,-0.1088552251458168,0.090235136449337,0.0465305261313915,-0.1060243248939514,0.109910637140274,0.0984843298792839,0.117634043097496,0.1285573542118072,0.1299432665109634,-0.1316724419593811,0.0726231709122657,0.0960976853966713,0.1315448880195617,-0.0715570598840713,0.1356898099184036,-0.1221041604876518,0.0280060078948736,-0.1314679086208343,0.0816660225391388,0.0140002407133579,0.0786162763833999,-0.0034772204235196,0.058200541883707,0.102044440805912,0.0389162227511405,-0.1278530061244964,-0.0393427796661853,0.0947881266474723,0.0786259025335311,0.1071220263838768,0.0590580478310585,-0.1011498346924781,-0.0790283754467964,-0.1067884489893913,-0.1190298348665237,0.1408489644527435,-0.1193327978253364,-0.1135585457086563,-0.1243375316262245,-0.075430154800415,0.1213732436299324,-0.0219857394695281,0.0986675098538398,-0.0188832096755504,0.1318480968475341,-0.0248251445591449,-0.0099017517641186,-0.0864057838916778,-0.0899394303560257,0.1107497662305831,-0.0034302487038075,-0.0923496857285499,0.0518579930067062,0.0849108770489692,-0.0739854872226715,-0.0161800105124712,0.0077438233420252,0.1102294996380806,-0.1125688031315803,0.1139842942357063,-0.0840103328227996,-0.0845947861671447,-0.110524833202362,-0.1084248274564743,-0.0248460806906223,-0.020373685285449,-0.1025544330477714,-0.1140731424093246,-0.1069431081414222,-0.0963869541883468,-0.1087687984108924,-0.1100394874811172,-0.0401694290339946,0.1116408556699752,-0.0723360925912857,0.1023278310894966,-0.0457441061735153,-0.1137430593371391,-0.0897814780473709,-0.0941208899021148,0.0336885340511798,-0.1136963590979576,0.1133102774620056,0.0889670401811599,-0.0069014225155115,0.1047070175409317,-0.1140700727701187,-0.081652782857418,0.0986296385526657,-0.0282819252461195,-0.0898476913571357,0.1125436201691627,-0.1138762459158897,0.0816713646054267,-0.0848661884665489,0.0672457292675972,0.0798219814896583,-0.1085786595940589,0.1002087295055389,0.1066347733139991,-0.1137671321630477,0.0156324990093708,-0.1134777516126632,0.0902628675103187,-0.1087530478835105,0.1116915717720985,-0.1140673533082008,-0.0660402029752731,-0.0762985274195671,-0.1082857176661491,0.1018643453717231,-0.1123441234230995,-0.0775672197341919,0.1140838712453842,-0.0830118432641029,-0.0876259505748748,0.1041697338223457,-0.11116324365139,-0.0810220837593078,-0.0891891047358512,-0.1130626052618026,-0.1124375760555267,-0.073896586894989,-0.1115080341696739,-0.0308125372976064,-0.0230379663407802,0.1053355634212493,-0.0617026686668396,0.0207213163375854,-0.1095860674977302,0.0160559378564357,0.0424307994544506,-0.021291235461831,-0.0633784383535385,-0.1025975346565246,-0.06242511048913,0.0803734585642814,0.1006729453802108,0.0732946768403053,-0.1134383007884025,-0.0865418314933776,-0.0997297242283821,0.114070288836956,-0.1102411299943924,0.0842846482992172,0.0514761507511138,-0.0611545629799366,-0.0788262709975242,0.0939517319202423,0.027910167351365,0.1140027493238449,0.0329289697110652,-0.0158705748617649,0.1121013760566711,0.1132810562849044,0.0094706965610384,0.0873073637485504,-0.1109042316675186,-0.0978209525346756,-0.1008539050817489,0.0199358072131872,-0.1124682053923606,-0.0860944762825965,0.0855375453829765,0.0818342119455337,-0.0709127858281135,0.1094386652112007,-0.0752045735716819,-0.1040178015828132,0.0870307832956314,-0.1080480813980102,-0.0583626329898834,0.0210887659341096,0.0715965926647186,-0.1136161983013153,-0.1124205440282821,0.0042089689522981,0.0997881740331649,-0.1090937927365303,0.0089003639295697,-0.0883335769176483,0.0137701211497187,-0.1093061119318008,0.1064356639981269,-0.0983365625143051,-0.0254895407706499,0.0963506028056144,-0.008537083864212,-0.1082510352134704,-0.1092085763812065,-0.1093053743243217,-0.107389211654663,-0.0995538085699081,0.1080620735883712,0.0288887005299329,-0.0942002460360527,-0.1023275181651115,-0.109071098268032,-0.0538537316024303,-0.0048067006282508,0.0920875519514083,-0.0207595713436603,0.090174414217472,0.0143845696002244,0.08253875374794,-0.0988810807466507,-0.1029604896903038,-0.1076018586754798,-0.1083075553178787,0.0317162834107875,-0.1092612370848655,0.0949414297938346,-0.1016222313046455,-0.0428359434008598,-0.1082749813795089,0.1030799746513366,-0.1089186891913414,-0.1023183017969131,0.1079277396202087,0.1043364405632019,0.0635978952050209,0.0906489491462707,0.0798986926674842,0.048189204186201,-0.102884791791439,0.0662306398153305,-0.0999585166573524,-0.0746015831828117,0.0251685045659542,-0.0818256735801696,0.0459839776158332,-0.0791182816028595,0.1090472713112831,-0.0697454884648323,-0.1028905063867569,0.0637404546141624,0.1061679124832153,-0.1085970625281333,0.0967520475387573,0.1091305091977119,0.1067460402846336,0.1077012196183204,0.1075991541147232,0.0887857601046562,0.0447408482432365,0.1090262755751609,0.0972650125622749,-0.1009330376982688,-0.1091908738017082,-0.0309091266244649,0.1093049570918083,-0.051376461982727,-0.1091717556118965,-0.1051902547478675,0.1010623574256897,0.0265626572072505,-0.0316720157861709,-0.082921490073204,0.0192199740558862,0.0646910369396209,0.0797688737511634,-0.1077587828040123,0.1003198772668838,0.1091011613607406,0.1022111698985099,0.0793876945972442,0.1058912426233291,0.0974214747548103,0.1026947647333145,0.0657761767506599,-0.0907297804951667,-0.0586423464119434,0.0060358480550348,-0.0907809138298034,0.1063941344618797,0.1088548973202705,-0.1087831333279609,-0.1092621833086013,-0.0257598459720611,0.1036698892712593,0.106926217675209,0.0380629859864711,-0.0564822405576705,0.0396914184093475,-0.0901025980710983,-0.0958028584718704,0.1023515611886978,0.0780256688594818,0.1028999090194702,-0.0675264969468116,0.0029278737492859,0.1092976480722427,-0.1082210093736648,-0.0180298313498497,-0.0953442826867103,0.1090422794222831,0.0989164784550666,-0.1086028814315795,0.1018784865736961,0.1092908307909965,-0.0663483813405036,0.1045267581939697,-0.1028128862380981,-0.0235845521092414,-0.095038041472435,0.0287164654582738,0.1174719333648681,0.0945664420723915,-0.0084418505430221,0.0470102615654468,-0.0168877318501472,-0.1197263598442077,0.0424067676067352,0.1037524044513702,-0.0830591991543769,-0.0001638283429201,0.0264261458069086,0.0622624307870864,0.0866928845643997,-0.0509359389543533,-0.0828742906451225,-0.1158555224537849,0.0227221399545669,0.1413310915231704,-0.0221819877624511,-0.0898218527436256,0.1347667872905731,0.0170227158814668,-0.0999703705310821,0.05810222402215,0.0199919044971466,0.0228695441037416,0.057071141898632,-0.0433063805103302,-0.1491312384605407,-0.0523586608469486,0.0669712126255035,-0.1482270210981369,0.1408288180828094,0.1457917094230651,0.0578588061034679,0.0591537430882453,-0.0960272476077079,0.1380328238010406,0.1291787177324295,-0.0026586824096739,-0.0128312669694423,0.1150600761175155,-0.0669868513941764,-0.0309786833822727,-0.0411401912569999,-0.1412375718355178,0.0729870051145553,-0.0038064555265009,-0.027026105672121,0.0399958305060863,-0.0145500758662819,3.4962922654813156e-05,-0.0590083636343479,0.1033747866749763,-0.1173432171344757,0.093150109052658,0.1480678468942642,0.0460349433124065,0.0756042897701263,-0.0750167965888977,-0.076350636780262,0.1330541670322418,-0.0983415767550468,0.0628691762685775,-0.0484617389738559,-0.1000164523720741,-0.0181489642709493,-0.1257741153240203,0.1305318772792816,0.1055065542459487,-0.1013839393854141,-0.0442260652780532,0.0753631964325904,0.0690536201000213,-0.0603462494909763,0.138017252087593,-0.134302869439125,-0.1245192065834999,0.0473543219268322,0.1010906547307968,0.1520893275737762,-0.0633871778845787,-0.1537817120552063,0.0974209979176521,0.0916328877210617,-0.0123810665681958,0.1378061175346374,0.1291565597057342,0.0181988608092069,-0.0628495588898658,0.13511323928833,-0.1086927205324173,-0.0015630605630576,0.0749417468905448,-0.0682147070765495,0.0511348210275173,0.1443566977977752,-0.1073293089866638,-0.0028620921075344,0.0792111977934837,0.0323699563741683,0.1424113512039184,-0.0677986070513725,-0.0428782738745212,0.1034217625856399,0.1022315397858619,0.0939996913075447,0.1060804203152656,0.0929053425788879,0.0414291322231292,0.0103235803544521,-0.0322288163006305,-0.1000023186206817,0.0415708161890506,-0.0764976888895034,0.0771956741809845,0.0992834866046905,-0.123798593878746,-0.093098260462284,-0.0322112888097763,0.0310865249484777,-0.0495566129684448,-0.0691832900047302,-0.1009155288338661,-0.1219018921256065,0.1190866827964782,-0.1072418987751007,-0.0298987552523612,0.1373203843832016,0.1323984265327453,-0.1444387286901474,0.025560425594449,0.0528523512184619,0.1540139615535736,-0.0288584809750318,0.0954113900661468,-0.0464714616537094,-0.072157934308052,0.0521650202572345,0.1351704150438308,0.1421237289905548,-0.0014345083618536,-0.0449800938367843,0.0741815194487571,-0.1051841527223587,0.0162681117653846,-0.0471760220825672,-0.1340253502130508,-0.0681019574403762,-0.059191383421421,0.0628856942057609,-0.1516196280717849,0.1643285751342773,-0.1101769059896469,0.1167745888233184,-0.170864000916481,0.0916942581534385,0.0840537920594215,0.1056303530931472,0.0759694203734397,-0.1154399961233139,-0.0481739453971385,0.0473374761641025,0.0372513942420482,0.0898576229810714,0.0107047660276293,0.0968309417366981,0.0321024954319,0.132166787981987,-0.1511314809322357,-0.0830804705619812,0.0562622658908367,-0.0185731370002031,-0.0811868011951446,0.0050680045969784,-0.0782623365521431,-0.0877873376011848,0.08381187915802,0.1589300632476806,0.1560631990432739,-0.0852015614509582,0.1071307957172393,0.0031655936036258,-0.0588147342205047,-0.1151781007647514,0.0774350389838218,0.1055552065372467,-0.117443598806858,0.0833578631281852,0.0618246607482433,0.1496442258358001,-0.0201636292040348,-0.0361417531967163,-0.0224478095769882,0.0112389782443642,-0.076464720070362,0.0530318357050418,-0.0198420714586973,-0.085083968937397,0.0292681008577346,0.0814859345555305,0.0710778832435607,-0.1414343565702438,0.0047896108590066,-0.0608228705823421,-0.0523516312241554,-0.0474432706832885,-0.0451436750590801,-0.0615649223327636,-0.0990801677107811,0.0457326248288154,-0.0368988700211048,-0.0607634782791137,0.0442625992000103,-0.106342040002346,0.0668802335858345,0.1600072234869003,-0.0597507916390895,-0.063173234462738,-0.1237043812870979,0.0782387927174568,0.0821636989712715,-0.00984972063452,0.1407554745674133,-0.0207347311079502,-0.034429382532835,0.0317225567996501,0.0165505558252334,-0.0702874436974525,-0.141317993402481,0.0197631232440471,0.0858591124415397,0.1437111794948578,0.0934008732438087,0.0943683236837387,-0.0580201260745525,0.0281198043376207,-0.1046278178691864,0.0793399438261985,0.0688726678490638,-0.091858334839344,0.0061475913971662,0.07151360809803,0.1126319915056228,-0.0784404501318931,0.0917163118720054,0.04299171641469,-0.1286024451255798,0.0823540017008781,-0.1202447116374969,-0.0504589825868606,-0.1416895091533661,-0.0601602718234062,-0.1043945699930191,-0.0562376230955123,0.0184235721826553,0.0875476822257042,-0.0022854406852275,0.1094678193330764,0.0127203753218054,0.1488376855850219,0.1483091115951538,0.0926782488822937,-0.0202426575124263,0.0098565816879272,0.0948419868946075,0.0654444992542266,-0.1132537871599197,0.0458476282656192,-0.0314970128238201,-0.0419598445296287,0.1208448782563209,-0.0908266603946685,-0.0255562178790569,-0.1247284784913063,0.0590055584907531,0.0203712414950132,-0.0757487937808036,-0.0329040139913558,-0.0788986757397651,0.0622729174792766,-0.0081715025007724,0.0487831011414527,-0.1024860367178917,-0.0345542095601558,0.1348283588886261,0.0552939362823963,0.0551048964262008,0.0259234756231308,-0.0767049267888069,0.0371496975421905,0.0914348065853118,-0.0133850136771798,0.0901955291628837,-0.1246381849050521,0.073873721063137,-0.1133115291595459,0.0458879992365837,-0.0666355416178703,0.1036699339747428,-0.1026215925812721,0.156920313835144,-0.0035738253500312,0.0008100616978481,-0.1132084131240844,-0.0824285298585891,0.1136735826730728,-0.0446510948240757,0.0562303848564624,0.1332968324422836,-0.1411136984825134,-0.1043322905898094,-0.0806154385209083,-0.1417176276445388,-0.0197549257427454,-0.0448881275951862,-0.1149460822343826,-0.1240783855319023,-0.050513569265604,0.0951933860778808,-0.0412331521511077,-0.0596485286951065,-0.0376952514052391,0.0069607119075953,-0.1247025430202484,-0.1235834136605262,-0.1121478900313377,0.1032440513372421,0.070872813463211,-0.1387017369270324,-0.1226431056857109,-0.1267503201961517,-0.022644018754363,0.035948634147644,0.0368563048541545,-0.1108456626534462,-0.1186306327581405,-0.0336329266428947,-0.0568084418773651,-0.0501568429172039,0.1338847875595092,-0.0548724681138992,-0.0727066844701767,0.0245425682514905,-0.047897033393383,0.1486646085977554,-0.0035773841664195,-0.0499454401433467,0.0076506147161126,-0.1401399821043014,0.0521319359540939,-0.1186635866761207,-0.0528950691223144,0.0818017348647117,-0.0083708558231592,-0.1133805364370346,0.1522045731544494,-0.043542306870222,-0.1037123352289199,-0.0892684832215309,0.1156042739748954,-0.0868629440665245,-0.1005142256617546,0.1190902143716812,-0.0750303491950035,0.1010602414608001,-0.1205889582633972,0.1195807829499244,-0.0301409550011158,0.1211078092455864,-0.1087188050150871,-0.0549381114542484,-0.0091195283457636,-0.0440686382353305,-0.1397707164287567,0.0321835242211818,0.1288800984621048,0.1599223613739013,0.0615509748458862,0.0578313134610652,-0.1186837926506996,-0.060535904020071,-0.1097148433327674,RSMKMYDIKNPPAE-UHFFFAOYSA-N,Cc1ccc(C(C)N(C)C(=O)c2cccnc2O)s1
0.028674267232418,-0.1263259053230285,-0.1277076303958892,0.0810309648513794,0.0166812855750322,0.021923791617155,0.0370964035391807,0.0673896223306655,0.028529679402709,0.0103680901229381,0.0619917809963226,0.1056437492370605,-0.0454479195177555,-0.1108449175953865,-0.022311320528388,-0.0958292931318283,0.1232772320508956,-0.1267688274383545,-0.0854413732886314,-0.0086758974939584,0.1130589321255683,-0.095359593629837,-0.0431848168373107,0.0061958758160471,-0.0895766615867614,0.1054242029786109,0.0759582296013832,0.0793489664793014,0.0761301591992378,-0.1222507879137992,0.1251374334096908,-0.0457412116229534,-0.083490639925003,-0.0313016101717948,0.0694716721773147,-0.0610681250691413,-0.02905317209661,0.1155802384018898,-0.1236715763807296,0.11945291608572,-0.0026791766285896,-0.1261532455682754,0.1264210492372512,0.1204249039292335,0.0141087276861071,0.0935240760445594,-0.0319812223315238,0.1000993549823761,-0.1275416314601898,-0.054790548980236,-0.122980810701847,0.0070186234079301,0.1276974081993103,0.1201440691947937,0.1240240857005119,0.043203305453062,-0.1025963798165321,0.1196916550397872,-0.1244678422808647,0.0291521474719047,0.0177796296775341,-0.0495647564530372,0.1233887150883674,0.1270079463720321,-0.0786904841661453,0.1185206696391105,0.0869403332471847,-0.0093970214948058,-0.1077562719583511,0.0263491962105035,0.088484488427639,-0.1260961890220642,-0.0489763766527175,0.1115584298968315,0.0102391997352242,-0.0438509583473205,0.0003974020073655,-0.0991725772619247,0.0979746282100677,0.1237719655036926,-0.1197090148925781,-0.0871286392211914,-0.1188420131802558,-0.068321369588375,-0.0414549373090267,-0.1258952319622039,0.0815839245915412,-0.1219496354460716,0.113170139491558,-0.1261010915040969,-0.0384050793945789,0.0741378664970398,0.125396266579628,0.1208011880517005,0.1279226392507553,0.0419704169034957,-0.1160766407847404,0.1248294413089752,-0.0931522771716117,-0.1139452308416366,0.1061775535345077,-0.0125221628695726,0.0945343375205993,-0.0475910864770412,0.1206952407956123,-0.0039706737734377,-0.1055299937725067,0.0465445928275585,-0.0776604190468788,-0.035082496702671,0.1001527458429336,-0.081019178032875,-0.0153399016708135,0.1249394789338111,0.0870469510555267,-0.1186227947473526,-0.0944212973117828,0.1011245027184486,-0.0431412421166896,0.0030865604057908,0.1067046597599983,0.0691067725419998,-0.0569835714995861,-0.041653785854578,0.0327951945364475,-0.1063790321350097,-0.0175673738121986,-0.0157179441303014,-0.1051891669631004,-0.0987418368458747,-0.0221450570970773,-0.0994166433811187,-0.0912700593471527,0.0772956684231758,-0.0987989380955696,0.091575875878334,-0.1035268157720565,-0.0793742313981056,-0.1052635312080383,-0.0980619341135025,-0.1002154052257537,0.1052385866641998,0.0428717173635959,0.1051275879144668,0.1032683849334716,-0.0443721301853656,0.1039461344480514,0.0799618512392044,0.0715002715587616,0.0908185765147209,-0.0998159497976303,0.1053360924124717,0.1001388952136039,0.0435779988765716,-0.0025829407386481,-0.1029342338442802,0.105173647403717,-0.0030563324689865,-0.021754378452897,0.1041212230920791,0.1047494783997535,0.1014682874083519,-0.0853007361292839,-0.105054847896099,0.1051999181509018,0.1015070751309394,-0.0703265070915222,0.0966409519314765,0.0782840624451637,-0.1010939106345176,0.1029296442866325,-0.0989350080490112,-0.1001117378473281,0.1038447842001915,-0.0650313720107078,0.1041222587227821,0.1053402721881866,0.0947831496596336,-0.0979882031679153,0.1042658686637878,0.0080004688352346,0.1051960811018943,0.099521517753601,-0.0381398648023605,0.1022399216890335,0.1052899435162544,0.1044899970293045,0.1053461804986,0.0730596110224723,0.0742436125874519,0.0115079088136553,0.0910221114754676,0.0278580207377672,-0.0646502152085304,0.1025039106607437,0.1025649383664131,-0.1053058505058288,-0.0949436128139495,-0.0689902007579803,-0.100480742752552,-0.0909505635499954,0.10535529255867,-0.0975561663508415,0.1053531095385551,-0.0186363644897937,-0.021446730941534,0.1031859368085861,0.0545220598578453,-0.0973193794488906,-0.0785172656178474,0.0165012963116168,0.0976475030183792,-0.105212815105915,0.1052912697196006,0.0778383314609527,-0.0810708925127983,-0.1033236533403396,-0.1048495694994926,0.0815708935260772,-0.0949675366282463,-0.0768442749977111,-0.1052727028727531,0.0682846754789352,-0.0772595107555389,0.096496857702732,0.1035429984331131,-0.1048112660646438,0.0961248949170112,-0.1048757284879684,-0.1039814725518226,-0.1044182106852531,0.0018225797684863,0.1050060018897056,0.1005971208214759,0.1051103100180625,-0.1033166125416755,0.0976057946681976,0.0289350375533103,0.1050218492746353,-0.0963501334190368,0.1025981158018112,-0.1038648337125778,-0.0564488656818866,0.0399202443659305,-0.0194667857140302,-0.1020310372114181,0.1034477576613426,-0.0800382941961288,-0.0493711791932582,-0.0871065407991409,0.0037270942702889,-0.0315322689712047,-0.023825068026781,0.1053096055984497,0.1052286401391029,0.0832779631018638,0.1052885726094245,0.1045038178563118,-0.0925481170415878,0.0183448269963264,-0.1058596894145011,0.1057198271155357,0.0188956428319215,-0.1056770533323288,-0.1041358709335327,0.0087152775377035,0.1046923249959945,-0.0958489254117012,0.0836966037750244,0.1031161174178123,-0.1026091501116752,0.0837775245308876,-0.105821892619133,0.1043750420212745,-0.1058008968830108,0.0788015499711036,-0.0978171080350875,-0.1058095693588256,-0.1057770475745201,0.0614185556769371,0.1054790243506431,-0.0992822498083114,-0.1031069457530975,-0.0978877991437912,0.0740730389952659,0.0932484716176986,-0.1025867909193039,0.0780481994152069,-0.0720598399639129,-0.0538281723856925,-0.1048064306378364,0.0952063724398613,-0.0725671127438545,0.1051356792449951,0.1056102737784385,0.0508747398853302,0.09086574614048,0.0402779839932918,0.1045867055654525,0.0522129014134407,-0.1058593243360519,0.1006774976849556,-0.0310616493225097,0.0877894535660743,-0.0655511021614074,0.0946967005729675,0.0941567346453666,-0.0570941716432571,-0.0757360532879829,0.1057062745094299,0.1041445434093475,-0.0743329748511314,0.1025840565562248,0.1036345735192298,-0.1045084819197654,0.0861625373363494,0.1057891994714737,0.0978911891579628,-0.1049476414918899,0.0255948714911937,0.1026266291737556,0.0978835448622703,0.1052253171801567,-0.1053769215941429,-0.0984208360314369,0.0987029448151588,-0.0980955511331558,0.1058600097894668,0.1050930172204971,0.025178138166666,0.103024698793888,0.0959860980510711,0.0683362856507301,0.0775787830352783,0.1041703894734382,-0.101229727268219,0.1000697761774063,-0.051760971546173,-0.1009927839040756,-0.0553106069564819,0.0673487186431884,-0.0401910915970802,0.0952786803245544,0.0543886125087738,0.0949376001954078,0.1043750643730163,-0.1057711541652679,-0.1053967773914337,0.0661291629076004,-0.0258590206503868,-0.0928051248192787,0.1049370840191841,-0.0516640618443489,-0.1053132191300392,-0.0811543464660644,-0.0601874031126499,0.0479126423597335,-0.1049269065260887,0.0973174273967742,0.0881970599293708,-0.0961832031607627,0.0095173809677362,-0.0005210684030316,0.1058586090803146,-0.0964885503053665,0.0180239789187908,-0.1004865020513534,-0.1044587418437004,0.0733095705509185,0.081341452896595,-0.0670092105865478,0.0798704326152801,0.0538625158369541,0.0987670272588729,0.0844785422086715,-0.102245308458805,0.1056959778070449,0.1002334728837013,-0.0984157472848892,0.1005580797791481,0.0801133289933204,0.0650652199983596,0.1045135557651519,0.0311793368309736,0.0918791443109512,-0.0530832819640636,-0.088341124355793,-0.0908863246440887,0.0912152975797653,0.0918166115880012,-0.0918491780757904,-0.0871760547161102,-0.092014379799366,-0.0915134996175766,-0.0916545838117599,0.0917020738124847,0.0897542685270309,0.0920515209436416,0.0919722244143486,-0.092102400958538,0.0157021824270486,0.092095099389553,-0.0920497104525566,0.0920799896121025,0.0882192775607109,0.0919365435838699,-0.0919988229870796,-0.0921041667461395,-0.0921034067869186,0.0916452854871749,-0.087551899254322,0.092114120721817,0.0921144932508468,-0.0890442952513694,0.0853106752038002,-0.0917887464165687,0.0908880606293678,0.0919928103685379,-0.0872220769524574,0.091352678835392,0.0898442640900611,-0.0792565867304802,-0.0920949354767799,0.0910838618874549,0.0920668765902519,0.0888662338256836,0.0867879763245582,0.0876694619655609,0.0879265964031219,0.0921063870191574,0.0911520272493362,0.0920337066054344,0.0896648615598678,-0.0884161740541458,-0.0824730098247528,0.0915005207061767,-0.09207484126091,0.0921113565564155,-0.0808086618781089,0.0918015539646148,-0.0919960886240005,0.0920971855521202,-0.0920874178409576,-0.09112099558115,-0.069390133023262,0.091875210404396,-0.0918930023908615,0.0892201662063598,0.0921112671494484,-0.0847094133496284,-0.0910139679908752,0.0658318921923637,0.0903166159987449,0.0688165873289108,-0.0920658931136131,0.091988980770111,0.087177999317646,0.0919224768877029,-0.0920864194631576,0.0920631289482116,0.0921130925416946,0.0793529078364372,-0.0914240479469299,0.0899952501058578,0.0921139195561409,-0.08369842171669,-0.0868710651993751,-0.090920403599739,-0.0915433913469314,0.0917921140789985,0.0865537747740745,-0.09210916608572,-0.0186589416116476,0.0875943750143051,0.0901519134640693,0.0910611003637313,-0.0920349583029747,-0.0912189185619354,0.0903421193361282,0.0921022295951843,0.0916478037834167,0.0769979730248451,0.0882060453295707,0.0920808389782905,-0.0897009894251823,0.0871809795498848,-0.0764987766742706,-0.0913942903280258,0.091960534453392,0.089132934808731,-0.0921021029353141,0.0921032279729843,0.0916257873177528,0.0901444405317306,-0.0917785093188285,0.0920752733945846,0.0658741071820259,-0.0859444364905357,-0.0920869708061218,0.0918487757444381,0.0916555002331733,0.0913355946540832,-0.0921146273612976,-0.0921146795153617,0.0894444957375526,-0.0903655961155891,-0.0900847613811492,0.0465582236647605,0.0913736522197723,0.0919029787182807,0.0919637084007263,-0.0917771905660629,-0.064348429441452,0.0685839429497718,0.1235716491937637,-0.054359208792448,0.1608938574790954,0.1441742777824401,0.1584468334913253,-0.1009960919618606,-0.0085210977122187,0.1373552978038787,0.085257388651371,0.1584510058164596,0.0474427156150341,0.0425637848675251,0.0391809232532978,-0.1408072859048843,-0.0112143717706203,0.0729332119226455,-0.1275575160980224,0.1536891311407089,-0.0260390304028987,-0.0006381619605235,-0.0448028296232223,0.0464475452899932,0.0614665448665618,0.0279563926160335,-0.0185532644391059,0.0026917427312582,0.0635539963841438,0.0541108511388301,0.0995183959603309,-0.0041332296095788,0.079618439078331,-0.0505975633859634,0.0686848759651184,-0.0802096277475357,0.1076207682490348,-0.1595269441604614,0.1131779477000236,-0.0838831141591072,0.0099798860028386,-0.0304011888802051,-0.0622198469936847,-0.0938304811716079,0.0645448118448257,0.1614233255386352,-0.147171214222908,-0.1472654193639755,-0.0437437258660793,0.064249612390995,-0.1248650923371315,-0.0607745610177516,0.0526790060102939,-0.0233744103461503,-0.0358269959688186,-0.0462235920131206,-0.1176445856690406,0.0313246883451938,0.082735538482666,-0.1191901266574859,0.058196872472763,0.0796659141778945,-0.1725220829248428,-0.045558638870716,-0.1196409836411476,-0.0683045238256454,0.0009610436391085,0.0783753618597984,-0.0272951908409595,-0.064664214849472,-0.0281219352036714,-0.0784573927521705,-0.165185734629631,-0.1057266891002655,0.1312979757785797,0.0469025075435638,0.0586045049130916,0.0654413402080535,0.0480212345719337,0.1446533203125,0.1605845540761947,-0.0190971791744232,-0.0485310181975364,0.1856710761785507,0.1192945390939712,-0.0854426547884941,0.004872818943113,0.0786942541599273,-0.1279359012842178,-0.0833515971899032,-0.0333278030157089,0.0306315198540687,-0.1801869422197342,-0.1056407690048217,0.1585147529840469,0.0206486079841852,0.003433394478634,0.0412095412611961,0.0591644458472728,-0.0263977628201246,2.5182220269925892e-05,0.0772356241941452,0.0229951608926057,0.0925525203347206,0.0481555797159671,0.0188759472221136,-0.0462810508906841,0.0716659426689148,-0.0765988528728485,0.0405516251921653,0.0452765561640262,-0.076746717095375,0.184230163693428,-0.0564225912094116,0.0402018390595912,0.0252273865044116,0.1229920536279678,-0.0032411492429673,0.0101591106504201,0.0922667831182479,-0.0891366526484489,-0.1623175293207168,0.0231616720557212,-0.059236790984869,-0.0901315882802009,-0.0063007515855133,0.0335815623402595,-0.0164537355303764,-0.0587004907429218,-0.029587147757411,-0.0984768494963646,-0.001475759781897,0.0919418334960937,0.1043087989091873,0.1528160870075225,0.0918528065085411,0.0001378237648168,-0.0926383435726165,0.060114812105894,-0.0166441146284341,-0.0895675122737884,-0.0958586782217025,0.156259536743164,0.0450102537870407,0.0253067333251237,-0.1119167804718017,-0.0459855198860168,-0.2068937122821808,0.1441543251276016,0.0541750602424144,-0.003732711309567,-0.0488240681588649,0.1181781068444252,0.0464419834315776,0.0059034596197307,-0.0246301311999559,-0.0384577140212059,-0.1213195547461509,0.0607253648340702,0.0470295846462249,0.1721700429916381,-0.0496283434331417,-0.1492906659841537,0.0890268832445144,0.1292354762554168,-0.0317016467452049,0.054961260408163,-0.0479812920093536,0.1243124455213546,0.1278698295354843,-0.1218775734305381,-0.1787949353456497,0.0268328133970499,0.0169463716447353,0.1605856418609619,-0.0397418104112148,-0.0351019874215126,0.0123709328472614,-0.1524272412061691,0.0730866864323616,-0.1025225147604942,-0.0581383071839809,0.0151597335934638,-0.0056869816035032,0.0119917849078774,-0.1152522787451744,-0.0019904316868633,0.088035300374031,0.0518901497125625,0.0573966838419437,-0.0689989104866981,-0.0251126773655414,0.1093069016933441,-0.0162402763962745,-0.0712663382291793,-0.0323746837675571,0.113357089459896,0.1122576519846916,-0.1343867480754852,-0.0452550612390041,-0.0577664785087108,-0.111955314874649,0.0113309081643819,0.0242282506078481,-0.1348162293434143,0.0465680100023746,-0.1286056339740753,-0.0098528563976287,0.0721432194113731,-0.1435693204402923,0.0955579057335853,-0.0340166315436363,0.0036533372476696,0.152484580874443,0.0191188100725412,-0.0087889777496457,-0.0742697194218635,-0.0992875024676323,-0.0140017410740256,0.0278525501489639,-0.0916425213217735,0.1015369445085525,-0.1224968358874321,-0.0101358210667967,0.0155358044430613,0.0901445299386978,0.0157606285065412,-0.0670368745923042,0.036379124969244,0.1357985436916351,0.0529779717326164,0.0236269738525152,0.0034417880233377,-0.0016480481717735,-0.1467233300209045,-0.1415262222290039,0.1117717251181602,-0.1052590161561966,0.1293863356113433,-0.1231959536671638,0.1309946775436401,-0.0270150415599346,-0.0258090645074844,-0.0367074497044086,-0.0885249450802803,-0.1711025983095169,-0.0720732435584068,-0.1141612455248832,-0.0231422055512666,0.1012525707483291,0.1485340446233749,-0.0382049083709716,-0.0006749748717993,0.0606444776058197,0.1123947650194168,-0.0064020985737442,YXIVHBBMEYEBKP-UHFFFAOYSA-N,O=C(O)c1cn(C2CC2)c2cc(-n3cc(CNC4CCCCC4)nn3)c(F)cc2c1=O
0.1053617298603057,-0.0881059169769287,0.1003098785877227,-0.1087868586182594,-0.0792666152119636,0.0871969908475875,-0.1029732301831245,-0.105370745062828,-0.1053579226136207,-0.0618693977594375,-0.0673477873206138,0.02308214828372,-0.102125845849514,-0.1076254025101661,0.1045053899288177,0.0805129185318946,-0.1085892468690872,0.1080213338136673,0.0373549163341522,-0.030417425557971,-0.026091331616044,0.0901397466659545,-0.1087686121463775,0.1083637475967407,0.0065144319087266,0.1073160469532013,0.1055273190140724,0.0004778995353262,-0.0936240926384925,-0.0990967452526092,-0.1086926460266113,0.1087419614195823,0.1048189252614975,0.1087881848216056,-0.1040406078100204,0.0524862818419933,0.0719473958015441,-0.1085297986865043,-0.090780459344387,-0.091037780046463,0.10172089189291,0.0995232537388801,0.108769841492176,-0.105012223124504,-0.1050949990749359,-0.015230038203299,-0.0785487815737724,-0.0932895168662071,0.1079413294792175,0.1087590977549552,-0.0668502077460289,-0.0589351430535316,0.1080354824662208,0.108558140695095,-0.0275951251387596,-0.0796858221292495,-0.1016863137483596,0.1035481542348861,-0.0002552414080128,-0.0158418770879507,0.1084899455308914,0.0640339031815528,0.0648741945624351,0.0993465930223465,-0.1087870672345161,-0.1087443530559539,0.0706652253866195,-0.1011000722646713,0.0616668052971363,-0.1000471338629722,0.1082869172096252,-0.1048476696014404,-0.0888532400131225,-0.1000922098755836,-0.1080943271517753,-0.0917100310325622,0.0295134857296943,0.0960542932152748,0.1086877137422561,-0.1087835654616355,-0.1087527200579643,0.1084081605076789,0.108788289129734,0.1080868542194366,0.1032739505171775,-0.1044294461607933,-0.1087495759129524,-0.0839516744017601,-0.0101799480617046,-0.1086842194199562,-0.0054691201075911,-0.0837630257010459,0.0974959731101989,-0.1087883114814758,0.0653030052781105,0.0197645928710699,-0.0873258635401725,0.0942427739500999,-0.1073583215475082,0.0991363599896431,-0.011769937351346,-0.0723836347460746,0.0344226360321044,-0.1087091416120529,-0.1076083183288574,-0.0963241457939148,-0.0346181131899356,0.0469525568187236,0.0765691548585891,0.1087865382432937,0.1087881326675415,-0.1080033332109451,-0.0130853382870554,0.0956373289227485,-0.0088478550314903,0.1083968803286552,0.0444797202944755,0.0489945784211158,-0.1087202802300453,-0.0611014142632484,0.1050204336643219,-0.097946397960186,-0.0441783033311367,-0.0260403864085674,-0.0056023588404059,0.1056383028626442,0.1085332632064819,0.0097874552011489,0.094267800450325,0.094268299639225,-0.0941949635744094,0.0942708849906921,0.0942698717117309,0.0942709147930145,-0.0942675173282623,0.092681735754013,0.0942685902118682,0.0940202251076698,0.0933581367135047,0.0931725725531578,0.0942645519971847,-0.0941369161009788,0.0942709147930145,-0.0942709147930145,-0.0759973376989364,-0.0939799100160598,0.0942709147930145,0.0936065688729286,0.0942709147930145,0.0424878001213073,-0.0942527502775192,0.0921709910035133,0.0942121371626854,0.0942692086100578,0.0321046561002731,-0.0892107114195823,0.0345398969948291,-0.0609009675681591,-0.0942709147930145,0.0942460149526596,0.0942321047186851,0.0941486656665802,0.0942709147930145,0.0942620113492012,-0.0763147547841072,-0.0942607596516609,0.0942709147930145,0.0516300722956657,0.094270221889019,0.0941225364804267,0.0790325403213501,0.0942709147930145,0.0872434452176094,-0.0942705571651458,0.0728040337562561,-0.09426299482584,0.0822995975613594,0.0941280573606491,-0.073642298579216,0.0879207253456115,0.0929807871580123,-0.0359925255179405,-0.0941744372248649,0.0940117985010147,0.0942709147930145,-0.0942709147930145,-0.0942709147930145,-0.0942519977688789,-0.0936434790492057,-0.0942552685737609,-0.0815120264887809,0.0935756564140319,-0.0942709147930145,-0.0942709147930145,-0.0942709147930145,0.0942676588892936,-0.0942708849906921,0.0940066054463386,0.0942709147930145,0.0936445966362953,0.094269298017025,-0.0930788666009903,-0.0940981060266494,-0.0941485837101936,0.0942709147930145,-0.0942709147930145,-0.0942545607686042,-0.0941226258873939,0.0942709147930145,-0.0940732285380363,-0.0081352312117815,-0.0942709147930145,-0.0716632008552551,0.0942706912755966,-0.0942709073424339,-0.0925005078315734,0.094215027987957,-0.0882784202694892,-0.0831833854317665,-0.0881919562816619,-0.0941053032875061,0.0754693076014518,-0.0941051766276359,0.0941614583134651,-0.0942574739456176,-0.0942544192075729,-0.0921334698796272,0.0942709147930145,-0.005281965713948,-0.0907151624560356,0.075551152229309,-0.0869592428207397,0.0931133553385734,-0.0942709147930145,0.0396194793283939,0.0935154035687446,-0.093689814209938,-0.0937891229987144,0.0929833650588989,-0.0940327569842338,-0.0808432027697563,-0.0942706763744354,0.093969352543354,0.0924124345183372,-0.0942559763789177,0.0923563167452812,0.0942696332931518,0.0905212461948394,-0.0942709147930145,-0.0390319563448429,-0.0942663177847862,0.0514780208468437,-0.0935485139489173,0.0942360907793045,0.0040723318234086,0.0919217467308044,-0.0960873812437057,0.1020189821720123,-0.103920966386795,-0.0037169000133872,0.1031061857938766,0.1017208099365234,-0.1027541384100914,-0.1033957228064537,-0.1033671051263809,-0.0989089533686637,-0.0854712128639221,0.1026128455996513,0.1006492003798484,0.1039097905158996,0.0639225542545318,-0.0574300661683082,-0.0773887932300567,0.0167812462896108,0.0890076234936714,-0.0902577862143516,-0.1037885397672653,-0.0693422332406044,0.0139198554679751,0.0866613388061523,-0.0123443957418203,-0.0971726924180984,-0.0736248716711998,0.0560334660112857,0.0405157245695591,0.0807690620422363,0.0980094596743583,-0.0909189507365226,-0.0804329663515091,0.0886726379394531,0.0760451331734657,-0.1025106981396675,0.1039210930466651,0.1026841849088668,0.0756584852933883,-0.10381730645895,0.1020145267248153,-0.0438803508877754,-0.1039286851882934,-0.1036952808499336,-0.101972721517086,-0.0554684661328792,-0.0927283614873886,-0.0979248881340026,-0.1038237884640693,-0.103666566312313,0.1003179028630256,-0.1003549993038177,-0.0961424931883812,0.102090798318386,0.0901988372206687,0.0905426517128944,0.0059510068967938,0.0993958711624145,0.0784525796771049,-0.030950317159295,0.1040122732520103,0.1007320880889892,0.0454007498919963,0.0942227095365524,0.0800345614552497,0.0746106207370758,0.0929394960403442,-0.1039835810661315,0.1021014377474784,-0.0989705547690391,0.1007899716496467,0.1037633046507835,-0.0145789748057723,0.0443904437124729,0.0957776829600334,0.1031025797128677,0.1040164157748222,-0.1040125861763954,0.0998286232352256,-0.1014977321028709,-0.0835121199488639,-0.1039129719138145,-0.0798785760998725,-0.0701447650790214,-0.0691047832369804,0.1040124595165252,0.0996574833989143,-0.0789159685373306,0.100445955991745,0.0751500278711319,-0.0959556773304939,-0.090232528746128,0.0737713426351547,0.100980520248413,-0.0924304127693176,-0.0903484374284744,-0.0999765545129776,0.0721298605203628,-0.050515316426754,-0.0783795937895774,-0.1040009707212448,-0.0975981652736663,-0.1027116551995277,-0.0861814096570015,0.0498653016984462,-0.0992935597896575,0.0624060295522213,-0.0963632017374038,0.103695660829544,-0.1040010526776313,-0.0816678404808044,-0.1039929240942001,0.0773376747965812,-0.103345476090908,-0.008720657788217,0.0881021916866302,0.0445762239396572,0.1034774556756019,-0.1005873382091522,0.1014990583062172,-0.1039917767047882,-0.0966555774211883,-0.0994943529367446,-0.0957239344716072,0.0887792184948921,-0.041736613959074,0.0653263255953788,0.100214846432209,0.1083421260118484,-0.0163575876504182,-0.1208632662892341,0.1131940186023712,-0.0216698255389928,0.0638418719172477,-0.0430154055356979,0.1027677804231643,0.1158427894115448,-0.0270119421184062,-0.0526583604514598,0.1108186095952987,-0.0740750283002853,-0.1195177286863327,0.1074200347065925,-0.0951596871018409,-0.1009965613484382,-0.046775035560131,-0.0837392210960388,0.0325552299618721,0.1063165441155433,0.1257553100585937,0.0716537237167358,-0.0019992266315966,0.1158579960465431,0.1222434490919113,-0.1223388314247131,0.0380577929317951,0.0487197004258632,-0.0990209802985191,-0.0594951286911964,0.1128190830349922,-0.1123469546437263,-0.0461480021476745,0.0948637202382087,0.014389275573194,-0.0228345673531293,-0.1151372268795967,0.1273589879274368,-0.091046966612339,0.0871884673833847,-0.1238714680075645,-0.0335952080786228,-0.0231673568487167,0.1206448748707771,0.1133453771471977,0.0629663467407226,-0.1199817582964897,-0.1027874052524566,0.0679942145943641,-0.1022884845733642,-0.1260052919387817,0.0022147272247821,0.1225579157471656,0.1248440518975257,-0.0905129760503768,-0.1179726421833038,-0.0536526665091514,0.0735881552100181,0.0966719537973404,-0.1255221962928772,-0.1243426129221916,0.0906372517347335,-0.1260062456130981,0.1261027455329895,-0.0950819104909896,-0.0126651003956794,-0.1151817813515663,0.1159537658095359,0.0719813480973243,-0.0893235579133033,-0.0867036581039428,0.0840668305754661,0.0150579251348972,-0.1030094251036644,-0.070466935634613,0.0424483679234981,-0.084659643471241,0.0995271801948547,-0.1222112029790878,0.0636261776089668,0.0494333580136299,-0.0612683743238449,-0.1269281357526779,-0.0996034070849418,0.0681686997413635,-0.0355712696909904,0.0526864193379879,-0.0538678839802742,-0.0139690460637211,-0.0892182812094688,-0.0817539989948272,0.0935755521059036,0.1231957301497459,-0.0046629402786493,-0.1039528921246528,0.1166763305664062,0.017410634085536,0.1026422679424285,0.1200663596391677,-0.0144754964858293,0.0557436533272266,0.046912919729948,-0.0655912533402443,-0.0842686742544174,-0.0464493110775947,-0.0211056731641292,-0.0937109217047691,0.1066605150699615,0.0146658597514033,-0.1241004839539527,-0.0785167440772056,-0.0852656364440918,-0.0981960073113441,-0.012435233220458,0.1206700280308723,-0.0923723876476287,0.1243351474404335,-0.0786315724253654,0.0683960691094398,0.1035233587026596,-0.0485444962978363,0.117782361805439,0.0989075824618339,0.0598904713988304,0.1113535687327385,-0.0324140191078186,-0.0326361842453479,-0.1302501410245895,-0.1048794463276863,0.095997154712677,-0.0946035683155059,0.0832637995481491,0.0653301477432251,-0.0197435412555933,0.0556147806346416,0.0112189799547195,-0.1231902986764907,0.1065995618700981,-0.0985609516501426,0.1519814878702163,0.1158128604292869,0.0886130034923553,-0.1415628045797348,0.0349119864404201,0.0013332023518159,-0.0674398317933082,0.0266062431037426,-0.1358662396669387,-0.0459773354232311,0.0793178379535675,0.0711013153195381,-0.0076067615300416,0.1211604326963424,-0.1078299507498741,-0.0036797162611037,-0.1383102685213089,0.0533768273890018,0.0403069965541362,0.1518434882164001,0.0839405879378318,-0.05270891264081,-0.1028984263539314,-0.0582974404096603,-0.0910446867346763,-0.1091946065425872,-0.022306190803647,0.103272795677185,-0.0579702705144882,0.0898959636688232,-0.0513519495725631,-0.0051548718474805,-0.105068065226078,0.0702966898679733,-0.0343065112829208,0.0958397611975669,-0.0394437909126281,-0.0787756592035293,0.0711559802293777,0.0027317127678543,0.1472770124673843,-0.0188286211341619,-0.0449146777391433,-0.0113320937380194,0.0828149169683456,0.0123033011332154,0.133761927485466,0.065475009381771,0.1153926402330398,0.1388722509145736,-0.1298107951879501,0.0348846763372421,0.0487137548625469,-0.079560101032257,0.0639813989400863,0.0264970101416111,-0.1105146780610084,0.0414620675146579,-0.0994865223765373,-0.1451288759708404,-0.0627986043691635,0.1025746092200279,0.0641919448971748,-0.0486654564738273,-0.0664763748645782,-0.0010774726979434,-0.1305213570594787,-0.0978158637881279,-0.0851660519838333,-0.0019628775771707,-0.0709109157323837,-0.0499411076307296,0.0357114188373088,-0.1481287032365799,0.1148957833647728,-0.0525601245462894,-0.0869176238775253,0.1617814004421234,0.1318500339984893,-0.093404620885849,-0.1476651132106781,0.1117854937911033,0.0396635979413986,-0.1381497830152511,0.0865560546517372,-0.0155236171558499,-0.0119889117777347,0.1351824253797531,0.1031331270933151,-0.0188811607658863,0.0009079471928998,0.1343475431203842,-0.0113914981484413,0.0509622357785701,-0.1292614936828613,0.0883741676807403,0.0190752726048231,0.1221986785531044,0.1073510721325874,0.0041417400352656,0.0088251885026693,-0.0620662122964859,0.0122130736708641,-0.1356052458286285,0.1442528963088989,0.0351875536143779,-0.0512527413666248,0.0492695160210132,-0.146483689546585,0.0064926207996904,0.065899446606636,-0.0775869414210319,-0.0959478989243507,0.1211130246520042,-0.1078257784247398,0.0954826474189758,0.026559853926301,0.1138891726732254,0.0621812492609024,0.0944828167557716,-0.1075306162238121,0.1230967864394187,0.0919871851801872,0.1011430546641349,-0.0230663605034351,0.0192209854722023,0.0499614924192428,0.0605301707983017,0.1221853867173194,-0.0092741576954722,-0.1013735309243202,-0.0271644443273544,0.1303527951240539,-0.1294931322336197,0.0564521215856075,0.0772857964038848,0.0408038571476936,0.0506510064005851,-0.1337423026561737,-0.0907233878970146,-0.0743472874164581,0.0046908222138881,0.1065786927938461,0.0381823033094406,-0.073386013507843,-0.0694707408547401,0.070730023086071,0.0499112270772457,-0.0579337440431118,0.0600838027894496,-0.1117405444383621,-0.0271306429058313,0.0464580915868282,0.1265384405851364,0.0633828043937683,-0.0404242575168609,0.0136295445263385,-0.1120598316192627,-0.0237673688679933,-0.0833161920309066,0.1278645247220993,-0.0721385106444358,0.1228388845920562,-0.0281527061015367,-0.0598413757979869,-0.1299316585063934,-0.1127899736166,0.0388123504817485,-0.1175981014966964,0.1223338842391967,0.1291606426239013,-0.1274874210357666,-0.1298151463270187,-0.08901859074831,-0.1359501928091049,-0.003727744333446,-0.0205097701400518,-0.1035893037915229,0.0724747478961944,-0.0565330423414707,0.130519688129425,-0.1282463818788528,0.0813421830534935,-0.0825639441609382,-0.0736439600586891,-0.1165658608078956,0.009594271890819,-0.0836843773722648,0.1194704174995422,0.1290076076984405,-0.1354843825101852,-0.0869421437382698,0.0327899120748043,-0.0809748172760009,0.0883190482854843,-0.0609470084309577,-0.0633679702877998,0.0094644287601113,-0.1241307854652404,0.019493531435728,-0.1023929268121719,-0.0326340198516845,-0.0912597104907035,-0.0449025854468345,0.0961427390575409,0.0499050356447696,0.1389959156513214,0.0689510181546211,0.0308879241347312,-0.0648530647158622,-0.0683661252260208,0.089450903236866,-0.0807515904307365,0.0264472551643848,0.1295081228017807,0.1153585165739059,-0.073687233030796,0.0612610802054405,-0.0099004162475466,-0.0957187414169311,-0.0286388602107763,0.1135902181267738,0.0807207971811294,0.0022432785481214,0.1007608324289321,-0.0954896286129951,-0.1022755056619644,0.0465577691793441,0.0417892597615718,-0.0655782222747802,0.1398368030786514,-0.13975590467453,0.0654799565672874,-0.0863919332623481,-0.0313415192067623,-0.1294778734445572,-0.0658501535654068,0.1073734313249588,0.1410864740610122,0.1041413694620132,0.1095828041434288,-0.1381845027208328,0.0983085334300994,-0.1018341407179832,INAAAWAHHXNOPL-UHFFFAOYSA-N,CC1Cc2ccccc2N1S(C)(=O)=O
0.0830414071679115,0.0875100418925285,0.0421202071011066,0.106320321559906,0.0967433154582977,0.007581865414977,0.0765940845012664,0.1017477735877037,-0.0943750068545341,0.0817357748746872,-0.1039248183369636,0.0714250206947326,0.033723596483469,0.1055572479963302,0.1061913520097732,-0.1061978414654731,0.1055858954787254,-0.01427021343261,0.097423642873764,0.1063132211565971,0.0763588100671768,-0.1019454225897789,0.0224177688360214,-0.0714766532182693,0.0868116542696952,-0.056779459118843,-0.0983537212014198,-0.0906247198581695,0.1055003926157951,0.0210016295313835,-0.0984432697296142,-0.0025990712456405,-0.1053826585412025,0.0925544798374176,-0.1063204705715179,-0.106309562921524,-0.0653846189379692,0.1049142703413963,0.1063170507550239,0.1025393679738044,-0.1026880145072937,0.1027247980237007,-0.1061997041106224,0.1062758788466453,0.1062604933977127,0.1047558709979057,-0.106183037161827,-0.1063107997179031,-0.1040850132703781,-0.1051414757966995,0.1058760583400726,0.0749754831194877,-0.0521339662373065,0.0991613045334816,-0.1062408611178398,-0.0084138642996549,-0.0997763574123382,-0.1063146293163299,-0.1047201454639434,0.0981900691986084,0.1044661551713943,0.106205016374588,0.105384275317192,-0.0002450154279358,0.1062915101647377,-0.1060149520635604,-0.1063194200396537,-0.0185260493308305,0.0148474872112274,-0.1009700745344162,0.0958997830748558,0.1063263565301895,0.106187917292118,-0.1063150092959404,-0.1063145548105239,0.0998149663209915,-0.1060446500778198,0.0969121009111404,-0.0350542888045311,-0.1061776056885719,-0.079844169318676,0.10522972792387,0.0303692575544118,0.0946092158555984,0.0965792313218116,0.1062888726592063,0.0675597637891769,0.1056362614035606,-0.1048822924494743,-0.0356967858970165,0.1043875068426132,0.0978710651397705,0.1008761152625083,0.1049880683422088,-0.1063134372234344,0.0608755983412265,-0.1062720045447349,0.0528107546269893,-0.0263406280428171,0.1062942892313003,0.007199287880212,0.0353988781571388,0.1060545369982719,-0.0837538167834281,-0.1063087806105613,-0.0907520651817321,0.034881617873907,0.042825374752283,-0.0095867943018674,-0.0837564542889595,0.0207669138908386,0.017171710729599,0.0117813237011432,-0.1043998226523399,0.1061509177088737,0.099348060786724,-0.1030202805995941,0.0181672126054763,-0.1062651351094245,0.1056822016835212,0.093103714287281,0.1018533334136009,-0.0008003341499716,0.0694324523210525,-0.0278238207101821,0.1007814779877662,-0.0915831178426742,-0.1062565147876739,0.0872374102473259,-0.0874218940734863,-0.0013099251082167,0.0034850270021706,-0.0999446734786033,0.0991566702723503,0.0998773500323295,0.0981933176517486,0.100125178694725,0.0405473597347736,0.1001475825905799,-0.0999904572963714,-0.1001147404313087,-0.0996779948472976,-0.0978367924690246,-0.0998756512999534,0.0996130630373954,-0.0428439974784851,-0.1001508310437202,-0.1001475527882576,0.0534026883542537,-0.0958181843161583,-0.1000648811459541,-0.060229368507862,0.1001501604914665,0.0795016437768936,0.0089514069259166,-0.0685075670480728,-0.1001504361629486,-0.1001297533512115,-0.1001498103141784,-0.086835578083992,-0.0995175167918205,0.1001507565379142,0.0998369604349136,-0.0631191357970237,0.1001457720994949,-0.1001508310437202,0.0712872520089149,0.089749775826931,0.1001467630267143,0.0992858409881591,0.1001508310437202,-0.1001508310437202,0.0958067625761032,-0.0186663400381803,-0.0985946133732795,0.1001496985554695,-0.1001497730612754,0.1001507937908172,0.1001507118344307,-0.1001507565379142,0.0777062326669693,-0.1001506969332695,-0.0639825090765953,-0.1001451388001442,0.09812843054533,-0.1001508310437202,-0.0998132824897766,-0.1001496762037277,-0.0792967230081558,0.0909019634127616,-0.0893082916736602,-0.0604434050619602,0.1001508310437202,-0.0912710428237915,-0.100149966776371,0.0595813132822513,-0.1001478135585784,-0.0992299616336822,0.09830292314291,-0.1001508310437202,-0.1001462861895561,-0.1001482233405113,-0.1001507267355918,0.0467216372489929,-0.1001484096050262,0.099909633398056,0.0864548087120056,-0.1000631898641586,0.0258122347295284,0.0953834727406501,0.1001504957675933,0.0942940488457679,-0.1001507192850112,0.0242186672985553,-0.0977282747626304,0.097139649093151,-0.0343996547162532,-0.087352842092514,-0.1000413373112678,0.0084770172834396,-0.0273749642074108,0.1001508310437202,-0.0994471609592437,0.1001507863402366,-0.0784844905138015,0.0410695448517799,-0.0963876619935035,-0.0972731709480285,0.0769680812954902,0.1001316532492637,0.0872161164879798,0.0982375815510749,0.1000867336988449,0.100150816142559,0.0332998521625995,-0.0927816405892372,-0.0973708853125572,-0.1001449972391128,0.012284287251532,0.1000622808933258,-0.1001508235931396,-0.0995412170886993,-0.0948673337697982,0.0115628456696867,-0.1000672131776809,-0.029857525601983,-0.1000837683677673,-0.0997967720031738,0.0977632328867912,0.0068069947883486,-0.1001287698745727,0.0998416915535926,0.0053616384975612,-0.1001508310437202,-0.0992235764861106,-0.0867958813905716,-0.0995978042483329,-0.098408468067646,0.0994859188795089,-0.0995866954326629,0.0996013805270195,-0.0853748843073844,0.005859107710421,-0.0994226485490799,-0.090132750570774,-0.0971833020448684,0.0995823666453361,-0.0481595918536186,0.0981248095631599,-0.0147033454850316,0.0860723704099655,0.0977847129106521,-0.0976647809147834,-0.0538279227912426,-0.0959794670343399,0.0994660407304763,0.0845900252461433,-0.098597303032875,0.0994483307003974,-0.0968860536813736,0.0995934233069419,0.0901868045330047,0.0973008573055267,0.0995814949274063,0.0962125808000564,-0.0979576781392097,0.0995997488498687,-0.0995766445994377,0.0918077826499939,0.0779571086168289,-0.0989643558859825,-0.0995864495635032,-0.0663778334856033,-0.0995749458670616,-0.0981920138001442,-0.0345681011676788,0.09934052079916,0.0925637856125831,-0.0403387993574142,-0.0995991677045822,0.096156507730484,0.0924394279718399,-0.0796775892376899,-0.0994956865906715,0.099560797214508,-0.0965777784585952,0.0941022932529449,-0.0980084687471389,-0.0995995998382568,-0.0568119846284389,-0.0814322829246521,-0.0033676717430353,0.0851812586188316,-0.0994142815470695,-0.0941770300269126,0.0995128005743026,0.0752262324094772,0.0995304435491561,0.0996013209223747,-0.0642350688576698,-0.0464539639651775,0.0223261509090662,0.0968623235821724,0.0990617349743843,-0.0685797035694122,-0.0745984092354774,-0.0995917841792106,-0.0156854130327701,-0.0649172514677047,0.0995164364576339,0.098585158586502,-0.0995934456586837,-0.0995926633477211,-0.0955702885985374,-0.0995963811874389,-0.0979923754930496,0.0763944536447525,0.0996011197566986,-0.0873029753565788,0.0979860574007034,-0.0995908752083778,-0.0967308580875396,0.0978503003716468,-0.0926039516925811,-0.0990264564752578,0.0931787192821502,0.0995985269546508,-0.0143716279417276,0.099355824291706,-0.0939439758658409,0.0990294516086578,-0.0909018144011497,-0.0965864732861518,0.0956527516245842,0.0900535881519317,-0.0995953679084777,-0.0351686403155326,0.098767913877964,-0.0024370579048991,0.0934827700257301,0.0995811596512794,-0.0735159292817115,-0.0995748415589332,0.0594247728586196,-0.0992917567491531,0.0990569293498992,0.0945801511406898,0.0423813611268997,0.0981421619653701,-0.0995845943689346,0.0995923429727554,-0.0991457924246788,-0.0986237004399299,-0.0993337854743003,0.0996013954281807,0.0995295643806457,0.0963982790708541,0.0267242416739463,0.0445026792585849,-0.0992707833647728,-0.099546231329441,0.0102766184136271,0.0189040582627058,0.0992129445075988,0.0881356298923492,0.0844110995531082,0.0344855152070522,-0.119680218398571,0.0165387950837612,-0.0153763107955455,-0.0852735117077827,-0.111058086156845,-0.0315974280238151,0.0164047982543706,0.0633079782128334,-0.0174320992082357,0.0655789151787757,0.1128231436014175,-0.0913968011736869,-0.038598284125328,-0.1344854682683944,-0.0151888336986303,0.1122737303376197,-0.0422083884477615,0.051351360976696,0.1006713509559631,-0.0614448487758636,0.0077813346870243,0.1227512434124946,-0.10666224360466,-0.097396932542324,0.0795467346906662,-0.1130355820059776,-0.1708030998706817,-0.0047790836542844,0.0710406675934791,-0.1437641829252243,0.145575001835823,0.1476513892412185,0.0807584300637245,0.1389322578907013,-0.0847418829798698,0.1664363890886306,0.1942383646965026,0.0978990048170089,-0.0604475513100624,0.1422492265701294,-0.0401348024606704,0.0272805448621511,-0.0970026925206184,-0.1087169870734214,-0.0222195200622081,-0.0672496780753135,-0.0457584373652935,0.1028022170066833,-0.0675257444381713,-0.0362950675189495,0.0531784072518348,0.108673021197319,-0.1054961308836937,0.0270647145807743,0.1408929824829101,0.0190169941633939,0.1451092511415481,-0.0595822744071483,-0.0472194105386734,0.12198306620121,-0.0283065754920244,0.0792062133550643,-0.035347506403923,-0.0408011153340339,0.0195540506392717,-0.0888981446623802,0.0749423876404762,0.125380590558052,-0.0806876868009567,-0.0170637276023626,0.0028177085332572,-0.0673951059579849,0.0855783745646476,0.0211650151759386,-0.0643816813826561,-0.0875562503933906,0.0140709411352872,0.0108515480533242,0.1432371288537979,-0.0570353716611862,-0.1722089499235153,-0.0071080224588513,0.0028097257018089,0.0555067174136638,0.1565737277269363,0.0957615226507186,0.0762512981891632,-0.0685846731066703,0.0967609360814094,-0.0620195865631103,-0.1542115211486816,-0.0279525835067033,0.0447951145470142,-0.0697499439120292,0.1657086610794067,0.0441706106066703,0.0249180383980274,-0.0134087316691875,-0.0175329074263572,0.1339123398065567,-0.1571961343288421,-0.0211771465837955,0.1427888721227646,0.0231014601886272,-0.0485876090824604,0.1732421964406967,0.0356695987284183,-0.0372158400714397,-0.1098940670490264,0.0665086060762405,-0.0532219484448432,-0.039988026022911,-0.070837453007698,0.0344743020832538,0.0602032765746116,-0.1489539444446563,-0.1095902100205421,-0.0312084984034299,0.0728471577167511,0.0219472981989383,-0.0457055531442165,-0.0201868806034326,-0.1288812458515167,0.0112782958894968,-0.1025002002716064,-0.1142653971910476,0.0043409261852502,0.1286768466234207,-0.1152951642870903,0.0715750306844711,0.1445403844118118,0.1599478423595428,-0.0724175870418548,0.1288651674985885,0.0182463098317384,0.0993237495422363,0.0070015788078308,0.0430765710771083,0.0828277841210365,0.1240333020687103,-0.1315523535013198,0.089339941740036,-0.0121551537886261,0.0901216343045234,0.0985982790589332,-0.0404152385890483,-0.0111988149583339,-0.0737391263246536,0.0440182648599147,-0.0905864462256431,0.1609373092651367,-0.0816393196582794,-0.1171719059348106,-0.0289060678333044,0.1032393053174018,0.085518404841423,0.1296686977148056,0.0045640366151928,0.0007866040105,-0.1489620357751846,-0.0808316171169281,0.1383166909217834,-0.1579679995775222,0.0755559280514717,-0.103118784725666,-0.113536812365055,0.0653602480888366,0.0856874138116836,-0.0610776506364345,-0.073589913547039,-0.0242376532405614,-0.0126292379572987,-0.1196504011750221,0.0331733040511608,-0.062768779695034,0.0490283146500587,-0.0178002454340457,0.1530231237411499,-0.0486273244023323,-0.0139818666502833,-0.0358861424028873,-0.050106231123209,0.075139470398426,0.1367258131504058,0.0035167906899005,0.0080496249720454,0.0316059589385986,-0.0920308008790016,0.0754369795322418,-0.1277701407670974,-0.0806456729769706,0.0467822663486003,0.0631414651870727,0.0530503839254379,-0.0724789798259735,0.0881518274545669,-0.1314444094896316,-0.0341178067028522,-0.1296265870332718,-0.0043074218556284,0.0267242640256881,0.1327392607927322,-0.0173323452472686,-0.0861093774437904,-0.0472407303750515,0.0445367507636547,-0.0470788478851318,-0.0820496007800102,0.0716918110847473,-0.1061023622751236,-0.0243754331022501,-0.0571524687111377,0.1088480874896049,-0.0605297125875949,0.1251777410507202,0.1186627820134162,-0.1130240485072135,-0.1245496571063995,-0.0497554056346416,0.1617636233568191,0.0359452329576015,-0.0275165438652038,0.0994247943162918,0.0314195454120636,-0.0539296120405197,0.0777976140379905,0.0653549656271934,-0.0408927612006664,0.0516278594732284,0.0468574613332748,0.0925830155611038,-0.1389539688825607,0.084972508251667,-0.0293250195682048,0.1236256882548332,-0.0148442471399903,-0.0147694982588291,0.1494364142417907,-0.0792700573801994,0.0853808373212814,-0.1496844291687011,0.1574417352676391,-0.0479388460516929,0.0795289203524589,0.0693866312503814,-0.1542289108037948,-0.143844723701477,0.0551641248166561,-0.02797925285995,-0.000630046299193,-0.0153673933818936,-0.1219079792499542,0.0752888098359108,-0.003109818091616,-0.0753534138202667,-0.0120125915855169,-0.0335804335772991,-0.0220415145158767,0.0627561062574386,0.1284310072660446,0.1518469154834747,0.0218535549938678,0.0321649275720119,0.1456383317708969,-0.0281871557235717,0.045561134815216,-0.0808176323771476,-0.0975959971547126,0.0305256526917219,0.0506853200495243,-0.0654258430004119,-0.095595896244049,0.0963984429836273,0.0068488805554807,0.0925546139478683,0.0178403966128826,-0.048964612185955,0.0618301182985305,0.0677323266863823,0.1121001541614532,0.0708930343389511,-0.063077300786972,-0.0998264700174331,-0.0536343455314636,0.0780242830514907,-0.136003166437149,-0.0913040190935134,-0.1351097524166107,0.0079159159213304,0.0106297107413411,0.0596499368548393,0.0992314666509628,0.099674217402935,0.1371347904205322,-0.0466146729886531,0.0349808558821678,-0.1056247279047966,0.1443811357021331,0.0910452902317047,0.0606272891163826,-0.0832152590155601,-0.1201492846012115,0.0212502721697092,-0.0217067562043666,0.0453337281942367,-0.1465251892805099,0.0744656547904014,-0.0200200881808996,-0.0197482034564018,-0.1303808242082595,-0.0682223811745643,0.0235604643821716,0.0540335811674594,-0.0295087229460477,0.0153341237455606,0.1418434232473373,-0.0638981908559799,0.1245593726634979,-0.082121193408966,0.0692309141159057,-0.0487387664616107,0.0472447946667671,0.057070892304182,-0.1487150639295578,-0.0768695101141929,-0.0396522581577301,0.1293141543865203,-0.0967513769865036,0.0006037033163011,0.0378524214029312,-0.1252127289772033,-0.0491107366979122,-0.035414170473814,0.0059334677644073,-0.0440052822232246,-0.1210209056735038,-0.0061157289892435,-0.0892862752079963,-0.0889025703072547,-0.0231409333646297,0.0072174780070781,-0.1318166702985763,-0.0638790801167488,-0.0817060470581054,0.1626138240098953,0.0960284620523452,-0.0483041293919086,0.038224346935749,-0.1262052953243255,0.114296942949295,0.0644471943378448,0.1489420235157013,0.108503945171833,0.032469343394041,-0.0463621243834495,0.0178735740482807,-0.0447038672864437,0.0883922278881073,0.068207137286663,0.0528541393578052,-0.1324598640203476,-0.0334885455667972,-0.1481666564941406,-0.09640434384346,0.0697767436504364,0.137808546423912,-0.1315577924251556,0.1749702095985412,-0.1670874506235122,0.1276705712080001,-0.1390945315361023,-0.003615787718445,0.1343106925487518,-0.0905613824725151,0.1404291242361068,0.1656235605478286,0.003102195682004,0.0556168183684349,-0.1329907178878784,-0.0028350779321044,-0.0646269842982292,MMDRDAFWWYWCGO-UHFFFAOYSA-N,OC(Cc1ccncc1)C(F)(F)F
0.0498014912009239,-0.099186323583126,-0.0048883478157222,0.0992113351821899,0.0897999703884124,0.05880618840456,0.0968781188130378,-0.0784287378191948,0.0135840522125363,-0.0977784693241119,0.0175547245889902,-0.0961548164486885,-0.0988787785172462,0.0931222215294838,0.0991837009787559,0.0953290313482284,0.0987013950943946,-0.0981003418564796,0.0991891771554946,0.0992112681269645,0.0982896611094474,-0.0984910354018211,-0.0708963647484779,-0.0635808408260345,0.0232194978743791,-0.0102360816672444,-0.0991287156939506,-0.0985455885529518,-0.0898092091083526,0.0735052227973938,0.0925596803426742,-0.0979617089033126,-0.0972823575139045,0.0989562720060348,-0.0992100313305854,-0.0980146527290344,0.0856461226940155,0.0945874974131584,0.0976981520652771,0.0982157066464424,0.030319944024086,-0.0110020274296402,0.0501264669001102,0.0985267981886863,0.0992045477032661,0.0991390794515609,-0.097722589969635,0.0904909074306488,-0.0071961567737162,-0.088452324271202,0.0932460501790046,0.0775072053074836,-0.0989816263318061,0.0991291999816894,-0.0956152006983757,-0.0971612557768821,-0.0182773750275373,-0.0990291088819503,-0.0984394550323486,0.0959593057632446,0.0966842994093895,-0.0977194905281066,0.0653911009430885,0.0959615409374237,0.0982611179351806,-0.0990030243992805,-0.0814575105905532,-0.097951129078865,0.099137857556343,-0.0929554104804992,0.0987069830298423,0.0987712368369102,0.0924055650830268,-0.0883015468716621,-0.0952009558677673,0.0963596627116203,-0.0967777371406555,0.0992101728916168,-0.0668582618236541,-0.0766646489500999,-0.0685439929366111,-0.0938876718282699,-0.099155806005001,0.0961377322673797,0.0924869701266288,0.0984189733862876,0.0989223644137382,0.0991402491927146,-0.0991401895880699,-0.0977328717708587,0.0984307900071144,0.0538114942610263,0.098038375377655,0.0991481989622116,-0.0948372110724449,-0.0866876170039177,-0.099209539592266,-0.0505481734871864,-0.092412419617176,0.098553217947483,-0.0952632576227188,0.0115191303193569,-0.0870560705661773,-0.0870151072740554,-0.0809666216373443,-0.0926057174801826,0.0987955331802368,0.0917292460799217,0.0991307124495506,-0.0912848189473152,0.0987297818064689,-0.0489758886396884,-0.096188448369503,-0.099161647260189,0.0990091487765312,-0.0992027968168258,-0.0968404114246368,-0.0696475431323051,-0.0900425836443901,0.0985947400331497,-0.099125325679779,0.0986342281103134,-0.0941310301423072,0.0988839343190193,0.0606002919375896,0.0950377508997917,-0.0389470048248767,-0.0983073711395263,-0.0619157515466213,0.0600884296000003,0.0501135513186454,-0.1114828735589981,-0.1106750890612602,-0.0494514666497707,0.1084044650197029,0.1081606671214103,0.0512496456503868,-0.0674886479973793,-0.0471800528466701,-0.0768336281180381,-0.1116566881537437,0.0027835280634462,-0.0870292261242866,-0.057458397001028,0.11021588742733,-0.0996805429458618,-0.1114188954234123,-0.1105102375149726,0.0421510450541973,0.1091136634349823,-0.0800708532333374,0.0907965153455734,0.1055475249886512,-0.0202580001205205,-0.0212537590414285,-3.76413190679159e-05,0.0025628935545682,-0.0935528948903083,-0.091896504163742,-0.1110090836882591,0.0631285682320594,0.1094445064663887,0.1076206639409065,-0.1023892164230346,0.077011615037918,-0.1110221743583679,0.0052686179988086,0.0409724749624729,0.1078512743115425,0.0590224862098693,0.1120091751217842,-0.1115088388323783,0.110373206436634,-0.1060817390680313,0.0653676986694336,0.1097477525472641,0.1069009155035018,0.1066636815667152,0.0530793145298957,-0.0532506518065929,0.094589740037918,-0.1103968024253845,-0.0243887137621641,-0.0980214178562164,-0.1101659685373306,-0.1103801876306533,0.1096433028578758,-0.1100563704967498,0.0468193888664245,0.0938574969768524,0.1084050238132476,0.1085976511240005,0.1101158261299133,0.1099558100104332,-0.1116656810045242,-0.1093711331486702,-0.0753015652298927,-0.1119967028498649,-0.0078139221295714,-0.1068742275238037,-0.0815662294626236,-0.1112679615616798,-0.108519859611988,-0.0152780190110206,-0.1106187403202056,-0.0629154071211814,0.0143492985516786,-0.0945711806416511,0.106547936797142,0.0245045255869627,0.1115817427635192,0.1056177616119384,-0.1114549785852432,0.1108302995562553,-0.0704212635755539,-0.0839914605021476,-0.0974830016493797,-0.0479095876216888,-0.1076709777116775,0.0172845758497715,0.0556025430560112,0.1050312891602516,0.0706459358334541,0.1094083786010742,-0.0665474086999893,0.1053918451070785,-0.1111534163355827,-0.0760878548026084,0.0451268516480922,-0.1087492033839225,0.0630547329783439,0.1097395122051239,0.0927470847964286,0.1116760596632957,0.1100757643580436,-0.1107921749353408,0.053864549845457,0.0255802907049655,0.0257159508764743,0.0908334031701088,-0.1087987050414085,0.0490013286471366,-0.1045526638627052,0.0923791229724884,-0.1001565381884574,0.0141648417338728,-0.1102518513798713,0.0890903994441032,-0.0221878532320261,-0.0908512473106384,-0.0540506020188331,0.1107309535145759,-0.0006818783003836,-0.1113897785544395,-0.094025433063507,-0.1054056957364082,-0.0870498567819595,0.0242909491062164,0.1012714654207229,-0.1016873270273208,-0.0242154691368341,-0.0679790079593658,-0.0988513752818107,-0.1016867458820343,-0.0989347919821739,-0.1015286371111869,0.1016164720058441,0.044199239462614,0.1016867905855178,0.061455275863409,-0.0938785970211029,0.024501733481884,-0.1016817018389701,0.0203293170779943,-0.1016606241464614,0.1014456897974014,-0.096908651292324,-0.101688265800476,0.0054706032387912,-0.0831031575798988,0.1016881838440895,0.0995135083794593,0.1016719341278076,-0.0984255075454711,0.1004819646477699,-0.0945579633116722,0.1016864851117134,-0.1006101667881012,0.0533452928066253,0.0139279486611485,-0.1012035757303237,-0.10005833953619,-0.1015252321958541,-0.0921709686517715,-0.0924936234951019,0.1006105318665504,0.1007915213704109,0.0984759256243705,0.0951852276921272,-0.08675217628479,-0.0627785325050354,0.0243344977498054,-0.1011477038264274,-0.0290759671479463,0.0861877426505088,0.0359784327447414,0.1016682013869285,0.0930548682808876,-0.1013254597783088,-0.0908928886055946,0.1016827747225761,-0.101430520415306,0.1016674786806106,-0.1016382500529289,-0.0985981151461601,0.0713297426700592,-0.006339565385133,0.0991424024105072,-0.0130119603127241,-0.0981891378760337,0.045353215187788,0.0994210541248321,0.1015234738588333,-0.0402528308331966,-0.1003367900848388,0.1016362309455871,-0.1016881018877029,-0.0028196584898978,0.1008098945021629,0.1016883552074432,0.1013164222240448,-0.1014333367347717,-0.1016883477568626,-0.0754951164126396,-0.0579466633498668,-0.1012079790234565,-0.0956663116812706,0.1016743928194046,-0.101471371948719,0.1016101837158203,-0.0870347023010253,-0.1009837985038757,-0.0612283907830715,-0.0992815122008323,-0.0190699882805347,0.1016651391983032,0.1016704365611076,-0.0989172384142875,0.0467524789273738,-0.1012820079922676,0.1016818210482597,0.0992280170321464,-0.1016606763005256,-0.097321905195713,0.0840180814266204,-0.1016868874430656,-0.0751816406846046,0.0945767983794212,0.0893437042832374,0.0833911672234535,0.1014713943004608,0.0887192264199256,-0.101686842739582,0.0281993839889764,-0.1016719788312912,0.1009207293391227,0.0831992477178573,-0.1016508713364601,0.1011412963271141,-0.1011062040925026,0.1014847159385681,-0.1016629934310913,-0.1015160903334617,0.0879429951310157,0.1016880646347999,0.0899631902575492,0.0685300379991531,-0.0167354363948106,-0.0602015890181064,-0.0858534947037696,-0.101673699915409,0.0942849218845367,-0.0288384538143873,0.0983756333589553,0.1146222501993179,-0.043144155293703,0.0130953779444098,-0.0401677712798118,0.0468643456697464,-0.0329174473881721,-0.0297390092164278,-0.0881231650710105,0.0603637471795082,-0.0672366842627525,-0.0476124882698059,0.0570775717496871,-0.0544852167367935,0.010987214744091,-0.0777542367577552,-0.0672628134489059,-0.1723660975694656,4.811344115296379e-05,0.1369051486253738,0.0792436152696609,0.0124886035919189,0.1374911218881607,0.0898786261677742,-0.1097747683525085,0.0534992814064025,0.088430181145668,-0.1280940026044845,0.1028812229633331,0.1037035137414932,-0.1026684716343879,0.0429720841348171,-0.0110439043492078,-0.1392925977706909,0.0926664918661117,0.1360623687505722,0.0800482928752899,-0.0737280026078224,-0.0627711862325668,0.1560489535331726,0.0814119651913642,0.1335730701684951,-0.0621226280927658,0.1471366137266159,-0.1100442931056022,0.0709378644824028,-0.0708751901984214,-0.0634370595216751,0.1068216860294342,-0.069329097867012,0.0383899211883544,0.0335019379854202,0.0340744815766811,-0.0704797133803367,-0.0283000245690345,0.0803622305393219,-0.1250135004520416,0.0064340895041823,0.1504503041505813,-0.0179961267858743,0.1623245775699615,0.0473501905798912,0.0416210815310478,0.1141099631786346,-0.1063735410571098,0.1058005988597869,-0.0849729552865028,-0.1130312979221344,-0.0309147294610738,0.0628736466169357,0.0826093927025795,-0.0348567329347133,-0.0210484638810157,0.0393206104636192,-0.0697657838463783,0.0009476247359998,0.0165875777602195,0.0782059803605079,-0.0852879136800766,-0.0875086411833763,-0.0883791595697403,0.1366145014762878,0.1337289959192276,-0.1160977259278297,-0.1649526357650756,0.07911067456007,0.0881434828042984,-0.079373188316822,0.1539888828992843,0.141940027475357,0.122392438352108,-0.0052377618849277,0.129580557346344,-0.127051368355751,-0.0795761346817016,0.0098366439342498,0.0148340919986367,0.1256293952465057,0.0865538045763969,0.0777342244982719,-0.0989201962947845,0.0356467254459857,0.0125503614544868,0.1453967541456222,-0.0729703903198242,-0.121750496327877,0.0771063268184661,0.0778609439730644,-0.0181967616081237,0.1636761724948883,0.0616830326616764,-0.0400753915309906,-0.0397117845714092,0.0839420855045318,-0.0689493864774704,-0.1050336956977844,0.016012318432331,0.0911499932408332,0.0608937218785285,-0.1260379701852798,-0.1021129712462425,-0.0500626489520072,0.0132868196815252,0.0332304015755653,-0.0319668874144554,-0.1445692181587219,-0.0290504433214664,0.0928322747349739,0.0107891978695988,-0.0370164178311824,0.0913307666778564,0.1584669351577758,-0.0448425449430942,0.1451373994350433,0.1453091651201248,0.1515430510044098,-0.054784420877695,0.1074581667780876,0.023694060742855,0.0442655384540557,-0.0077115693129599,0.0097494916990399,0.0142476772889494,0.070348635315895,-0.0485199429094791,0.0183534827083349,-0.0333158336579799,0.0374687239527702,0.1438065618276596,-0.0357134193181991,-0.091641217470169,-0.0168901793658733,-0.0022954712621867,-0.0521674938499927,0.1554075628519058,-0.0058487909846007,-0.1032998412847518,-0.0927668213844299,0.1116377189755439,0.1497964411973953,0.1351586133241653,0.05124381929636,0.0890646129846572,-0.1218192651867866,-0.01831691339612,0.1143936440348625,-0.1550407409667968,0.1198298186063766,-0.137138158082962,-0.1345546841621399,0.0426060110330581,-0.1409143358469009,-0.0772459954023361,-0.11093270778656,0.0474755316972732,-0.0874741151928901,-0.0325120836496353,-0.0042670336551964,-0.0591379851102829,0.029226878657937,0.0465616919100284,0.1012106761336326,-0.0811084508895874,-0.0543056651949882,-0.0579168498516082,-0.0384149476885795,0.0086004696786403,0.1022237911820411,-0.0503507442772388,-0.0767325758934021,0.1021263301372528,0.0008991978829726,0.0789191126823425,-0.1010433584451675,-0.0829753205180168,0.0573402568697929,0.0783915594220161,0.0144663648679852,0.005283182952553,0.0631062313914299,-0.1230899915099144,-0.1048846468329429,-0.0416484139859676,0.0623846836388111,-0.0470943935215473,0.1580061018466949,0.0406608134508132,-0.0806659832596778,0.0119527671486139,0.1221422776579856,-0.0839474275708198,-0.0119722504168748,0.112274944782257,-0.1305029988288879,0.0046743690036237,0.0944108068943023,0.0601186044514179,-0.0993168503046035,0.1361633688211441,0.0555499866604805,-0.03247981518507,-0.1633554250001907,-0.0063913352787494,0.1637302935123443,-0.0372751802206039,-0.0441994853317737,-0.0381303131580352,0.0303295888006687,-0.0626298859715461,-0.0103820031508803,-0.0764670222997665,-0.1039322987198829,0.0777277797460556,-0.064625546336174,0.0895141810178756,-0.1362304091453552,0.0663045495748519,0.0332250744104385,-0.017551552504301,-0.1234593093395233,-0.1090262979269027,0.1428479850292205,-0.0492404364049434,-0.0011008044239133,-0.099960096180439,0.1626769006252288,0.0306818112730979,0.0663275346159935,0.142065092921257,-0.1473273187875747,-0.1331160068511963,0.0262515265494585,-0.013837432488799,-0.0112487347796559,-0.1242360398173332,-0.1323879361152649,0.0771212875843048,-0.0873502492904663,-0.0722074136137962,-0.1048138365149498,0.0283821895718574,-0.0009051227243617,0.015627322718501,0.083519846200943,0.1715289950370788,0.0426771827042102,-0.0863081216812133,0.0880006402730941,0.0230201296508312,-0.1257731169462204,-0.0961202904582023,0.1094065904617309,0.0760166645050048,-0.0696030855178833,-0.0704810246825218,-0.1107419282197952,-0.0582625567913055,-0.0039787394925951,0.0651367306709289,-0.0365200340747833,-0.0773218050599098,0.0504324808716774,-0.0095308134332299,0.0708446577191352,0.0942718386650085,0.0074193426407873,-0.0272936522960662,-0.0191849879920482,0.101111464202404,0.0776052698493003,-0.0107115311548113,-0.141733705997467,0.1338100731372833,0.1700116693973541,-0.0410418137907981,0.111119270324707,-0.0693383961915969,0.107055976986885,-0.0154361566528677,-0.0615151971578598,-0.1338984817266464,0.0704924017190933,0.1350427269935608,0.1762666255235672,-0.04471455514431,-0.0380462929606437,0.1493798494338989,-0.0610740520060062,0.0841863974928855,-0.058183304965496,0.0052220644429326,-0.0360306240618228,0.0636392906308174,-0.0781462714076042,-0.0266170464456081,0.0237843189388513,0.099911905825138,-0.0122337229549884,0.1117810606956482,0.0427463389933109,-0.0009230514406226,-0.0065011288970708,-0.1309515982866287,-0.0119858114048838,-0.0501909628510475,0.152169793844223,0.0950302332639694,-0.1775264292955398,-0.1302981674671173,-0.0672767385840416,0.0040226173587143,-0.0484052449464798,0.050928920507431,-0.1510470956563949,0.0171960853040218,-0.1327822357416153,-0.084157645702362,0.1081563159823417,-0.076705478131771,0.1010097339749336,-0.0254172682762146,-0.0568150766193866,0.0143114142119884,0.099069558084011,0.0632781833410263,-0.1073067560791969,-0.1250954419374466,-0.0115932188928127,0.0713025107979774,-0.0199677813798189,0.0363942123949527,-0.0724556967616081,-0.0503163859248161,0.059949479997158,0.1118199452757835,-0.0211945250630378,0.0579907074570655,0.1129429712891578,0.1207112371921539,0.0230404529720544,-0.0513594672083854,0.1644314527511596,-0.0580751076340675,-0.1005327925086021,-0.1397790163755417,-0.0028007822111248,-0.1491048485040664,0.1093018129467964,-0.0440582185983657,0.1729957163333892,-0.1485839486122131,0.1331552565097808,-0.1033424884080886,0.0291069950908422,-0.1594963818788528,-0.0892427116632461,0.0759593471884727,-0.038845308125019,0.1026701256632804,0.1546583771705627,-0.0320256017148494,0.021967701613903,-0.0633521303534507,0.0424065589904785,0.0306577198207378,FGCYHPSXJXABES-UHFFFAOYSA-N,Cn1ccc(Cn2cc(C(F)(F)F)ccc2=O)cc1=O
-0.0462745614349842,-0.1122344210743904,-0.1127218157052993,-0.063962385058403,-0.0754276737570762,0.0657491311430931,-0.0268501825630664,0.0058962311595678,-0.0737079977989196,0.0766622722148895,0.1014327406883239,0.0962094962596893,0.0329153947532177,-0.108854092657566,-0.0888911783695221,-0.1095424219965934,0.0901590064167976,-0.1124161779880523,-0.0982947275042533,-0.0647947117686271,0.1118980944156646,-0.1053998172283172,-0.0679204389452934,0.026194853708148,-0.0791471675038337,0.1108065173029899,0.0952416285872459,0.105800412595272,0.0767182558774948,-0.1118640899658203,0.1120000034570694,0.0416106283664703,-0.1003098338842392,0.0100111393257975,0.0377017222344875,-0.086484707891941,-0.0718066319823265,0.1073857322335243,-0.1125617027282714,0.1014533638954162,0.1023869961500167,-0.1127233356237411,0.1127090826630592,0.1114777475595474,-0.014259323477745,0.0231672450900077,-0.0613475292921066,0.095310628414154,-0.1126666367053985,-0.0206881817430257,-0.1126686111092567,0.0129218231886625,0.1127198413014411,0.111518308520317,0.105987511575222,0.0811114236712455,-0.1116112545132637,0.1122515201568603,-0.1117086112499237,-0.0235156062990427,0.0784357860684394,0.035059068351984,0.1112869381904602,0.1127007752656936,-0.1122579798102378,0.1108657494187355,0.0649634227156639,0.1013015881180763,-0.0982552096247673,0.1038394570350647,0.0426203943789005,-0.1126352697610855,-0.0983981117606163,0.1071981862187385,0.0132087934762239,-0.0603802949190139,0.0213627815246582,-0.1072938069701194,0.1092133224010467,0.1112817153334617,-0.1112398356199264,-0.0081814853474497,-0.0426761619746685,0.0016786539927124,-0.0391989424824714,-0.1125514805316925,0.0622537285089492,-0.1117418482899665,0.112061820924282,-0.1115564256906509,0.0339106395840644,0.0548549070954322,0.1124289035797119,0.0671340301632881,0.1127346605062484,0.1053594723343849,-0.1043254509568214,0.1125954985618591,-0.1084836795926094,-0.0729872286319732,0.1057053357362747,-0.0734250843524932,0.0864736065268516,-0.1056731343269348,0.1084440350532531,0.0225985776633024,-0.1124258637428283,0.0350161120295524,-0.0499639697372913,-0.0097454423084855,0.1019021496176719,-0.1026466339826583,0.084001287817955,0.1126049682497978,0.0713438466191291,-0.1048928201198577,-0.0942730605602264,0.077077031135559,-0.1107628792524337,-0.0127812791615724,0.1113908514380455,0.0649045705795288,-0.0030480627901852,-0.0943730473518371,-0.0794359296560287,-0.0986009985208511,0.0819730386137962,-0.1068812757730484,-0.104922741651535,-0.1013069897890091,-0.0863243341445922,-0.0875009149312973,-0.0432126559317112,0.1039279252290725,-0.0936474353075027,0.102738007903099,-0.10345159471035,-0.0577498152852058,-0.1049224883317947,-0.1034186035394668,0.0357460677623748,0.1048536896705627,0.103814847767353,0.1048277020454406,0.0783786922693252,-0.0934467837214469,0.1022245660424232,0.104456178843975,0.1000575423240661,0.0988406091928482,-0.0520034208893775,0.1049580350518226,0.0941432639956474,-0.0195637587457895,-0.0391483195126056,-0.1042647808790206,0.1024087965488433,0.050140555948019,-0.1007215827703476,0.1047864630818367,0.1049378886818885,0.0928131863474845,-0.0740682408213615,-0.1045547649264335,0.1048532500863075,0.081941932439804,-0.065559946000576,0.1049066856503486,0.091236911714077,-0.1047840416431427,0.0810611099004745,-0.1046101972460746,-0.1035682335495948,0.1037891954183578,0.0054407408460974,0.0992839410901069,0.1048656851053237,0.0938821509480476,-0.0337683521211147,0.1030945554375648,0.0763624832034111,0.1049350723624229,0.0878780782222747,-0.0801655501127243,0.1032837554812431,0.1028892770409584,0.1042770743370056,0.1049609631299972,0.0897640287876129,0.0203752480447292,0.0051796264015138,0.0835088118910789,0.0531799830496311,-0.0675776302814483,0.1047499701380729,0.0978428050875663,-0.1049611121416091,-0.0673889443278312,0.0623894706368446,-0.0993981286883354,-0.1008160635828971,0.1049626693129539,-0.1040211617946624,0.1049591153860092,0.06252933293581,-0.0197103917598724,0.1041397601366043,-0.0475731194019317,-0.0504973605275154,-0.0429082177579402,0.0326415225863456,0.0131492298096418,-0.1048336997628212,0.104654885828495,0.0745122134685516,-0.059073194861412,-0.0988830178976059,-0.1040483936667442,0.097284585237503,-0.0673767700791359,-0.0797454118728637,-0.1038821265101432,0.0143640972673892,0.0174879413098096,0.1021282076835632,0.1043788567185401,-0.1044273078441619,0.0967805162072181,-0.104149617254734,-0.100440114736557,-0.0772196501493454,0.0930494517087936,0.1043606847524643,0.0212841611355543,0.1012966781854629,-0.097747579216957,0.1002182289958,-0.0834096744656562,0.1041221544146537,-0.0995316207408905,0.1022703945636749,-0.1047910824418068,-0.0677760541439056,-0.0990181714296341,0.0002899061073549,-0.1005238890647888,0.1046515628695488,-0.1030966117978096,-0.0803743824362754,-0.099958136677742,0.0990787073969841,-0.0403497442603111,-0.0239027217030525,0.1049541383981704,0.1049394309520721,0.0849810913205146,0.095801755785942,0.1023425161838531,-0.0929636508226394,0.1013633832335472,-0.1026299595832824,0.102590873837471,0.0974200442433357,-0.1025998666882515,-0.1021669134497642,0.0490362532436847,0.0980434492230415,-0.0968030095100402,0.0589558482170105,0.1021177619695663,-0.083443246781826,0.0668892189860344,-0.1025423780083656,0.1023970544338226,-0.1025018766522407,-0.0383934527635574,-0.0959061309695243,-0.1019181758165359,-0.1026215851306915,0.0039097713306546,0.0954643115401268,-0.0775858163833618,-0.1007598116993904,-0.0100056417286396,-0.0527593456208705,0.0890014693140983,-0.1025797352194786,0.0537635087966918,-0.1015949621796608,-0.0417929776012897,-0.0986478328704834,-0.0218726079910993,0.0014201038284227,0.1022831127047538,0.1022590100765228,0.0822741985321044,0.0145612191408872,-0.022357415407896,0.1024064049124717,-0.0916852280497551,-0.1026262640953064,0.1018459573388099,-0.0963767394423484,-0.0879548490047454,-0.0995957478880882,0.0649580657482147,0.0760841593146324,-0.0590229406952858,0.0763619020581245,0.102274015545845,0.024127060547471,-0.1015308201313018,0.1011214554309845,0.1024824604392051,-0.1007167994976043,0.1002831310033798,0.1026331782341003,0.1006081253290176,-0.0872156843543052,0.0800257101655006,0.1000091284513473,0.0985838398337364,0.0990528315305709,-0.0997148007154464,-0.0972440764307975,0.0756595060229301,-0.0567825399339199,0.1026340797543525,0.0976928770542144,-0.1016604006290435,0.102120503783226,0.0907097682356834,0.102524034678936,0.0044793188571929,0.1020291075110435,-0.0986868441104888,0.073871798813343,-0.1021166369318962,-0.0840399041771888,-0.0477741360664367,0.0995368137955665,0.1023778840899467,0.1023938804864883,0.0810718089342117,0.0837199911475181,0.0930777862668037,-0.1024989858269691,-0.1023294329643249,0.0792602598667144,0.0829142481088638,-0.1025488898158073,0.0946686863899231,-0.0913304165005683,-0.0948763489723205,-0.102399468421936,0.0376290939748287,0.1020790040493011,-0.102010078728199,0.1021808832883834,0.0941601619124412,-0.0965688079595565,-0.0777729600667953,0.0745183676481247,0.1026306003332138,-0.0997160598635673,-0.0190975926816463,-0.0768219009041786,-0.1024100705981254,-0.0796632468700409,0.0703057795763015,-0.0830885097384452,0.100692443549633,0.0090984860435128,0.1024371832609176,-0.0965493097901344,-0.0465168841183185,0.0889829099178314,0.1010290756821632,-0.1008473634719848,0.1023267209529876,0.1025517582893371,0.0336345508694648,0.0930902510881424,0.1014066860079765,0.0977909788489341,-0.0154900774359703,-0.0855414271354675,-0.0979921892285347,0.0914796814322471,0.0946114659309387,-0.0992584004998207,-0.0496794320642948,-0.0976743176579475,-0.0935824662446975,-0.084292821586132,0.0916735753417015,0.0785785689949989,0.1014399677515029,0.0883410200476646,-0.1039956584572792,0.0188366696238517,0.1032766476273536,-0.1037322506308555,0.1021961495280265,0.0835420936346054,0.1008238121867179,-0.1030840277671814,-0.1040178090333938,-0.1044479385018348,0.0722287818789482,-0.0828999057412147,0.1050726175308227,0.1046295166015625,-0.0773070901632309,0.0706317573785781,-0.095069296658039,0.0759610906243324,0.1034052893519401,-0.0135054774582386,0.0736898779869079,0.0752117484807968,-0.0708421915769577,-0.1035670712590217,0.0936639606952667,0.1011179164052009,0.0871060639619827,0.0524978265166282,0.0794194862246513,0.0801781639456749,0.1010672599077224,0.0908851251006126,0.0989629253745079,0.0812618061900138,-0.0610533729195594,-0.0269261822104454,0.0865068510174751,-0.1019963026046752,0.1042686775326728,-0.0883545726537704,0.0965040251612663,-0.0994031578302383,0.1036423817276954,-0.1040773317217826,-0.0774164125323295,-0.060276411473751,0.0886971279978752,-0.1003255099058151,0.0892937630414962,0.1040126979351043,-0.0850808173418045,-0.0961859226226806,0.0362488664686679,0.075438804924488,0.049215517938137,-0.1020070314407348,0.0886276811361312,0.0723060816526413,0.0988890007138252,-0.1037924513220787,0.1030037701129913,0.104798287153244,-0.0148314386606216,-0.1019950956106185,0.0848661437630653,0.1050747707486152,-0.0189890377223491,-0.0736645460128784,-0.0928131639957428,-0.0983628630638122,0.0932848900556564,0.0877125933766365,-0.1037768423557281,-0.0597163029015064,0.0758945047855377,0.0895851403474807,0.0898531749844551,-0.1035778373479843,-0.0953498631715774,0.0844192430377006,0.1034490764141082,0.0883846804499626,0.059513010084629,0.089157298207283,0.1016715317964553,-0.0916329994797706,0.0722890272736549,-0.0718094557523727,-0.0952136218547821,0.0984129011631012,0.0656580999493599,-0.1033613532781601,0.1045897975564003,0.0879596471786499,0.0880462974309921,-0.0891763269901275,0.1032657474279403,0.0740322917699813,-0.0347233302891254,-0.1023723781108856,0.0971221253275871,0.1020402833819389,0.1027102917432785,-0.1051522940397262,-0.1051157042384147,0.0940854176878929,-0.0919397622346878,-0.0651380345225334,0.0202443189918994,0.083030842244625,0.1023188456892967,0.0958205908536911,-0.1013297066092491,0.0177594237029552,0.0984666869044303,0.1335640847682953,-0.0803564488887786,0.1597897708415985,0.1156211197376251,0.1572564095258712,-0.0778757482767105,0.0909839197993278,0.1157042533159256,0.0178266800940036,0.1340669840574264,0.1091721206903457,0.0774972438812255,0.0181134026497602,-0.0092642661184072,-0.0630979537963867,0.0606621094048023,-0.0406269021332263,0.136437639594078,0.0113760977983474,-0.0026707295328378,-0.091217927634716,0.0908350795507431,0.002174082910642,-0.0003497221332509,-0.126525342464447,0.1213616728782653,-0.1187808662652969,0.1034053787589073,0.1151107251644134,-0.0353052541613578,0.1286714822053909,-0.0232538990676403,-0.0010609584860503,0.031758889555931,0.1508906185626983,-0.1475272476673126,0.1206053644418716,-0.0735340341925621,-0.0601356364786624,-0.0065893298014998,-0.1571462750434875,-0.042975053191185,0.0548881962895393,0.1179155483841896,-0.1604409664869308,-0.0228004585951566,-0.0746275782585144,0.0314666219055652,-0.0706662237644195,0.0231104344129562,-0.0355242602527141,-0.0395375862717628,-0.0432818830013275,-0.0760816782712936,-0.1429987847805023,0.0005092835635878,0.088272601366043,-0.0461469367146492,-0.0695904567837715,0.0798239782452583,-0.114511452615261,0.1276861727237701,-0.1090893670916557,0.0156140988692641,0.0251115188002586,0.0729954913258552,-0.0912488847970962,0.0233819484710693,0.0907114446163177,-0.0874230712652206,-0.1094671934843063,-0.0414177104830741,0.1519795954227447,-0.0866523459553718,0.1337417513132095,-0.0252611469477415,0.0835088193416595,0.09232959151268,0.1414230763912201,-0.0048075332306325,-0.0306958742439746,0.1760567128658294,-0.0596983022987842,-0.006889505777508,0.0134263765066862,-0.0417373292148113,-0.1119707003235817,0.0108467023819684,-0.0836817398667335,0.0480887442827224,-0.1608208864927292,-0.1009867936372757,0.1701978743076324,0.0357413366436958,0.0334385223686695,-0.0286121889948844,0.1010600924491882,-0.0841823294758796,0.0019633865449577,-0.0119247185066342,-0.001251335022971,0.1041707471013069,0.0080312527716159,-0.0275850892066955,0.0183992385864257,0.0707930848002433,0.0224807560443878,-0.0974465757608413,-0.1545540988445282,-0.0583768263459205,0.1851813346147537,-0.034393485635519,-0.0674803480505943,0.0865747034549713,0.1464913636445999,-0.0351062715053558,0.0425809174776077,0.0932986363768577,-0.1031931862235069,-0.1521510779857635,-0.039219856262207,-0.040358979254961,-0.0832463055849075,-0.0897785201668739,-0.0088116750121116,-0.0074185808189213,0.1174275279045105,0.0185443926602602,-0.0935905799269676,0.1111582592129707,0.1100055500864982,0.0765746384859085,0.1054938659071922,-0.1185029819607734,0.029200917109847,0.0233078896999359,0.0709540918469429,0.1191978007555008,-0.0939626842737197,0.0064439829438924,0.125003769993782,0.0458396263420581,0.0630930364131927,0.1253545433282852,0.124341107904911,-0.128325417637825,0.1234375908970832,-0.044526107609272,0.1019906476140022,-0.0591896884143352,0.0833900272846221,-0.059483777731657,0.1052241623401641,-0.0971696153283119,-0.1282100528478622,-0.0497430823743343,0.1227350011467933,-0.0545996315777301,0.1280611902475357,-0.0350252576172351,-0.125016987323761,-0.0746304541826248,0.1204350888729095,-0.0986970737576484,0.0945535972714424,-0.115860216319561,0.1250487864017486,0.0702524036169052,0.1000088229775428,-0.1239318028092384,-0.0700924172997474,-0.0530830770730972,0.1243672892451286,0.0225664153695106,0.0747094601392746,-0.1162845119833946,-0.0076253428123891,0.0326679795980453,0.0186903364956378,-0.0253843087702989,0.1177780181169509,0.0317603163421154,0.0452294498682022,-0.1276118457317352,-0.1250938326120376,0.0278435628861188,0.0474792420864105,0.0823938325047493,-0.1267662197351455,0.0076400553807616,0.1266549974679947,-0.0104397879913449,-0.0916714444756507,-0.087112583220005,0.0433307029306888,-0.0553785040974617,-0.1257548183202743,-0.0756460502743721,-0.0047407485544681,-0.1016812101006507,-0.0697262212634086,0.0843301564455032,-0.0745972469449043,0.099562332034111,-0.0097026582807302,-0.0330934487283229,-0.1209966614842414,-0.1145448237657547,0.1224091425538063,0.0828787088394165,0.1095851063728332,0.0895016267895698,0.0170176047831773,0.0861533507704734,0.126332625746727,-0.0722036436200141,0.1258477866649627,0.037227526307106,-0.112524464726448,0.0322560593485832,-0.1192771568894386,0.0250370353460311,-0.1181834936141967,0.1035968512296676,0.0496775768697261,0.0249277148395776,0.0042849038727581,0.1238311380147934,-0.0849512368440628,-0.0930632874369621,0.0392186529934406,0.1250635087490081,-0.0805395543575286,-0.1183991134166717,0.1041506230831146,-0.0137734236195683,-0.0159299448132514,-0.124724268913269,0.078614130616188,-0.0100842071697115,0.0555284060537815,0.0677761659026146,-0.1051424369215965,-0.0228100046515464,0.0772410556674003,-0.1284177899360656,-0.0091857342049479,0.0790960714221,0.1220637708902359,-0.0646871849894523,-0.0632742345333099,0.1153071299195289,0.0577619597315788,-0.1141858994960784,AVPQPGFLVZTJOR-RYUDHWBXSA-N,COc1c(N2C[C@@H](C)C[C@H](N)C2)ccc2c(=O)c(C(=O)O)cn(C3CC3)c12
-0.0582422353327274,0.0948727056384086,0.0996512621641159,-0.1014433875679969,-0.1029693409800529,0.0469116270542144,-0.0623272843658924,0.0771176815032959,-0.0893111750483512,-0.0996650755405426,-0.0572950951755046,-0.0788310170173645,0.0994985699653625,-0.1028471365571022,0.1028022542595863,0.1009420230984687,0.1027172058820724,0.0979106500744819,-0.0854974910616874,-0.0189288631081581,-0.0828839689493179,-0.0415066890418529,-0.1022724285721778,-0.0058956467546522,0.1029893457889556,-0.0649908781051635,-0.0560950338840484,0.0981674492359161,0.0871512368321418,-0.1026885285973548,-0.1015709117054939,0.1029634624719619,-0.0722111016511917,0.1029873713850975,-0.1028584614396095,-0.0355039946734905,-0.0993716940283775,0.0737444162368774,0.1029341518878936,-0.019538277760148,-0.0988842323422432,0.0733260810375213,0.1029041707515716,0.0088470159098505,0.102928951382637,0.1028869599103927,-0.1014228835701942,-0.1029509305953979,-0.1017485335469245,0.1027699932456016,-0.076174072921276,-0.0785246938467025,0.1009936034679412,-0.1011125445365905,-0.0980367362499237,-0.0894397497177124,-0.1029544696211814,0.0885027050971984,-0.0975754261016845,-0.1010612696409225,0.0992929264903068,0.1026607453823089,-0.0967399254441261,-0.0992721319198608,0.1029726043343544,-0.1025252267718315,-0.0955830588936805,-0.1029005050659179,0.0528215244412422,-0.0928157120943069,0.0984709188342094,0.1029855385422706,0.0082147046923637,-0.102976880967617,0.0523881688714027,-0.0498615987598896,-0.099656656384468,0.102688655257225,0.0995482727885246,-0.1028674095869064,-0.0693976432085037,0.1026554629206657,0.0025486738886684,0.1028030291199684,0.1007527634501457,0.0879119560122489,-0.1022404804825782,0.0738339051604271,0.0878248363733291,-0.0926399827003479,-0.0988954976201057,0.044449109584093,-0.0976772084832191,-0.0269416105002164,-0.1029898226261138,-0.1013688147068023,-0.1029492393136024,0.1020321026444435,0.043066419661045,0.0873630195856094,0.0962178409099578,-0.1025103405117988,0.1028616279363632,0.056100845336914,-0.1029777452349662,-0.0795443579554557,0.099068559706211,-0.0755305960774421,0.046933114528656,0.1029897630214691,-0.0977075919508934,-0.0947072356939315,-0.0646433755755424,0.1027808338403701,0.1029178947210311,0.0467696785926818,-0.0598754324018955,-0.1024781391024589,-0.1029896289110183,0.102988988161087,-0.0052481186576187,0.0370623283088207,-0.0996207818388938,0.1029088646173477,-0.1006982997059822,0.0703559815883636,0.0746842548251152,-0.102491557598114,0.0990428477525711,0.0948049873113632,0.0990430861711502,0.0990177318453788,-0.0883629620075225,0.0990461483597755,0.0071876035071909,-0.0442992523312568,0.0990442335605621,0.0888604745268821,0.0539570339024066,-0.0980619266629219,-0.0987923815846443,-0.0990295633673667,0.0990443304181099,-0.0990461409091949,0.0990305542945861,0.0990451052784919,-0.0045432923361659,0.0005851236637681,0.0990461483597755,0.0483498573303222,-0.0990460589528083,-0.0985319316387176,-0.0859979465603828,0.0902947708964347,-0.0169294737279415,-0.0907577574253082,-0.0941654965281486,0.0489858165383338,-0.0962114632129669,0.0223972853273153,-0.0972496718168258,0.0990460962057113,0.0990461111068725,0.0987314209342002,0.0906740352511406,-0.0990450903773307,0.0990461036562919,-0.098409779369831,0.0988185778260231,0.0990417897701263,0.0989939421415329,-0.0972685515880584,-0.0980865880846977,-0.0759972482919693,-0.0963129997253418,0.056969903409481,-0.0990460738539695,0.0990461111068725,0.0989853888750076,-0.0990460887551307,-0.098987229168415,-0.0990457683801651,-0.0544136688113212,0.0661985054612159,0.0990460440516471,-0.0990461260080337,-0.0990461558103561,-0.0989643335342407,-0.09629388153553,-0.0990451723337173,-0.0990446358919143,0.0917629227042198,0.0331273525953292,-0.0990461483597755,-0.0990461558103561,0.0989372208714485,-0.097058281302452,0.0988295376300811,0.0990461409091949,-0.0990461409091949,-0.0719537511467933,-0.0990454405546188,-0.0990461185574531,0.0948790684342384,0.0668541938066482,-0.0990452766418457,0.0778900235891342,-0.0984346717596054,0.0982837677001953,-0.0483201742172241,0.0990460738539695,-0.0990460515022277,-0.0979019030928611,-0.0792411938309669,-0.0990461558103561,0.0989633053541183,0.0940951257944107,0.0760303288698196,0.0047336625866591,0.0171704422682523,-0.0641093924641609,0.0990421995520591,-0.026205763220787,0.0990454405546188,0.0836697071790695,-0.0990451797842979,0.0689790323376655,-0.0872097015380859,0.0989870429039001,0.0989269539713859,0.0905143544077873,-0.0981010124087333,0.0882084816694259,-0.0990373343229293,-0.0170614812523126,0.0937487110495567,-0.0990414917469024,-0.0940992310643196,0.0967077910900116,0.0990370139479637,-0.0988902747631073,-0.0940456464886665,-0.0857734829187393,0.0989021360874176,-0.0990396365523338,-0.0808531865477562,0.0955100059509277,0.0051559484563767,-0.0990019589662551,0.0821707174181938,-0.0990312695503234,0.0986710488796234,-0.0916100218892097,-0.0990288779139518,0.0393745452165603,-0.0503838956356048,-0.0973447039723396,-0.0970844402909278,-0.093629740178585,-0.0111557617783546,0.0977454259991645,-0.0156157622113823,0.0977426692843437,-0.0975556671619415,-0.0941582098603248,-0.0972763001918792,0.0970942974090576,-0.0728937909007072,0.0962085202336311,-0.0966904237866401,0.0923395827412605,0.0976471081376075,0.0968963131308555,0.0956794843077659,0.0969525873661041,0.096869871020317,0.097559280693531,0.0974314361810684,0.0977462828159332,-0.0973511412739753,0.0938110649585723,-0.0971093699336052,-0.0377248674631118,0.097743734717369,0.0968969985842704,-0.0329342931509017,0.0573583468794822,-0.0975154191255569,0.0917234867811203,0.0840286463499069,-0.0878848508000373,-0.0977451354265213,-0.0977320522069931,-0.0793212056159973,0.0759446620941162,-0.0977462455630302,0.0977274924516677,0.0943175330758094,-0.0977452769875526,-0.0964552611112594,0.0712532624602317,0.0697718933224678,-0.0863929167389869,-0.0977404788136482,0.0977463126182556,-0.0554491579532623,0.0902776792645454,-0.0968724265694618,-0.0976708307862281,0.0977396890521049,-0.0464880615472793,0.0976126790046691,-0.09622473269701,-0.0897075310349464,-0.0956837609410286,0.0975866615772247,0.0948688462376594,0.0977342650294303,0.097746305167675,-0.0828656181693077,0.094404824078083,-0.0977322310209274,0.0002800425863824,-0.0977391451597213,0.045166015625,-0.0977371111512184,0.097252607345581,0.0977401807904243,-0.096410296857357,0.0975606143474578,0.0569416582584381,-0.0976836681365966,0.0977459996938705,-0.0977463200688362,-0.0976181775331497,-0.092114932835102,0.0961859598755836,-0.0026350668631494,-0.0966601222753524,-0.0973321720957756,-0.0977394953370094,0.0977145656943321,0.0273137167096138,0.0975414514541626,0.0966595709323883,0.096365138888359,0.0977448746562004,-0.0117205418646335,0.0823973342776298,-0.0975903868675232,-0.0279147066175937,-0.097661018371582,0.0958409905433654,0.0959393829107284,-0.0952637493610382,-0.0675946846604347,-0.0940718799829483,0.0977390930056572,0.0976148471236229,0.0476958714425563,0.0969703271985054,-0.0976959913969039,0.0587141029536724,-0.0512727238237857,-0.0960216000676155,-0.0977462977170944,0.0074840458109974,0.0969883799552917,0.066157765686512,-0.0946750789880752,0.0977462232112884,0.0816840082406997,-0.0783565118908882,-0.0977463200688362,0.0977463200688362,-0.0661621317267417,-0.0977407246828079,0.0696122944355011,0.09742471575737,-0.0977460667490959,-0.0977281555533409,-0.096843883395195,-0.0972716510295867,0.096988558769226,0.0594426356256008,0.0725972205400466,-0.0123612815514206,-0.0447868965566158,0.0270439982414245,0.0957790613174438,-0.0818941667675972,0.0143966218456625,0.0174408704042434,-0.1782595217227935,0.0391996055841445,0.1000741049647331,0.128871664404869,0.0352120511233806,0.0135220689699053,-0.1193409487605094,-0.0549601428210735,-0.0064957765862345,0.0743996500968933,-0.1071873158216476,-0.064324639737606,0.1645606309175491,-0.1547228395938873,-0.0697973743081092,0.0521727763116359,0.0398444235324859,0.003953902516514,0.119613267481327,-0.0431797765195369,-0.1648696660995483,0.0186786018311977,0.1036362871527671,-0.101839080452919,0.083834983408451,0.015361244790256,0.1238308623433113,0.1037095785140991,-0.0750570371747016,0.0372939072549343,0.1430384963750839,-0.078852854669094,-0.0137939983978867,-0.017258945852518,0.1287273317575454,-0.0987098217010498,0.0494883581995964,-0.0661532804369926,0.113157607614994,0.024745749309659,0.0070713274180889,0.032229509204626,0.0301193706691265,0.0167062655091285,0.1591302156448364,-0.0314454473555088,0.0160359218716621,-0.0006568246753886,0.2234861701726913,-0.0512940809130668,0.131490871310234,-0.2036289274692535,-0.0007344822515733,0.1432849913835525,-0.0199612081050872,0.1340980529785156,0.0030333218164741,-0.1141869723796844,0.0153843555599451,-0.0368865467607975,0.1185814142227172,0.1188060864806175,0.0411971732974052,-0.091581292450428,0.0401727184653282,-0.1165144070982933,0.1196488514542579,0.1445133984088897,-0.1458027213811874,-0.0340472161769866,-0.0159956514835357,0.0079567711800336,0.1261003464460373,-0.0770941078662872,-0.2138227671384811,-0.0214979127049446,0.0312913283705711,0.0636792480945587,0.1450778245925903,0.0681308433413505,0.1141474172472953,-0.0060402820818126,0.1314308643341064,-0.0493570268154144,0.0178574696183204,0.0766271203756332,-0.0077511775307357,0.1060580760240554,0.1064237058162689,-0.0528316646814346,-0.0027678594924509,-0.024127272889018,0.0158223025500774,0.1590587645769119,-0.0094758216291666,0.1218895837664604,0.0425626821815967,-0.0206507593393325,0.0089625092223286,0.0736965239048004,0.1245020106434822,-0.1145691201090812,0.1177324652671814,0.0325642190873622,-0.0293857585638761,-0.0856762751936912,-0.0756640285253524,-0.0594587102532386,0.0787917599081993,-0.0787856131792068,-0.0719014927744865,-0.0263898707926273,0.0199986547231674,-0.0300141014158725,-0.1366325169801712,0.002939605852589,-0.1167990118265152,0.0492088012397289,0.0228502079844474,-0.0937458500266075,-0.1312413662672042,0.1224686577916145,-0.1053339466452598,0.0129424706101417,0.0850931480526924,-0.0234744865447282,-0.0713962316513061,-0.0659915655851364,-0.0402253791689872,0.1210260316729545,-0.097653217613697,0.1137514933943748,0.129553735256195,0.1247299388051033,-0.0748464986681938,0.0886108800768852,-0.1135478466749191,0.0199619680643081,-0.0150676164776086,-0.0798922479152679,0.0302131380885839,0.103442370891571,-0.0099361650645732,-0.0033412976190447,0.0357926823198795,-0.0657406374812126,0.0173865836113691,-0.0374444089829921,0.063678041100502,0.0826321393251419,0.1115447804331779,0.0628178492188453,-0.0855494439601898,-0.1675276011228561,0.058304838836193,0.1165125966072082,-0.1214961186051368,0.0279325135052204,-0.0163864642381668,-0.1057558357715606,0.1227518916130065,0.0567111112177372,0.1126457378268241,-0.028104955330491,0.108370803296566,0.0696173980832099,0.0911173895001411,-0.0441584847867488,0.0288176443427801,-0.1072184070944786,-0.1533414274454116,0.1577063202857971,-0.0943416133522987,0.0178690869361162,0.1260843873023986,0.0563918054103851,-0.0565837509930133,0.1073930263519287,0.0560888200998306,0.0463426373898983,0.1449116766452789,-0.11753511428833,-0.061462465673685,0.0134363006800413,0.0278449300676584,0.0676629468798637,-0.0106320176273584,-0.0492060482501983,-0.1297647356986999,0.0869316980242729,-0.0986625179648399,-0.0006858152919448,-0.0321549847722053,0.0183188561350107,-0.0070575433783233,0.1268533170223236,-0.0680954083800315,-0.1430030912160873,-0.141567662358284,-0.0259944014251232,-0.0015823288122192,-0.1344467401504516,0.0609003081917762,-0.0741254091262817,-0.0213029608130455,-0.0081639485433697,-0.0012674380559474,-0.1532413214445114,0.1659203469753265,0.0827860385179519,-0.1399182677268982,0.0056152148172259,0.1247308626770973,0.0969920828938484,-0.097057044506073,-0.0527984425425529,0.1162941977381706,0.0668772310018539,0.092134915292263,0.1394072920083999,0.1410642266273498,-0.0674101039767265,0.0958069339394569,-0.0300400294363498,-0.114474818110466,-0.1277588754892349,0.0114646693691611,-0.0355823449790477,0.055958766490221,0.1161276251077652,-0.1095444709062576,0.0636290311813354,-0.0107117937877774,0.1000448837876319,-0.1590820699930191,0.0477560758590698,0.1000560820102691,-0.0760609284043312,-0.0302981175482273,-0.0639766678214073,-0.0272787064313888,0.134003147482872,-0.1084861159324646,-0.0342138446867466,0.1069531738758087,-0.0235158465802669,-0.0101103764027357,-0.0756536126136779,-0.1071345061063766,0.1015991419553756,-0.0638187304139137,-0.1081124991178512,-0.0682729110121727,0.1054774671792984,0.0817770510911941,0.0951035469770431,-0.1056316122412681,-0.0858249962329864,-0.0824682638049125,-0.0196758899837732,0.0951835066080093,-0.0673136115074157,-0.0872031971812248,0.0898463204503059,-0.1104000806808471,-0.1096751019358635,0.1100660786032676,-0.0920440927147865,-0.0283482503145933,-0.0792337507009506,0.0370962843298912,-0.0491549931466579,-0.0381391309201717,0.0617418475449085,-0.0820786282420158,-0.0404900498688221,-0.0787930190563201,-0.1057017594575882,0.1096964478492736,0.0794135779142379,0.1065444499254226,-0.099602960050106,0.1029308214783668,0.0871318131685257,0.109808325767517,0.1069647148251533,0.0971808955073356,0.0148740103468298,0.0081109777092933,-0.0448951534926891,0.0599935054779052,0.1085220724344253,-0.0634548664093017,0.0927499085664749,-0.1098110750317573,-0.1066043451428413,0.0938619971275329,0.0023524414282292,0.09234020113945,-0.0939482226967811,0.1099761426448822,0.0366737097501754,-0.0827785283327102,-0.1077590435743331,-0.1035104095935821,0.104066215455532,0.1073642149567604,-0.0235688742250204,0.1080785542726516,0.1089938879013061,-0.0644111260771751,0.107717327773571,-0.1104972139000892,0.0946203917264938,-0.0781798586249351,0.0813526213169097,0.0923720970749855,-0.1083542183041572,-0.1060085296630859,0.0855455547571182,0.1105464398860931,0.0055513917468488,-0.0573473758995533,-0.103805623948574,-0.1100155115127563,0.0148137966170907,0.0653462782502174,-0.0592025257647037,0.1057116389274597,-0.1034740507602691,-0.1096715629100799,-0.1099928095936775,-0.1095478236675262,-0.0581250078976154,0.1059273406863212,-0.1096564829349517,0.1069164052605629,0.1014382764697074,0.0762850940227508,-0.1061946749687194,-0.0717608779668808,0.0280533246695995,-0.1084344685077667,0.0712170451879501,-0.0473076738417148,-0.0124694174155592,0.0837965831160545,0.0831542313098907,-0.0993419736623764,-0.0683033168315887,-0.1097993925213813,0.0866504162549972,0.0944874435663223,-0.0590957328677177,0.0929245203733444,-0.0711020678281784,-0.0871882066130638,-0.0913176909089088,-0.1039893180131912,0.109561376273632,-0.0864215791225433,0.0908868238329887,-0.1102098226547241,0.1085723042488098,-0.0982905402779579,0.0836829990148544,0.0964017659425735,0.0131580419838428,0.0949819162487983,0.1104239970445633,0.0911513119935989,0.0872883275151252,-0.1097887307405471,-0.038570113480091,-0.1044150069355964,RJHXINYTPUMMNX-UHFFFAOYSA-N,NCCCNS(=O)(=O)CCc1ccccc1
-0.056485503911972,0.1216926947236061,0.1236602589488029,0.0213373508304357,0.0536062456667423,-0.0570849515497684,-0.1190278828144073,0.0766871199011802,-0.0260816570371389,-0.1050783619284629,-0.0381035059690475,0.0687542036175727,-0.0671124905347824,-0.0897205919027328,0.1298950612545013,-0.0667385980486869,-0.1315416097640991,0.1286245733499527,0.02315653860569,0.085277110338211,0.0683280378580093,-0.0499852523207664,0.1019510328769683,0.0142336692661046,0.058924913406372,-0.0021023929584771,-0.0049370815977454,0.0441948324441909,0.0611664503812789,0.1314354985952377,0.0893409922719001,-0.0875266343355178,0.0887142345309257,-0.0246007423847913,0.0799649581313133,0.1310778856277465,0.1303431540727615,-0.001789238420315,-0.0628474727272987,-0.103027731180191,-0.096161738038063,-0.1041293367743492,-0.1049863845109939,-0.1120677068829536,0.0971706956624984,-0.019638167694211,0.0635189935564994,-0.0676465034484863,0.1121449097990989,-0.118938110768795,0.0286335013806819,-0.0509846210479736,-0.123599037528038,0.1224586591124534,-0.0786534398794174,0.1097854822874069,0.1312381625175476,-0.1013882830739021,0.1008723378181457,-0.0458435453474521,0.1057228669524192,0.0112770115956664,-0.0860591381788253,0.0351661294698715,-0.1134004592895507,0.0117587158456444,0.103482149541378,-0.016074689105153,0.0780273303389549,-0.1007297039031982,-0.0995295196771621,-0.092200368642807,0.1240551844239234,0.059103075414896,0.1097321882843971,0.0086528984829783,0.0407289266586303,0.0851856097579002,0.1150858476758003,-0.0125516047701239,0.0814605802297592,0.1277049779891967,0.1290910094976425,0.0756144374608993,0.0520289577543735,0.0507376156747341,0.0201536826789379,-0.110232412815094,-0.0932484716176986,-0.0122100757434964,0.1264528185129165,0.1275881826877594,0.0249269623309373,-0.0674855262041091,-0.0335066393017768,0.0968218445777893,-0.0787587165832519,0.1189672425389289,0.1015343070030212,0.0259965024888515,0.1081883609294891,-0.1079548150300979,-0.1035722643136978,0.1269822865724563,-0.1007555052638053,-0.1198574230074882,0.0381968542933464,-0.0795890092849731,-0.125794768333435,0.0493912361562252,0.1113146767020225,-0.1122882440686225,-0.1260956376791,-0.0368419475853443,-0.1061355546116828,-0.0988857969641685,-0.108021467924118,-0.1312006413936615,0.0411652140319347,0.1263604611158371,0.0737919583916664,-0.0300742164254188,0.0822648182511329,0.0506069809198379,0.1266068816184997,0.1115729287266731,-0.0392766334116458,0.0558040365576744,0.1146078780293464,0.09507567435503,-0.0931087732315063,0.1092797815799713,0.1035321280360221,0.0707370638847351,-0.1142978146672248,0.1118953749537468,0.1022301316261291,-0.0808771848678588,0.0118212401866912,-0.0788374990224838,0.1062237024307251,-0.032490137964487,-0.0032659848220646,0.0329737402498722,0.1019541248679161,-0.0941893383860588,-0.0940579995512962,0.0974616706371307,-0.1015197187662124,0.0831606164574623,-0.096727468073368,0.0705899000167846,0.1121122762560844,0.0854736268520355,-0.0996996089816093,-0.0264972746372222,-0.1052232831716537,-0.1032533720135688,-0.0758421272039413,0.0744068846106529,0.0967752560973167,0.1115768998861312,0.1100469976663589,-0.0843093171715736,-0.1064679324626922,-0.1135744228959083,0.1048048213124275,0.1129979714751243,0.0874228775501251,0.1023641973733902,0.0780205056071281,0.0735568031668663,-0.0606352128088474,-0.0918117463588714,-0.019708689302206,0.0088740652427077,0.0934425070881843,0.0868426710367202,-0.088401086628437,0.113485537469387,-0.0343254059553146,-0.0883740782737732,-0.1096898987889289,-0.1025206446647644,-0.0625357255339622,-0.1125964000821113,-0.1143242418766021,-0.0740517526865005,-0.0596098117530345,0.1130787432193756,0.0008529711631126,-0.1041465103626251,0.1145636290311813,-0.1055663600564003,0.1141780465841293,0.1144265830516815,-0.1145756766200065,0.112894557416439,0.0316135920584201,-0.0198792684823274,-0.0702951923012733,0.1057408228516578,0.0815949067473411,-0.0301401074975729,0.0133552104234695,0.1143836751580238,-0.1133989319205284,-0.0512293875217437,-0.1133188679814338,0.068994864821434,-0.0447951667010784,0.0952411368489265,-0.0353651270270347,0.0982696190476417,0.0090540712699294,-0.0970830768346786,0.1092781722545623,0.0799086689949035,0.0240225549787282,-0.1030340194702148,-0.1060898900032043,-0.1038137301802635,-0.0901274755597114,0.0606206133961677,-0.0982111468911171,-0.1144740208983421,-0.1013197004795074,0.1146209836006164,0.0829530730843544,0.0742903277277946,-0.0096313897520303,-0.01484599057585,0.1022996231913566,0.0539746955037117,0.1038162857294082,0.1135687828063964,0.0018153897253796,-0.0907577723264694,-0.11353799700737,-0.0145641025155782,-0.0683780834078788,-0.0051093124784529,0.113731600344181,0.0527340807020664,-0.1132249757647514,0.0162777304649353,0.114612802863121,0.0967631265521049,0.1114163100719451,-0.1144466698169708,0.1038589552044868,0.1093075796961784,-0.1143954470753669,0.009488052688539,0.0638127028942108,0.0553689934313297,0.056949958205223,0.0597441717982292,-0.0767003521323204,0.0043321447446942,0.1134753078222274,0.0673404783010482,-0.1120371744036674,-0.0912396162748336,0.0190957840532064,0.1111788675189018,-0.1133408024907112,-0.066861480474472,-0.069950096309185,-0.0238677635788917,0.1127322688698768,0.0985692963004112,-0.111623078584671,-0.0107433144003152,0.1098150834441185,-0.0824281200766563,0.0934285521507263,0.1129594966769218,0.1138844341039657,0.1139155700802803,0.0188634097576141,-0.105058841407299,0.0857363194227218,0.0751405730843544,0.0377281978726387,-0.112677164375782,0.113713689148426,-0.0647186413407325,-0.1137353479862213,0.0891811847686767,0.0377160012722015,0.1125271767377853,0.0755324512720108,0.0892930701375007,-0.0337756387889385,0.0833576098084449,0.1119751632213592,-0.0898741334676742,-0.1054979637265205,-0.1139744967222213,0.0979786291718483,0.0350388549268245,0.0984710380434989,-0.0950766131281852,-0.1114733293652534,-0.1129525229334831,-0.0184681396931409,-0.0339493975043296,-0.0295552797615528,0.1126679107546806,0.0498294793069362,0.1106208339333534,0.1139773726463317,0.0544745996594429,-0.0966369807720184,0.02934773825109,0.113424502313137,0.1016682088375091,-0.088844321668148,-0.0730983093380928,-0.0906668007373809,0.0981050655245781,0.0732343420386314,0.0258288849145174,0.1140000224113464,0.1013059392571449,-0.1080755889415741,-0.1132473945617675,0.0410281233489513,0.0856430083513259,-0.0298098046332597,0.0852380022406578,0.1116660386323928,-0.0771323144435882,0.1139871254563331,0.0325994752347469,-0.1136679574847221,0.1132668256759643,0.0458882674574852,0.0939513891935348,-0.10789455473423,0.1009673550724983,0.1120320931077003,-0.095469519495964,-0.1041361093521118,0.0248807687312364,-0.035001914948225,-0.03021633438766,0.113624982535839,-0.0569452345371246,-0.0131239471957087,-0.1136327683925628,-0.1124870926141738,-0.1060067117214202,0.0966429635882377,-0.0578077882528305,-0.113225981593132,0.0006004312308505,0.0045007653534412,-0.1134207472205162,-0.1055429652333259,-0.1050358712673187,-0.0425751209259033,-0.0606665983796119,0.1139428317546844,-0.1113804653286933,0.098709300160408,-0.1103210747241973,0.0223274789750576,-0.1030727252364158,-0.113549493253231,-0.0871124565601348,0.1136465296149253,0.1136225759983062,-0.0311033874750137,0.0918487906455993,-0.1139931082725524,0.0797935426235199,-0.1118904203176498,0.1130049899220466,0.0089364666491746,-0.0519462004303932,0.08875622600317,0.0653954520821571,-0.1564155220985412,0.145362839102745,0.0764032006263732,0.0880012065172195,-0.0186643172055482,0.1619751900434494,-0.1118717491626739,0.1044963151216507,0.1327085942029953,-0.0374449305236339,0.1448167860507965,0.0381752662360668,0.0947172045707702,-0.0734168365597724,0.0211806818842887,0.0251743160188198,-0.0325601398944854,-0.0835366994142532,-0.0210873074829578,0.0200810078531503,-0.0184518788009881,0.0139629207551479,0.057484958320856,0.1427538841962814,0.0584369823336601,-0.0239439215511083,-0.056602519005537,-0.0591452717781066,0.0590382479131221,-0.1740967333316803,-0.0512693524360656,0.109533317387104,-0.0067197820171713,-0.0423728488385677,-0.0524496808648109,0.1607036292552948,0.1650330275297165,-0.0489965789020061,0.0984199717640876,0.1358879655599594,-0.1431149393320083,-0.0574586428701877,0.1173319816589355,0.0516438148915767,0.1231345385313034,-0.042861171066761,-0.007647203747183,0.0301267560571432,0.1441555768251419,0.0040738247334957,-0.1157744824886322,-0.0249328557401895,0.1057393848896026,-0.0002469859027769,0.1005498468875885,0.1133810579776763,0.1071867570281028,0.0834591686725616,0.0559378787875175,0.0193540640175342,-0.0925861150026321,0.0595171675086021,0.0506856143474578,-0.0194682423025369,-0.0295175518840551,0.0598403513431549,-0.0729869529604911,0.047183834016323,-0.1288881450891494,-0.0209546275436878,0.0321414172649383,-0.0554269850254058,-0.1046769395470619,-0.1279301196336746,0.0918831005692482,-0.083489753305912,-0.0840277299284935,0.0014823059318587,-0.0160213243216276,0.0975948050618171,0.008614556863904,0.0124817313626408,0.0567781291902065,-0.1064207553863525,0.0138433510437607,-0.0480934120714664,0.0767963901162147,0.179386168718338,-0.0183207597583532,0.0022984137758612,0.1008573770523071,0.0355801172554492,0.1120487451553344,0.0590740703046321,-0.0534276254475116,0.0209439266473054,0.100438117980957,0.1127253472805023,-0.1173566579818725,-0.1331680566072464,-0.0438518226146698,-0.0084418812766671,0.1556053161621093,0.0324469618499279,0.1321484148502349,-0.0183016061782836,0.0593945495784282,-0.1210987642407417,0.1419764757156372,-0.0491522550582885,0.0027388685848563,0.074141152203083,-0.0278403833508491,-0.1465740352869033,0.0679154321551323,-0.0724314078688621,-0.1321248412132263,-0.0034130772110074,0.0754446685314178,-0.0553266555070877,-0.1668469011783599,0.0921626687049865,-0.0881757587194442,0.126054972410202,0.146449476480484,-0.1328289210796356,0.0667844340205192,-0.0508353076875209,-0.0894012227654457,-0.0321622937917709,0.1532386690378189,-0.0500076413154602,0.1118938997387886,0.1412503719329834,0.1674326807260513,-0.0230938270688056,0.1077764183282852,0.0009751900797709,0.077361062169075,-0.033659815788269,0.0527941659092903,0.0477848462760448,0.0015719471266493,-0.1365741044282913,0.0478025935590267,-0.0067424685694277,0.0929083302617073,0.1051760986447334,-0.0251395180821418,-0.0307670347392559,-0.0325787626206874,-0.0335839577019214,-0.1354316622018814,0.1665159165859222,-0.0248188637197017,-0.1462383717298507,0.0568537414073944,0.080625019967556,0.0957712903618812,0.063275896012783,0.0657865181565284,0.0383262671530246,-0.1090007722377777,0.0104173086583614,0.1253358125686645,-0.1582157015800476,0.0696950927376747,-0.0717880204319953,-0.0975489467382431,0.0895655304193496,0.0886099711060524,-0.0301836412400007,-0.0861081257462501,-0.0830499976873397,-0.0388263128697872,-0.0613336823880672,-0.0869332998991012,-0.0460555553436279,0.0498227030038833,-0.036183014512062,0.1569674611091613,-0.1002983748912811,0.041236788034439,0.0239522587507963,-0.0623366311192512,0.1068062633275985,0.1236921325325965,-0.0400245524942874,-0.092679888010025,-0.0286059267818927,-0.0630364567041397,0.0613641627132892,-0.1336947977542877,-0.0989559963345527,-0.0613302066922187,0.0592896826565265,0.0858805775642395,-0.0854937434196472,0.0894485041499137,-0.1162473112344741,-0.0007399987662211,-0.1362163722515106,-0.1058702766895294,0.0155619345605373,0.1411301642656326,-0.0062650409527122,-0.069151185452938,-0.0559445098042488,-0.0459789261221885,-0.0450498014688491,-0.0797056406736373,0.0366145074367523,-0.0928912609815597,0.0847508236765861,-0.0683134868741035,0.038711342960596,-0.0137514565140008,0.0935482606291771,0.0714512094855308,-0.0940374508500099,-0.1612821221351623,-0.124364323914051,0.1775762438774109,0.1074527129530906,0.0045174332335591,0.1281934082508087,0.0276058427989482,-0.1483845263719558,-0.0254242215305566,0.1036432608962059,0.0154564594849944,-0.0214185118675231,0.0776224061846733,0.0881286337971687,-0.0546403229236602,0.0154868913814425,-0.0075600831769406,0.1246392354369163,-0.0311311557888984,-0.0048573068343102,0.1642399728298187,-0.0814992189407348,0.1086200699210167,-0.1516520678997039,0.1530979722738266,0.0346395745873451,0.0809684470295906,0.1130504682660102,-0.1345620900392532,-0.1301406770944595,0.0284699443727731,-0.097678892314434,0.0661700591444969,-0.0768271833658218,-0.0840407907962799,0.0136528555303812,-0.1348422914743423,0.0149379288777709,-0.0666016787290573,0.0602062195539474,-0.1176953539252281,-0.0112005313858389,0.0293744653463363,0.1535342335700988,-0.1063128039240837,-0.1143294125795364,0.0727964714169502,-0.0341833494603633,0.0281151961535215,0.0793628469109535,0.0309560876339674,-0.036165777593851,0.0790173485875129,-0.1262686848640442,-0.1061365604400634,0.0223498493432998,-0.078822948038578,-0.0124923065304756,-0.1190393343567848,-0.1124704182147979,-0.0589504167437553,0.0481259226799011,0.0658966675400734,0.0601720325648784,0.0731497928500175,0.1049054190516471,-0.0836939662694931,0.1495097875595092,0.0204777736216783,0.0009406328899785,-0.0964360907673835,0.1063165143132209,0.110161505639553,0.0090058585628867,0.1088156402111053,0.0059444345533847,0.0397245176136493,-0.1376610398292541,-0.0431820154190063,-0.0045290696434676,0.1805863678455352,0.0642716437578201,0.167607232928276,-0.1121290922164917,-0.0024573360569775,0.1568336337804794,-0.0367884300649166,-0.0276632774621248,0.0306754484772682,0.1330183148384094,-0.0523924678564071,0.0531949922442436,-0.0885322615504264,-0.0460051521658897,-0.0199874714016914,0.0637417510151863,-0.0963315367698669,0.075818233191967,0.0872681364417076,-0.0249242819845676,0.1301690489053726,-0.1462012082338333,0.0786907076835632,-0.0250463858246803,0.170932188630104,0.1084889695048332,-0.1234355643391609,-0.1010155379772186,0.02874699793756,0.1261844187974929,-0.0838567689061164,-0.0459533780813217,-0.0615581013262271,-0.0340508185327053,-0.0677751153707504,-0.0822526142001152,0.0012437804834917,0.0670100674033165,0.0521118566393852,-0.0373661592602729,-0.1266841888427734,-0.1328355967998504,0.0726567432284355,0.0441600531339645,-0.0562075451016426,0.0820642933249473,0.1329154670238495,0.0016570095904171,-0.0371983386576175,0.0590451024472713,0.0177639741450548,0.0112877236679196,0.0512514151632785,-0.0376271642744541,-0.1138817071914672,0.1155776977539062,-0.0236342642456293,0.021887756884098,-0.0152803668752312,-0.1038374304771423,0.1635298281908035,-0.0841656327247619,-0.0341465175151824,-0.0522617809474468,-0.034487597644329,-0.103291280567646,0.1087711453437805,0.0423029772937297,0.1814363151788711,-0.1406310945749282,0.1688458174467086,-0.1521007269620895,0.1159848049283027,-0.0426275096833705,-0.0464870445430278,0.0998375564813613,0.0063218036666512,-0.0112500442191958,0.1809610873460769,0.0514658987522125,0.0549435205757617,-0.133778229355812,-0.0391788706183433,-0.0567285567522048,ZSLBZVBSPDJPDJ-UHFFFAOYSA-N,CCC(CC)(CC)SCC(=O)N1CCNC(=O)C1
0.107162706553936,0.1049995422363281,0.1048508435487747,0.0895073935389518,-0.0034819794818758,-0.0558135248720645,-0.1073610782623291,-0.0913310572504997,0.0940004363656044,0.0668621361255645,0.0991274863481521,0.0939470082521438,0.1056617870926857,0.1044253259897232,-0.0975969135761261,0.0495891198515892,0.0353147089481353,-0.0403499528765678,-0.1071643754839897,0.1073506623506546,-0.1060203164815902,-0.1067237704992294,0.1073653995990753,-0.0303967203944921,-0.0084080146625638,-0.1073523312807083,-0.1065510660409927,0.1024898290634155,0.1018349528312683,-0.0897295773029327,0.1057336553931236,-0.1051285564899444,-0.0135586755350232,-0.1073390245437622,-0.0754861086606979,0.1048764586448669,-0.100124754011631,0.0023121067788451,-0.1042106971144676,0.0558030903339386,-0.1073041856288909,-0.107168324291706,-0.1019548326730728,0.087614506483078,0.0981776341795921,-0.0522804073989391,0.1013514250516891,-0.0921491608023643,-0.0934365838766098,-0.0199386999011039,0.0821518227458,-0.1048337817192077,0.0793636888265609,0.0913628414273262,0.1053412109613418,0.1068389415740966,0.1037880629301071,0.0577272102236747,-0.105399951338768,-0.0145071800798177,-0.1073113307356834,0.1073551103472709,-0.1043268740177154,0.0097434297204017,-0.0433750078082084,0.106314904987812,-0.0993416756391525,0.0893322676420211,-0.0097023360431194,-0.1041053906083107,0.0924282595515251,0.1073599830269813,-0.0992910414934158,0.0110669676214456,0.1055178493261337,-0.1073683425784111,-0.1018819287419319,-0.0913373082876205,-0.1062062084674835,0.0503912530839443,0.1043470129370689,0.1027260571718216,0.1071636527776718,0.0846041887998581,-0.0698179900646209,0.0990191027522087,-0.0853755474090576,0.0919883549213409,-0.102509468793869,0.0814098045229911,-0.0301703512668609,0.0494721792638301,-0.0568804182112216,0.1057772561907768,-0.1071737632155418,0.1024993807077407,-0.0500656552612781,0.0877888426184654,0.0413162931799888,0.1065344661474227,0.0814684703946113,0.0510243661701679,0.1019015982747078,0.1072197705507278,-0.0858265310525894,0.0871881544589996,0.1068015247583389,0.0163029562681913,-0.1070830076932907,0.1007395312190055,-0.0611030012369155,0.1060002446174621,-0.0964742451906204,-0.0794656053185463,0.1007178276777267,0.093582808971405,-0.033885259181261,0.031434703618288,0.1057836338877677,-0.0990310609340667,-0.0497800819575786,0.0442643389105796,0.0974042117595672,0.1040626391768455,-0.1050004065036773,0.0899344682693481,0.0342374779284,-0.1066377907991409,0.0990073084831237,-0.0989646539092063,0.0428245402872562,0.0990066528320312,0.0445561669766902,0.0959118008613586,-0.0984294936060905,0.0129025233909487,0.0416861437261104,0.0984748974442482,0.0988153517246246,0.0982834324240684,-0.0958913639187812,-0.0210038740187883,0.0956771746277809,-0.097888745367527,0.0743409171700477,0.0982512459158897,-0.0990034639835357,-0.0973720327019691,-0.0582188554108142,0.0852830857038497,-0.0986413285136222,0.0371992886066436,-0.0989383608102798,0.0989293530583381,-0.0989066064357757,-0.03629931807518,0.0981349945068359,0.0827615037560463,-0.0142943486571311,-0.0975767597556114,-0.0989834815263748,0.0984033495187759,0.0946717485785484,0.0905569568276405,-0.0985131934285163,-0.0927358642220497,-0.0962009131908416,-0.0970816388726234,0.0956235527992248,-0.0271908454596996,-0.0990066602826118,-0.0989533588290214,0.095232605934143,-0.098997950553894,-0.0513428412377834,0.0649442449212074,-0.0988490730524063,0.0990073382854461,0.0990018770098686,-0.0989404991269111,-0.0990051850676536,0.0987547487020492,0.0891513004899025,-0.0776750668883323,-0.0969396531581878,0.02298897318542,-0.0988938361406326,-0.0980828553438186,0.0989930480718612,-0.0990010872483253,-0.0970401018857956,0.0990048125386238,0.0989864841103553,0.0986769646406173,-0.0406667776405811,0.0888074412941932,-0.0985499247908592,0.099005714058876,0.093198649585247,-0.0990046039223671,0.0987950041890144,-0.0341955833137035,-0.0987103208899498,0.0967600122094154,-0.0989179015159607,0.0985906869173049,0.0943802893161773,-0.0951961576938629,-0.0948363095521926,-0.0548623725771904,0.0839515477418899,-0.0460078306496143,-0.0440829545259475,-0.0538578256964683,0.0989367589354515,0.0979461744427681,-0.0989976674318313,0.0988447815179824,-0.0987726897001266,-0.0989712104201316,-0.0697090998291969,-0.0958015620708465,-0.0544957779347896,0.0978598371148109,0.0952991470694542,0.0988442972302436,-0.0326557047665119,-0.0584080219268798,0.0989015847444534,-0.0612776279449462,0.0984251052141189,0.0981996953487396,-0.0988896340131759,-0.094433419406414,-0.0990073084831237,0.0945905968546867,-0.0989867746829986,-0.0989022031426429,0.0191564466804265,0.0989075750112533,0.0695377364754676,-0.0637560337781906,-0.0989926904439926,0.0987159386277198,-0.0967931821942329,0.0911697894334793,0.0986299440264701,-0.0989817380905151,0.099005788564682,-0.0989497303962707,0.0690315440297126,0.0988053604960441,0.0932703763246536,-0.0989889651536941,-0.0934547111392021,0.0981514602899551,-0.0228856652975082,0.0952706933021545,-0.0461725741624832,0.099956102669239,-0.0894160345196724,-0.1030441224575042,0.0591782927513122,-0.0989119261503219,-0.0980748012661933,-0.0736112222075462,0.1030452027916908,-0.0109869064763188,-0.1030476987361908,-0.1030472591519355,0.1024297326803207,-0.0439754910767078,0.0938023477792739,0.1030474752187728,-0.0990201085805893,-0.0986331403255462,0.091358907520771,0.1030035838484764,0.1027446389198303,0.1026842072606086,0.0829466208815574,0.0945886597037315,0.100965715944767,0.1007627695798873,-0.0991869494318962,0.1023362800478935,-0.1021593809127807,-0.1029696017503738,0.0727712586522102,-0.0431511215865612,0.1019622981548309,-0.0838068127632141,-0.1030463799834251,-0.1022513657808303,-0.102254994213581,0.0998709574341774,0.0005445892456918,-0.0280098915100097,0.1030280813574791,0.0555153712630271,0.1017348915338516,0.1010205522179603,0.075058527290821,-0.0397041700780391,0.1030309125781059,0.0501855909824371,0.062128011137247,0.0874262526631355,-0.0927894115447998,0.1029298603534698,-0.0916717946529388,-0.1027796566486358,0.0705261379480362,0.0503325015306472,0.0932416021823883,-0.0611579939723014,0.0455560013651847,-0.1028942242264747,0.1030422672629356,-0.0865203216671943,0.1026529744267463,-0.0865493342280387,-0.0713229775428772,0.0489002950489521,0.1028864234685897,0.1001899763941764,-0.1027890592813491,0.0907850116491317,-0.10270656645298,0.1024290099740028,0.1030474826693534,-0.1029687747359275,-0.0527391470968723,0.1030426397919654,-0.1014176085591316,-0.1030294820666313,-0.082172580063343,0.0921790897846221,0.1019561812281608,-0.1030448749661445,-0.1020796298980712,-0.1024664044380188,0.0934145897626876,-0.0982969179749488,-0.1017341986298561,-0.1000048071146011,0.0279517713934183,0.1018646955490112,-0.1029429510235786,0.102204144001007,0.0058356984518468,-0.1030476167798042,-0.098784826695919,0.1029993519186973,0.096603162586689,-0.0685865432024002,-0.1028451174497604,0.0803026482462883,0.0786583945155143,-0.0523430779576301,-0.1030476614832878,0.1030361205339431,-0.1029529124498367,0.1028980165719986,0.0537149682641029,0.082399807870388,0.0426908060908317,0.1025267988443374,0.0359279848635196,0.1030476912856102,-0.0884875431656837,-0.0954319015145301,0.0077307317405939,-0.1030477061867713,0.1030477061867713,0.1017698273062706,0.0951618775725364,-0.1005660891532898,0.0140437176451087,0.0024238170590251,0.0576664544641971,0.0108888261020183,-0.1007589697837829,0.1001387983560562,-0.10362458974123,0.0436625331640243,-0.087526224553585,0.1045238748192787,-0.0231235586106777,0.0418727211654186,-0.1143019124865531,0.1229851841926574,0.112639382481575,-0.0788023620843887,-0.0119178555905818,-0.1337488442659378,0.1159612163901329,-0.1405365914106369,0.0102564310654997,-0.1280086487531662,0.059821642935276,-0.1136859804391861,0.0655987560749054,0.0961737036705017,0.0149852633476257,0.0919494479894638,-0.0655989125370979,0.099297322332859,0.1146990358829498,-0.0129508003592491,-0.039326824247837,0.0375436395406723,0.0335523374378681,-0.1376639455556869,-0.0176650881767272,0.0576393902301788,-0.0281778555363416,0.0931717604398727,0.092569850385189,-0.1384311318397522,-0.0493773408234119,-0.0977504104375839,0.0818462893366813,0.1015067398548126,0.0966713950037956,-0.1415173858404159,-0.127695545554161,-0.1017489433288574,0.1076576337218284,0.1363762021064758,-0.063377670943737,-0.1089207753539085,0.0269388165324926,0.1157117635011673,0.0842216238379478,0.0265104863792657,0.0657060295343399,-0.0450072214007377,-0.1144209951162338,-0.1331679821014404,-0.1243209838867187,-0.0725190341472625,0.0800774320960044,0.0723513513803482,-0.1227345988154411,0.0287127085030078,0.0805556327104568,-0.0040404796600341,0.0969099104404449,-0.1186884865164756,0.0208622999489307,-0.0595267862081527,0.0006080298917368,0.1081853508949279,-0.0787064284086227,0.0693705379962921,-0.1080573797225952,0.1364771425724029,-0.1066451966762542,-0.0671463832259178,0.1011210978031158,-0.1341103166341781,-0.1111589968204498,-0.0959270671010017,0.0600101090967655,0.1242682635784149,-0.0255697667598724,-0.132249504327774,-0.0987222120165824,0.1018330827355384,-0.1033486649394035,0.0048320996575057,0.0889635235071182,-0.0450687184929847,0.1298558861017227,-0.0726750865578651,-0.1241046041250228,0.0439910292625427,0.0376203805208206,-0.0174017418175935,0.1079898625612258,0.0746557414531707,-0.132672518491745,0.0814728513360023,-0.0235951654613018,0.0214659590274095,-0.1170618012547493,-0.0145936869084835,0.0212219841778278,0.0450504124164581,0.1063594222068786,0.0039002201519906,0.0682724192738533,0.0315429344773292,-0.1255937963724136,-0.1222381293773651,0.0048337117768824,0.130375936627388,0.0823590531945228,0.0594326220452785,0.1316145658493042,0.1177535653114318,-0.0601342879235744,0.1054364740848541,0.0793965086340904,-0.013254671357572,0.0533130504190921,-0.0629894658923149,0.0209708102047443,0.0754418671131134,-0.1089348122477531,0.015374350361526,-0.111300341784954,0.0857763141393661,0.1413419842720031,-0.1215565577149391,-0.0046242345124483,0.1336317807435989,0.1454601287841797,0.0645495057106018,0.1035481691360473,-0.1201622933149337,-0.0353500247001647,-0.0983931943774223,0.1332586109638214,0.1320853680372238,0.0550783202052116,-0.1341359615325927,0.130261093378067,-0.0834707394242286,-0.0546423643827438,-0.0791693553328514,-0.1260341703891754,-0.1068016439676284,-0.0903693065047264,0.0439438559114933,-0.1366699635982513,0.1444297879934311,-0.1389818787574768,0.0549805723130703,-0.1378089636564254,0.1193940863013267,0.0092654917389154,0.1302946358919143,0.0512618534266948,-0.0569427534937858,-0.0639174059033393,0.0114364055916666,0.0224473252892494,-0.0217854864895343,-0.0198366064578294,0.0455467924475669,-0.0093742879107594,0.0777057707309722,-0.077661819756031,-0.0551229417324066,-0.0215816758573055,0.025457888841629,-0.0161411445587873,-0.0242230594158172,0.0170483849942684,-0.1308693140745163,0.1185535639524459,0.08987757563591,0.1420347243547439,-0.0875840932130813,0.1158621534705162,-0.0388373732566833,-0.0114538157358765,-0.0749594196677208,0.1336312592029571,0.0629111155867576,-0.047427300363779,0.1073888689279556,0.004639548715204,0.1074463948607444,-0.0002338207705179,-0.0716612264513969,-0.0239634681493043,0.0908483639359474,-0.0738532543182373,0.0368482321500778,-0.1039677783846855,-0.0746221840381622,-0.0284541398286819,0.0571916997432708,0.0973997637629509,-0.0856498256325721,0.0549052618443965,-0.0390737876296043,-0.0842709168791771,-0.0829469561576843,-0.0748668536543846,-0.0932312160730362,-0.0561195127665996,-0.0476518087089061,-0.0666185915470123,-0.0813206806778907,0.0471991971135139,-0.0520370081067085,-0.0420728549361228,0.1480184644460678,0.06205939874053,-0.1283816844224929,-0.1388691812753677,0.0960074216127395,0.1361198723316192,-0.1078452169895172,0.1287249326705932,-0.1082122027873992,-0.0403899475932121,0.082107089459896,0.0268003270030021,-0.0133820511400699,-0.0938585698604583,0.0563116483390331,-0.078683853149414,0.1142582818865776,0.0145701728761196,0.1322483718395233,-0.0215720385313034,0.0768156051635742,-0.0969467982649803,0.0572811253368854,0.1134715527296066,-0.114636093378067,0.0690135955810546,-0.1111928224563598,0.1491181999444961,-0.1189797222614288,0.0694217756390571,-0.0131925912573933,-0.1281893998384475,0.0133813032880425,-0.056451067328453,-0.0801477506756782,-0.0982935652136802,0.0557266138494014,-0.1314457356929779,-0.0010226875310763,0.0854438245296478,-0.1351715475320816,-0.0041537638753652,0.0271278601139783,0.0785203650593757,0.1241835355758667,0.1336820572614669,0.1625188142061233,-0.0423489063978195,0.0279398821294307,0.1499263346195221,-0.0230535604059696,0.0851903483271598,-0.135943979024887,0.0951448082923889,-0.0270205382257699,-0.065289132297039,-0.0386587046086788,-0.0844641402363777,-0.1013606339693069,-0.0822660699486732,0.1362640410661697,0.0649367123842239,-0.1270993649959564,0.1138122528791427,0.0830789804458618,-0.0185300484299659,-0.0042012934572994,-0.0335958898067474,-0.1265242993831634,-0.1072791442275047,0.0026294323615729,-0.1265745013952255,0.0340170487761497,-0.0888644307851791,-0.0380511172115802,0.1384602189064026,0.117259182035923,0.0191467683762311,0.0524529293179512,0.1301924139261245,0.0609127879142761,-0.114644281566143,-0.0502809882164001,-0.0281664803624153,-0.034423142671585,0.1029621735215187,0.0626304149627685,0.0064780036918818,0.0981274247169494,0.0250817760825157,0.0459306389093399,-0.0028288243338465,-0.0085395667701959,-0.1114469394087791,-0.006552645470947,-0.0854974761605262,-0.1004201918840408,0.091162733733654,0.0434191338717937,0.1067124083638191,-0.0448300130665302,0.1068383082747459,-0.0873671174049377,0.1160378009080886,-0.0544827803969383,0.0672497302293777,-0.1053944677114486,0.0724958702921867,0.13118676841259,-0.0268360041081905,-0.042772963643074,-0.0826290398836135,0.0596242696046829,-0.096155934035778,-0.012010870501399,-0.0509859956800937,-0.0699497088789939,0.000128756990307,-0.0078656123951077,0.1329351663589477,-0.1305968910455703,0.0584020242094993,0.0505835637450218,-0.0917789414525032,0.0986415743827819,-0.0670444592833519,-0.0225175376981496,-0.1532966941595077,-0.1353828310966491,-0.1346170306205749,0.107457049190998,0.0210931375622749,0.065418966114521,0.1125760450959205,0.0257720686495304,0.1226128712296485,0.1476980894804,0.1188826486468315,0.0206846874207258,-0.0140923457220196,-0.0677262246608734,0.0494931973516941,0.1280877143144607,0.1146722063422203,-0.0260934717953205,0.0193235538899898,0.0255627017468214,0.081003338098526,-0.1254835873842239,-0.1135796532034874,0.0530076250433921,0.140539214015007,-0.0524180494248867,0.1467356532812118,-0.1199268102645874,0.0392789803445339,-0.124612271785736,0.0801128670573234,0.1374484151601791,-0.0922883227467536,0.1212152689695358,-0.0045449235476553,0.0125326048582792,0.0920355468988418,-0.0665672421455383,0.1310402303934097,0.0926037803292274,HVKDPUIMVHKGHU-UHFFFAOYSA-N,Cc1cncc(C(=O)NCCc2cncn2C)c1
-0.0572677738964557,0.0910087078809738,-0.0997796803712844,0.1041489318013191,-0.0696719586849212,-0.1041582599282264,-0.102463886141777,0.015282567590475,0.0930395796895027,0.0820729210972786,-0.1029678583145141,0.0998693108558654,-0.1031198129057884,0.0114732747897505,0.1041775643825531,-0.0963798314332962,-0.1041750684380531,0.104170948266983,0.1040328741073608,0.0876079872250557,-0.0988120511174202,0.0258136764168739,0.097436599433422,0.0981046259403228,0.0341572128236293,-0.0958988443017005,0.0681475028395652,0.1031178459525108,-0.1022612303495407,0.1039306223392486,-0.1036368235945701,-0.1026518121361732,0.1041483506560325,0.1033936589956283,0.102987103164196,0.0582232698798179,0.1034549996256828,-0.0323100127279758,0.0710057318210601,-0.1041607856750488,-0.0201373025774955,0.0602227672934532,-0.1041650474071502,-0.0963646098971366,0.1032732278108596,-0.0771651118993759,-0.1041697114706039,-0.0700394213199615,0.0983067527413368,-0.1020427644252777,-0.1040639579296112,-0.0315564684569835,-0.0926647335290908,0.1041771322488784,0.0475204400718212,-0.1034180074930191,0.1035270914435386,-0.0866300165653228,0.1039014086127281,-0.0155429178848862,0.1041308268904686,0.0954540893435478,-0.0988166332244873,-0.0058668707497417,0.0439874976873397,-0.04997244104743,0.0538983680307865,-0.0193852130323648,0.1026998609304428,0.0015697076451033,-0.0809217393398284,-0.10417390614748,0.1040485575795173,0.0415171571075916,-0.1039249449968338,0.0142676457762718,-0.104152888059616,0.104158766567707,0.1033242717385292,-0.1041024252772331,0.0869385227560997,0.1030853539705276,0.0833014324307441,-0.1008486598730087,-0.1011697798967361,-0.0807548984885215,0.1017470955848693,-0.0695229992270469,-0.041493184864521,0.090806171298027,0.1041719391942024,0.1041582599282264,0.1005767509341239,0.0100045641884207,0.0187363736331462,-0.0997474044561386,-0.104045420885086,0.1041773781180381,0.1040834933519363,-0.0462952442467212,-0.0476904697716236,-0.0784815624356269,-0.0344414450228214,0.0947315916419029,-0.0836201086640358,-0.1041772291064262,0.1025326922535896,0.0184852387756109,-0.0951052755117416,-0.1029936298727989,0.1040741205215454,-0.1039539128541946,-0.103567898273468,0.1003656536340713,0.1027329415082931,0.1036228239536285,-0.0795219466090202,-0.1034164130687713,-0.0964631214737892,0.1041332855820655,-0.0988998860120773,0.103958636522293,-0.0019250117475166,-0.0990858152508735,0.1041689962148666,0.1006619110703468,-0.0987493470311164,0.088749349117279,0.120694451034069,0.0904482007026672,0.122822917997837,-0.0801739245653152,0.0551859959959983,0.0140679469332098,-0.0625983402132988,0.1281979978084564,-0.0994128286838531,-0.0041622593998909,-0.0644375532865524,0.0155702531337738,0.0614406168460845,-0.0834379494190216,0.0904371663928031,0.1228711977601051,-0.0434799827635288,-0.0199218913912773,-0.1014785170555114,-0.0458358787000179,-0.0966228023171424,0.0451492592692375,-0.1038535758852958,-0.0076690698042511,0.0125075653195381,0.0988997817039489,-0.0592008680105209,-0.0812857151031494,0.0840471759438514,-0.0930632725358009,-0.0820519179105758,0.0246080532670021,0.1024441942572593,0.128224566578865,0.1248343363404274,-0.0432959459722042,0.1076831072568893,-0.1124879941344261,0.0088453395292162,-0.0733057931065559,0.1120554655790329,0.0059304246678948,0.1211735308170318,-0.103510670363903,0.1264367252588272,-0.1166061162948608,-0.1141063049435615,-0.0134013285860419,0.110975757241249,0.1263094693422317,-0.0391029678285121,0.0663493275642395,-0.0791046321392059,0.0540448427200317,-0.0849828869104385,-0.0931629613041877,0.0605535432696342,-0.0759027898311615,0.0027914152015,0.0132637862116098,0.1088963821530342,0.1292564123868942,-0.1150426194071769,-0.0771814435720443,0.1282247006893158,0.0824670195579528,-0.0227796044200658,0.1262892484664917,-0.1212691888213157,0.0626383945345878,-0.0747561156749725,-0.0918844863772392,-0.1254423856735229,0.0644298940896987,-0.1219145953655242,-0.004750738851726,-0.1282604932785034,0.0722942948341369,-0.1162136122584343,-0.0505488999187946,-0.0842054784297943,-0.0985615253448486,0.0810755938291549,0.1104881539940834,-0.0212429091334342,0.0866606160998344,0.1066415607929229,-0.0157973319292068,0.0958569794893264,-0.0722439736127853,-0.1173163875937461,-0.1070602461695671,0.0966329127550125,0.0134552493691444,0.096789963543415,0.1264354735612869,-0.0088821211829781,-0.1090037375688552,-0.118804782629013,0.1033323407173156,0.0869393944740295,-0.1126338616013526,-0.0391457229852676,-0.0606404617428779,0.0740137174725532,0.1040003448724746,0.1285735219717025,-0.0218991730362176,-0.059102363884449,0.1024228483438491,0.0662677064538002,-0.1099174991250038,-0.0846950635313987,0.0955508425831794,0.128676027059555,0.1269310712814331,-0.1007425710558891,-0.0443486832082271,0.0851692482829094,0.0356146283447742,0.1199260279536247,-0.1152988746762275,0.0829617902636528,0.1150533854961395,-0.0580933205783367,0.0019227019511163,-0.0401518456637859,0.0968278422951698,0.1042748093605041,-0.1058671548962593,-0.0084483437240123,-0.090031050145626,0.0887692272663116,0.1060699298977851,0.1003431901335716,-0.02025499753654,0.1059566587209701,0.0249363481998443,0.1013175100088119,-0.1033277139067649,0.0821457505226135,-0.1048086211085319,0.1049874424934387,-0.0184743143618106,-0.1061800569295883,0.1009134203195571,0.1049345433712005,-0.0125862564891576,0.0652826651930809,0.0266348123550415,0.1061901673674583,0.0362716801464557,-0.1006697490811348,-0.0995009243488311,0.1059322580695152,-0.018607011064887,0.1006223186850547,-0.1015131622552871,0.1061401069164276,0.1041682362556457,-0.0818256586790084,0.0920719355344772,0.0730943381786346,0.0951170548796653,0.0956700220704078,0.0239923819899559,0.0961385816335678,0.0637051165103912,0.1063065603375434,-0.0855619758367538,-0.0769787952303886,-0.1050446927547454,0.0987934023141861,-0.1037096679210662,0.097269020974636,-0.0476528257131576,-0.1013053506612777,-0.1057604402303695,0.0149813797324895,-0.0831724479794502,-0.1062084734439849,0.1063155904412269,0.1020720452070236,0.1057186275720596,0.106015607714653,0.0993184670805931,-0.1023166254162788,0.0644280984997749,0.1046303361654281,0.1052560657262802,-0.102681003510952,-0.1007880344986915,-0.0997028201818466,0.0989993065595626,0.1000903621315956,0.0663421973586082,0.1062849685549736,0.0105715142562985,-0.1057271510362625,-0.0759694799780845,0.0458082035183906,0.1051476299762725,-0.1004494577646255,-0.089397095143795,-0.0653158202767372,-0.016886182129383,0.1063177287578582,0.0003454431134741,-0.1061331331729888,0.0999350100755691,0.0308875646442174,0.1012642756104469,-0.1062420830130577,-0.0755858272314071,0.0189677234739065,-0.106166698038578,-0.1048198938369751,-0.0482409745454788,-0.094808354973793,-0.0642871037125587,0.1062715277075767,-0.0785063654184341,0.1028990596532821,-0.1054355204105377,-0.0859213545918464,-0.0746560618281364,0.1062295213341713,-0.1060953140258789,-0.0823154523968696,0.1041958704590797,0.0979577824473381,-0.1005197986960411,-0.0716224834322929,0.0753181129693985,-0.0351058207452297,-0.0956451296806335,0.1062114387750625,-0.0631684362888336,0.0931873247027397,-0.1024547442793846,0.0803859755396843,-0.1022843644022941,-0.0685538351535797,-0.0693433359265327,0.1038973405957222,0.0065328627824783,0.1053502261638641,-0.0044404412619769,-0.0997712686657905,0.0958600416779518,-0.0980110093951225,0.1063042357563972,-0.1032996550202369,0.0528765171766281,-0.0758611559867858,-0.0991996005177497,0.0790076702833175,-0.1157026141881942,-0.0722925439476966,0.1221836730837822,0.0492282956838607,-0.0010697899851948,-0.111772708594799,0.1010160893201828,-0.0351749323308467,-0.0685686841607093,0.1122553944587707,-0.0398245826363563,-0.0033375793136656,0.0611653178930282,0.0081762438639998,0.0577731281518936,-0.2048594057559967,0.0139718512073159,0.047646477818489,0.048829361796379,0.0584659613668918,0.0617895014584064,0.0452328473329544,-0.1371261924505233,0.0806932523846626,0.1470274925231933,-0.1684680730104446,-0.0263182632625103,-0.0583655908703804,0.1009882315993309,0.0384210012853145,0.1026994809508323,-0.1562309563159942,0.090391106903553,0.0825702026486396,-0.1694623827934265,-0.1165013760328292,-0.1336224377155304,-0.013377777300775,0.0303790718317031,0.0789963603019714,-0.1079986542463302,-0.0536212921142578,0.026290001347661,0.1055805385112762,0.0223455857485532,0.1226141229271888,0.0954628735780716,0.1250556409358978,0.0498837828636169,-0.1340707540512085,-0.0176226366311311,0.0605512671172618,0.1178795844316482,0.0893273055553436,0.0438202582299709,-0.0719846785068512,-0.0639071241021156,-0.0342817790806293,0.1146179735660553,-0.0724561288952827,-0.0260624773800373,0.0914653912186622,0.009525116533041,0.1423788964748382,-0.0316165536642074,-0.0746071338653564,0.0564001724123954,0.1047144755721092,-0.1283237934112548,-0.0407405942678451,-0.1054410338401794,0.0441796258091926,-0.0245326086878776,-0.1165446266531944,0.0564183965325355,0.0988548770546913,-0.1038331463932991,-0.0181688517332077,-0.1609625369310379,0.0776895359158515,0.0365360490977764,-0.0568101070821285,-0.0040035848505795,0.0173380821943283,0.0065426896326243,-0.0498783513903617,0.1813598275184631,0.0040334938094019,-0.0258287731558084,0.0144823007285594,0.0931656509637832,0.0494803190231323,0.0048416689969599,-0.0734388008713722,-0.0263383388519287,-0.0236556287854909,0.0837650001049041,0.0871779844164848,-0.0921948254108429,0.050237838178873,0.0019125310936942,0.0856166034936904,-0.0144221726804971,-0.1071945652365684,-0.1460692286491394,-0.1290892213582992,0.006533058360219,0.1021295040845871,-0.0031976050231605,-0.0913304761052131,0.1231968775391578,0.1539624482393264,-0.0580472126603126,0.0282104108482599,0.0919845327734947,0.1728022545576095,0.0002894603530876,-0.0671227499842643,0.0296416617929935,0.1675744801759719,-0.13343545794487,0.0729276835918426,0.1513178795576095,-0.1128972545266151,0.0756731405854225,-0.049824733287096,-0.0751952826976776,-0.1480383276939392,0.0436353906989097,-0.0163281746208667,-0.0956358239054679,0.0100720543414354,-0.0758534967899322,0.0996972471475601,-0.0221623163670301,0.0646006390452385,0.0613519176840782,0.0531512685120105,0.0870823264122009,-0.0308276284486055,-0.1338608115911483,0.098405435681343,-0.1177224144339561,-0.0383882001042366,0.1436501294374466,0.0744248777627945,0.1388268023729324,0.1550973206758499,0.1078265905380249,0.061055663973093,0.1276845186948776,-0.0339987613260746,0.0208829157054424,-0.1520054340362548,0.0787221565842628,0.065075971186161,0.011878527700901,0.0553081110119819,0.0026708343066275,-0.0289493948221206,0.1266151219606399,-0.0023480688687413,-0.0967273190617561,0.0767009556293487,-0.1794710606336593,0.0026759468019008,0.0311950948089361,0.0031587861012667,-0.1101291477680206,-0.0311366766691207,-0.0069824652746319,-0.0979142487049102,-0.1380252987146377,-0.0664048567414283,0.0064890896901488,0.0653499737381935,-0.0397945418953895,0.0993782803416252,-0.0605014227330684,-0.0366506353020668,0.1353844404220581,-0.1240876019001007,-0.0806393325328826,0.0292832981795072,0.1414655148983001,0.1233774423599243,-0.0617142282426357,0.0016213236376643,-0.0593679212033748,-0.1638866662979126,-0.0321131534874439,-0.0832079872488975,-0.0237615779042243,0.0249491091817617,0.1127221211791038,0.1527391821146011,0.101198673248291,0.0732094198465347,-0.1260533034801483,-0.1274069845676422,-0.1623323112726211,0.072434201836586,-0.1056131273508071,-0.0985840037465095,-0.0356492288410663,0.095005065202713,0.0178845208138227,-0.0096679059788584,0.1063183844089508,-0.0946185663342475,-0.0328010953962802,0.0091606182977557,-0.0277735721319913,0.0939807891845703,-0.0320252254605293,0.0078874407336115,-0.0571268200874328,0.1440195739269256,-0.0422577038407325,-0.1121032163500785,-0.1706243306398391,0.0723075494170188,0.1457060724496841,0.0819565057754516,0.0571165159344673,0.0934400334954261,0.0240453351289033,0.0237649884074926,0.0732497721910476,0.1190709993243217,0.0176944117993116,-0.0154118807986378,0.0648937225341796,0.0738912746310234,-0.0797913521528244,0.053435992449522,0.0101312361657619,-0.0906433537602424,0.0547188408672809,0.1349088996648788,0.0110281500965356,0.0734679624438285,0.0938476100564003,0.0584362968802452,-0.1506783664226532,0.1288639158010482,0.0037457675207406,-0.1281511187553405,-0.1329679787158966,0.0699469149112701,0.139863058924675,-0.0017460357630625,-0.0318876579403877,-0.1222349628806114,-0.0624241232872009,-0.1055479869246482,0.0902595147490501,-0.0785722211003303,0.0772948786616325,-0.0846576392650604,-0.0287718698382377,0.0326184444129467,0.0502575375139713,-0.0225758403539657,-0.0570826902985572,0.0991990640759468,-0.0122856739908456,-0.0301937870681285,0.0265347491949796,-0.0490163564682006,0.0329049751162529,0.0819117873907089,-0.0467971451580524,-0.0279237087816,-0.0524979196488857,-0.1533045470714569,0.0039125089533627,0.031917218118906,-0.1277761757373809,-0.0099345995113253,-0.0312857218086719,0.1058237180113792,-0.1151865273714065,0.0762008279561996,0.0444105677306652,-0.0947335287928581,0.0125218918547034,-0.0653982236981391,0.0221925396472215,0.1352960020303726,0.133461907505989,-0.0405280143022537,-0.1454412043094635,0.0570173673331737,-0.1612587571144104,-0.0455124229192733,-0.1421827524900436,0.0422318205237388,0.0873368084430694,0.1159755662083625,0.0376321002840995,0.1629658490419387,0.0794015452265739,-0.0389234498143196,0.1593751311302185,-0.0974795594811439,0.0765931233763694,-0.0101413000375032,0.0950713977217674,-0.0527738556265831,-0.0910071805119514,0.1312909722328186,-0.0079836007207632,0.0033229463733732,0.0872755870223045,-0.0626828148961067,-0.0199048314243555,-0.0681616067886352,0.1077369377017021,-0.0816789790987968,0.0014975121011957,-0.0956677198410034,0.1171009615063667,0.1480900198221206,-0.0627868026494979,-0.1249836534261703,0.1222674697637558,0.14919513463974,-0.0510913170874118,-0.1438457369804382,-0.0507174097001552,-0.0332544408738613,-0.110410526394844,-0.0027882813010364,-0.1366895735263824,0.0388183631002903,-0.1004643887281417,0.1034698784351348,-0.0434106960892677,-0.1057789102196693,-0.0634048655629158,0.0716998577117919,-0.113536424934864,-0.0147166270762681,0.0680821686983108,0.0561840645968914,0.0613923259079456,0.122787594795227,0.0495988205075264,-0.124189406633377,0.0548553764820098,-0.0943458378314971,-0.0779233947396278,-0.1545863449573516,0.0872120112180709,-0.056717362254858,0.0005387050332501,-0.0122216409072279,0.0067880251444876,0.0849599838256836,-0.0857557579874992,-0.0314539186656475,-0.1024302542209625,0.0985902324318885,-0.0486534275114536,0.1686374098062515,0.1167971566319465,0.1502184569835662,-0.1156663447618484,0.1449434906244278,0.1140701249241828,0.0432730168104171,-0.0463684909045696,-0.1210702508687973,0.1513899117708206,0.0494502186775207,0.0010307009797543,0.1607126295566558,-0.0056958966888487,-0.0674426481127739,-0.0517642982304096,-0.0641245990991592,0.0969484001398086,WDHOSJFUODEBMZ-UHFFFAOYSA-N,CCN(CC)C(=O)C1CCCN1Cc1cccnc1
0.099570520222187,-0.1121677756309509,0.1102521792054176,-0.1101294159889221,0.1056078001856803,-0.0411825850605964,0.0596552342176437,-0.0771807357668876,-0.1140916272997856,0.0927110612392425,-0.1117879450321197,0.0493867509067058,-0.0653702765703201,-0.1101345345377922,0.0589624978601932,0.02613340690732,-0.1157746016979217,0.1103663593530654,0.1107730790972709,-0.1026420593261718,-0.0403124913573265,-0.099351093173027,-0.1101157665252685,0.1155692338943481,-0.0913767516613006,0.1151835173368454,0.0804776698350906,-0.0331412255764007,0.0081963017582893,0.0754987224936485,-0.1041211485862732,-0.0396034233272075,0.0927910059690475,0.1159933507442474,-0.0734164118766784,0.0928737819194793,0.0740207731723785,0.0308163035660982,-0.0114215882495045,-0.0948332399129867,-0.0204808246344327,-0.0118240201845765,0.0917478650808334,0.0734699591994285,-0.1156509518623352,0.0967025607824325,-0.0219343584030866,0.0833618342876434,0.1160134971141815,0.114370658993721,-0.078816644847393,-0.0344995483756065,-0.1096105501055717,0.1126793250441551,-0.0936751663684845,-0.0937180668115615,0.1157902851700782,0.099760003387928,-0.0574740469455719,0.1038019955158233,-0.0650154054164886,-0.1143471002578735,0.1009441912174224,0.0455696806311607,-0.1017622202634811,-0.1159175336360931,0.1098041385412216,-0.032461367547512,0.1055032014846801,-0.0894625931978225,-0.0177433677017688,-0.0707876831293106,0.0738261640071868,-0.1080640703439712,-0.054580770432949,0.0108940014615654,0.1076030135154724,-0.0397294871509075,0.115665502846241,0.0410976186394691,-0.1139137893915176,-0.0313887558877468,0.1159665361046791,0.02716033346951,0.0887560546398162,-0.0774803310632705,-0.039345197379589,-0.0993734002113342,-0.0709416344761848,0.0749058499932289,-0.1098287180066108,-0.0549055263400077,0.0478268191218376,-0.1160355880856514,-0.0605226680636405,0.0865961909294128,-0.0741716995835304,-0.0994540899991989,-0.0987806245684623,-0.0914580971002578,-0.1095145940780639,0.0745974481105804,-0.0957293361425399,-0.0422192737460136,-0.0650405213236808,-0.1152060478925705,0.1114464625716209,-0.0086165452376008,0.1047421917319297,0.062439426779747,0.1160334646701812,-0.107513204216957,0.1015152409672737,0.0843360647559166,-0.1005703434348106,-0.0060866996645927,-0.1026434674859047,-0.110749140381813,-0.1133977472782135,-0.1133568882942199,0.111819140613079,-0.1130503714084625,0.1093305274844169,-0.094324804842472,-0.027957085520029,-0.0809076428413391,-0.1057450845837593,0.1144330352544784,0.1236494556069374,0.1204155161976814,-0.0940926745533943,0.023061815649271,0.1211650446057319,-0.1008593738079071,0.0389210954308509,0.0336752794682979,0.0908431038260459,0.0662636384367942,-0.0328864231705665,-0.0117137525230646,0.1119139194488525,-0.0974960178136825,0.1179156005382537,-0.122695118188858,0.0023625048343092,-0.0818169191479682,0.1216656267642974,0.0743102058768272,0.1242008730769157,0.1130469739437103,0.0019554367754608,-0.1134489476680755,0.0753833577036857,0.0461041778326034,-0.1091237142682075,-0.068556360900402,-0.1155079305171966,-0.1106130555272102,-0.1164988353848457,0.0792586728930473,0.1221870109438896,0.1152689307928085,0.1238280311226844,0.0343871302902698,-0.09457678347826,-0.1034936159849166,0.1184499338269233,0.1107578128576278,0.0752048641443252,0.0338850170373916,-0.028740108013153,0.1232670396566391,-0.0576105043292045,-0.1017609164118766,-0.0852437317371368,-0.0964171588420867,0.1206745281815528,-0.0801638141274452,-0.0816925093531608,0.1239210963249206,-0.0685228109359741,-0.0917646810412406,-0.0673723965883255,-0.0098511995747685,-0.1042534261941909,-0.1206730380654335,-0.123703621327877,-0.1222862377762794,-0.1152024641633033,0.1117338389158248,0.0210772175341844,-0.0793953016400337,-0.0737963542342186,-0.1228430196642875,-0.0593983493745327,-0.0345651507377624,-0.0948544666171073,0.0805111154913902,0.1059300526976585,0.1165318936109542,-0.0198884829878807,-0.0410686358809471,0.0225309710949659,-0.1139383912086486,0.1074836701154708,-0.1110248640179634,-0.1100782454013824,-0.0243483129888772,0.115741841495037,-0.0840914770960807,0.0646998137235641,-0.0746868252754211,0.0730017349123954,0.1183845922350883,-0.0918507128953933,-0.0934762209653854,0.1132028922438621,-0.085074745118618,0.0168954152613878,-0.0076151676476001,-0.0652992501854896,0.0878992155194282,-0.113714650273323,0.1173174679279327,-0.1006025299429893,-0.1224776357412338,0.0272562839090824,0.1240113601088523,0.033536534756422,0.0109892422333359,-0.0325108282268047,-0.1113850250840187,-0.0237838923931121,-0.1103491261601448,0.0029137972742319,0.0761301293969154,-0.0800057277083396,-0.0020896210335195,-0.1230729296803474,-0.038878995925188,-0.1116297468543052,0.0793513879179954,0.0306514911353588,0.0817414969205856,-0.1182078272104263,0.0118838101625442,0.1113449707627296,0.0024675817694514,0.0116860745474696,-0.1121280342340469,0.0319255739450454,0.0838715806603431,-0.1157725676894187,0.0538498722016811,-0.0739830210804939,0.0357776097953319,0.0588151887059211,0.1029965803027153,-0.1087295711040496,-0.1045362576842308,-0.0242000203579664,0.1064397618174552,-0.1005847156047821,-0.0075040054507553,-0.0575052425265312,-0.1087306886911392,-0.0754711553454399,0.1087197959423065,0.1080841943621635,0.1086184605956077,0.0124539481475949,-0.083258718252182,0.1079454198479652,0.0997728034853935,0.0902264639735221,-0.1055215075612068,-0.089369848370552,0.0660308003425598,0.1008750200271606,0.0376709252595901,0.1026007384061813,-0.1079515442252159,-0.0258930101990699,-0.0820983499288559,-0.1048737987875938,-0.0805159285664558,-0.0174640975892543,-0.0027578275185078,-0.0873031467199325,0.0865363478660583,0.0994665920734405,-0.1077486127614975,0.1005802229046821,0.079267494380474,0.0772232711315155,-0.1087305024266243,-0.0936063975095748,-0.1061395406723022,-0.1087167710065841,0.0922315046191215,-0.100359246134758,0.0285566803067922,-0.1058977618813514,0.0115651516243815,-0.1067192703485488,-0.0910797864198684,-0.0289850197732448,0.0228814538568258,-0.0462781563401222,-0.1084135696291923,0.1080048680305481,0.1000778451561927,-0.108445331454277,0.0806272774934768,0.0944640636444091,-0.1078705191612243,0.10732451826334,-0.1086224466562271,-0.1003631502389907,0.1075818762183189,0.1023721992969513,-0.030339416116476,-0.0444194674491882,-0.1087305471301078,0.1056001782417297,-0.1086035817861557,0.108731523156166,0.1036964878439903,0.0668662041425705,0.0521801225841045,0.0794726982712745,-0.0198237504810094,0.1087315753102302,-0.1087315753102302,0.108501560986042,-0.0862561464309692,0.0833256021142005,-0.1087311059236526,-0.089610755443573,-0.1034141033887863,0.0796426236629486,0.1087312251329422,-0.108728714287281,0.0771674886345863,0.1087227761745452,-0.1067865416407585,-0.0288568269461393,0.0970697328448295,0.0661734268069267,-0.0039594531990587,0.1029550060629844,0.1083030477166175,-0.0463565997779369,0.1083555147051811,0.0919831320643425,-0.0950528085231781,-0.1084396913647651,-0.0856717824935913,-0.1078302860260009,-0.10426065325737,-0.0137764187529683,-0.0902494266629219,0.1003336906433105,-0.1082038879394531,-0.0613422840833663,-0.1087315455079078,0.028708629310131,0.0338951051235199,-0.1071618869900703,-0.1059793680906295,0.1087095886468887,0.0915104672312736,-0.0609088316559791,0.0767650455236435,-0.1086343750357627,0.0062495614401996,-0.1087315008044242,0.0147082498297095,0.064129427075386,-0.1087310388684272,0.0992739200592041,-0.0057931514456868,-0.0885500386357307,-0.0075254612602293,-0.0099180284887552,0.1034964546561241,0.0565700568258762,0.0001387728116242,-0.0047028213739395,0.0085028121247887,-0.0726192966103553,-0.0102555723860859,0.0827346891164779,-0.1282768845558166,0.0961634367704391,-0.1184150949120521,-0.0423992648720741,0.0334903448820114,-0.1460771560668945,0.0006252596504054,-0.1464608162641525,-0.045718103647232,0.094162069261074,0.0427874699234962,-0.0615698769688606,0.0661184191703796,0.0009377925889566,-0.0550802499055862,0.0604393370449543,0.0989469066262245,-0.0855669751763343,0.0744882896542549,-0.0232484806329011,-0.1275406628847122,0.019593957811594,-0.0714233890175819,-0.1249138638377189,0.1521453708410263,0.1454241424798965,-0.0028327561449259,-0.032099176198244,-0.0721902996301651,0.1169239357113838,0.1162642464041709,0.101136066019535,-0.1348639726638794,0.0133227771148085,-0.1112029999494552,0.0652457773685455,0.0253708884119987,0.0161787718534469,0.1185450702905654,0.0153605742380023,-0.0334648080170154,0.0672790333628654,0.094960331916809,-0.0884336158633232,-0.0356598421931266,0.0625658109784126,-0.069588653743267,0.0684801563620567,0.1432899385690689,0.1122425571084022,0.1257520765066146,-0.0552732720971107,0.041044745594263,0.142745092511177,0.0721448063850402,0.1170686334371566,-0.1501989364624023,-0.1516715139150619,0.0740954577922821,-0.1063824966549873,0.032561756670475,0.1023541763424873,-0.0078546293079853,-0.0114022577181458,-0.0090467873960733,0.0008427699794992,-0.1028315052390098,0.1255866736173629,-0.1447980403900146,-0.0473064482212066,-0.062517337501049,0.1342891007661819,0.1393687278032302,0.0761335492134094,-0.1578030884265899,0.0588250122964382,-0.0063868188299238,-0.0562532059848308,0.1523108929395675,0.0873999744653701,0.0734731703996658,-0.0356747731566429,0.134483203291893,-0.1448186039924621,-0.077414683997631,0.0302906259894371,0.0281028859317302,0.1281653791666031,0.1446716487407684,0.0156397223472595,-0.1257813572883606,-0.0184243470430374,0.0328525714576244,0.1339626014232635,0.1137581020593643,-0.0623536109924316,0.0119082359597086,0.025085037574172,-0.040070354938507,0.1472408175468444,-0.0295045860111713,0.0165055263787508,0.0432372875511646,0.137710690498352,-0.0525084659457206,0.1211482435464859,0.1186685711145401,0.1483051180839538,0.0335264168679714,-0.1353602260351181,-0.019431060180068,-0.1012277528643608,0.1002614796161651,0.0294444765895605,0.0501076839864254,-0.0800685137510299,0.0325310975313186,0.0682095438241958,-0.014628754928708,-0.1212612986564636,0.1106181517243385,0.1216996386647224,-0.1181733831763267,0.0879729464650154,0.1209361776709556,0.1701232939958572,-0.0494040809571743,0.131750077009201,0.0524325259029865,0.0623536594212055,0.0181778296828269,0.1281930208206176,0.1078754216432571,-0.0319659598171711,-0.1059217602014541,0.013614141382277,0.0877681151032447,-0.0834439471364021,0.0417332053184509,-0.0601051375269889,-0.0767182633280754,-0.1582331657409668,0.0631650611758232,-0.0389608107507228,0.1357448995113372,-0.1360443830490112,0.0197823587805032,-0.1656034141778946,0.0640912801027298,-0.0121955126523971,0.1161396205425262,0.0803484469652175,0.0313482470810413,0.0973863676190376,-0.0762192457914352,0.1202265098690986,-0.0985616892576217,0.1103762686252594,-0.0140053546056151,0.0003297469229437,0.0270136091858148,-0.0787850320339202,-0.0156032489612698,-0.0012591338017955,-0.0028314590454101,-0.1116609498858451,-0.0878440663218498,0.1274638026952743,-0.0531470477581024,0.0397089831531047,0.1148280724883079,-0.0468132831156253,0.0143738565966486,-0.001839586533606,-0.0906522646546363,-0.1560649573802948,-0.0320545770227909,0.0022780480794608,0.065992958843708,0.0206570457667112,0.0663760006427764,0.0009943294571712,0.1580730080604553,-0.10230652987957,-0.0665716975927352,-0.0402537435293197,0.0729552432894706,-0.1094817519187927,0.0914198234677314,-0.0054095624946057,-0.0355529189109802,-0.0886811688542366,0.0010499061318114,0.1562350541353225,-0.1174148842692375,0.1391279250383377,0.0149566167965531,0.1078312918543815,0.1086588352918624,0.0606826096773147,-0.020870653912425,0.0860939025878906,0.1250039041042328,-0.1022318750619888,-0.1359507590532302,0.0773572102189064,0.0141916740685701,-0.0915599167346954,0.0750238820910453,-0.0148866707459092,-0.0583654791116714,-0.1442073881626129,-0.0763431265950203,0.1319780945777893,0.0203784480690956,0.0640501827001571,-0.1196715235710144,0.0851690247654914,-0.0928409919142723,0.0369917564094066,-0.03424072265625,-0.0140308532863855,0.080346867442131,-0.0729731768369674,0.0314890630543231,-0.0220863930881023,0.134713739156723,0.0739351883530616,-0.0883551836013794,-0.1493583619594574,-0.0540372692048549,0.1684452295303344,0.015432552434504,-0.027074672281742,0.0322548970580101,0.1734287440776825,-0.1364015191793441,-0.0128752579912543,0.0278701968491077,-0.0914589539170265,-0.1121325269341468,-0.0925292149186134,-0.1051834300160408,-0.0756769999861717,0.0149459177628159,-0.0721440911293029,0.0222190674394369,-0.0954979434609413,-0.0170171875506639,-0.084912322461605,0.0957509502768516,0.0416943728923797,0.1595649570226669,0.1496031880378723,0.1625166535377502,0.0679310709238052,-0.1084460690617561,0.1424916088581085,0.0054987375624477,-0.0880962312221527,-0.0698793455958366,0.0785687789320945,0.0802074670791626,0.0078674023970961,-0.0999860912561416,-0.0338574983179569,-0.1418454349040985,0.0595514774322509,0.08415137976408,-0.0044422084465622,-0.1146419942378997,0.0123701337724924,0.0464297048747539,0.0133620304986834,0.0743438303470611,-0.0929457768797874,-0.0958197340369224,0.0913091003894805,0.0834275260567665,0.077089324593544,-0.0206993073225021,-0.1285977512598037,0.0970553755760192,0.1457304507493972,0.000763421645388,0.0870716944336891,-0.0460094027221202,0.0938670337200164,-0.033602800220251,-0.1104270666837692,-0.1058763638138771,0.0594097897410392,-0.0308918729424476,0.1707388460636139,-0.002248837146908,-0.0822478383779525,0.0367220416665077,-0.0923090651631355,0.1047434955835342,-0.0943079590797424,-0.0144136808812618,-0.006045333109796,-0.045432586222887,-0.1003531143069267,-0.0737413242459297,-0.0843223929405212,0.1126605495810508,0.0352325476706028,-0.0518081113696098,-0.0774492025375366,-0.0507053025066852,0.0398363582789897,-0.0857389792799949,-0.0513857677578926,-0.0899974331259727,0.0811931043863296,0.0515891760587692,-0.1424240618944168,-0.0916200131177902,0.0404449440538883,-0.0095811914652585,-0.1252687871456146,0.0192466471344232,-0.1510749161243438,0.0701094418764114,-0.0853692442178726,0.0087345838546752,0.0835016295313835,-0.148393839597702,0.0491300635039806,0.0540099740028381,-0.0764488726854324,0.1357587873935699,0.0055021103471517,-0.1005602180957794,-0.114314928650856,-0.118573322892189,0.0302073806524276,0.0433593690395355,-0.0233522243797779,0.1075091361999511,-0.1173360347747802,0.0595735311508178,0.0077436901628971,0.0840819627046585,0.1109219789505004,0.0376799143850803,0.0763119086623191,0.1435560584068298,-0.0311230644583702,0.0386804863810539,0.0629913210868835,0.0171902403235435,-0.1128937825560569,-0.1258930414915084,0.1060260608792305,-0.1539265215396881,0.0965607687830925,-0.0837809070944786,0.139207661151886,-0.0625741332769393,0.1370483189821243,-0.1158723533153534,-0.0532244518399238,-0.1433838158845901,-0.0933512598276138,-0.020108388736844,-0.0520499162375927,0.1444374918937683,0.1660033464431762,-0.0290917158126831,0.0725262314081192,-0.0567743219435215,-0.0210364516824483,0.0419901907444,WHWXAPCLVWFLBM-UHFFFAOYSA-N,O=C(C1CCS(=O)(=O)C1)N(CC(F)(F)F)C1CCCC1
-0.0858467444777488,0.1073608696460723,0.1160261332988739,0.0601689033210277,0.1159415394067764,-0.0787906497716903,-0.1151705756783485,-0.0879757180809974,0.0032335678115487,-0.0203910395503044,0.0552380308508873,0.0095803551375865,0.1157001554965972,0.1165371462702751,-0.0896910205483436,-0.1149586737155914,-0.1092074215412139,0.064694233238697,-0.103569246828556,0.0903069451451301,-0.0971207693219184,-0.0334144420921802,0.1073648259043693,-0.042401548475027,0.0160435065627098,-0.1159839108586311,-0.0754220709204673,0.0084012178704142,0.0654296427965164,0.0834232196211814,0.0185193065553903,0.0855951979756355,-0.1082153916358947,-0.0577693656086921,-0.113022431731224,-0.1020208075642585,-0.1003684476017952,0.1007387265563011,-0.1024308279156684,0.0998191758990287,-0.1115343049168586,0.1037476435303688,-0.1071373596787452,0.0373856537044048,0.0082054808735847,0.1093510687351226,0.1158026084303855,-0.1112862378358841,-0.112493872642517,0.0899538770318031,0.0938603430986404,-0.0944137275218963,0.0987721309065818,0.0872619897127151,-0.1095631718635559,0.1124597415328025,0.070138469338417,-0.0486767664551734,-0.0783006697893142,0.0854750201106071,-0.1109332218766212,0.1163569316267967,0.0608536675572395,-0.0873444676399231,0.0310670360922813,0.107806272804737,-0.1162499859929084,-0.0977949798107147,0.0226541738957166,-0.1149780973792076,0.0168561283499002,0.116478182375431,0.0144422678276896,-0.0185843259096145,0.0823427215218544,-0.1164782270789146,-0.0940552204847335,-0.114964835345745,0.029719928279519,-0.0968759432435035,-0.0118030942976474,0.1146197468042373,0.116147868335247,0.0091282986104488,-0.1002202704548835,0.1162082403898239,0.0595185570418834,0.0882474333047866,-0.0107079157605767,0.0372783094644546,-0.0168737899512052,0.1131277531385421,0.109122522175312,0.0456570908427238,-0.1150577887892723,-0.0820987820625305,0.1075895279645919,-0.1164902225136756,0.0148148946464061,-0.0685072839260101,0.1080941557884216,-0.0663845762610435,-0.0077247195877134,0.0864118635654449,-0.1141461730003357,0.1134919300675392,0.0859390273690223,0.0737390965223312,-0.0644879192113876,0.1115117445588111,-0.0445993654429912,0.115163117647171,-0.1107665300369262,-0.088770642876625,0.0219104960560798,0.1154267787933349,-0.0826997980475425,-0.1147848144173622,0.1137532442808151,-0.0464906617999076,0.1067772135138511,0.1017111092805862,-0.115475982427597,-0.0700628831982612,0.0452135428786277,0.0251307748258113,0.1102126166224479,0.0906416401267051,0.1024262607097625,-0.1046406850218772,0.0974047780036926,0.1108412370085716,-0.0387780256569385,-0.0802657306194305,-0.021684331819415,-0.030613224953413,-0.053219050168991,0.1023310720920562,0.1094203442335128,0.1101664006710052,0.1036532372236251,0.1078965589404106,-0.0215027909725904,-0.10004173964262,0.1096165031194686,0.0766637548804283,-0.1104412600398063,-0.0876099616289138,-0.1068014875054359,-0.0559206716716289,-0.1106184870004654,0.0582584366202354,0.0618177689611911,-0.0963072478771209,-0.0968196988105773,0.1040820851922035,0.1067451909184455,0.0392710976302623,-0.0492068082094192,-0.1063698008656501,-0.1109136193990707,0.0921506881713867,-0.1100672259926796,-0.0691335275769233,-0.1104781329631805,-0.0895848646759986,0.110074296593666,-0.1086107939481735,0.1019529104232788,0.1032899767160415,-0.0831255689263343,0.0551321096718311,0.1069438681006431,-0.0999714955687522,-0.071852371096611,0.0821674242615699,-0.0836191549897193,0.0774812921881675,0.1048944219946861,-0.0829441174864769,-0.1095801964402198,0.0745434761047363,0.0228073336184024,0.1086208373308181,-0.1107652336359024,-0.0274037849158048,-0.0994616672396659,-0.108553871512413,0.1095403507351875,-0.0990022048354148,0.0911471396684646,0.1106620207428932,0.0573289766907691,0.1102045029401779,-0.0465728007256984,0.0883094519376754,0.0459160767495632,0.11081363260746,-0.1039277464151382,-0.0795957371592521,0.0903182700276374,-0.1075770407915115,-0.1066553592681884,0.0124718286097049,-0.0998143181204795,0.0905834734439849,-0.1065863594412803,0.1036964878439903,-0.0233057904988527,-0.0391932278871536,-0.1098367795348167,-0.0582761690020561,-0.0233062803745269,0.0181253589689731,-0.1075975075364112,0.0892534852027893,-0.1107583716511726,0.1055158749222755,-0.0947099179029464,0.0988551080226898,-0.1059301793575286,-0.0479797534644603,-0.0251393802464008,0.0286915209144353,-0.0046893842518329,0.0856114849448204,-0.0083740130066871,0.0630627870559692,0.1078834608197212,-0.0937680974602699,-0.0173700395971536,0.1079373583197593,-0.0769288763403892,0.0828424617648124,-0.0335003659129142,0.0595443993806839,-0.1073082759976387,-0.1034580916166305,0.0188950914889574,0.110886700451374,0.1103595122694969,-0.098674900829792,0.0042543811723589,0.10943104326725,0.0898054242134094,0.1108117327094078,-0.0857136398553848,-0.0935379862785339,0.1066396310925483,-0.1029248535633087,-0.1036285087466239,0.0995879992842674,-0.0894012376666069,-0.1080495119094848,-0.1108398661017417,0.0261628702282905,-0.076011873781681,-0.1193181648850441,0.0853478237986564,0.0041383318603038,0.1032367497682571,-0.1196094378829002,-0.0091801900416612,0.0909455120563507,0.1082623451948165,0.1180107519030571,-0.112092487514019,-0.0467064417898654,-0.1168699488043785,-0.1194568276405334,0.1132872477173805,-0.1189198493957519,0.1170099601149559,0.0062310239300131,-0.0948394685983657,-0.0504945814609527,-0.1178289651870727,-0.0288159344345331,-0.0494241639971733,-0.096809834241867,-0.1109399199485778,0.102006696164608,0.0253989193588495,-0.0846870392560958,-0.0546839013695716,-0.1182758063077926,-0.1101182550191879,0.0530641414225101,0.0628619194030761,-0.1190999895334243,0.0376057252287864,-0.1091487035155296,-0.0940338671207428,0.0868509858846664,-0.0734685659408569,-0.1152427494525909,-0.1104507818818092,0.09745804220438,-0.0394221171736717,0.0699461922049522,0.087771438062191,0.056520015001297,0.0965738520026207,-0.0996468737721443,0.0979008004069328,-0.1076257303357124,-0.107663556933403,0.0922024175524711,0.1148674935102462,-0.0487826876342296,-0.1194669753313064,-0.0100914146751165,-0.1128231287002563,-0.1144886538386344,0.0938149392604827,0.0878450274467468,-0.1134176850318908,0.0565372966229915,0.1180959641933441,-0.0742274969816207,-0.0034238153602927,0.0947789251804351,0.0348505228757858,-0.0990621820092201,0.1085360124707222,0.1115652918815612,0.0238078422844409,-0.1193258240818977,0.0388565696775913,0.117373451590538,0.073868490755558,-0.0834398120641708,-0.0041041444055736,0.1141733899712562,-0.1166465654969215,-0.0720912292599678,-0.0462517440319061,0.068396009504795,0.0455924123525619,-0.0959362760186195,0.0280473679304122,0.119046039879322,0.1187099739909172,0.0825351178646087,-0.0028681827243417,-0.032325193285942,0.0668068900704383,0.1187016516923904,0.1077818796038627,0.1117831915616989,-0.0666420236229896,0.0137385437265038,-0.0572008490562438,0.0983782187104225,-0.092410422861576,-0.0544504337012767,-0.0103958398103713,0.0993707105517387,0.1171513870358467,0.0900945216417312,0.0478942580521106,0.0727319940924644,-0.0431577675044536,-0.1126503720879554,-0.0896702036261558,0.101036213338375,-0.1127400770783424,0.0318769067525863,-0.1029847636818885,0.0991288498044014,0.0665321350097656,-0.080832339823246,-0.0534601472318172,-0.0990771949291229,-0.0688939914107322,0.1108020022511482,-0.0168463476002216,0.1070519089698791,0.1190470680594444,-0.1061159297823906,0.0270600765943527,-0.0795464217662811,-0.0986112356185913,-0.0976525768637657,0.0541971549391746,-0.0966348499059677,0.0952384769916534,-0.1315673440694809,-0.0145122371613979,0.0762320756912231,-0.0304098576307296,0.1236590147018432,0.1329594254493713,-0.1215835288166999,0.100014291703701,0.025742644444108,0.0196175910532474,-0.0625088065862655,-0.0877467468380928,-0.120946891605854,0.0004792171821463,-0.0086199734359979,-0.0596270002424716,-0.1283348351716995,-0.0948987305164337,0.139244720339775,0.0544700399041175,0.005546040367335,-0.0937008038163185,-0.0339939519762992,0.0101122828200459,0.0920439884066581,-0.05405168607831,-0.0681148320436477,0.1172097250819206,0.1165953651070594,0.0313737727701664,0.020325044170022,0.1400450319051742,-0.0869390070438385,0.0671905949711799,-0.0089554740116,-0.0943569093942642,0.0431216731667518,0.0117528289556503,0.1556505858898162,0.0563074126839637,0.1116747856140136,-0.1708530038595199,-0.1246190592646598,0.0562930889427661,-0.0658120363950729,0.0768901705741882,-0.0320718996226787,0.0976377725601196,0.0609212629497051,-0.0100709162652492,-0.025000425055623,-0.1494181156158447,-0.0622094422578811,0.0498270019888877,0.0022504061926156,-0.0896647348999977,0.1079422980546951,-0.1019954234361648,-0.1065921410918235,-0.0540224574506282,-0.0740004032850265,0.0259753391146659,-0.1196411103010177,0.035814069211483,-0.1047591641545295,-0.0078094024211168,-0.0707897469401359,-0.1001427322626113,0.0833752527832984,-0.0068537867628037,0.0427358373999595,-0.1555275470018386,0.0648607984185218,0.1622836589813232,-0.1011139750480651,-0.200811356306076,0.0898937433958053,0.0822729840874672,0.1025710776448249,-0.1203081384301185,-0.111490674316883,-0.1249303296208381,-0.0371552221477031,-0.0579939633607864,0.1660152077674865,-0.1541565805673599,-0.0356448851525783,-0.0611672438681125,0.012671816162765,-0.0537977293133735,0.007615772075951,0.0490403436124324,-0.0103261582553386,0.0536724440753459,0.0326778292655944,0.0785467103123664,-0.001922893570736,-0.0064488644711673,-0.0036753686144948,-0.0569344721734523,-0.1169502809643745,-0.128943458199501,0.003795213997364,-0.0404409021139144,0.100908525288105,-0.0504572726786136,-0.0757682174444198,0.0122948009520769,0.1088824570178985,0.0207492597401142,0.1423330605030059,-0.1337008774280548,-0.0428890399634838,-0.0815441161394119,0.1691124886274337,-0.0437756665050983,-0.1149989515542984,-0.0945672616362571,0.0779293999075889,0.1224242448806762,-0.0936343520879745,0.1080154180526733,-0.0205868761986494,0.1386352181434631,-0.0331660993397235,-0.0980017781257629,0.0944080799818039,0.1527840048074722,-0.1209505125880241,0.0247636586427688,0.12275992333889,0.1453539133071899,0.0876142457127571,0.0139168407768011,0.0132341170683503,-0.0407952666282653,0.0091895209625363,0.1169599890708923,0.0852371081709861,-0.0598039291799068,-0.0698709934949874,0.0503830760717392,0.0072249979712069,-0.1227280721068382,-0.0538386218249797,-0.1062667667865753,-0.1452106982469558,-0.0797916948795318,-0.1315893530845642,-0.0967962220311164,0.1578020751476287,-0.1212302073836326,0.0637055411934852,-0.138456717133522,0.093255914747715,-0.0626115053892135,0.1195281445980072,0.0957920029759407,0.0507449693977832,0.1404275894165039,-0.0792234241962432,0.0695751011371612,0.0772332772612571,-0.0548545122146606,-0.0032541216351091,0.1238278448581695,0.083715334534645,-0.1069418415427208,0.052124198526144,0.1276290118694305,0.1149643436074256,0.0568154454231262,0.0127728814259171,-0.0222775042057037,-0.0469197146594524,0.0863629356026649,0.1411392539739608,0.0846793875098228,-0.1308212280273437,0.0205867234617471,-0.0866434723138809,-0.0908889323472976,-0.069927729666233,-0.0136900218203663,-0.0503226108849048,-0.0837705209851265,0.063520036637783,0.0326008573174476,0.0924990251660347,-0.1226867139339447,-0.093654565513134,-0.1016459465026855,-0.0376415029168129,0.0020831373985856,0.0765899345278739,-0.1136156171560287,-0.0921013131737709,-0.0997486189007759,-0.0222857762128114,0.093768760561943,-0.1079087853431701,0.0413004420697689,0.103626511991024,0.022551991045475,0.1180558279156684,-0.0544463619589805,-0.0009375656954944,0.037053994834423,0.1078555956482887,0.0185916814953088,-0.145626813173294,0.1222226172685623,-0.0668447688221931,-0.0823848471045494,0.1377156674861908,-0.0788933262228965,-0.0603216849267482,-0.1378689706325531,0.0107752541080117,0.0964547768235206,-0.0971434488892555,0.1279850006103515,-0.0778973847627639,-0.0175910722464323,-0.037216942757368,-0.0300784837454557,-0.0484586916863918,-0.0856553167104721,0.0614608228206634,-0.0511145405471324,0.1015534624457359,0.0876000747084617,0.0736090987920761,0.0056938845664262,0.0613160207867622,-0.1268125772476196,-0.0396123379468917,0.0830534920096397,0.0106918020173907,0.0976384133100509,0.122075505554676,0.1512922942638397,-0.0927495285868644,0.009550959803164,0.0154762910678982,-0.1243501007556915,0.0611381568014621,-0.079257071018219,-0.0918498784303665,-0.1022055074572563,0.0864050313830375,-0.1329577416181564,-0.0471601150929927,-0.0659869015216827,0.0329462811350822,-0.0217777397483587,0.1167697161436081,0.0369721092283725,0.1449720412492752,0.1386376023292541,0.1567246168851852,-0.0781666189432144,-0.0680417045950889,0.1481894850730896,-0.0380185358226299,-0.01211719494313,-0.1083859950304031,0.1388028264045715,-0.0523027442395687,0.0126664042472839,-0.0497173815965652,-0.0145243620499968,-0.160907506942749,-0.0549865663051605,0.1298068463802337,0.041629284620285,-0.1440248489379882,0.0115651972591876,0.0807031095027923,-0.0229433290660381,0.0968452990055084,0.0534901581704616,-0.1331521272659301,0.1199708208441734,0.0025456612929701,-0.0160191711038351,0.0103519959375262,-0.1100791692733764,0.0329270437359809,0.0502365715801715,-0.0473843924701213,0.0636594370007515,-0.002944856416434,0.1385567635297775,0.0725302621722221,-0.086609311401844,-0.0178630743175745,0.1267499327659607,-0.0465447828173637,0.153961643576622,0.0085461596027016,0.0451770275831222,0.127989262342453,-0.0809867158532142,0.0743368715047836,0.1187381297349929,-0.0684474408626556,-0.054887693375349,-0.0559371821582317,-0.0952835530042648,-0.1434599310159683,0.0239482037723064,-0.0225857440382242,-0.064461313188076,-0.1237261444330215,-0.064826563000679,-0.0764199495315551,0.1280117779970169,-0.0284128356724977,0.0251080729067325,-0.0764316469430923,0.1332713216543197,0.1100954338908195,-0.0907839387655258,-0.0051944283768534,-0.0689692571759224,-0.0363932773470878,-0.0979764610528945,-0.0811523720622062,-0.1229168251156807,0.0026200332213193,0.0092831086367368,-0.0402105003595352,0.1132467985153198,-0.1487360298633575,0.1188937723636627,0.1031051054596901,-0.0651622340083122,0.1566836237907409,-0.0551776699721813,-0.0898502990603447,-0.0978587865829467,-0.1409310847520828,-0.0963620692491531,0.0470219776034355,-0.037858560681343,0.0862088054418563,-0.0801451802253723,0.067785196006298,0.0556489638984203,0.0377042479813098,0.0600651167333126,0.000314184493618,-0.0692729204893112,0.1195167377591133,0.0333655662834644,0.1038773730397224,-0.0169125460088253,-0.06986565887928,-0.0750831514596939,-0.0135504836216568,0.1317139565944671,-0.1500044018030166,0.0674305781722068,0.0858192220330238,0.1628812402486801,-0.091364286839962,0.1321746706962585,-0.0734699219465255,-0.0886153355240821,-0.1077164933085441,-0.0887065902352333,0.0881874039769172,0.0363197028636932,0.1341534256935119,0.1512531340122223,-0.0245389360934495,0.0713984295725822,-0.0557552054524421,0.0378813594579696,0.0524984002113342,ZXVYFFLYIGIQTB-UHFFFAOYSA-N,Cn1c(CNC(=O)Nc2nccs2)nnc1C1CC1
0.0972407907247543,-0.0969403758645057,-0.0713064447045326,0.1008316576480865,0.0969852954149246,0.0967744290828704,-0.018796382471919,0.0942708998918533,-0.0499134622514247,-0.0847272351384162,0.0304488036781549,-0.0855461657047271,-0.0956971645355224,0.089471586048603,0.1004603058099746,-0.099662147462368,0.0975164994597435,-0.0989083051681518,0.080922245979309,0.1008241027593612,0.0985862463712692,-0.0937898606061935,-0.0605743080377578,-0.0970293059945106,0.0921162739396095,0.0946231856942176,-0.0338789895176887,-0.0694456622004509,0.1006529256701469,0.0826114788651466,-0.0785624980926513,-0.057114440947771,-0.0799920409917831,-0.0639065653085708,-0.1008100658655166,-0.096969649195671,0.0988931059837341,0.0773401856422424,0.1007622927427291,0.1004325449466705,-0.0648845732212066,0.0956766381859779,-0.0948580875992775,0.1003723219037056,0.1007208749651908,0.0910804942250251,-0.1006306633353233,-0.0984563007950782,-0.1007294580340385,-0.099978283047676,0.0949137061834335,-0.0715422630310058,-0.0660933628678321,0.0567270331084728,-0.1007745638489723,-0.0158175379037857,-0.093595951795578,-0.1007967814803123,-0.100717544555664,0.084744319319725,0.0994281992316246,0.0979217514395713,0.1005287021398544,0.0806532055139541,0.0945499837398529,-0.0761635601520538,-0.0973961129784584,0.0422579422593116,-0.0537368506193161,-0.0730273872613906,0.1003397181630134,0.1008289530873298,0.0995404049754142,-0.1006526052951812,-0.0965974405407905,0.1004674136638641,-0.0999148041009903,0.1007566973567009,0.0820725038647651,-0.0982605665922164,0.0490481071174144,0.0879478752613067,-0.0547711290419101,0.0824417397379875,0.0943276956677436,0.1002210974693298,0.0816672220826149,0.0993983820080757,-0.0979220196604728,-0.0990651920437812,0.061056837439537,0.0967239513993263,0.0992864742875099,0.1007824838161468,-0.1006869077682495,-0.0603916570544242,-0.1008317619562149,0.0980709195137023,-0.0937392190098762,0.1001194715499877,0.0543835796415805,0.0907553806900978,0.0939764380455017,-0.0849905237555503,-0.098107598721981,-0.0754414945840835,-0.0429579280316829,0.0712523683905601,0.0989516749978065,-0.0880416259169578,0.0902769118547439,-0.0654437467455864,-0.0904197320342063,-0.100115954875946,0.0985738709568977,-0.0687332078814506,-0.0817975103855133,0.0653598830103874,-0.0968013927340507,0.1002854630351066,-0.0963856354355812,0.0985316857695579,-0.0997252687811851,0.0854164436459541,0.0702307149767875,0.1005463153123855,-0.0994544550776481,-0.0979842841625213,0.0789067447185516,0.0114116817712783,-0.0978975668549537,-0.1033518612384796,-0.0922699272632598,0.067453034222126,0.0926040709018707,0.0642073974013328,0.1034055426716804,-0.0513607040047645,0.0972401797771453,-0.0916795656085014,-0.1012361273169517,-0.1032956764101982,-0.0968349277973175,-0.0954517796635627,0.0662355870008468,-0.1036560907959938,-0.1040744706988334,-0.1026887819170951,0.100602313876152,-0.0803180932998657,-0.100430853664875,0.0511284880340099,0.1039730235934257,0.0922916084527969,0.0935803949832916,-0.1021627485752105,-0.1040600016713142,-0.0937015935778617,-0.1039086580276489,-0.0570310056209564,-0.0103178722783923,0.1040291115641594,0.1011445373296737,0.0902104005217552,0.0994715392589569,-0.1040747240185737,-0.0906634330749511,0.1028092876076698,0.1037842631340026,-0.068022072315216,0.1040742695331573,-0.1040746644139289,0.0855768844485282,0.0701060369610786,0.0897407457232475,0.1013849079608917,-0.0979188382625579,0.1004697531461715,0.1039310023188591,-0.1040612906217575,0.1035447344183921,-0.1040694490075111,0.099176213145256,-0.1040727496147155,0.0926065370440483,-0.1040747463703155,0.0319776013493537,-0.097199723124504,-0.1004969328641891,0.1007822379469871,-0.0286156926304101,-0.0815498158335685,0.1040746867656707,-0.0765756666660308,-0.1040218994021415,-0.0525074563920497,-0.103581316769123,-0.1040733680129051,0.0180072672665119,-0.1040651798248291,-0.1035505533218383,-0.1023439317941665,-0.1038623079657554,0.040239829570055,-0.1031257063150405,-0.0633128434419632,-0.0174405332654714,-0.1036731675267219,0.0742382034659385,0.0792532861232757,0.1039175167679786,0.0893451496958732,-0.1039824783802032,0.0900793299078941,0.0591356195509433,0.0931871086359024,0.1036768704652786,-0.0567142255604267,-0.1031139865517616,-0.0504602342844009,0.1023445799946785,0.1040743216872215,-0.0641759037971496,0.1040003672242164,0.0618140958249568,0.0672567412257194,-0.1033187285065651,0.0573597364127635,-0.0775856077671051,0.1019327044486999,0.1033394336700439,0.0663979575037956,0.1038760244846344,0.1040714383125305,0.0419816523790359,-0.0958625301718711,-0.0701228082180023,-0.0600674152374267,-0.0017949693137779,0.0853161662817001,-0.1040745079517364,-0.1015463024377822,-0.1023271605372428,0.0188039299100637,-0.0868871882557869,0.0006935975397937,-0.0993889570236206,-0.0252690836787223,-0.0523490533232688,-0.0951906442642211,-0.1030220240354538,0.1028799638152122,0.0869967713952064,-0.1040317639708519,-0.0003088292723987,-0.1025310605764389,-0.101393312215805,0.062952846288681,0.0989977791905403,-0.1021378189325332,0.1023353487253189,-0.0846553668379783,-0.1004259213805198,-0.1022355407476425,-0.099182054400444,-0.0927505493164062,0.0994131565093994,0.0793951600790023,0.0940585434436798,0.0882450342178344,0.0603495612740516,0.099256619811058,-0.1003656759858131,-0.0862229764461517,-0.1016061902046203,0.1015678122639656,-0.1004076525568962,-0.1023352965712547,0.0825151726603508,0.0521494597196579,0.1023159176111221,0.0990053191781044,0.1005976200103759,0.100264124572277,0.0611427947878837,-0.071673110127449,0.1023524105548858,-0.1019896566867828,0.100178949534893,-0.015671007335186,-0.1012927740812301,-0.102134071290493,0.0507704578340053,-0.0997115597128868,-0.0972563475370407,0.0051161246374249,0.0878877118229866,0.0827417150139808,-0.0387201383709907,-0.102003701031208,-0.0139699717983603,0.080744594335556,-0.093947984278202,-0.1009609699249267,0.0890947729349136,-0.0942418426275253,0.101439282298088,-0.0822741240262985,-0.1019991338253021,-0.0767519548535347,-0.0709124132990837,-0.0865637212991714,0.0737630948424339,-0.0945863425731659,-0.0871896967291832,0.0975005626678466,0.0721903815865516,0.0983482524752616,0.1022697016596794,-0.0779098346829414,-0.0485886335372924,0.0963184908032417,0.101138137280941,0.0972461029887199,-0.0764811486005783,0.079112060368061,-0.1021819859743118,0.011338697746396,0.065577395260334,0.1022920981049537,0.0993376746773719,-0.0988297685980796,-0.1022057682275772,0.0153529932722449,-0.1020211428403854,-0.1021866723895073,-0.0245422609150409,0.1023476645350456,-0.0724075213074684,0.1018866598606109,-0.0960515439510345,-0.1017715185880661,0.1003182455897331,-0.1009095609188079,-0.1007155776023864,0.0907016918063163,0.0997888073325157,-0.0917160883545875,0.065365195274353,-0.0911054611206054,0.1007337346673011,-0.0241998434066772,-0.0986731052398681,-0.0380493178963661,0.0447969548404216,-0.1016124263405799,-0.0952696427702903,0.027278684079647,-0.0761994794011116,0.071840114891529,0.1021565645933151,0.0165805220603942,-0.1008382514119148,0.0970551148056984,-0.1010863855481147,0.1019474640488624,0.0017146015306934,-0.1016479954123497,0.1018927320837974,-0.1021905466914177,0.0912263244390487,-0.1015105843544006,-0.0958226546645164,0.0860549584031105,0.1023532897233963,0.0939719229936599,0.096151664853096,-0.0988415777683258,-0.0470686145126819,-0.0995190218091011,-0.102281704545021,0.0686247423291206,0.0972910597920417,0.1009897217154502,0.0128927277401089,-0.0475061014294624,0.0695287138223648,-0.0545969121158123,0.0108114695176482,0.0004065675311721,-0.0530106611549854,-0.1465741395950317,-0.0101998606696724,-0.0664780661463737,-0.1060753166675567,-0.1478497684001922,0.090670421719551,0.0207610446959733,-0.069059170782566,-0.023997139185667,-0.1423660218715667,-0.0574246458709239,0.1442539244890213,0.0584722533822059,-0.0328751541674137,-0.0726624056696891,0.1258391290903091,-0.0059930039569735,0.1466820240020752,-0.1178968474268913,-0.111225314438343,0.1040550619363784,0.0148278232663869,-0.0624950788915157,0.1042458340525627,0.07719237357378,0.0670348852872848,-0.0283994078636169,0.0218199267983436,-0.113726869225502,0.0834401473402977,0.1339794248342514,0.1287873983383178,0.1467075794935226,0.0740770399570465,-0.0385374128818511,0.1403108090162277,-0.136763334274292,0.1447091251611709,0.0257519781589508,0.1183004826307296,0.0650970414280891,0.0333427339792251,-0.0062556830234825,-0.0882473960518837,0.1030555516481399,0.0699479430913925,0.0231067258864641,0.0454161763191223,0.0445614345371723,-0.0670133158564567,0.0831605345010757,-0.0465328246355056,0.1505225896835327,0.0083397077396512,-0.0585063360631465,0.1105441898107528,-0.0114407185465097,0.1358600854873657,0.0667402520775795,0.0292082782834768,0.1058288961648941,-0.0434087924659252,0.0321147143840789,0.0947318747639656,0.0408226326107978,-0.0797191262245178,-0.1466153562068939,-0.1381878554821014,0.026896845549345,-0.0742328688502311,0.0975788980722427,0.0582166984677314,-0.0191061981022357,0.0368488878011703,0.0579901821911335,0.0948307961225509,0.0009534342680126,-0.0498637482523918,0.1062507256865501,-0.128550112247467,0.1522165089845657,0.1384686231613159,-0.1007039248943328,0.054797738790512,0.1439558416604995,0.0466889441013336,-0.1492615938186645,-0.0339109823107719,0.0244863387197256,-0.0315033458173275,0.1281921714544296,0.0999915078282356,-0.0892049521207809,-0.1005077138543129,-0.0823639035224914,0.0700036361813545,-0.1480082422494888,0.0871570482850074,0.0883962512016296,-0.0006962945335544,-0.1407455950975418,0.1503473669290542,-0.0166599601507186,-0.1169232875108718,0.009000577032566,0.1440649181604385,0.0943772569298744,-0.0462087243795394,-0.0816412195563316,0.1128198280930519,-0.033663872629404,-0.1327018737792968,-0.0484075546264648,-0.0847167447209358,-0.060071263462305,-0.0203744955360889,0.001946059637703,0.1087704300880432,-0.0254756603389978,0.0548722892999649,0.0691052600741386,-0.0960917025804519,0.1092191264033317,-0.0970007702708244,-0.075473628938198,0.0824187397956848,-0.1081501021981239,0.082349956035614,-0.1093518063426017,0.1099040806293487,-0.1084978878498077,-0.0807040408253669,0.1096823588013649,0.0531385503709316,0.105958268046379,0.0098984111100435,-0.0060336561873555,-0.043658260256052,-0.0559553578495979,0.1067740246653556,0.0145123163238167,-0.0060363356024026,0.1105488836765289,0.1002259701490402,0.1108668819069862,-0.0691142156720161,0.1107254326343536,-0.1024953052401542,0.095000572502613,-0.1110605672001838,-0.0553351528942585,0.1098562628030777,0.0551898367702961,-0.0498870313167572,-0.1044786274433136,-0.105817973613739,-0.0588082075119018,-0.068326935172081,0.0959789454936981,-0.0822064206004142,0.1075904890894889,-0.0982211679220199,0.1071404963731765,-0.0841256380081176,-0.103546030819416,0.0416586883366107,-0.1075684055685997,-0.0639649257063865,-0.0498563572764396,-0.1037390306591987,-0.0291415341198444,0.1008811369538307,0.1077954322099685,0.1054186224937439,-0.094691164791584,-0.0173066742718219,0.0891983285546302,0.0483329556882381,0.069592498242855,0.1074147149920463,0.110189139842987,-0.060744259506464,0.090414360165596,-0.0028772989753633,0.1042871251702308,0.0757742598652839,0.1053329333662986,0.1100184693932533,-0.0477348715066909,0.0891225561499595,-0.1001047044992446,0.1089119911193847,-0.1071229204535484,0.0800464153289794,0.1010653376579284,-0.0875608846545219,-0.109639748930931,-0.1098518148064613,-0.0805143266916275,-0.1087971627712249,-0.1032984033226966,0.0489401146769523,0.1061085015535354,-0.1108442097902298,0.1002187877893447,0.0320161990821361,-0.0740809589624404,0.0305190607905387,-0.0664306804537773,0.1033566370606422,0.1001056134700775,0.1024936288595199,0.1028697416186332,-0.1098647117614746,0.0710339099168777,-0.0139650795608758,0.0418320298194885,0.1104590222239494,0.0880840718746185,-0.1097364723682403,0.1103219613432884,0.1064529046416282,-0.1029360368847847,-0.1046448126435279,0.0958041548728942,0.1082778424024581,0.111168771982193,-0.0124918092042207,0.0429305471479892,-0.0960009694099426,0.1044280678033828,0.0281530357897281,0.1086903810501098,-0.0887747183442115,-0.0860644206404686,-0.1081813797354698,0.0518754944205284,-0.0027890133205801,-0.1041537374258041,0.1072158142924308,0.0140939727425575,-0.1109508201479911,-0.012154578231275,-0.0573953092098236,0.1060271933674812,-0.1111830994486808,-0.0994291231036186,-0.1030792519450187,0.0380825474858284,0.0614964701235294,-0.1139170005917549,0.0943879708647728,-0.0041576870717108,0.0645724534988403,-0.008267912082374,0.0889200940728187,0.1150621622800827,0.1162567660212516,0.102768026292324,0.1033317595720291,0.0634811669588089,0.0712191089987754,-0.096676729619503,-0.0767929777503013,0.0061118900775909,0.0872705057263374,0.0328318141400814,-0.0605451986193656,0.1135516762733459,-0.1182806864380836,-0.0355314239859581,0.0416563265025615,-0.1169819384813308,0.0933201164007186,-0.0377023220062255,0.1138152927160263,-0.072483517229557,-0.0755660012364387,-0.1067182794213295,-0.1142009943723678,-0.0277804601937532,-0.1191771030426025,-0.0328507423400878,0.0638734996318817,-0.0033075541723519,0.086384542286396,0.0646675750613212,0.1029491126537323,-0.0558636635541915,-0.0442667938768863,-0.0939864218235015,0.0907021835446357,-0.0787532925605773,-0.0452226474881172,0.0493362545967102,0.0386345461010932,0.1164782121777534,-0.0717401951551437,0.018764067441225,0.0647977516055107,0.1115512996912002,-0.117350548505783,0.1170505508780479,-0.1178013160824775,-0.0047156577929854,-0.1045258641242981,-0.0912192463874816,0.0332324728369712,0.1217162534594535,0.0953238531947135,0.0254096686840057,0.1118983104825019,0.1073208749294281,-0.0967196300625801,-0.1046029403805732,-0.0571473017334938,-0.0434350036084651,-0.0390682965517044,-0.0576033517718315,-0.0559259355068206,-0.0108281271532177,0.1119788289070129,0.1138790473341941,-0.1207881495356559,0.0827613919973373,0.0347206331789493,-0.120807446539402,-0.0620475225150585,-0.1132067069411277,0.0940014943480491,-0.0670412853360176,-0.0994137004017829,0.0887233465909957,-0.1021946817636489,-0.1143504455685615,-0.0923670530319213,-0.0919081941246986,-0.111792042851448,-0.0771325528621673,-0.0974648594856262,0.1188409551978111,0.1187097057700157,-0.0873721614480018,-0.040407408028841,-0.0970371216535568,0.0312918946146965,0.1173195093870163,0.1105746552348136,0.1162246093153953,0.1142728999257087,-0.1078290268778801,-0.033327467739582,0.0605476051568985,0.1200860664248466,0.1104201003909111,0.1110346689820289,-0.0915254801511764,0.095077708363533,-0.0660535395145416,-0.1105653494596481,0.1135357692837715,0.083550214767456,-0.1134753227233886,0.1221324726939201,-0.0895620137453079,0.1160869598388671,-0.1196051612496376,-0.0538420565426349,0.11514463275671,-0.0378671288490295,0.1194708496332168,0.1059359833598136,-0.0672737061977386,-0.0685700476169586,-0.1119620874524116,0.0325857102870941,0.0320055931806564,BHQZTRRLMVTRNQ-UHFFFAOYSA-N,Cc1ccc(CC#N)c(-c2c(CC#N)ccc(C)c2C)c1C
0.073057971894741,-0.1062896251678466,-0.1102539449930191,0.1096387952566146,0.1063322275876998,0.1058891788125038,-0.060230616480112,-0.0755696222186088,0.0266278237104415,0.0467117875814437,0.0930339097976684,-0.1047285348176956,-0.0989392474293708,0.0199361834675073,-0.0367509759962558,0.0128091564401984,0.1092041879892349,-0.109528861939907,-0.1089550927281379,0.1010262891650199,0.0891033113002777,-0.0947983637452125,-0.0386886708438396,-0.0319807864725589,0.091126337647438,0.1021347641944885,0.1095661073923111,0.0520266406238079,0.0671176388859748,0.059815764427185,0.1098725870251655,0.1023431420326232,0.1043510437011718,-0.1078003719449043,-0.1045335605740547,0.0915508866310119,0.1017908826470375,0.097074493765831,-0.0961884036660194,0.1074746698141098,-0.0078213363885879,-0.1101945042610168,0.109786607325077,-0.0733733251690864,-0.0006465591141022,0.0892442092299461,-0.0029137746896594,0.1076014041900634,-0.1101980805397033,0.080575481057167,-0.1037559956312179,-0.1022422313690185,0.1102292910218238,0.0652537569403648,-0.0091597139835357,0.0517025403678417,-0.1054393574595451,-0.0047188447788357,-0.1101244091987609,0.0900221168994903,-0.0380253195762634,0.0237430725246667,0.1101672574877739,0.108890600502491,-0.0291019976139068,0.1030695289373397,0.1099598333239555,0.0919194743037223,-0.1040355935692787,0.0482200048863887,0.1075319498777389,-0.0685043334960937,-0.1052682697772979,0.0961172729730606,0.0992927625775337,-0.0346876829862594,-0.0911421626806259,0.0949629321694374,0.0946005955338478,0.0773902982473373,0.1088359430432319,-0.0887507945299148,0.0206806417554616,-0.0779686421155929,0.0764018073678016,-0.0731062740087509,-0.0985449627041816,-0.0713602155447006,0.1087619662284851,-0.1080857291817665,-0.1098484769463539,0.106600135564804,0.0865747407078743,0.1102551147341728,0.1088495180010795,-0.0457806997001171,-0.110184334218502,0.1100939065217971,-0.1097702085971832,-0.0821102261543273,0.0565747134387493,0.1096500903367996,0.1080395132303237,-0.1072818711400032,0.1097843199968338,0.0291880834847688,-0.0622820183634758,0.1067080423235893,0.0801507905125618,0.1040036603808403,0.084107220172882,-0.0724152624607086,-0.1070664599537849,0.1038592681288719,0.0115629434585571,-0.1069522947072982,-0.0846742913126945,0.1041696965694427,0.0740021914243698,0.0737641677260398,0.0584615468978881,0.1094610914587974,-0.0857662931084632,-0.0686188340187072,0.0247870776802301,0.0742895603179931,-0.1098775863647461,0.1008403822779655,-0.1171456426382064,0.047956496477127,0.0003909369406756,-0.1156463101506233,0.1170407459139823,-0.1126523911952972,0.092583566904068,-0.0740677267313003,-0.0341966710984706,0.0318908989429473,-0.117104984819889,-0.1137501969933509,0.0566584803164005,0.0883694291114807,0.1168370619416236,0.0745962858200073,-0.0542165450751781,-0.1079126298427581,0.0550456084311008,0.1171420067548751,0.117235280573368,-0.1061456575989723,-0.1168593019247055,0.1096048057079315,-0.0836261883378028,-0.0488593429327011,0.1092657893896102,-0.1172841191291809,-0.0808495879173278,0.1115843430161476,-0.1050531566143035,0.1173304393887519,0.0885186716914177,-0.0036333699245005,-0.1172138601541519,0.1149334535002708,0.0997274518013,-0.0782535970211029,-0.1171481758356094,0.1003172174096107,-0.0816916152834892,-0.1170167848467826,-0.0503759421408176,-0.1172416359186172,0.0603268481791019,0.1171808466315269,-0.058752242475748,-0.0708621367812156,0.114234372973442,-0.0966229736804962,-0.0085314586758613,-0.0720941796898841,0.0376916974782943,0.0997495502233505,0.1127577126026153,-0.1172788366675376,-0.0437377020716667,-0.1170115247368812,0.0150205446407198,0.1158396676182746,0.1167896017432212,-0.0184022523462772,0.0170896667987108,0.1104790568351745,-0.0070077730342745,-0.0408692136406898,-0.087127573788166,0.0417707599699497,0.0064436290413141,-0.1027378886938095,0.0594194494187831,-0.0968731865286827,-0.1157325580716133,-0.01590964384377,-0.103274330496788,0.1168545931577682,0.0653362050652504,-0.1169309020042419,-0.0662045553326606,0.1116340309381485,0.1107333749532699,-0.0637719258666038,0.1039780378341674,-0.098868191242218,0.0944335162639617,-0.1004703268408775,0.1141584664583206,0.1057429388165474,0.1165349930524826,-0.0875213295221328,0.1005719229578971,-0.1115006878972053,0.059075117111206,0.0023886302951723,0.0778886750340461,0.0141647607088088,0.1142089292407035,0.0459261201322078,-0.0389033183455467,0.0102162472903728,0.0578648336231708,-0.0508213713765144,0.1125119850039482,-0.108073279261589,-0.0822152718901634,-0.0477306619286537,0.0370122008025646,-0.0430652275681495,-0.1126405820250511,-0.1089907437562942,0.0978051647543907,0.0274015720933675,0.0088773695752024,-0.1143725290894508,-0.113685093820095,-0.0977149605751037,-0.105217345058918,0.0895699560642242,-0.0298866238445043,-0.116483062505722,-0.0535942204296588,-0.0230626575648784,0.0943159535527229,-0.0712456032633781,0.1135200411081314,-0.0581667311489582,0.1170725747942924,-0.0096466122195124,0.0972813293337822,0.1050834208726883,-0.1041854843497276,0.0893665328621864,-0.1052199155092239,0.1051336452364921,-0.1019946932792663,-0.1052124053239822,-0.0794450119137764,0.0672433525323867,0.0763514935970306,0.0486276671290397,-0.0422396436333656,0.1052035093307495,-0.1050434559583664,0.1031512916088104,-0.1037400439381599,0.1026815250515937,-0.1049935668706893,-0.0479203052818775,-0.1031929105520248,-0.1052167862653732,-0.1050352230668068,0.1045666113495826,0.105173721909523,0.0052229822613298,-0.0203461591154336,-0.0129083171486854,-0.0933262929320335,0.0380968488752841,-0.1018164977431297,0.0547601021826267,0.0974513292312622,0.1040481105446815,-0.0883037000894546,-0.0296671371906995,-0.1019560918211937,0.1051718518137931,0.1049467548727989,0.0482041426002979,-0.0225656721740961,-0.1041181832551956,0.1043902114033699,0.1050067767500877,-0.1052208915352821,0.09489256888628,-0.0299887154251337,-0.0747774019837379,0.0428564548492431,0.0493021011352539,0.1021001860499382,-0.0456487201154232,0.1032702177762985,0.1051716208457946,-0.0085401199758052,-0.0986493974924087,-0.0704712197184562,0.1045732945203781,-0.1046082228422164,0.0035590156912803,0.098585195839405,0.0765411034226417,-0.1047813892364502,0.1033616662025451,0.0966965332627296,0.0892880260944366,0.105199858546257,-0.1023121550679206,-0.1052214950323104,0.1021432131528854,-0.0094297705218195,0.1052193567156791,0.0721334591507911,0.0579475238919258,0.1047132760286331,0.0537972375750541,0.0385705903172493,0.0786329358816146,0.0760003104805946,-0.1049640476703643,0.1045384630560875,-0.0948700979351997,0.0297935809940099,-0.0796064957976341,0.1051700338721275,-0.1051636487245559,-0.0559936389327049,0.0689099803566932,0.0983687341213226,0.0293940734118223,-0.1043345555663108,-0.1042801514267921,-0.1028336808085441,-0.0962553918361663,-0.1033765524625778,0.1027696952223777,-0.0674910694360733,-0.1051975339651107,-0.1038818433880806,0.0447053350508213,-0.0922716110944747,-0.1047787889838218,0.104466825723648,0.1029488891363143,-0.1052212566137313,-0.0053521008230745,0.0669470429420471,0.1052207648754119,-0.1052092313766479,0.0218574963510036,-0.1050465628504753,-0.1052210479974746,-0.0987481251358985,0.0899158790707588,-0.1044446676969528,0.0075461575761437,0.095095582306385,0.0927840992808342,0.1028702035546302,-0.105203092098236,0.1052061766386032,0.0924180150032043,-0.1001921519637107,0.0039082132279872,0.0935457497835159,-0.1036985367536544,0.0965749248862266,0.0931844785809516,0.0934599265456199,0.0576171763241291,-0.0985825657844543,-0.083170935511589,0.0912754088640213,0.091245412826538,-0.0966310650110244,-0.0460079908370971,-0.0976204946637153,-0.0845864564180374,-0.0944300591945648,0.0836850404739379,0.0315511599183082,0.0980488806962966,0.0846503600478172,-0.0990826562047004,0.0203261505812406,0.1002271771430969,-0.0997592657804489,0.0997338593006134,0.0954368710517883,0.0962413549423217,-0.0995833128690719,-0.1001760363578796,-0.1003110781311988,0.0883491486310958,-0.0606183186173439,0.1002223566174507,0.1002836972475051,-0.0777875110507011,0.0683379843831062,-0.09943238645792,0.0846320241689682,0.1001728102564811,-0.0864155068993568,0.0923061594367027,0.0311958901584148,-0.0733695700764656,-0.1002618372440338,0.0828026980161666,0.0992377921938896,0.0953610241413116,0.0338766574859619,0.0423413179814815,0.09300547093153,0.1000561341643333,0.0782476291060447,0.0967408269643783,0.0786213502287864,-0.083325058221817,-0.0835286825895309,0.0826787948608398,-0.099803127348423,0.0996484011411666,-0.0628532469272613,0.0905716493725776,-0.0979280769824981,0.100245863199234,-0.0988989695906639,-0.0964820086956024,-0.0483538992702961,0.0948289707303047,-0.0990971997380256,0.0978607982397079,0.10022734105587,-0.0971628054976463,-0.0912237614393234,0.0536531135439872,0.0899428501725196,0.0538832694292068,-0.0979527160525322,0.0920791998505592,0.0845840871334075,0.0989400446414947,-0.0990556702017784,0.0950713381171226,0.1003131046891212,0.0688371956348419,-0.0954568162560463,0.0724587887525558,0.1003037020564079,-0.0851067081093788,-0.0600774586200714,-0.0851931944489479,-0.0935558006167411,0.0940324068069458,0.0879615023732185,-0.1002344116568565,0.0258612260222435,0.0950139611959457,0.0968552380800247,0.0934543162584304,-0.0999784022569656,-0.0922980457544326,0.0885483175516128,0.0999170318245887,0.0964836552739143,0.0615344904363155,0.0753383263945579,0.0992552861571312,-0.09614859521389,0.0917674079537391,-0.0760760605335235,-0.0906598046422004,0.0979212597012519,0.0672104433178901,-0.1001628041267395,0.1003150045871734,0.0882991626858711,0.0928525254130363,-0.0775284096598625,0.0998079478740692,0.0788145810365676,-0.0829202383756637,-0.0987606421113014,0.0995502695441246,0.0996526852250099,0.0996612161397934,-0.1003617271780967,-0.1003548949956893,0.0932576134800911,-0.0817675963044166,-0.0886859148740768,-0.0042089070193469,0.0821733325719833,0.0983258336782455,0.0986694768071174,-0.0983770787715911,-0.0481381192803382,0.1491453945636749,0.1520457863807678,-0.0767059475183487,0.114859253168106,0.1129310205578804,0.1491523087024688,-0.0830572918057441,0.0046079843305051,0.0604506656527519,-0.0116768525913357,0.099267728626728,0.0840094611048698,0.0223594047129154,-0.0175503343343734,-0.0959688350558281,-0.0872431024909019,0.1077457591891288,-0.0517761409282684,0.0752361118793487,-0.1065515875816345,-0.0979587137699127,-0.0821852385997772,-0.0462998040020465,-0.0886849537491798,0.1127881407737732,-0.0563251934945583,-0.0121827134862542,-0.0237108953297138,0.009802121669054,0.1056702136993408,-0.0827536582946777,0.108439989387989,0.0253175981342792,0.1129003167152404,-0.1216044500470161,0.1403393000364303,-0.1147069111466407,0.0554517209529876,-0.0243039224296808,0.1104849427938461,-0.0558614134788513,-0.0843380317091941,-0.0981063619256019,0.105590671300888,0.1391490846872329,-0.101317748427391,-0.0906781554222107,-0.033382125198841,-0.0080722998827695,-0.0364481844007968,-7.56769222789444e-05,-0.0479426309466362,-0.1058648824691772,-0.0569684952497482,-0.0800298005342483,-0.1243906766176223,0.0341332890093326,0.0018513748655095,2.821537054842338e-05,-0.0593585968017578,0.0790036022663116,-0.0777338445186615,0.0884387269616127,-0.1652545034885406,-0.1229868978261947,-0.0392873659729957,0.040924284607172,0.0741146430373191,-0.0463721342384815,-0.0376399233937263,-0.0429821945726871,-0.1363793760538101,-0.0455293618142604,0.1734473258256912,-0.0264440942555665,0.0721682459115982,0.1009275242686271,0.088521733880043,0.1515360325574875,0.1135214492678642,-0.0758827924728393,-0.0889617353677749,0.1753541380167007,0.0328213460743427,-0.1253318786621093,0.1300330460071563,0.0243167150765657,-0.1121283769607544,-0.0269943568855524,-0.135191723704338,0.0124673433601856,-0.1652068197727203,-0.0713779851794242,0.1587077230215072,-0.0118813551962375,0.1180425658822059,-0.0653223991394043,0.0364748463034629,-0.1059204190969467,-0.0166002325713634,-0.0455123148858547,-0.0627284944057464,0.1156634762883186,0.0240750275552272,0.104675181210041,0.0076701138168573,0.0014389710268005,-0.0080430097877979,0.0699304491281509,-0.0948688760399818,-0.0897001177072525,0.1579139232635498,-0.031586293131113,-0.0154173644259572,0.1432870477437973,0.1568171381950378,-0.0150358248502016,-0.0170520562678575,-0.0484832935035228,-0.1270556151866912,-0.0995338410139083,-0.0661512017250061,0.0179200209677219,-0.0320055857300758,-0.0086688203737139,-0.109001874923706,-0.002945416374132,0.0730558112263679,-0.0014898648951202,-0.0890733003616333,0.0928915366530418,0.1377258598804474,-0.1289830654859542,0.1025841236114502,-0.1453820765018463,-0.0082186069339513,-0.0888353288173675,-0.1382832825183868,0.0881643593311309,-0.1182411164045333,-0.0584802329540252,0.1576334238052368,0.0767780691385269,0.0732626393437385,0.085681602358818,0.0649596452713012,-0.1560104638338089,0.1069200858473777,-0.0174158066511154,-0.0118957413360476,0.0827052295207977,0.0405283272266387,0.0108034163713455,0.1117450520396232,-0.1465679705142974,-0.0658542662858963,-0.0734122991561889,0.106545902788639,0.0111343506723642,0.1582286655902862,-0.0145667949691414,-0.1070434898138046,-0.039342001080513,0.1056490167975425,-0.0598943419754505,0.0839809104800224,-0.1313375830650329,0.1347600370645523,0.1438510864973068,0.004825044889003,-0.1491758823394775,0.0607600584626197,-0.0240316167473793,-0.0908136963844299,-0.0091210231184959,-0.065861202776432,0.0398401916027069,-0.0119524970650672,-0.0236871670931577,-0.0636787489056587,0.0550424940884113,-0.0613420940935611,0.1015941724181175,0.0154235027730464,-0.1514220684766769,0.002632190240547,-0.0063123758882284,-0.0188419297337532,0.1182886064052581,-0.1360047459602356,0.0974967330694198,0.1391919404268264,0.0501840151846408,-0.0684947073459625,-0.0948877409100532,-0.0517418459057807,0.1010866165161132,-0.1438332498073578,0.0117302741855382,-0.0275260340422391,-0.0997040644288063,-0.0027812321204692,0.0407085865736007,-0.040181741118431,-0.1003834083676338,-0.0051079238764941,0.0151659911498427,-0.0833042189478874,-0.1361903697252273,0.0864807441830635,0.134782612323761,0.0732862874865531,0.0370710343122482,0.0822647735476493,0.0272756051272153,0.1383685767650604,-0.0121944062411785,-0.0529973097145557,0.0559647530317306,-0.0505682155489921,-0.0232842080295085,-0.1232497990131378,-0.005756699014455,-0.0986972600221633,0.1182401105761528,-0.0737836062908172,0.0144718848168849,0.065447449684143,0.0244211219251155,0.0467514097690582,-0.0593585819005966,-0.0014599889982491,0.1414449512958526,-0.1259233951568603,-0.0925007537007331,0.0983139052987098,0.0755402222275734,-0.0081161921843886,-0.1350716203451156,-0.0746712535619735,-0.1097408980131149,-0.1356875151395797,0.1491936296224594,-0.0428752489387989,-0.112011969089508,0.0115262875333428,-0.1556390970945358,0.0279992260038852,-0.0005888700834475,-0.0461881794035434,0.0415659584105014,-0.1142175793647766,0.1397082209587097,0.0864371284842491,0.0646181479096412,ZXJDMVLPGLNCDA-UHFFFAOYSA-N,O=C(O)c1cn(C2CC2)c2sc3c4ccc(F)cc4[nH]c3c2c1=O
-0.019013850018382,-0.1031882464885711,0.1034340858459472,0.1034307852387428,-0.0378929078578949,0.0980045720934867,-0.0387590937316417,-0.100275307893753,-0.1017725020647049,-0.1033666431903839,-0.0919308960437774,-0.1033626571297645,-0.0950123369693756,0.1033960878849029,0.1030098125338554,-0.1007010340690612,-0.0500861778855323,-0.08748609572649,0.0414752699434757,0.1001509130001068,-0.0730485841631889,-0.0996984243392944,-0.0935321450233459,-0.1020103320479393,0.0567231811583042,0.0820112228393554,-0.0513135083019733,-0.1007178872823715,-0.0690166354179382,0.0868695229291915,-0.1025681793689727,0.1009688451886177,-0.1031727418303489,-0.0019710266496986,-0.1032931506633758,-0.1033571884036064,0.1011007279157638,0.1030469611287117,0.1030598506331443,0.0845310762524604,-0.0788746625185012,-0.0649519339203834,0.0384774357080459,0.1016915738582611,0.1033604815602302,0.1032184511423111,-0.0778524428606033,0.1019511967897415,-0.0962142348289489,-0.0973122119903564,0.0984762832522392,0.1021991893649101,-0.0980923473834991,-0.0957869738340377,-0.1034265011548996,0.0965497642755508,0.101986140012741,-0.1016210839152336,-0.0615449771285057,0.0103067001327872,-0.099500373005867,-0.0701372474431991,0.0874599367380142,-0.1030898541212081,0.0924548432230949,0.0697923377156257,-0.1034221723675727,0.1007351502776146,0.103431724011898,0.048979714512825,-0.020862516015768,0.1034345775842666,-0.0283828265964984,-0.1033982336521148,0.0610540173947811,-0.0304952580481767,-0.093506783246994,0.080316811800003,-0.0999470576643943,-0.0995189696550369,-0.0190454199910163,0.0975501611828804,0.1000450551509857,0.0882314592599868,-0.0764019936323165,0.1034297943115234,0.1032981052994728,0.1024120226502418,0.0315399356186389,-0.0813868790864944,0.025093613192439,-0.1026518642902374,0.1026871800422668,0.0853242129087448,-0.1028229147195816,-0.0591663569211959,-0.1033333912491798,-0.1034058630466461,-0.1021154969930648,0.0770137310028076,0.0845948532223701,0.1024452000856399,-0.1032777652144432,0.0766803100705146,-0.0991686955094337,-0.0514357835054397,-0.0904233902692794,-0.102672591805458,0.1032892763614654,-0.0705432295799255,-0.075402483344078,0.0433094725012779,-0.0843714773654937,-0.0784471035003662,-0.0980805158615112,-0.1020998433232307,0.0452311784029006,-0.1034241691231727,-0.098393365740776,0.1034115999937057,-0.0885840654373169,0.1019199788570404,-0.0688906908035278,0.1029155179858207,0.1015091240406036,0.0678504854440689,0.0944131985306739,-0.1012423038482666,0.099014326930046,-0.0960156992077827,-0.1031222641468048,0.0696949958801269,0.0484158731997013,-0.082691490650177,-0.0972743555903434,-0.1003505662083625,0.1031908243894577,-0.1031246334314346,0.1032218784093856,-0.0894551649689674,-0.1027857810258865,-0.0495145246386528,-0.1031256169080734,0.0226407889276742,0.0589278675615787,-0.0963921844959259,-0.103225477039814,-0.1008048579096794,-0.0742541849613189,-0.1032019481062889,-0.1032039225101471,0.059092529118061,0.1031567081809043,0.0533378049731254,0.1030363291501998,-0.0220859590917825,-0.1032228022813797,-0.0977900549769401,-0.049326092004776,0.0380224920809268,-0.1032202318310737,0.1008839160203933,0.0639048516750335,0.0901567786931991,0.0440826565027236,-0.1032254993915557,-0.1009656488895416,0.1000810787081718,-0.0765693634748458,-0.0899735242128372,0.1003023535013198,-0.1032206788659095,-0.0578424222767353,-0.0507589615881443,0.098684586584568,0.0553225390613079,-0.1032145768404007,0.0545752421021461,0.1028107032179832,-0.1032249853014946,0.0271463971585035,-0.1031249240040779,0.0916481912136077,-0.102957434952259,0.10299863666296,-0.103225290775299,-0.0220351256430149,-0.0959779471158981,-0.1032178401947021,-0.0049672205932438,-0.1011523455381393,-0.0676583349704742,0.1032255217432975,-0.1009952202439308,0.0615755282342433,0.0954286754131317,-0.1027627661824226,-0.0743844360113143,-0.0652321055531501,-0.1032245531678199,-0.1013703197240829,-0.0943376645445823,-0.1015981659293174,0.0518503971397876,0.0943954810500145,0.1031535267829895,-0.0934401527047157,0.0228148084133863,-0.1029556766152381,0.1011155173182487,0.0651343092322349,-0.0980326235294342,-0.1011995747685432,-0.1031085327267646,-0.0879660621285438,0.1029655262827873,0.1008438244462013,0.1011320501565933,-0.1024962291121482,-0.0054953349754214,0.0308220144361257,0.1032254323363304,-0.0967989042401313,-0.054711066186428,0.0966776236891746,-0.067512147128582,-0.100816898047924,0.0968660488724708,-0.0521106459200382,0.1032253950834274,0.0992583483457565,0.0635037273168563,0.1021290197968483,0.1031662225723266,-0.0866181254386901,0.1027935892343521,-0.1031866520643234,-0.0957753136754036,-0.1022243723273277,0.0952284038066864,-0.103123627603054,-0.0997194498777389,-0.0698471516370773,-0.0668536201119422,-0.09896831959486,0.1030907928943634,0.0395133011043071,-0.1009195297956466,0.0335445664823055,-0.0972064733505249,-0.1021058037877082,-0.0662313178181648,0.1017287001013755,-0.1031603068113327,-0.0939245894551277,-0.0902483835816383,-0.0886274874210357,-0.0944274291396141,0.0961960405111312,-0.0956217497587204,0.0962019562721252,-0.096201941370964,-0.0837376043200492,-0.096201904118061,-0.0934818536043167,0.0943831428885459,-0.0920468270778656,0.0950796380639076,0.084680899977684,-0.0876670107245445,0.0937878414988517,0.0946437790989875,0.0546375289559364,-0.0586664043366909,-0.0959433019161224,0.096196636557579,-0.0962018147110939,-0.0962008461356163,0.0959382429718971,-0.0091745443642139,0.0902302414178848,0.0961846113204956,0.0955171138048172,0.0962009280920028,-0.0957162007689476,-0.0956666246056556,0.0962010100483894,-0.0960035845637321,0.0961250364780426,-0.09620101749897,-0.0961804389953613,-0.0959070548415184,0.0961369350552558,-0.0953972488641738,-0.0905677527189254,-0.0958308652043342,0.0803128257393837,0.096193253993988,-0.0829429179430008,-0.0961679965257644,0.0360055230557918,0.096148781478405,-0.0583381988108158,-0.0962018817663192,0.0935980379581451,-0.0949318557977676,0.0740585476160049,0.0929537266492843,-0.0960639044642448,-0.0961980372667312,-0.0961674228310585,-0.065397709608078,0.0850910171866417,-0.0960658416152,-0.0805520862340927,0.096025712788105,0.0239511616528034,0.0962007120251655,0.0962019488215446,-0.0932831913232803,0.0804867669939994,0.0912486687302589,0.0960267484188079,0.0950462371110916,0.0203165784478187,0.0902571603655815,-0.0642619729042053,-0.0961976870894432,0.0777110755443573,0.0962016209959983,0.0768392831087112,-0.0962012931704521,-0.0960735753178596,0.0726546049118042,-0.0961998999118805,-0.0960744619369506,-0.0961321964859962,0.0962019115686416,-0.0357699394226074,0.0961572378873825,0.0663851052522659,0.0823693573474884,0.0962019562721252,-0.0915559381246566,-0.0961180180311203,0.0953860506415367,0.0962011963129043,-0.0932300016283989,0.0960717722773552,-0.0960148051381111,0.0899433270096778,-0.0594449266791343,0.0803317874670028,0.0185118783265352,-0.0884544178843498,-0.0856812968850135,-0.0544968508183956,0.0841253548860549,0.0825142338871955,-0.0476070828735828,0.096201941370964,-0.0923939272761344,-0.0959201008081436,-0.0488610751926898,-0.096201866865158,0.0957211107015609,-0.0960363075137138,-0.093962013721466,0.0959162190556526,-0.0961834713816642,0.0962007716298103,-0.095317505300045,-0.0946995168924331,0.0880023688077926,0.0961439758539199,0.0960745811462402,-0.0905480310320854,-0.0954694524407386,0.0947958827018737,-0.0961991623044014,-0.0962014719843864,-0.0956636294722557,0.0266397222876548,0.0961225256323814,-0.0212718416005373,0.0065064467489719,0.05420608446002,-0.164677694439888,-0.0335440747439861,0.0369277670979499,-0.1085867658257484,-0.0868464633822441,0.0705879479646682,0.0131653612479567,0.0082778194919228,-0.1665670275688171,0.0693258494138717,-0.0367949567735195,-0.0518926940858364,-0.0096636079251766,-0.1403999328613281,-0.0356485806405544,0.109613299369812,0.0884558781981468,0.0880138352513313,-0.1102840602397918,0.0414736345410347,0.1127303391695022,0.1901328265666961,-0.0759614557027816,-0.0834888517856597,0.0831573531031608,-0.0896864458918571,-0.1885210275650024,-0.0023854901082813,-0.0370191819965839,-0.1234144270420074,0.093710571527481,0.0657941102981567,-0.0679524466395378,0.1732114106416702,0.0004035292367916,0.1535261273384094,0.1714705675840377,0.1121989488601684,-0.1169802099466323,0.0613894052803516,-0.0960684120655059,0.0701392218470573,-0.0446869879961013,0.0727099999785423,0.0409814678132534,0.0188612602651119,-0.054357174783945,0.0791081562638282,-0.0194089040160179,-0.0954018682241439,0.1175851374864578,0.112720675766468,0.0229774266481399,0.0313694290816783,0.0774568915367126,0.1504780650138855,0.033225730061531,-0.0309189707040786,-0.0807592421770095,0.0833967924118042,-0.0145293874666094,0.0263444650918245,-0.0789244472980499,0.0659598112106323,0.019372658804059,-0.0446228459477424,-0.0555999875068664,0.1203709840774536,0.0369089283049106,-0.0286302752792835,-0.0883368775248527,-0.1764777153730392,0.0036028553731739,-0.1238512694835662,0.0808341205120086,-0.0259449556469917,0.0396924056112766,-0.0437568016350269,0.0822732374072074,0.0625697895884513,-0.1039608716964721,-0.050585102289915,0.0813637524843216,-0.0544918216764926,0.1423551440238952,0.0464835613965988,-0.1390353888273239,0.1093998998403549,0.0511776059865951,-0.0516719557344913,-0.1672172546386718,-0.0947389304637909,0.095698706805706,-0.0259349383413791,0.1727386265993118,-0.0197780411690473,-0.1540834158658981,-0.075230486690998,-0.0026889909058809,0.0047438857145607,-0.1103781014680862,-0.0709222480654716,0.1273853182792663,0.0408003069460392,-0.1541534811258316,0.1635539531707763,-0.010171728208661,0.0599195659160614,-0.0820784717798233,0.0205224696546793,0.0300556346774101,0.0722076594829559,0.0425384417176246,0.0903942584991455,-0.0492062978446483,-0.134831890463829,-0.0688696280121803,-0.0815773904323577,-0.0152698270976543,-0.0209505967795848,0.070194773375988,0.0535610131919384,-0.10153229534626,-0.0576720982789993,0.0711492151021957,0.0571573562920093,-0.0303965378552675,0.1866784840822219,-0.1054911613464355,0.0986611545085907,0.1522698104381561,0.0570017546415329,0.1082242205739021,0.0172014646232128,0.0535578988492488,-0.0857146233320236,-0.0083353146910667,0.1493844985961914,0.1326646208763122,-0.0028753392398357,-0.0243602767586708,0.1594341546297073,-0.0303655862808227,-0.1260352730751037,0.0212941542267799,-0.0578165613114833,-0.1163690313696861,0.0031937917228788,-0.1277623921632766,-0.1554667800664901,0.1059310585260391,-0.0605774261057376,-0.0009439778514206,-0.057491760700941,0.1133609339594841,0.1112957820296287,0.1386563032865524,0.1095377430319786,-0.0947662368416786,0.0067340591922402,0.1665389239788055,0.1063636094331741,-3.0847822927171364e-05,0.0316067188978195,-0.0887671336531639,0.0044061806984245,0.1286173909902572,-0.088950864970684,0.0151767013594508,0.0589392557740211,0.04832074791193,-0.0132406027987599,0.1145108342170715,-0.1231656298041343,-0.136768952012062,-0.0493046678602695,0.1297997683286667,0.164417877793312,-0.1038573905825614,0.155696153640747,0.0498825870454311,-0.0168003588914871,-0.1127931401133537,0.0162324160337448,-0.1138758063316345,-0.1137107983231544,0.0593096986413002,-0.0595650970935821,0.0445112101733684,0.0251878090202808,-0.0544685274362564,-0.1066441386938095,-0.0400281883776187,-0.1119573935866355,0.1083436012268066,-0.0436734594404697,-0.1037742644548416,-0.05599120631814,-0.0292406715452671,-0.086992435157299,-0.0841710418462753,0.1062055751681327,-0.0626133978366851,0.0136394510045647,0.0268647242337465,-0.0573353394865989,-0.0945162326097488,-0.0015022073639556,0.010993524454534,0.0680054202675819,0.0175780653953552,0.0101903472095727,-0.0878410637378692,0.0261545330286026,0.1473399549722671,-0.0573164150118827,-0.0950263887643814,-0.1214876174926757,-0.0097890328615903,0.0553378872573375,0.0248839519917964,0.0177192576229572,-0.0350847579538822,0.1092146709561348,-0.0349506996572017,0.0380884483456611,0.0477357283234596,-0.1147980540990829,0.0754298046231269,0.0020804146770387,0.0615034848451614,0.1497566848993301,0.0675712153315544,-0.0602911338210105,0.0558222830295562,-0.112759381532669,-0.0421083904802799,0.1310969591140747,-0.1594550013542175,0.0550908111035823,0.0240996982902288,0.1214652061462402,-0.0738394632935524,0.0745175778865814,0.1090736836194992,-0.0826153233647346,-0.0001352503895759,-0.0633155331015586,-0.1716952472925186,-0.0822593346238136,0.0579232349991798,-0.1269831657409668,0.0555147156119346,-0.0767972245812416,-0.0524241439998149,-0.1223335266113281,0.0463158376514911,0.0021627226378768,0.1354736238718032,0.1508077979087829,0.1674263030290603,0.0496849529445171,-0.0804246366024017,0.1025133281946182,-0.0014104061992838,-0.0447111204266548,-0.0145539548248052,0.1213411018252372,0.0420538522303104,0.0564619414508342,-0.0625171586871147,-0.1362554430961609,-0.1223649978637695,-0.0014714881544932,-0.0023776749148964,-0.0345276445150375,-0.1353181153535843,0.0290690269321203,0.026704404503107,0.0105475597083568,0.1040632352232933,-0.0918953195214271,-0.1277812868356704,-0.0033551498781889,0.0134700182825326,0.0536875277757644,-0.0710064992308616,-0.0930465012788772,0.1383360177278518,0.1610455811023712,0.0495576597750186,0.110462985932827,-0.0761311799287796,0.1257654279470443,-0.0705025568604469,-0.0563520416617393,-0.1549070179462433,0.0558931306004524,-0.0208175666630268,0.1591410785913467,0.0694360807538032,0.0023202626034617,0.0167797803878784,-0.0791214480996131,0.07627884298563,-0.0861409157514572,0.04755874350667,-0.0161036290228366,-0.0839182510972023,-0.1345134079456329,-0.102224089205265,-0.0375465713441371,0.1241398602724075,0.0813896805047988,0.020922414958477,-0.0035609956830739,-0.0609219074249267,0.1239791512489318,-0.0963330566883087,0.0046111540868878,-0.138702780008316,0.1424735635519027,0.063801035284996,-0.1307699233293533,-0.1177567839622497,0.0986657589673996,0.0237352922558784,-0.1576999425888061,0.0079060764983296,-0.1523731052875518,0.0555656775832176,-0.0147598013281822,-0.0779769271612167,0.0850559845566749,-0.124686025083065,0.0964918285608291,-0.0108864344656467,-0.108242429792881,0.1116192638874054,-0.0229073017835617,-0.0249513573944568,-0.1235333830118179,-0.0764637514948844,0.1252248585224151,-0.0019086786778643,-0.1140687465667724,0.0269017815589904,-0.1139178872108459,0.0503874644637107,0.0584749244153499,0.1551577895879745,-0.0217205546796321,0.0482228584587574,0.0339174233376979,0.0942075103521347,-0.0140439579263329,0.015773044899106,0.1318842023611068,0.0538041107356548,0.0470729917287826,-0.0852935090661048,0.0273912232369184,-0.0370123013854026,0.0504883602261543,-0.1007855758070945,0.1146917715668678,0.0212467946112155,0.0797706991434097,-0.1054802611470222,-0.0984707400202751,-0.1145074367523193,0.0640844777226448,-0.097784623503685,0.0210035964846611,0.165193036198616,0.1382108181715011,-0.0684346407651901,0.050326369702816,-0.083901934325695,0.1218379437923431,-0.0234151612967252,CTXIEZZVVOESOR-UHFFFAOYSA-N,CN(C)c1nc(Cl)c(CN)s1
-0.0183157529681921,0.114750862121582,0.113747164607048,-0.0327658876776695,-0.1030684188008308,0.1116342693567276,-0.0972025915980339,-0.0373480394482612,0.0788501352071762,-0.0760965719819068,0.1135099083185195,0.0606936179101467,0.0801256522536277,-0.1102510690689086,0.08557990193367,0.1145004034042358,-0.1092820987105369,0.0754996612668037,-0.0891845971345901,-0.112733669579029,-0.1143848821520805,0.109175406396389,0.0862549170851707,0.0942668244242668,0.1146442964673042,0.1085457503795623,-0.0961870998144149,0.1144353225827217,-0.0360152348875999,-0.1111878380179405,0.0663650780916214,-0.095365822315216,0.0845648273825645,-0.1144430935382843,0.0896342322230339,0.0802559256553649,-0.0398377105593681,-0.0391872860491275,0.0643816962838172,-0.1077804416418075,-0.0613591521978378,-0.0368866100907325,-0.0950154587626457,0.0889622420072555,0.012279718182981,0.1078813001513481,0.0906112715601921,0.1100381538271904,0.0912831872701644,-0.0185703430324792,0.05664524435997,0.1144220009446144,-0.1147296130657196,-0.1146250590682029,-0.0445543974637985,-0.0584171675145626,-0.0179190784692764,-0.047755692154169,-0.0181866008788347,-0.1050150692462921,0.0380297265946865,0.1066229194402694,-0.0323944985866546,-0.1062910407781601,0.1145318821072578,-0.0981922149658203,0.1130630671977996,-0.1010718643665313,0.0850345119833946,-0.0354724451899528,-0.0803862512111663,0.03910394012928,-0.114017404615879,0.0960534587502479,0.0935002565383911,0.1139056459069252,0.0570561401546001,0.0965758264064788,0.0245391838252544,-0.028455015271902,0.1062848269939422,-0.0190972872078418,-0.1143270134925842,0.1059757843613624,-0.0820661932229995,0.1052377223968505,-0.0842963755130767,-0.0800205841660499,0.0332964360713958,0.1147152632474899,-0.1115499213337898,0.0993002206087112,-0.1147560253739357,0.1050059422850608,-0.1145455613732338,-0.0659164413809776,0.1128712147474289,0.0251448452472686,-0.1124540641903877,0.0794251188635826,0.0399595946073532,0.0895287916064262,-0.1052779033780098,0.0531065762042999,0.1142876222729682,0.107177548110485,0.1124314665794372,-0.041783470660448,-0.1012938022613525,-0.0447396002709865,-0.114714540541172,-0.1146939322352409,0.1105233132839202,-0.1001919955015182,-0.0169646367430686,-0.0928660780191421,0.1091321036219596,-0.096378855407238,0.1147398874163627,-0.0413485243916511,0.1129195690155029,0.0662294179201126,-0.0649529993534088,0.0765405222773552,0.011323862709105,-0.1140702664852142,-0.0265187080949544,0.0773161798715591,0.1054362133145332,-0.0469245687127113,-0.0961901918053627,0.0522945001721382,-0.1036187931895256,-0.0059561277739703,-0.1053601950407028,0.0967901498079299,0.0126994112506508,0.09324412047863,-0.0162751413881778,0.0946763455867767,0.0984876826405525,0.0853895097970962,-0.1039998158812522,-0.1054855734109878,0.0628703981637954,0.1054722517728805,0.1055325046181678,0.0907476991415023,0.0126364389434456,0.1018234714865684,-0.0468793362379074,-0.1055079475045204,-0.1052402928471565,0.0963775739073753,-0.1055329293012619,-0.0800084993243217,-0.105245441198349,-0.1028335392475128,0.1054507419466972,-0.0589198470115661,-0.1016908138990402,0.1014252379536628,0.0821950286626815,0.1047172173857688,-0.0950238481163978,0.1055254712700843,0.0221209153532981,-0.1041169241070747,-0.1006937772035598,-0.1029826924204826,-0.1054036989808082,0.1022940650582313,-0.1023468598723411,0.1051286607980728,-0.1054102182388305,0.1054265275597572,0.0116823287680745,0.1029762327671051,-0.0957988575100898,0.1050406917929649,-0.0033995099365711,0.0050555299967527,0.1011842861771583,-0.0031553411390632,0.0624955855309963,0.1055111214518547,0.0247340053319931,0.1038426384329795,-0.1001488789916038,-0.0102765448391437,0.0746401250362396,-0.101076915860176,-0.1055011451244354,-0.1029698550701141,-0.1053077355027198,0.0253026522696018,0.1050073653459549,0.0481152758002281,-0.0662976279854774,-0.101046048104763,0.1054039299488067,0.0972102656960487,-0.0867935642600059,-0.0718702897429466,0.1000066697597503,0.0273965280503034,-0.0747806057333946,-0.104012407362461,-0.1049806177616119,0.0950701013207435,-0.0728963166475296,-0.0978471785783767,0.1026468127965927,0.0871315822005271,0.1047605127096176,-0.0841782391071319,-0.0148283271118998,0.1053101271390914,0.1055023223161697,-0.0994990095496177,0.0713255032896995,-0.0951712280511856,0.1005062684416771,0.0853165313601493,-0.0682992041110992,-0.1047089099884033,-0.0542168505489826,-0.0850529819726944,-0.1009150817990303,0.1019453257322311,-0.1054783686995506,-0.1051712781190872,0.0994572192430496,-0.0236637387424707,-0.0808717980980873,-0.1021748557686805,0.1055165976285934,0.1029717102646827,0.1003554314374923,0.1052586659789085,-0.0968179926276207,0.1015681028366088,-0.0994026660919189,0.0710284858942031,0.103561945259571,0.0079438546672463,0.0988945811986923,0.1051463112235069,-0.030718395486474,-0.1054174974560737,-0.095266617834568,0.101504735648632,-0.0012642329093068,0.0533760078251361,-0.0476958006620407,0.0771547555923461,0.0353306606411933,0.0753161236643791,-0.0889016166329383,0.1055938228964805,0.1056555062532424,-0.1050332710146904,-0.1051273494958877,-0.1029872298240661,0.098750926554203,0.1008909046649932,-0.1052533239126205,-0.0258644577115774,-0.1039967238903045,0.0962951555848121,-0.104133702814579,0.1049823239445686,0.0893718600273132,0.0118599897250533,0.0702081024646759,-0.100287027657032,0.1038457080721855,0.0823536142706871,0.1056555286049842,0.0955605655908584,-0.1040208041667938,0.0684878379106521,0.0468483120203018,0.1001302599906921,-0.1051055341958999,-0.0627419129014015,0.1022982075810432,0.0848227366805076,0.1030209362506866,-0.1015041396021843,-0.1036990284919738,0.1056568324565887,0.1044467017054557,0.1054859086871147,0.1048387140035629,0.0965605899691581,0.1042049899697303,0.0902945548295974,0.0858801677823066,-0.1049526929855346,-0.0228010118007659,0.10563425719738,0.1056533828377723,-0.1045080870389938,0.0632231757044792,0.1048232465982437,-0.1055969297885894,-0.0010834877612069,0.1032373085618019,-0.1042860746383667,-0.0652495250105857,-0.050614446401596,0.0980326309800148,-0.1043770313262939,0.0679920092225074,0.0161742698401212,-0.0930030047893524,0.0356523543596267,0.1048710122704505,-0.1045688688755035,0.0943433567881584,-0.0950901135802269,0.0905600935220718,0.1054859682917594,0.1052169352769851,0.1051225140690803,0.0096736010164022,-0.0847233310341835,0.0579336024820804,-0.1039788499474525,0.0230153743177652,0.1012229397892952,0.1007855609059333,-0.0406447872519493,-0.0569958537817001,0.032198678702116,-0.102451704442501,0.0540983416140079,-0.0939195528626442,0.0434828251600265,-0.1047922223806381,0.0445961579680442,-0.0100547960028052,-0.0760457068681716,-0.0315144136548042,0.0872697532176971,0.1056000217795372,-0.1018097996711731,-0.0059585310518741,0.1037561520934104,-0.0057020015083253,-0.0143154570832848,-0.0979425236582756,-0.0979430302977562,-0.0950028225779533,0.0621233731508255,-0.0693620890378952,-0.1051118895411491,-0.1056463792920112,-0.0798634588718414,0.1004072576761245,0.0423969961702823,-0.1026187464594841,-0.1047095209360122,0.105198323726654,0.1055441126227378,0.0992153882980346,0.1055006086826324,0.0875644087791442,0.1049482896924018,0.1022165119647979,-0.0606608614325523,0.095944344997406,-0.1009467020630836,0.1055204570293426,0.098953977227211,-0.0477217398583889,-0.1050381362438201,-0.1055498421192169,0.1051552891731262,-0.0661986768245697,0.0261615440249443,0.094837911427021,-0.1026022210717201,-0.099291943013668,0.0992388352751731,0.0824707075953483,0.0973628461360931,-0.0992079526185989,0.0993019044399261,-0.0880862697958946,0.0991129130125045,0.0989773869514465,-0.0966019630432128,0.0969602167606353,0.0257404968142509,0.0956812873482704,0.0956693664193153,-0.0012521244352683,0.0080427099019289,0.093927152454853,-0.0683167725801467,-0.0817998573184013,0.0915763080120086,-0.0979218482971191,0.0913620442152023,0.0976189076900482,0.0992085635662078,-0.0991701856255531,-0.0654444321990013,0.0127058811485767,-0.0989880263805389,0.0992867276072502,-0.0991755574941635,-0.0812931805849075,0.0949783399701118,0.0981304720044136,-0.0980026796460151,-0.0849379375576973,0.099020630121231,0.0981779545545578,-0.0986386016011238,-0.0992103591561317,0.0992943942546844,-0.0992783233523368,0.0903577208518982,0.0985323339700698,-0.0929034128785133,-0.0332937985658645,-0.0964013710618019,-0.0083590503782033,0.0987093225121498,0.0992208048701286,0.045545607805252,-0.099210076034069,0.0982696563005447,0.0984174907207489,0.0646359547972679,-0.0985389277338981,0.0944658145308494,0.0992520824074745,0.0902988165616989,-0.0447823405265808,0.0991542860865593,-0.0985951200127601,0.0956145599484443,-0.0324604660272598,-0.0105060776695609,0.0880392342805862,0.0992037802934646,-0.0890204384922981,0.0988935604691505,-0.0466286838054657,0.0991149917244911,-0.081064224243164,0.0982504412531852,-0.0988327339291572,0.069580890238285,0.0762661397457122,-0.0988919287919998,-0.0777067989110946,0.0542713068425655,-0.0949726402759552,0.0992821380496025,0.0704636126756668,-0.097827635705471,0.0983951166272163,-0.0542648024857044,-0.0903861075639724,-0.0980109795928001,0.0813121125102043,0.0992238000035286,0.0977369770407676,0.0914108902215957,0.0992842242121696,-0.055060651153326,0.099237821996212,0.0992802828550338,-0.0156321339309215,0.0750918015837669,0.0990839153528213,0.0159734208136796,-0.0992569401860237,-0.0969169959425926,-0.0975483432412147,0.0815014988183975,0.0992390811443328,0.0992516502737999,0.0991983786225318,-0.0980994179844856,-0.048309076577425,0.0969091430306434,0.0952474474906921,-0.0435468852519989,-0.084034539759159,0.0914532467722892,-0.0508915707468986,-0.09921495616436,-0.0990015342831611,-0.0992351323366165,-0.0976193398237228,0.0933899208903312,-0.0955474749207496,-0.0955179259181022,-0.099286213517189,0.099177248775959,-0.0991289168596267,0.0936504080891609,0.0989192500710487,-0.0993004068732261,0.0992862656712532,-0.0984664633870124,0.0624249689280986,-0.0958351790904998,0.0067472551017999,0.0171193815767765,0.1036034151911735,0.1052424684166908,0.1053383573889732,-0.0920562893152237,0.1007910966873169,0.1010692194104194,0.098806008696556,0.104246899485588,0.0758653879165649,0.083598293364048,0.0777784585952758,-0.1052288115024566,0.0338083542883396,-0.0781163200736045,0.071229837834835,0.103316880762577,-0.1048406958580017,0.0996453464031219,-0.0909454002976417,-0.0603658743202686,-0.0286225359886884,0.1054153069853782,-0.0746894478797912,-0.1051648706197738,0.1046520546078682,0.1049718335270881,-0.0981765538454055,0.0750648006796836,-0.041942648589611,-0.0938607156276702,0.0386395864188671,-0.0769707038998603,-0.0783156752586364,-0.0998770296573638,0.0473909974098205,-0.1038002222776413,-0.1048335880041122,0.0947930663824081,0.1053812950849533,-0.0542755164206028,0.0867341160774231,-0.1053862050175666,-0.0997787341475486,-0.104538008570671,0.0663549229502677,0.0634521916508674,-0.0674600228667259,0.0960455611348152,0.1052675917744636,0.0883367136120796,-0.0815606191754341,0.0342097617685794,-0.104516789317131,0.0101324534043669,0.0992498844861984,-0.0431236140429973,0.1005087867379188,-0.1008233353495597,-0.0954269990324974,-0.0882630199193954,-0.1053428575396537,-0.1047511771321296,-0.1049628928303718,0.0874223858118057,-0.1024985760450363,-0.0925246253609657,0.1035628914833068,-0.090381734073162,0.1022932156920433,-0.1052933186292648,-0.1053935438394546,0.1038491353392601,0.103797473013401,-0.0635537654161453,0.1049628108739852,0.0690091550350189,-0.0921066626906395,0.0903583914041519,0.0939114466309547,-0.0212637204676866,0.1006608381867408,0.096539169549942,-0.1052658334374427,0.0472742952406406,0.0989500358700752,-0.1045101806521415,0.1053773909807205,-0.0973206087946891,0.0466373041272163,-0.1051518768072128,0.1054079234600067,0.1050584465265274,0.04711489751935,0.1054054349660873,-0.0213840026408433,-0.1053866222500801,-0.0116447489708662,0.1051311567425727,0.1035082563757896,-0.0277456399053335,0.1037474498152732,0.0782216787338256,-0.1037671640515327,-0.0511978790163993,-0.0725221335887909,0.1001528725028038,0.1052225083112716,0.1006207540631294,-0.0413315258920192,-0.0433533303439617,0.1039204150438308,-0.1053630784153938,0.0825825259089469,-0.0961591452360153,-0.0954450592398643,0.1034621745347976,-0.1050619259476661,-0.1052868068218231,0.1035533398389816,-0.0864663943648338,0.1008244976401329,-0.0904681608080864,-0.0022009164094924,-0.0276419147849082,-0.0740339085459709,-0.0269117336720228,0.0769860073924064,0.0869007185101509,0.028464576229453,0.1298274844884872,0.0812819153070449,0.1528103500604629,-0.0391754619777202,-0.1493301838636398,0.0953649133443832,-0.0400618202984333,-0.0530017390847206,-0.075445607304573,0.0837666466832161,-0.0268211867660284,-0.0129980724304914,-0.1130710914731025,-0.1460864841938018,-0.0348624773323535,0.1052066087722778,0.1319329738616943,0.0221444424241781,-0.119555227458477,0.1150704473257064,0.0752709060907363,0.0202108602970838,0.1311869621276855,-0.0980926603078842,-0.0966463983058929,-0.0544933192431926,0.0786438584327697,0.0855037719011306,-0.0189650282263755,-0.0223008822649717,0.0799328312277793,0.0432352609932422,-0.0235010776668787,-0.0905779898166656,0.0944484770298004,0.1108815893530845,0.0322558358311653,-0.1041837781667709,-0.0733054652810096,-0.0619335174560546,-0.0076579675078392,0.1546445041894912,-0.0716648027300834,-0.0931776911020279,0.1117565259337425,0.0305143445730209,0.0134702250361442,-0.1233343183994293,0.037401508539915,0.0223321132361888,-0.0847845524549484,0.0685826390981674,0.0674719139933586,-0.1042059063911438,0.071134902536869,0.1242653802037239,0.0171066354960203,-0.0558951869606971,0.0545636154711246,0.0737179890275001,0.0127034187316894,0.0255608819425106,0.0975996330380439,-0.0680870488286018,0.12482750415802,-0.131969004869461,0.1053916215896606,0.0602097660303115,-0.0155878653749823,0.0507654659450054,0.0213625878095626,-0.0647847130894661,-0.0323278419673442,-0.1421196162700653,0.1116641610860824,0.1292559057474136,0.0344707518815994,0.0052695097401738,0.028215542435646,-0.1400500535964965,0.0912609845399856,0.1347415447235107,-0.0858622416853904,-0.1468354314565658,0.1314715445041656,0.1112090945243835,-0.0750109553337097,-0.0621795393526554,0.1218240037560463,0.0292160511016845,0.1152671575546264,0.0672599226236343,0.0600642561912536,0.0700944289565086,-0.1408326923847198,0.0134083917364478,0.0795740783214569,0.0186312850564718,-0.0711955577135086,-0.0606229752302169,-0.0071691134944558,-0.1505361050367355,-0.1251342147588729,0.0688497275114059,-0.1518322080373764,0.1392644941806793,-0.1180837824940681,0.1259735226631164,-0.009722851216793,0.0309425108134746,-0.1369071751832962,-0.0585604012012481,-0.0209733098745346,-0.1435487419366836,0.0078398352488875,-0.0699693262577056,0.0885080620646476,0.0822319313883781,-0.1141471937298774,0.138017863035202,-0.010825446806848,0.0401291623711586,0.1249764561653137,WHWKKNXMDBHSKP-SXZTXGLSSA-N,CNn1cc(O)c(=O)cc1C(=O)NC[C@@H]1[C@H](NC(=O)/C(=N\OC(C)(C)C(=O)O)c2csc(N)n2)C(=O)N1S(=O)(=O)O
-0.0271615665405988,-0.1064820066094398,-0.1070180982351303,0.0849187970161438,0.0985517427325248,0.0986294373869896,-0.0681423842906951,-0.0822817757725715,-0.0321845300495624,0.0696526318788528,0.0941408276557922,-0.0068536438047885,-0.0799243077635765,-0.0880567878484726,-0.0878444239497184,-0.0467028766870498,0.1063609421253204,-0.1068773195147514,-0.0976957976818084,-0.0569925382733345,0.103830486536026,-0.0930412635207176,0.0802535265684127,0.0480164550244808,0.0775910317897796,0.1063434854149818,0.1063074246048927,-0.0070705059915781,0.0901131406426429,-0.0872414261102676,0.1069551929831504,0.0797899812459945,0.095381923019886,-0.1008827537298202,0.0039519369602203,-0.0008268884266726,0.0688533708453178,0.092015191912651,-0.1068989112973213,0.1049616709351539,-0.0834408029913902,-0.107019267976284,0.1069762334227562,0.0724149644374847,-0.049787238240242,0.0940227881073951,0.0938398465514183,0.1067200303077697,-0.1069916486740112,0.1028754115104675,-0.1070090606808662,-0.0895704552531242,0.1070190370082855,0.1022258549928665,0.0971918776631355,0.0962689444422721,-0.1066136881709098,0.0991469025611877,-0.1069194450974464,0.1038652956485748,-0.0891982689499855,0.0563247315585613,0.1068704798817634,0.1066633537411689,-0.0268900543451309,0.1031342297792434,0.1043116375803947,0.0187539048492908,-0.1056405529379844,0.0876548513770103,0.0710413753986358,-0.1062197610735893,-0.1022911518812179,0.1026477888226509,0.0779094994068145,-0.0927857235074043,-0.0761490613222122,0.0563275814056396,0.1007399782538414,0.1008999943733215,0.0946067497134208,-0.1042047515511512,-0.0410246960818767,-0.0862164795398712,0.0959895923733711,-0.1068021804094314,-0.0672328099608421,-0.105908378958702,0.1065307110548019,-0.1007872596383094,-0.1057403683662414,0.1007811054587364,0.1022996231913566,0.1070086285471916,0.1070041880011558,-0.0090081440284848,-0.1069408282637596,0.1070148944854736,-0.1066198870539665,-0.0956036522984504,-0.0055908071808516,0.1006501838564872,0.1044088676571846,-0.1014612168073654,0.1069598942995071,-0.0424169339239597,-0.0776890143752098,0.1063224971294403,0.0112942578271031,0.0681175291538238,0.1006617546081543,-0.0987081676721572,-0.0901645720005035,0.1069115176796913,0.0493956841528415,-0.1061227023601532,-0.0938068106770515,0.1025305837392807,0.0164511650800704,0.0578060150146484,0.1023205444216728,0.1066471859812736,-0.0187245644629001,-0.0984280705451965,-0.0313451141119003,-0.0049010752700269,-0.0958277061581611,0.0077206245623528,-0.0967237949371337,-0.1000939011573791,-0.0550758689641952,-0.0921200141310691,0.0616635680198669,0.0996194705367088,-0.1020999103784561,0.1046981588006019,-0.1021982803940773,-0.0113288424909114,-0.1025043800473213,-0.0989921689033508,0.0635697767138481,0.101405881345272,0.1016425937414169,0.1046269759535789,0.0440980195999145,-0.1044064909219741,-0.0730244070291519,0.1032498255372047,0.0641582533717155,0.0918173640966415,-0.1003402024507522,0.1049446985125541,0.1043955385684967,0.102810800075531,0.0997358337044715,-0.1041081845760345,0.1033938750624656,0.0426100678741931,-0.1016094237565994,0.1047301366925239,0.1046015545725822,0.0865064486861229,0.0782516449689865,-0.0671640858054161,0.0999862849712371,-0.1017140448093414,-0.0698418393731117,0.1021319106221199,0.1049256697297096,-0.1041755378246307,0.1020334064960479,-0.1047194674611091,0.0492734685540199,0.0429151281714439,0.0885721817612648,0.0573653578758239,0.1040388867259025,0.1046609655022621,0.078284665942192,-0.019701138138771,0.0836086347699165,0.1044919267296791,0.0483571179211139,-0.1044728085398674,0.1045494303107261,-0.0515937805175781,0.0969822704792022,0.1049743890762329,0.1041592061519622,0.1031916737556457,-0.0507005117833614,0.0572757571935653,0.1043592095375061,0.0177255999296903,0.1041377112269401,0.1036275848746299,-0.1049734428524971,-0.0618941448628902,0.0776785165071487,-0.1042039692401886,-0.0965970084071159,0.1048377454280853,-0.104932315647602,0.1049835607409477,-0.0809937193989753,-0.0983035117387771,0.0934280976653099,-0.1012073829770088,0.0172654818743467,-0.0629443824291229,0.0970609560608863,0.0715887993574142,-0.1049534007906913,0.1048433259129524,0.1039736196398735,-0.0421699211001396,-0.0266807861626148,-0.1044733002781868,0.0211826302111148,-0.0946960821747779,0.0588469803333282,-0.0913014560937881,0.1031650453805923,0.0965467542409896,0.1030332893133163,0.1018357276916503,-0.1049780026078224,0.1046810895204544,-0.0668203979730606,-0.1021171286702156,0.0921288356184959,0.1024256199598312,0.1036112010478973,0.0108883492648601,0.1036295965313911,-0.0321219488978385,0.0316700153052806,-0.089297667145729,0.1036653891205787,-0.1028783842921257,0.0138883432373404,-0.1049185022711753,0.0555355623364448,-0.0779505223035812,0.0509611703455448,-0.0976883023977279,0.1048491671681404,-0.0964266508817672,-0.0982254073023796,-0.094556339085102,0.1032386943697929,0.0442514829337596,-0.0195759758353233,0.1046058610081672,0.1046902537345886,0.0217420198023319,0.0967907756567001,0.1027523875236511,-0.0982167199254036,0.0965065956115722,-0.1028274223208427,0.1027748882770538,0.0104597331956028,-0.1027873307466507,-0.1019615530967712,0.081290602684021,0.1012990251183509,-0.0936029031872749,0.0523792393505573,0.1027359217405319,-0.093875728547573,0.0867741852998733,-0.1028081402182579,0.1026354432106018,-0.1027671843767166,0.0656226426362991,-0.101478710770607,-0.1025442257523536,-0.1028197184205055,0.0535386614501476,0.0887186899781227,-0.0881622657179832,-0.1004506051540374,-0.0027572137769311,-0.0730088353157043,0.0994308963418006,-0.1027745902538299,0.0812554657459259,-0.0978891476988792,-0.0122837191447615,-0.1011120155453682,0.0493817031383514,-0.0058878031559288,0.1025082990527153,0.1027600094676017,-0.0076357526704669,0.0415400117635726,-0.0163994003087282,0.1026832088828086,-0.0258071199059486,-0.1028283461928367,0.0996856614947319,-0.079695850610733,-0.009911760687828,-0.0989467948675155,0.0647296085953712,0.1019573733210563,-0.095626562833786,0.0373301580548286,0.1027866378426551,0.0365144200623035,-0.0976401790976524,0.0967709273099899,0.1025843769311904,-0.0954792946577072,0.0975843071937561,0.1028249189257621,0.1016033664345741,-0.1005085259675979,0.0944162830710411,0.0982960984110832,0.0909833833575248,0.0998901203274726,-0.1015551313757896,-0.0922604575753212,0.0980842188000679,-0.0683913379907608,0.1028289422392845,0.0991995558142662,-0.099766656756401,0.1027282997965812,0.0855033546686172,0.1026080325245857,0.0892712026834487,0.1011911630630493,-0.0991755723953247,0.101744145154953,-0.1017253696918487,-0.0504282787442207,-0.0679959133267402,0.0943802073597908,0.0979353263974189,0.102564126253128,0.0618182457983493,0.0903307273983955,0.1003428772091865,-0.102797083556652,-0.1027687117457389,0.0105494828894734,0.0835496485233306,-0.1025309488177299,0.1018854528665542,-0.070689670741558,-0.1016431152820587,-0.101759061217308,0.0497687943279743,-0.0172423850744962,-0.102653644979,0.0936640202999115,0.0989046767354011,-0.102725364267826,-0.069669522345066,0.0069697559811174,0.102828562259674,-0.1001834794878959,-0.0465857088565826,-0.0956820994615554,-0.1028037294745445,-0.0400624088943004,0.0906434953212738,-0.0955157801508903,0.1013059616088867,0.0650620982050895,0.1020032539963722,-0.02423632517457,-0.0811284780502319,0.1024956852197647,0.1018778830766677,-0.1006442978978157,0.1023356392979621,0.1025465354323387,-0.0451475381851196,0.0992516204714775,0.1023345291614532,0.0939874574542045,-0.053277138620615,-0.0732472538948059,-0.0909947231411933,0.0882397964596748,0.0946621745824813,-0.0940936282277107,-0.08876234292984,-0.0940924733877182,-0.0941146239638328,-0.0928924158215522,0.0924737751483917,0.0880132615566253,0.0946971401572227,0.0942919850349426,-0.0947034209966659,-0.0571407116949558,0.0945861116051673,-0.0938626676797866,0.0945727601647377,0.0759454518556594,0.0937255248427391,-0.0943465381860733,-0.0948411673307418,-0.0946918353438377,0.0921903178095817,-0.0904803574085235,0.0948691144585609,0.0948726385831832,-0.0903501585125923,0.0839787870645523,-0.0931302458047866,0.0819587185978889,0.0943394303321838,-0.0589173287153244,0.091939553618431,0.0892329365015029,-0.091413177549839,-0.0945336669683456,0.0942412987351417,0.0941471010446548,0.0397227928042411,0.0885801762342453,0.0777016952633857,0.0814552009105682,0.0947740375995636,0.0930614024400711,0.0946804955601692,0.0890384539961814,-0.0894390195608139,-0.0761447921395301,0.0928095653653144,-0.0946924909949302,0.0948650985956192,-0.0691181942820549,0.0940397679805755,-0.0945603922009468,0.0947534814476966,-0.0945271328091621,-0.0713837146759033,-0.077485479414463,0.0937932878732681,-0.0891698226332664,0.090807132422924,0.0948494970798492,-0.08045544475317,-0.09375611692667,0.0765938907861709,0.0897095277905464,0.0779177770018577,-0.094241939485073,0.0940539166331291,0.0826212540268898,0.091821864247322,-0.0947002246975898,0.0945953130722045,0.0948241204023361,0.0530424043536186,-0.0921951681375503,0.091963954269886,0.0948692858219146,-0.0590721443295478,-0.0714293420314788,-0.0934591293334961,-0.0932114943861961,0.0929796323180198,0.0872715562582016,-0.0947372019290924,0.0038999712560325,0.090247169137001,0.0854375958442688,0.0932264849543571,-0.0940363034605979,-0.0882841646671295,0.0855043306946754,0.0948111116886138,0.0929742380976677,0.087786816060543,0.0862506777048111,0.0945750623941421,-0.0876510664820671,0.0877927988767623,-0.0281416401267051,-0.0917461216449737,0.094246007502079,0.0861613377928733,-0.0947820097208023,0.0946090966463089,0.0944444313645362,0.0923577547073364,-0.0938423871994018,0.0943569839000701,0.085894264280796,-0.0895021483302116,-0.0945433154702186,0.0917848721146583,0.0943063646554946,0.0905719026923179,-0.0948746874928474,-0.0948758572340011,0.0908389464020729,-0.0894390642642974,-0.0834927037358284,0.0585316009819507,0.0928468182682991,0.0941327586770057,0.0937561467289924,-0.0943836346268653,0.0140322372317314,-0.0450118072330951,0.1477737128734588,-0.0700564011931419,0.1502363681793213,0.140213131904602,0.1157193332910537,-0.0181929972022771,0.058767732232809,0.119604006409645,0.0628643557429313,0.1254184991121292,0.1470782309770584,0.0961642488837242,0.0921106711030006,-0.0984937250614166,0.0679020136594772,0.0214020144194364,-0.1425937563180923,0.0723079293966293,-0.067798413336277,-0.0703712925314903,-0.048658862709999,0.0122417341917753,-0.0202115066349506,0.0682975724339485,-0.1343760043382644,0.1212815344333648,-0.0722609013319015,0.1297671347856521,0.0355723351240158,0.0514606647193431,0.1333838701248169,-0.1313018798828125,0.0709440112113952,0.0859976634383201,0.0753948986530304,-0.0994008928537368,0.0580104999244213,-0.100876472890377,-0.0358803905546665,0.08396777510643,-0.1073731705546379,-0.0728683099150657,0.1233434453606605,0.0950353294610977,-0.082748606801033,-0.0032166042365133,-0.0853127464652061,-0.0455215536057949,-0.1127803176641464,0.080526202917099,0.1338319331407547,-0.0992180332541465,0.099051184952259,0.0033916602842509,-0.1083584725856781,-0.0414545722305774,0.0600988008081913,-0.1391215026378631,0.0055698105134069,0.1160745546221733,-0.1476073265075683,-0.0123102683573961,-0.0780671909451484,0.0201617460697889,-0.1019838899374008,-0.0014677472645416,-0.1280009746551513,0.0776934698224067,0.0045133247040212,-0.1157710775732994,-0.1170053035020828,-0.1188646703958511,-0.0145063837990164,0.0605731755495071,0.1060303524136543,-0.011919155716896,0.1044087782502174,0.1134794279932975,0.0564207658171653,0.0287901535630226,0.0162114072591066,0.1375825256109237,0.1072486042976379,-0.0058747907169163,0.0120572503656148,-0.0427491031587123,-0.1017089337110519,-0.0279709286987781,0.0657918155193328,0.0224216878414154,-0.1219572350382804,-0.1104339286684989,0.1538222730159759,0.0067932563833892,0.0456357710063457,-0.0300217550247907,0.0740688666701316,-0.0285196602344512,0.0617778897285461,0.0350511670112609,0.0198480803519487,0.101478673517704,0.0915726944804191,0.0425978377461433,0.1163420230150222,0.1179039552807807,-0.07227074354887,-0.0074894190765917,-0.1008653193712234,-0.010240513831377,0.154798537492752,-0.1307485848665237,0.006285305134952,0.0239318627864122,0.1168537363409996,-0.1164876446127891,-0.0214624684303998,0.1410747766494751,-0.118153803050518,-0.1216236054897308,0.0048399018123745,-0.1335308104753494,-0.0701977163553237,0.0843617469072341,-0.0125481327995657,0.043312694877386,0.0677965730428695,0.0759340301156044,-0.0874669551849365,0.1142981573939323,0.0747478306293487,0.1260556280612945,0.112649917602539,-0.0188484378159046,0.1201150640845298,-0.0097270598635077,0.1155813783407211,0.1011963933706283,0.0110262036323547,0.0721505433320999,0.1137268468737602,0.001975946361199,0.0891039818525314,0.02927234955132,0.0665126219391822,-0.1261382848024368,0.0992771610617637,-0.068461999297142,0.076294220983982,-0.0896921530365943,0.0229996405541896,-0.0916140899062156,0.0601619966328144,-0.06377674639225,-0.130259171128273,-0.1148672103881836,0.106997549533844,0.0218803193420171,0.1258771121501922,-0.029966490343213,-0.0616137087345123,0.0563098154962062,0.1288933008909225,0.033017661422491,0.1251935213804245,-0.1230196580290794,0.1253756731748581,-0.0347835831344127,0.0756667181849479,-0.1218978613615036,-0.0854296535253524,-0.1016670614480972,0.1294959187507629,0.097096636891365,-0.0842004790902137,-0.119657889008522,-0.0620376840233802,0.0885432437062263,-0.1025062277913093,0.0946242585778236,0.110857605934143,-0.1136424988508224,-0.0796200782060623,-0.1292611509561538,-0.1284409910440445,0.0735458359122276,0.0473098792135715,0.0167210754007101,-0.1303194910287857,0.0359028503298759,0.1151259690523147,-0.0740740671753883,-0.032104093581438,-0.116500936448574,0.0249374732375144,-0.0720844492316246,-0.1191472262144088,-0.066069521009922,0.1107938736677169,-0.1003456637263298,-0.1283598989248275,0.0010475948220118,-0.1093539893627166,0.0638652667403221,0.1177026405930519,-0.0379166156053543,-0.0626899749040603,-0.1301333606243133,0.0755776464939117,0.0459599755704402,0.009564846754074,0.1181956529617309,-0.0712488442659378,0.0069879693910479,0.0747056826949119,-0.0073089050129055,0.130168080329895,0.0110664684325456,-0.1041413843631744,0.0406464375555515,-0.1304186731576919,0.0868582427501678,-0.1114541366696357,0.0734795704483985,0.0778727382421493,0.0204549711197614,-0.0006042757886461,0.1231199651956558,-0.0738823488354682,-0.0392410904169082,0.0239229016005992,0.1297544836997985,-0.0074707027524709,-0.1169555932283401,0.1081344932317733,-0.0552299246191978,-0.0078860335052013,-0.1134603321552276,0.0337171889841556,0.1102297902107238,0.042922880500555,0.0838523581624031,-0.1219151690602302,-0.0628881901502609,0.0779636427760124,-0.1323320865631103,-0.0849480703473091,0.1279298365116119,0.1292291134595871,-0.0064876629039645,-0.0347542837262153,-0.0688780024647712,0.0395940616726875,-0.1072674170136451,WQJZXSSAMGZVTM-UHFFFAOYSA-N,COc1c(F)c(F)cc2c(=O)c(C(=O)O)cn(C3CC3)c12
-0.1153697371482849,0.1145994067192077,-0.1057580858469009,-0.1140943840146064,0.1152675971388816,-0.0847478732466697,-0.0011914720525965,-0.0361686609685421,0.0953837931156158,0.0195294003933668,0.1146653816103935,-0.0501118414103984,-0.0076978136785328,-0.1050428971648216,0.0683968961238861,-0.1021018251776695,-0.0130109246820211,-0.0743293687701225,0.0321854017674922,-0.1154607608914375,0.0329724363982677,0.1114176511764526,-0.1024254858493805,-0.002147071994841,-0.0446780920028686,0.1153014674782753,0.1098645254969596,-0.0784562975168228,-0.0679972097277641,0.0923076570034027,0.0506779290735721,-0.0020383272785693,-0.114951878786087,-0.0860593989491462,-0.0216127131134271,-0.1114332973957061,-0.075781762599945,0.0191075485199689,-0.0977037623524665,0.0948771238327026,-0.1008078530430793,-0.0843638703227043,0.1135889887809753,-0.074623979628086,-0.1146305203437805,0.1091722324490547,0.1148542985320091,-0.0442632883787155,0.1016243547201156,0.08547955006361,-0.0649260357022285,0.073187805712223,0.0894485563039779,-0.1154226884245872,0.0511989593505859,0.0950582101941108,-0.0536370351910591,-0.1048713698983192,0.115217886865139,-0.0905199125409126,0.1154428347945213,-0.1072556674480438,-0.0448195710778236,-0.0096747241914272,0.1142574250698089,-0.0609225519001483,-0.0973797738552093,-0.0742551609873771,-0.1147879809141159,-0.0808845907449722,-0.1080617606639862,0.0222428273409605,-0.1114355996251106,0.0892721116542816,0.1083451211452484,0.1148624867200851,0.0557747110724449,-0.1089674234390258,-0.0099788252264261,-0.0562640950083732,-0.0913581401109695,-0.061343140900135,-0.0975228101015091,-0.1084689572453498,-0.0754517838358879,-0.0758130550384521,0.1096133813261985,0.1132347732782363,-0.1063151434063911,0.1152314096689224,-0.0849213600158691,-0.1073680967092514,-0.1153624355792999,0.1140218153595924,-0.1040889173746109,0.0975974798202514,0.0754617676138877,0.1069403663277626,-0.1134995967149734,-0.0154308825731277,0.0545105449855327,0.0567786581814289,-0.0381970591843128,0.1081253513693809,0.0648493692278862,-0.1044908985495567,-0.1096730977296829,0.0888206958770752,0.0306250099092721,0.0458534620702266,-0.1147812008857727,-0.0062991315498948,0.0644982308149337,-0.1123782470822334,-0.0791965350508689,-0.1124689504504203,-0.0239814724773168,-0.1033967435359954,0.1143874153494834,-0.1100793778896331,0.0307568721473217,0.1151399686932563,0.035402875393629,-0.1152401715517044,-0.078820876777172,-0.0940172597765922,0.1133107468485832,0.0989480465650558,-0.0634229779243469,0.1154902949929237,-0.043174285441637,-0.1098797768354415,-0.1125175058841705,0.0324208475649356,-0.106933481991291,0.1158541664481163,-0.0675938129425048,-0.0064279208891093,0.0163886826485395,0.0861406549811363,0.1154096275568008,0.0363888889551162,-0.0810336321592331,0.0658076629042625,-0.1169741824269294,0.1170155778527259,0.1178818494081497,0.0178842432796955,-0.0776391178369522,-0.0226035937666893,0.0423795580863952,-0.107144609093666,-0.1070818752050399,0.0523356609046459,-0.1181520596146583,0.0611624978482723,0.0200282782316207,-0.1180333048105239,0.1175942346453666,0.0137163791805505,-0.1129070818424224,0.0983939543366432,-0.0950299277901649,0.1057663410902023,0.1123653203248977,0.1180710718035698,-0.1067777574062347,-0.1018348559737205,-0.114247627556324,-0.1144438534975051,-0.1043023914098739,0.0205299519002437,0.0964366644620895,0.1180354729294776,-0.1162760779261589,0.0887254029512405,0.0602986514568328,0.0790694504976272,-0.110118567943573,0.0759489610791206,0.0961179807782173,0.1072003096342086,0.0861130356788635,-0.0346943214535713,0.0531690344214439,0.1045095548033714,0.1031325533986091,0.0918100997805595,-0.0982642844319343,0.0974202826619148,0.0849641188979148,-0.1143317893147468,-0.1172428727149963,-0.0664134994149208,-0.0803928598761558,0.0738990157842636,0.1071388870477676,0.0192742422223091,-0.0605783350765705,0.1094937995076179,0.0605808794498443,0.0889972373843193,-0.0527366325259208,0.0480617992579937,0.0906941443681716,0.1093233525753021,-0.0524113364517688,0.1018275022506713,-0.1168583557009697,-0.080283299088478,-0.0492655523121356,0.0442300178110599,0.1010936573147773,-0.069020465016365,0.0917493775486946,-0.0872359722852706,0.0107836807146668,0.0129038309678435,0.1018405705690383,0.1057348847389221,-0.0732193887233734,0.001992578851059,0.0839659124612808,0.0658489987254142,0.0983754023909568,-0.095618687570095,-0.0854003429412841,-0.072708249092102,-0.1177314445376396,0.1088330596685409,-0.0563992373645305,-0.1176267340779304,0.1179441884160041,0.094767078757286,0.0723233669996261,-0.1146705448627471,0.1102852225303649,0.1159582883119583,0.117331862449646,0.0850825160741806,0.1024424210190773,-0.0029914414044469,0.0747364461421966,0.1113895922899246,0.0599522367119789,-0.0997859537601471,-0.0492879524827003,0.1045974567532539,-0.0517568066716194,-0.1025094464421272,-0.0340112894773483,0.0800308287143707,0.0486593395471572,-0.1101281270384788,0.0819604098796844,0.0845711305737495,-0.1200422719120979,0.1062462255358696,-0.1111352667212486,0.1379773467779159,0.1227399930357933,0.1291766911745071,-0.1412200480699539,0.0046637305058538,-0.0614869408309459,0.1118729710578918,-0.0782027840614318,-0.0916129350662231,0.0352893024682998,0.1438926011323928,-0.1417692303657531,0.1194928437471389,-0.0476219989359378,-0.0155907478183507,-0.0933664664626121,-0.1223301142454147,0.1010622754693031,0.0675102546811103,0.1078162640333175,-0.0079624718055129,0.088378868997097,0.0372442491352558,0.0302826315164566,0.0025223772972822,-0.1153469309210777,0.0080877151340246,-0.0631430819630622,0.0563094615936279,0.1217842027544975,0.0732638239860534,-0.0898244976997375,0.1240993216633796,0.1390978246927261,0.1269447058439254,0.0555701218545436,0.0915284156799316,-0.0171370338648557,-0.0642501264810562,0.0324210487306118,0.1232211142778396,-0.0371516346931457,0.0093808155506849,0.1419757157564163,-0.1085260808467865,-0.0331432111561298,0.0650316625833511,-0.0989110022783279,-0.0130899241194128,0.0894383862614631,-0.0254832077771425,-0.1305663436651229,0.120918869972229,-0.068753533065319,-0.1066993921995163,0.0952548012137413,-0.1343763470649719,0.0618693269789218,0.0843081548810005,0.095486856997013,-0.0074150003492832,0.1163752824068069,0.0501710623502731,-0.0347892306745052,0.0202631447464227,0.0478867888450622,0.066753476858139,0.0428255461156368,0.1346448063850402,-0.1149943023920059,-0.1294719725847244,-0.0543611906468868,0.1335926949977874,-0.0762461721897125,-0.0805884450674057,-0.1220409199595451,0.0491063892841339,-0.0421778447926044,-0.1021059826016426,-0.1314617544412613,-0.0541358068585395,-0.1397666335105896,-0.1162190958857536,-0.0276358071714639,0.0078740864992141,0.0916896536946296,-0.035885140299797,0.0671286433935165,0.1163133829832077,-0.0440198145806789,0.0151287000626325,-0.0736991837620735,0.1304450035095214,-0.0526824966073036,-0.1257496029138565,-0.0539949387311935,0.1402678042650222,-0.0004907162510789,-0.04429217800498,-0.1429770290851593,0.0751230344176292,0.0399547442793846,0.0201907474547624,-0.0907047465443611,-0.09534303098917,0.1241743192076683,0.1245122551918029,-0.0032897775527089,0.0810903683304786,-0.0793582573533058,-0.0101107107475399,-0.096384011209011,0.0698804035782814,-0.0995121300220489,-0.0782136544585228,-0.0477550700306892,0.0501982271671295,0.0697420984506607,-0.0999721437692642,-0.0037743675056844,0.1036143153905868,0.0529087372124195,0.0421437621116638,-0.0607042349874973,-0.1114055588841438,-0.0412015058100223,0.0183451976627111,-0.0126697300001978,-0.0810508430004119,-0.0501793622970581,0.0754118636250495,-0.0398355424404144,0.122793048620224,0.0044010165147483,-0.047523383051157,0.0431416183710098,0.0498744323849678,0.0800446048378944,0.0422405637800693,-0.095317468047142,-0.1492546945810318,0.130148559808731,0.0303932763636112,-0.1177473068237304,-0.13176891207695,-0.0127127021551132,0.17208993434906,-0.0990464240312576,-0.0124224880710244,-0.1397807449102401,-0.0357376001775264,0.0338983163237571,0.1510121673345565,-0.0687903240323066,-0.1152349486947059,0.0246260613203048,0.0807040631771087,0.0936866775155067,0.0785462483763694,0.1002669483423233,-0.1034568920731544,0.0086032459512352,0.021975003182888,-0.1499354392290115,0.071686290204525,-0.0788040831685066,0.1375271826982498,-0.0695560723543167,0.0121845621615648,-0.0741343349218368,-0.1013808101415634,0.0670369416475296,0.0266905594617128,0.0725792497396469,0.0045001409016549,0.0706059336662292,0.14608795940876,-0.0752648785710334,-0.0505556128919124,-0.140974074602127,-0.0558312721550464,0.1135630011558532,0.0551672130823135,-0.1269604712724685,0.0401084534823894,-0.0046067298389971,0.0291198547929525,-0.0797070413827896,-0.0781909003853797,0.0700960308313369,-0.1050035879015922,0.0677988603711128,0.0416713096201419,-0.0213323645293712,0.0044892909936606,-0.1290365159511566,0.0903610661625862,0.0455167293548584,0.1224749609827995,-0.1207005009055137,0.0596143640577793,0.1485012918710708,-0.1282428056001663,-0.1351881474256515,0.0820418670773506,0.1122001111507415,0.0564482249319553,-0.0454908087849617,0.016085522249341,-0.1203853040933609,-0.1306393891572952,0.0460660532116889,0.0452728010714054,-0.1164466142654419,-0.0367848500609397,0.0021454265806823,-0.0240313056856393,-0.1297254562377929,-0.1077660024166107,0.1166700720787048,0.065973624587059,0.0721437111496925,-0.0171798467636108,0.053699430078268,0.1099809929728508,-0.0643379390239715,-0.0713215246796608,-0.0673036128282547,-0.0203552823513746,0.0085518443956971,-0.1073823869228363,-0.0622838884592056,0.1607394516468048,-0.0954769849777221,-0.047166109085083,-0.1048333644866943,0.1520904451608657,0.0250843614339828,0.1215719655156135,-0.1417303085327148,-0.0347298830747604,-0.0771738737821579,0.1498273164033889,-0.1423083543777465,-0.1100955009460449,-0.0853457003831863,0.072129376232624,-0.0264927055686712,-0.1000411286950111,0.1109734624624252,-0.0735342875123024,0.1182164624333381,-0.0291345603764057,-0.0730495080351829,0.0556918531656265,0.1901931017637252,-0.0920826196670532,0.1473316103219986,0.1266693472862243,0.1253815591335296,-0.0661688446998596,0.0774909332394599,-0.0087409894913434,-0.0333186164498329,0.0328682102262973,0.1528517752885818,0.0400308109819889,-0.0334999188780784,-0.1554945409297943,0.0403189808130264,0.1325647681951522,-0.112915389239788,0.0164385195821523,-0.1084239333868026,-0.0890277326107025,-0.0597988702356815,-0.0345449820160865,-0.1708620935678482,0.1386503726243972,-0.0851637199521064,0.0308756977319717,-0.0545978397130966,0.1203970611095428,0.0149837648496031,0.0930928811430931,0.0923755541443824,-0.068995863199234,0.016476696357131,-0.0646735206246376,0.0747097879648208,-0.1017838343977928,-0.05632796138525,-0.0005159938591532,0.029944384470582,0.075134739279747,-0.0863585099577903,-0.0595409832894802,-0.0423790030181407,0.0485561676323413,-0.0719655752182006,0.0424025952816009,0.0397265218198299,-0.1066281199455261,-0.0116883013397455,0.0213904771953821,0.1300795376300811,-0.1104018986225128,0.0907482802867889,0.0508231073617935,-0.1212959885597229,-0.0306457262486219,0.0979975685477256,-0.139747753739357,-0.0542240887880325,0.103097952902317,-0.140068843960762,-0.0359112918376922,-0.0864015892148017,-0.1104238331317901,-0.038754653185606,0.0242481362074613,-0.0424240641295909,0.0504820495843887,-0.0439624488353729,-0.1497393250465393,-0.1294806897640228,-0.1132282167673111,0.0688197389245033,-0.024607865139842,0.1254286170005798,0.0166436713188886,0.0707888677716255,0.0988720506429672,-0.0135100539773702,-0.0934238582849502,-0.1144624650478363,0.1063975170254707,-0.0179246626794338,-0.1078256890177726,0.125206857919693,0.0024941938463598,-0.1033943966031074,0.0826276615262031,0.0823028236627578,-0.1186032891273498,-0.1253598928451538,0.0127159403637051,0.1404261738061905,0.0182249471545219,0.1274416744709015,-0.1190074682235717,0.0312883257865905,-0.0580538585782051,0.022106708958745,0.0561263039708137,-0.0733748748898506,0.0622561648488044,0.0035226873587816,0.118347592651844,0.0544989518821239,0.0685226172208786,-0.0511889681220054,0.0893827080726623,-0.0738675370812416,0.0175923202186822,0.170844554901123,-0.0934390053153038,0.0952791348099708,0.0548998527228832,0.1981552094221115,-0.1050336062908172,0.0888086184859275,0.0737589746713638,-0.1411836445331573,-0.0765663757920265,-0.0112032145261764,-0.0711239129304885,-0.0358365848660469,0.0068798516876995,-0.0974946543574333,0.0002153285313397,-0.0716252401471138,0.0559246577322483,0.000167033605976,0.0042856740765273,0.0112426159903407,0.0038070308510214,0.1666217595338821,0.0610509552061557,-0.0512285344302654,-0.1389961987733841,0.0093755610287189,-0.0474650487303733,-0.1365034729242324,-0.0992146804928779,0.1179294139146804,0.0716591328382492,0.0056004356592893,0.0316498130559921,-0.0892251059412956,-0.179703876376152,0.0773642882704734,0.145800232887268,0.0311409477144479,-0.0864207670092582,0.1334779113531112,-0.0032644460443407,0.1130850538611412,0.0077656991779804,-0.0303996447473764,-0.1542880088090896,0.0170400328934192,-0.077019914984703,0.1677680909633636,-0.0624435320496559,-0.0896383374929428,0.1037589907646179,0.146551564335823,-0.1110793650150299,-0.0140102077275514,-0.0668510049581527,0.1327404677867889,0.1526230871677398,-0.1413239985704422,-0.1438031196594238,-0.0537776760756969,-0.0433900393545627,0.0942054241895675,0.0113284708932042,0.0053245793096721,0.0890965610742569,-0.1458819806575775,0.0477355830371379,-0.0611469112336635,0.0146392937749624,0.0506448484957218,-0.0648771822452545,0.0387070849537849,-0.0685230121016502,0.05919049680233,0.1173656359314918,0.1156365796923637,0.1242770850658416,-0.0865507498383522,-0.0001237784745171,0.1273705661296844,-0.0466324128210544,-0.0650669038295745,-0.0003808486217167,0.1104404777288436,0.1453002989292144,-0.0952455177903175,0.090193934738636,-0.0239279400557279,-0.1203615590929985,0.0252652149647474,0.116681694984436,0.0382460802793502,0.0567585825920105,-0.1288350820541381,0.0160117018967866,0.0654063373804092,-0.0997091904282569,0.0821669101715087,0.0038311711978167,-0.1049776747822761,0.1198406964540481,0.0977828726172447,0.0184260942041873,-0.0262937229126691,0.0051816711202263,-0.0305900759994983,0.0308014005422592,-0.0567583553493022,0.0280120391398668,-0.0684499219059944,0.0431434921920299,-0.0353627502918243,0.1455159187316894,-0.0404970459640026,-0.0289336908608675,0.0291477423161268,0.0914587080478668,0.1083506345748901,0.1006018370389938,0.0121458573266863,0.0930574759840965,-0.1495816558599472,-0.0923299565911293,0.116335354745388,-0.0496251583099365,0.1078911945223808,-0.097980685532093,0.0843767002224922,-0.0104323886334896,-0.1128061935305595,0.0220196116715669,-0.1125975549221038,-0.1495743691921234,-0.0180354677140712,-0.0723953321576118,0.0973378717899322,0.0561292804777622,0.1022284179925918,-0.1080290675163269,0.0684099271893501,0.0990415513515472,0.1281328350305557,0.0996713116765022,SGWSYFPHWGACRR-KEPVUCPNSA-N,CN(C)[C@@H]1C(O)=C(C(N)=O)C(=O)[C@@]2(O)C(O)=C3C(=O)c4c(O)cc([C@@H]5CCCN5)c(F)c4C[C@H]3C[C@@H]12
0.0033868891187012,-0.1242556869983673,-0.1255364418029785,0.053611509501934,0.0106826890259981,-0.0003377231478225,0.0166948977857828,0.0601073317229747,-0.0002138736017514,0.0381846539676189,0.0738049000501632,0.1023455932736396,-0.0244497023522853,-0.1063241437077522,-0.043034940958023,-0.0949793010950088,0.1172340363264083,-0.1245130375027656,-0.0654283240437507,-0.0560060776770114,0.1128123998641967,-0.1026542484760284,0.0080514485016465,0.0059204408898949,-0.0884036645293235,0.1098973602056503,0.0774569809436798,0.0709936618804931,0.0711837336421012,-0.1204089075326919,0.1234282329678535,-0.0467708110809326,-0.0986329391598701,-0.0064385896548628,0.0849106535315513,-0.0804337114095687,-0.0468486621975898,0.1161115691065788,-0.1230531111359596,0.1129443645477294,-0.0114378714933991,-0.1247676685452461,0.1247117295861244,0.1218562349677085,0.0081879934296011,0.0940667688846588,-0.0382294319570064,0.0914679691195488,-0.1251676827669143,-0.0325435027480125,-0.1245067790150642,-0.0146576687693595,0.1254601180553436,0.1208943203091621,0.1220595985651016,0.0486384481191635,-0.1026299968361854,0.1187467202544212,-0.1231289505958557,0.0517220310866832,0.02211869135499,-0.0203353073447942,0.1228759065270423,0.1246677488088607,-0.0745855793356895,0.116539366543293,0.073859803378582,0.0033564672339707,-0.1037448197603225,0.0499888435006141,0.081428050994873,-0.1245233938097953,-0.0563561357557773,0.1111368462443351,-0.0085442019626498,-0.0556024797260761,-0.0226539690047502,-0.1000993847846984,0.1083209738135337,0.1227324232459068,-0.1182213276624679,-0.0894580259919166,-0.1131235063076019,-0.0781838521361351,-0.0304633472114801,-0.124568834900856,0.0903566032648086,-0.1220594719052314,0.1170170232653617,-0.1229874044656753,-0.0024830328766256,0.071829654276371,0.1234340891242027,0.1163394898176193,0.1256195902824401,0.0698792487382888,-0.1119473576545715,0.1242721155285835,-0.0979166775941848,-0.113816849887371,0.110109306871891,-0.0099584003910422,0.0913974344730377,-0.0522421523928642,0.1198897436261177,-0.0451678968966007,-0.1062605530023574,0.0464638769626617,-0.0841502845287323,-0.0729973837733268,0.0974365323781967,-0.065172903239727,0.0109219029545784,0.1243675723671913,0.0919801220297813,-0.1132327616214752,-0.0943379998207092,0.0988257005810737,-0.0659349411725997,0.0172829739749431,0.1089676320552825,0.0653068050742149,-0.0328380465507507,-0.0729076638817787,0.028142362833023,-0.1076536923646926,0.0224762298166751,-0.0507486723363399,-0.1047309339046478,-0.0999868288636207,-0.0329339429736137,-0.1002065315842628,-0.0797649323940277,0.0672003552317619,-0.0951420068740844,0.094633437693119,-0.1024500057101249,-0.078120931982994,-0.1048000082373619,-0.0980708301067352,-0.0988832488656044,0.1048581227660179,0.0645827427506446,0.1047580018639564,0.1031806468963623,-0.0503993481397628,0.1005348563194274,0.0865360274910926,0.0791447386145591,0.0977866202592849,-0.099388413131237,0.1049249395728111,0.1003999486565589,0.0453826747834682,0.0379902385175228,-0.1032323539257049,0.1048012524843216,0.0335151851177215,-0.0518855229020118,0.1034484058618545,0.1046265661716461,0.0997911021113395,-0.0670032203197479,-0.1045072972774505,0.1044956296682357,0.0912645980715751,-0.0744674429297447,0.0982528105378151,0.0961474925279617,-0.0991843789815902,0.1023686528205871,-0.1009317114949226,-0.1002061441540718,0.1016566306352615,-0.0381169915199279,0.1033872961997985,0.1049265787005424,0.0983209460973739,-0.0890234261751174,0.1033951863646507,0.006923132110387,0.1046776622533798,0.0973079651594162,-0.0372532270848751,0.1025315821170806,0.104816734790802,0.1041465625166893,0.1049399599432945,0.0831047520041465,0.0825908109545707,0.003710878547281,0.0939408913254737,0.0632124319672584,-0.0452414527535438,0.1031853258609771,0.1008181646466255,-0.1048843041062355,-0.0900830700993537,-0.0735421031713485,-0.101674847304821,-0.0901244506239891,0.1049449518322944,-0.1005541011691093,0.1049497500061988,-0.0129821226000785,-0.0492223463952541,0.1030124947428703,0.0031900517642498,-0.091941699385643,-0.0816953033208847,0.0478776320815086,0.0923997461795806,-0.1048538982868194,0.1049095317721366,0.0707699954509735,-0.0838943421840667,-0.1029503047466278,-0.1044630110263824,0.0861923098564148,-0.0952619314193725,-0.0752290859818458,-0.1048199906945228,0.0653688609600067,-0.0678997933864593,0.0920918434858322,0.103390984237194,-0.1041867733001709,0.0970614254474639,-0.1033077761530876,-0.1037297323346138,-0.1036011651158332,0.0452515259385108,0.1042409092187881,0.0919233188033104,0.1045775711536407,-0.1007885634899139,0.094086043536663,-0.0183287095278501,0.1043563559651374,-0.096351109445095,0.1008452922105789,-0.1038799211382865,-0.0521719306707382,0.034095000475645,0.0079381074756383,-0.1013591960072517,0.1034880056977272,-0.085794523358345,-0.0519510768353939,-0.0914443507790565,0.0478578805923461,-0.0425275601446628,-0.0285044964402914,0.1049054041504859,0.1047421470284462,0.072018839418888,0.1034639105200767,0.1027767434716224,-0.0944248139858245,0.061547927558422,-0.1038893684744834,0.103793554008007,0.0320882834494113,-0.1037378683686256,-0.1019226238131523,0.0118599757552146,0.1031418666243553,-0.0976813212037086,0.0856742113828659,0.1010946482419967,-0.100085437297821,0.0862336829304695,-0.1038589999079704,0.1029998287558555,-0.10385362803936,0.0794426947832107,-0.0961519926786422,-0.1038191020488739,-0.103823184967041,0.0625417456030845,0.1030574962496757,-0.0989188030362129,-0.1024413555860519,-0.093132309615612,0.0645373910665512,0.0967421978712081,-0.1024813801050186,0.0850205644965171,-0.084816463291645,-0.0601690262556076,-0.1029552668333053,0.0920619517564773,-0.0503455139696598,0.1030977740883827,0.1037319675087928,0.0439728014171123,0.0825318172574043,0.0460025966167449,0.1027651354670524,0.0377202257513999,-0.1038887947797775,0.0994773730635643,-0.0370803959667682,0.0883408188819885,-0.0626692250370979,0.0912626311182975,0.0873198136687278,-0.0808587521314621,-0.0822495445609092,0.103784792125225,0.1011150255799293,-0.082941435277462,0.1007577031850814,0.1029955968260765,-0.1024548038840293,0.092057466506958,0.1038521602749824,0.0994459688663482,-0.1026835218071937,0.0296189188957214,0.1009048596024513,0.0960397124290466,0.1031443774700164,-0.1034184694290161,-0.093976080417633,0.0968014672398567,-0.089938148856163,0.1038902997970581,0.1030330136418342,-0.0242248363792896,0.1017051413655281,0.0954162329435348,0.0904166474938392,0.07180917263031,0.1027909815311431,-0.0987275838851928,0.0984310805797576,-0.0742021650075912,-0.0984629318118095,-0.0653689727187156,0.0704903155565261,-7.432098936988041e-05,0.0993344634771347,0.0516559854149818,0.0930755883455276,0.1024535447359085,-0.1038494110107421,-0.1035509631037712,0.0780180320143699,0.0159581433981657,-0.0964257195591926,0.1028831824660301,-0.0582833141088485,-0.1030766665935516,-0.0919342115521431,-0.0498172044754028,0.0687096193432807,-0.1030738800764083,0.0982665717601776,0.0849106982350349,-0.0952706485986709,-0.0133489854633808,0.0209675282239913,0.1038897559046745,-0.0932269319891929,0.0317312739789485,-0.0997981280088424,-0.10226970911026,0.073375217616558,0.078043557703495,-0.0693618133664131,0.0870916321873664,0.0553933978080749,0.0994129106402397,0.0729403793811798,-0.0996939614415168,0.1037601605057716,0.0995677262544632,-0.0970705822110176,0.1007008552551269,0.0943201556801796,0.0718045681715011,0.1028137132525444,0.0557088665664196,0.0915228053927421,-0.0529255308210849,-0.0884474739432334,-0.0909449532628059,0.0911813154816627,0.091356836259365,-0.0914803445339202,-0.086832508444786,-0.0916028395295143,-0.0912615805864334,-0.0913713872432708,0.0913676843047142,0.08976611495018,0.0916355401277542,0.0915772095322609,-0.0916638821363449,0.0264289043843746,0.0916620790958404,-0.0916392728686332,0.0916477143764495,0.0896477624773979,0.0915743559598922,-0.091613121330738,-0.0916648209095001,-0.0916645973920822,0.0913298353552818,-0.0876762568950653,0.0916694775223732,0.0916695818305015,-0.0892734676599502,0.0864074155688285,-0.0915138497948646,0.0907778516411781,0.0916228145360946,-0.0874589830636978,0.0910641774535179,0.090107075870037,-0.0775160267949104,-0.0916585102677345,0.0909101516008377,0.091649942100048,0.0895895063877105,0.0872825756669044,0.0874048843979835,0.0882562473416328,0.0916648581624031,0.0909439921379089,0.0916248857975006,0.0903314799070358,-0.0884596183896064,-0.0824849009513855,0.0913015902042388,-0.0916492491960525,0.0916679799556732,-0.0815493017435073,0.0914498344063758,-0.0916031375527381,0.0916605219244957,-0.0916534215211868,-0.0912848189473152,-0.0725457817316055,0.0914529636502265,-0.0915879011154174,0.0891469419002533,0.0916681736707687,-0.0864535197615623,-0.0907770097255706,0.0657374188303947,0.0901590213179588,0.0702521353960037,-0.0916447043418884,0.0915992483496666,0.0881834328174591,0.0915741771459579,-0.0916517302393913,0.0916444286704063,0.0916691273450851,0.0812368541955947,-0.0912790521979332,0.0900668203830719,0.0916694030165672,-0.0846265256404876,-0.0871108919382095,-0.090925320982933,-0.0911197885870933,0.0914852917194366,0.0880158171057701,-0.0916670113801956,-0.032389797270298,0.0860918909311294,0.0899971276521682,0.0910351425409317,-0.0916312560439109,-0.0911883786320686,0.0904821380972862,0.0916642025113105,0.09139034897089,0.0802850127220153,0.0882786139845848,0.091654397547245,-0.0904780924320221,0.0878845378756523,-0.0806535929441452,-0.0912775844335556,0.0915524885058403,0.0889942348003387,-0.0916624665260315,0.0916635543107986,0.0911707133054733,0.0897672846913337,-0.0913539081811904,0.0916529297828674,0.0626944378018379,-0.0843652337789535,-0.0916533917188644,0.0915298908948898,0.0913465097546577,0.0912684649229049,-0.0916696488857269,-0.0916696637868881,0.0897031649947166,-0.0905782952904701,-0.0904459580779075,0.0523354560136795,0.0912116914987564,0.0915509685873985,0.0915900617837905,-0.0915214195847511,-0.0728636384010315,0.0500884354114532,0.1043962836265564,-0.0722952932119369,0.1539457142353058,0.150430366396904,0.1645509600639343,-0.1014274582266807,-0.0134918000549077,0.1362008899450302,0.0913203209638595,0.1611935347318649,0.0491817407310009,0.0456784293055534,0.057167325168848,-0.1540666222572326,0.0218430235981941,0.0385867431759834,-0.1283816695213318,0.1371364742517471,-0.0404283702373504,0.001128833158873,-0.0186939146369695,0.0310236345976591,0.0735188722610473,0.0615311600267887,0.0018845656886696,-0.0326377525925636,0.0754817426204681,0.060948509722948,0.0778084024786949,0.0305237174034118,0.0624305866658687,-0.0661908239126205,0.0511204786598682,-0.0674704685807228,0.105867676436901,-0.1542749553918838,0.0983260571956634,-0.1036026030778884,-0.0019927115645259,0.0163317415863275,-0.025146372616291,-0.0977445244789123,0.074445754289627,0.1435957849025726,-0.1284626722335815,-0.1484590768814087,-0.0207673367112875,0.0791583731770515,-0.1372573971748352,-0.0488431341946125,0.1028267368674278,-0.0362970232963562,-0.0482247918844223,-0.0325305648148059,-0.1205745041370391,0.0001318445429205,0.089198924601078,-0.1048202514648437,0.083206720650196,0.082318976521492,-0.1708816289901733,-0.0668382123112678,-0.1261842995882034,-0.0839575380086898,0.0143071552738547,0.0703593716025352,-0.0323860943317413,-0.0846985206007957,-0.0272261202335357,-0.064627319574356,-0.1567883342504501,-0.1219659000635147,0.1126359105110168,0.0610213875770568,0.0801226198673248,0.0628217160701751,0.0392043739557266,0.1322188526391983,0.1490011513233184,0.0025124899111688,-0.0228050108999013,0.1779244989156723,0.1317936331033706,-0.0870590955018997,0.0070270481519401,0.0994599312543869,-0.1230403408408165,-0.0727349445223808,0.0070539852604269,0.0012987117515876,-0.1690574288368225,-0.1023741737008094,0.1556609272956848,0.0017675246344879,0.0021506426855921,0.0715934410691261,0.0572514683008194,-0.0215537380427122,0.0217809341847896,0.0972481817007064,0.0123656494542956,0.0882970169186592,0.0676120072603225,0.0382029339671134,-0.0746767297387123,0.0790475904941558,-0.1021215170621872,0.0524231567978858,0.0774958655238151,-0.0553229749202728,0.1715667247772216,-0.062418196350336,0.0653475895524025,-0.0212123375385999,0.1108203455805778,-0.0075658122077584,-0.0013150235172361,0.0895376652479171,-0.0997102931141853,-0.1595807522535324,0.0227293837815523,-0.0665401592850685,-0.069350317120552,0.0120591921731829,0.0133101074025034,-0.0236299019306898,-0.0673818290233612,-0.0093581359833478,-0.0825324282050132,0.0227783136069774,0.0814093574881553,0.0733716934919357,0.1431498676538467,0.090347334742546,-0.0132438177242875,-0.1124347820878028,0.051863707602024,-0.0188332833349704,-0.0932148247957229,-0.0994598269462585,0.1598465144634246,0.0489066168665885,0.0192524399608373,-0.1005303934216499,-0.0579086430370807,-0.2233994156122207,0.1432780176401138,0.0643313452601432,-0.0060787727124989,-0.0679526776075363,0.1205745562911033,0.0491488389670848,0.0357284173369407,-0.0231985058635473,-0.0511269904673099,-0.1274136453866958,0.0223814956843853,0.0166923627257347,0.1913293898105621,-0.0452715493738651,-0.1508463472127914,0.0724429115653038,0.1234157681465148,-0.0498871728777885,0.029193976894021,-0.0539176762104034,0.1291434168815612,0.1451920121908188,-0.1283787786960601,-0.1954927295446396,0.0121995043009519,0.0099274078384041,0.1435874551534652,-0.034925028681755,-0.0254029091447591,0.0345667973160743,-0.1472574770450592,0.0842497572302818,-0.0905591621994972,-0.0395035184919834,0.0150046991184353,-0.0067749763838946,0.020217390730977,-0.1132432073354721,0.0044281566515564,0.098384216427803,0.0515527389943599,0.0676321387290954,-0.0791230052709579,-0.0302757490426301,0.1264530569314956,-0.0286754295229911,-0.0768656134605407,-0.0452055782079696,0.1449398398399353,0.1298270523548126,-0.1325097531080246,-0.0269598122686147,-0.0393275544047355,-0.1078577265143394,-0.0046891635283827,0.0451098531484603,-0.1245385035872459,0.0593833066523075,-0.1283024698495865,-0.0117431944236159,0.080318383872509,-0.1245339959859848,0.0974360182881355,-0.0078647900372743,-0.0177124366164207,0.1383364200592041,0.0164570845663547,-0.0005003736587241,-0.0587098188698291,-0.0771151855587959,-0.0225101057440042,-0.0065544629469513,-0.0979115739464759,0.0913247168064117,-0.1204185262322425,0.0306792799383401,0.0050826226361095,0.0951695591211319,-0.0285210832953453,-0.0573784373700618,0.0286247432231903,0.096729390323162,0.0543741360306739,0.036023836582899,-0.0008887641597539,0.0307419765740633,-0.1386550813913345,-0.1375435590744018,0.1157500967383384,-0.0940768793225288,0.1364067643880844,-0.119009256362915,0.1197250708937645,-0.0295643284916877,-0.0290323495864868,-0.014573723077774,-0.0879401788115501,-0.1874794960021972,-0.068032182753086,-0.1080866605043411,0.00632015010342,0.0924115926027298,0.1352595537900924,-0.0571036636829376,0.0074023683555424,0.0547892190515995,0.1248562708497047,0.0236476697027683,GJZOETDOICSBGM-UHFFFAOYSA-N,O=C(O)c1cn(C2CC2)c2cc(-n3cc(CNC4CCCC4)nn3)c(F)cc2c1=O
0.1011947840452194,-0.1031965538859367,0.0746718570590019,0.1031525656580925,-0.1023259535431861,0.0355972535908222,0.1031665802001953,-0.0947523936629295,-0.0375391654670238,-0.0949814543128013,-0.099917747080326,0.1021865829825401,0.0622629337012767,0.0989825725555419,-0.0901440009474754,-0.1030384674668312,-0.0467986464500427,-0.0591955259442329,-0.1032554283738136,0.1029852032661438,0.1028862819075584,0.0886828303337097,-0.0999758243560791,0.1032787188887596,-0.027718786150217,0.0988743230700492,0.0905219838023185,-0.0997176021337509,-0.022609956562519,-0.1025561019778251,0.1031811237335205,0.0909545794129371,-0.1003251746296882,-0.0940772891044616,-0.1010498777031898,-0.1007891967892646,0.0928537026047706,0.0662185475230217,0.009131945669651,-0.0534801371395587,0.1032839491963386,-0.1026845946907997,-0.1002167388796806,0.1032412946224212,-0.0955752730369567,0.1027498021721839,-0.1019855514168739,0.1029913127422332,-0.1030764579772949,-0.0967059135437011,0.0152175109833478,0.1027613878250122,0.1010661050677299,0.1030740365386009,-0.0579446442425251,-0.0444184727966785,-0.0678913965821266,0.1032120585441589,0.1027387902140617,-0.1032835692167282,-0.0281690452247858,0.1025104597210884,0.103263072669506,0.1023981645703315,-0.1032802909612655,0.1032839193940162,0.1030636057257652,-0.0834646373987197,-0.0970570594072341,0.0740375593304634,-0.1023599132895469,-0.0798998773097992,-0.1031956523656845,0.0417229905724525,0.0401027575135231,0.0412977263331413,0.0877143144607544,-0.1011187434196472,0.1032796576619148,0.1030538231134414,-0.0912818312644958,-0.1021804735064506,-0.0864186286926269,-0.0995125845074653,-0.1032039895653724,-0.1032004058361053,0.0990329906344413,-0.0877695009112358,-0.0657656788825988,-0.1032811254262924,0.094911590218544,0.1032613292336463,0.1032785028219223,0.1032329574227333,0.1032840237021446,0.0959237292408943,-0.0481660291552543,-0.0277021806687116,0.0065186750143766,0.0654130354523658,0.0234101507812738,-0.1026856675744056,0.0374173857271671,0.1024255529046058,-0.0335821285843849,0.1032831370830535,-0.1032812967896461,0.1032397001981735,0.0767656415700912,0.0877618715167045,0.0074418722651898,-0.0978547856211662,0.066719502210617,0.1007350608706474,-0.0133004141971468,-0.0191887840628623,-0.0668521076440811,-0.0994735956192016,-0.102823719382286,0.1032537370920181,0.0964589118957519,0.1031458973884582,-0.0899202451109886,-0.0001593856140971,-0.1032079979777336,0.1019055843353271,-0.0917464345693588,0.0919921174645423,-0.1057304069399833,-0.1037799417972564,-0.1048972010612487,0.0579050593078136,-0.0548410192131996,-0.0423894077539444,0.0353527478873729,0.0427032299339771,0.1050652861595153,0.0950740054249763,-0.0986410528421402,0.0069111390039324,-0.0288384910672903,0.0983416587114334,0.0322024635970592,-0.1028261110186576,0.1006439924240112,-0.1055922955274581,-0.1057143062353134,0.1056498140096664,0.033226016908884,-0.1057188436388969,-0.1036117747426033,0.1057365536689758,0.1056565791368484,-0.0931009352207183,0.0937085896730423,-0.1008293107151985,-0.0865161791443824,0.1057274341583252,-0.1056895032525062,0.1057353541254997,-0.0502481907606124,0.1056734025478363,-0.1057349890470504,-0.0819071978330612,0.0988499522209167,-0.1053948402404785,-0.1047456562519073,-0.0630050525069236,0.1052074208855629,0.0368231870234012,0.1045704111456871,-0.1037863194942474,0.09927449375391,0.1037835627794265,0.1025201454758644,-0.0600429102778434,0.0437106415629386,-0.0275769401341676,0.0927286893129348,0.0080042369663715,0.0890728905797004,0.1056998446583747,-0.1053956151008606,-0.0323319919407367,0.0035689366050064,-0.105102501809597,0.014907706528902,0.0922776758670806,-0.0765970945358276,0.0240837335586547,0.1004085540771484,0.1021849662065506,0.101347841322422,0.0299518406391143,0.0856461599469184,0.0523352585732936,-0.1056709289550781,-0.1053850501775741,-0.0990034639835357,-0.1057349741458892,-0.1018272265791893,0.0996508598327636,-0.0959710478782653,0.0847833305597305,-0.0929978713393211,0.0895637348294258,-0.1056154891848564,0.0890759825706482,0.0027778921648859,0.0989766046404838,-0.1057016104459762,0.0697159320116043,0.0764805525541305,-0.1030005291104316,0.0908114090561866,0.0828186646103859,0.0721844360232353,0.0970820412039756,-0.0546939522027969,-0.0749069526791572,-0.0254738256335258,0.1040214374661445,-0.0465332306921482,0.0322947017848491,0.1041241884231567,0.1043064594268798,-0.0531559512019157,-0.100656621158123,0.100440040230751,0.079317383468151,0.1053459718823432,0.0733859166502952,0.1007642894983291,0.1035564690828323,0.092008888721466,-0.1014551818370819,-0.1052189096808433,-0.0820815935730934,-0.1033265218138694,-0.1047503128647804,0.088936798274517,-0.1034077182412147,0.0974484607577323,-0.1047338321805,0.1046558544039726,0.0706157609820365,-0.1047857925295829,-0.0718246027827262,-0.1053681150078773,-0.0561844371259212,0.0880091115832328,-0.0910087376832962,0.0857925713062286,0.1054010018706321,0.1045825630426406,-0.1042136400938034,-0.0805587247014045,0.0989222675561904,-0.06814456731081,0.0995465889573097,-0.0889801234006881,-0.095793068408966,0.0995465591549873,-0.0995468199253082,-0.0519792549312114,0.0258244778960943,-0.0611251406371593,-0.099344402551651,0.0995100364089012,-0.0964800044894218,0.0830952003598213,0.0845998898148536,-0.0985175371170044,0.097155250608921,-0.0995371863245964,-0.0080771325156092,-0.0994860902428627,-0.0986649245023727,-0.0995407253503799,-0.0990719869732856,-0.0072414334863424,-0.0980153381824493,-0.0995395258069038,0.0824964120984077,0.0992589816451072,-0.0341234169900417,-0.0939648896455764,-0.0187339261174201,-0.0995394885540008,0.0070466981269419,-0.098448097705841,-0.0995459333062172,-0.0332414619624614,0.0629414394497871,-0.0994803011417388,0.0995469018816948,-0.0739777237176895,0.0993982180953025,0.0918413549661636,-0.098575510084629,0.0983449667692184,0.0986827164888382,-0.0995462909340858,-0.0980192124843597,0.0995015799999237,0.0923372879624366,-0.0993654578924179,-0.0946675986051559,0.0994366258382797,0.087525337934494,-0.099496990442276,-0.0995457395911216,0.0995445176959037,0.0992882251739502,-0.0871268138289451,-0.0795170366764068,0.099519595503807,0.0995359420776367,0.0994229316711425,-0.0830680057406425,-0.0577078647911548,0.0923539027571678,0.0979228988289833,-0.0648535415530204,-0.099403515458107,0.0177590828388929,0.0990915596485138,0.075023353099823,0.0756630003452301,0.0826398730278015,-0.0993649289011955,0.0992912799119949,0.013742322102189,-0.0849294364452362,0.0995354577898979,-0.0624185614287853,-0.0992316305637359,-0.0920026898384094,-0.0022051560226827,0.0995101183652877,0.0995467454195022,0.0993641093373298,0.099546879529953,0.0995319709181785,0.0964163914322853,-0.0628603920340538,0.0836519077420234,-0.0990292355418205,0.0879573673009872,0.0973875075578689,-0.0995399802923202,-0.0995468646287918,-0.0992453768849372,-0.0861074924468994,-0.0995468571782112,0.0994535982608795,0.0995469093322753,0.0088206110522151,0.0995469093322753,0.091720663011074,0.0995417758822441,-0.0993125736713409,0.091185338795185,0.0994586199522018,-0.0995248928666114,0.097122773528099,-0.0992323607206344,-0.0994585081934928,-0.0474162586033344,-0.0991004258394241,-0.0995098873972892,0.0646060407161712,0.0610686838626861,0.0995468944311142,-0.0993274599313736,0.0108234882354736,0.0515990182757377,-0.0929228663444519,0.0992486029863357,0.0993044301867485,0.0990345329046249,0.0994918420910835,-0.0992530062794685,0.0523886755108833,0.0595601424574852,0.0126534840092062,0.0658150166273117,-0.06270382553339,0.0163120683282613,-0.0560967065393924,-0.0384456291794776,-0.0033679420594125,0.0001347508805338,-0.1206602454185485,-0.0286177899688482,-0.1081928312778472,0.0143208960071206,-0.0041640233248472,0.0113421427085995,0.0050992392934858,-0.1369594484567642,-0.0676157921552658,0.0142350187525153,-0.0583597607910633,0.0817019790410995,0.0778229907155036,-0.1549837440252304,-0.0807057991623878,0.1392030417919159,-0.0125021142885088,-0.1480590403079986,0.1405155807733535,-0.0830462798476219,-0.120814174413681,0.0612735487520694,-0.0942478775978088,-0.145140916109085,0.1795586794614792,0.0834890529513359,-0.0531094521284103,-0.0200045183300972,-0.0354855619370937,0.128753051161766,0.1608839780092239,0.1344679296016693,-0.137852668762207,-0.0326824076473712,-0.0785644054412841,0.0574484542012214,0.0364579111337661,-0.0105551583692431,0.0485860556364059,-0.0015237618936225,0.0442932061851024,0.0093827042728662,-0.0328705459833145,-0.0067983018234372,0.115559421479702,-0.014843656681478,-0.0281935986131429,-0.145646646618843,0.0379259698092937,0.0680397450923919,0.1852088421583175,-0.1067076697945594,0.0350835956633091,0.0059876232407987,-0.0121464263647794,0.1321679353713989,-0.0574944764375686,0.0001297147973673,0.0446127988398075,-0.107210174202919,0.0213958583772182,-0.0433568507432937,0.0307344738394022,-0.0166526287794113,-0.0821118131279945,-0.100705049932003,0.1330678164958953,0.0363609157502651,-0.0857357829809188,-0.037290833890438,-0.1141425669193267,0.1682546734809875,0.1439176052808761,0.048678696155548,-0.1605398058891296,0.0165708288550376,-0.0477629154920578,0.1087767779827117,0.15236596763134,-0.0346071980893611,-0.0110563458874821,-0.0881644710898399,0.0665382370352745,-0.0205376669764518,-0.1117836534976959,0.0763736218214035,0.098307192325592,0.0673096776008606,0.124845765531063,-0.0095840757712721,0.0512701347470283,-0.0977488085627555,0.0023427829146385,-0.0031186933629214,-0.1254664063453674,-0.1185076683759689,-0.0819464325904846,0.0363541170954704,-0.1573545485734939,0.1749673038721084,-0.042523093521595,-0.1237264052033424,0.0118036400526762,0.0444072969257831,0.1554179489612579,-0.0674385428428649,-0.0080771828070282,0.1389720737934112,0.0958794802427291,-0.1349002569913864,-0.1316452920436859,-0.0019534726161509,0.021000936627388,0.0871068015694618,0.0349133536219596,0.0536106638610363,0.1050727590918541,-0.0514758825302124,-0.1546008437871933,-0.0301822125911712,0.1399168372154235,0.1070766001939773,-0.1177870109677314,0.0379518903791904,0.0555799081921577,0.1683198362588882,0.0560908280313015,-0.1054266840219497,0.0976176038384437,-0.0211479067802429,0.1412312984466552,-0.0477189943194389,0.0350943505764007,-0.1291548162698745,-0.030430844053626,-0.082586795091629,0.0281166154891252,-0.0076745194382965,0.1470192372798919,-0.0843160524964332,-0.044679194688797,-0.00576125504449,-0.0113732619211077,-0.0862494930624961,0.1236458346247673,0.0302437972277402,0.1089413538575172,-0.0200890358537435,0.0579294078052043,0.0745346769690513,0.0282520148903131,0.0664816126227378,0.0127258012071251,0.104018747806549,-0.0758953094482421,0.0750445201992988,-0.0141944261267781,0.0205347947776317,-0.0145699903368949,0.1322431564331054,0.0381202176213264,-0.173281729221344,-0.018294284120202,0.0410350449383258,0.1365330666303634,-0.1098640710115432,-0.0877068191766738,-0.1163185238838195,0.1174493357539177,0.0142792603000998,0.050799511373043,0.0226158276200294,0.0060561168938875,0.035353660583496,0.0548924319446086,-0.1244457885622978,-0.0019598719663918,-0.0236187074333429,-0.0358514375984668,-0.1250218451023101,-0.0740814432501792,0.0142543697729706,0.0410302057862281,-0.1441143304109573,-0.0213651005178689,0.0527568012475967,0.007676403503865,0.0301407594233751,-0.1130657568573951,0.0056413277052342,-0.0500285737216472,-0.1852816641330719,0.0708154737949371,0.1278195083141327,-0.1271175593137741,0.0071390895172953,0.062466699630022,-0.0023508549202233,0.1276851892471313,0.1386605501174926,-0.0415209382772445,-0.0959440842270851,0.1970563232898712,0.083475261926651,-0.1055904775857925,0.0453013591468334,-0.0454108156263828,0.0063020344823598,0.0395641289651393,-0.1767453849315643,-0.0033351473975926,-0.2147281765937805,0.0848204493522644,0.035409115254879,-0.0281181838363409,0.0736930444836616,0.1104984357953071,-0.012443964369595,-0.0108748422935605,-0.1236439496278762,-0.0346342884004116,-0.1429073810577392,0.0231171213090419,0.0578516647219657,0.1006484404206276,0.0475398898124694,-0.0098763275891542,-0.0869129300117492,0.0343664437532424,-0.0234146825969219,-0.0583370439708232,0.0761754065752029,-0.0021252955775707,0.1337019503116607,0.1580947190523147,0.0507181659340858,0.0804545059800148,0.1164163947105407,0.0967068523168563,-0.1402015537023544,0.0846481621265411,-0.0657615140080452,0.0004146473074797,-0.1503780782222747,-0.1348499059677124,-0.0296996720135211,-0.1743754744529724,-0.0576515570282936,-0.0446742437779903,-0.0944534018635749,-0.0393648706376552,0.0807879194617271,-0.0793367028236389,0.1676071435213089,0.1185589507222175,-0.067608967423439,-0.0925643667578697,-0.0701232776045799,-0.0813252404332161,-0.0852397084236145,-0.1355845481157302,0.152643010020256,-0.0088068470358848,0.0602815560996532,0.044140450656414,-0.1438814401626587,-0.1408714205026626,0.04812628403306,0.024641677737236,-0.0321954078972339,-0.0690141394734382,0.0968981683254242,0.0839242935180664,-0.0120940478518605,0.1010504141449928,0.0822410285472869,-0.0590857118368148,-0.05362468957901,-0.0044448520056903,0.0399648062884807,-0.1341463029384613,-0.0054347575642168,0.1155307590961456,0.0603022649884223,0.0519324950873851,0.0973306149244308,0.1078156903386116,0.1203909516334533,-0.0093827070668339,-0.0273007247596979,-0.1548225283622741,0.0229329671710729,-0.0936286821961402,-0.0949654653668403,0.0984077304601669,0.0645670294761657,-0.1317080110311508,0.0728531554341316,-0.0682986453175544,-0.0987213402986526,-0.0859512463212013,-0.0691423490643501,-0.0632383301854133,-0.1380092799663543,0.0752189010381698,0.137540578842163,0.126332089304924,0.1360507011413574,0.0436160713434219,0.0236833058297634,-0.1177344024181366,0.1375515908002853,0.0184906385838985,-0.0564461015164852,-0.0682607740163803,-0.0135381454601883,0.1076779961585998,-0.0882175788283348,-0.0659935101866722,0.0996247231960296,-0.0113478014245629,-0.1102486103773117,0.1350279599428177,-0.0959608405828476,0.0546310506761074,-0.139374554157257,-0.0746030956506729,0.0499393083155155,-0.0103514390066266,0.0286166127771139,0.0891579389572143,-0.072761058807373,0.0668279454112052,0.0681582242250442,-0.1138904318213462,0.0612223371863365,0.0810382589697837,-0.0321713089942932,-0.1125387474894523,-0.1397256106138229,-0.0419580154120922,0.0300922039896249,0.1100292354822158,0.0469213053584098,0.1562962979078292,-0.1447834521532058,-0.0422035418450832,0.0036538355052471,-0.0411199070513248,-0.0344543121755123,-0.0376194640994071,0.0324306488037109,0.0902125909924507,-0.0075075211934745,-0.0628247335553169,-0.0056359306909143,0.0892070680856704,-0.0505336746573448,-0.1685431897640228,-0.1181250736117363,0.0328077152371406,-0.139930173754692,0.0282207820564508,-0.0992247387766838,-0.1299184709787368,0.0100152483209967,-0.1297292858362198,0.1381738632917404,0.0826114863157272,-0.1339194029569625,-0.041511882096529,0.1042615622282028,0.0045473328791558,0.0975443720817565,0.0683471113443374,CVHUEGNZLYTGIG-UHFFFAOYSA-N,OCC1CCCN1c1ncnc2ccc(F)cc12
-0.0616003759205341,-0.1160966381430625,-0.1155306026339531,-0.0203213319182395,0.0723776370286941,-0.1104703098535537,-0.0838851109147071,0.1040750965476036,-0.1191231086850166,0.1199382618069648,-0.1177418977022171,0.0080904280766844,0.0999036133289337,0.1202369257807731,-0.1170968040823936,-0.0893406569957733,0.1131597161293029,0.0731108635663986,-0.0344675853848457,-0.0512874163687229,-0.0673005208373069,-0.1011368185281753,0.1192206367850303,0.0371591858565807,-0.0605796054005622,-0.1043736636638641,-0.1008906736969947,-0.0800332501530647,0.1091525256633758,-0.0378678366541862,0.039154902100563,-0.110755443572998,-0.1174296662211418,0.0890457332134246,0.1018444597721099,-0.1137267723679542,-0.1005403399467468,0.038372665643692,0.013500927016139,-0.0564223490655422,0.0115903653204441,0.1039182916283607,-0.1087829321622848,-0.0298255607485771,0.1020849794149398,-0.1121179834008216,-0.0235256291925907,-0.12009859085083,-0.0979790613055229,0.0836495831608772,-0.0500441342592239,-0.0444254502654075,0.1164941862225532,0.1136959120631218,0.0810659006237983,0.0331438407301902,-0.0408946089446544,-0.1075938716530799,-0.0674886256456375,-0.0889427587389946,0.0964888110756874,0.1201698407530784,-0.0602294243872165,-0.1010980010032653,-0.0801276043057441,0.1202150657773017,-0.0932478383183479,-0.0547153204679489,-0.1169813051819801,0.0513138212263584,0.1128221675753593,0.1173721700906753,-0.1135022118687629,-0.0800975859165191,-0.1199033185839653,-0.087252177298069,-0.1187234669923782,0.0375406742095947,0.1024120673537254,0.1051604300737381,0.1184085384011268,-0.0587912797927856,0.0252416487783193,-0.0242236945778131,0.061624776571989,-0.0308758299797773,-0.0435110554099082,0.0881545022130012,0.0263859648257493,-0.0178996566683053,0.1101516857743263,0.1124172434210777,0.1123361811041832,0.1096347123384475,0.1128397136926651,-0.113634280860424,0.070839948952198,0.0875551104545593,-0.0594158582389354,-0.0708925575017929,-0.0377290286123752,-0.016060896217823,0.118075855076313,-0.1011293679475784,-0.1112073808908462,0.0715111568570137,-0.1200027763843536,0.1164537519216537,-0.1021918505430221,0.1078146249055862,-0.0493799299001693,0.101863145828247,-0.0615934133529663,-0.1000668331980705,0.0321564115583896,0.120155282318592,-0.0884033367037773,0.101363256573677,-0.113836869597435,0.0130043225362896,0.0399062260985374,-0.1056268066167831,-0.0092592826113104,-0.1196285858750343,0.0017159187700599,0.035111803561449,-0.0511417798697948,0.1114848405122757,0.1115635707974433,0.0360326506197452,0.1213944777846336,0.0373396500945091,0.0397293604910373,-0.110945425927639,0.1123227700591087,-0.0377709157764911,0.1033439859747886,0.1231317743659019,-0.0072610662318766,0.0389005877077579,0.0904054716229438,0.0624000504612922,0.1111800447106361,0.0399374552071094,0.0820854008197784,-0.0720106661319732,-0.0979623943567276,-0.1055085659027099,0.039704792201519,-0.0248632989823818,-0.0931237339973449,0.0804398283362388,-0.105005919933319,0.0793072134256362,-0.1291466057300567,-0.043349489569664,-0.0084712440147995,-0.003414629260078,-0.1198635399341583,0.0628967508673667,0.0783887207508087,0.125652328133583,-0.0881999209523201,0.0356445685029029,0.0671226009726524,-0.0353692732751369,0.0637851804494857,-0.0853669047355651,0.0748326256871223,0.0274526830762624,-0.1057475283741951,-0.1087722852826118,0.1304674446582794,-0.0350088328123092,-0.1240379884839057,-0.0828652903437614,0.1268549412488937,0.0512292981147766,-0.0419057309627532,0.0949369668960571,-0.1280679553747177,0.128508374094963,0.0237788967788219,-0.1275367438793182,-0.1199133992195129,-0.0404092632234096,0.0335241183638572,-0.1169707253575325,0.1240141689777374,0.1039389595389366,0.0562885701656341,0.062709093093872,0.0314731448888778,0.0884730592370033,-0.125912606716156,-0.0612459033727645,0.0577833391726017,0.0357979051768779,-0.0709553584456443,0.0480023734271526,0.0366158485412597,-0.0957990884780883,-0.1280940175056457,-0.1050869524478912,-0.1259612739086151,-0.0314944311976432,-0.1347103416919708,-0.046301245689392,0.0403065904974937,-0.0731082558631897,-0.0259353779256343,0.124427817761898,0.0471947602927684,-0.0761163756251335,0.0913691595196724,-0.0365278497338295,-0.1195591017603874,0.0249028950929641,-0.0499591715633869,0.1043661758303642,0.1128519773483276,0.1054693683981895,0.1236555352807045,0.1360716968774795,0.1118848696351051,0.1291948705911636,-0.0979705974459648,0.0202357787638902,0.0266331322491168,-0.1246639937162399,-0.0750179439783096,-0.0611201524734497,-0.036574263125658,0.1182819902896881,-0.0507648922502994,-0.1176830306649208,-0.0973730385303497,0.0856437757611274,-0.0149473780766129,0.1164110079407692,-0.0279998164623975,0.0459169410169124,-0.0771145150065422,0.1319209933280944,-0.0781237557530403,0.090028777718544,-0.1328947693109512,-0.1314228028059005,0.1175225600600242,-0.1216919496655464,-0.0517799668014049,0.1268037408590316,0.0621662102639675,-0.1060938760638237,-0.1104496493935585,0.0603179559111595,-0.1064106374979019,-0.0953043550252914,0.1058304682374,-0.0298929363489151,0.104490727186203,-0.1055811047554016,-0.1061321273446083,0.1049596220254898,0.0267257299274206,0.1014826670289039,-0.0437061600387096,-0.0286051612347364,-0.0966164693236351,-0.0984453707933425,0.1025757268071174,-0.0732559785246849,-0.1046567037701606,-0.08726067841053,-0.0400763340294361,-0.0466864928603172,-0.1062774062156677,-0.1061123311519622,-0.1061197221279144,-0.0989617928862571,-0.105268657207489,0.104900486767292,-0.0919748023152351,-0.1049659326672554,0.1063633635640144,-0.1019587889313697,0.0919109284877777,0.0898229256272316,-0.1023490205407142,-0.1028331145644187,0.105603739619255,0.0285729486495256,0.021388379856944,-0.0864538922905922,0.0758189931511879,-0.0954259485006332,-0.0664004534482956,-0.0740536898374557,-0.0798735991120338,-0.1054361313581466,0.0754096806049346,-0.0826298370957374,-0.064045213162899,0.1059264987707138,-0.0727486088871955,-0.0980028882622718,-0.1061008125543594,-0.1064057424664497,-0.1063985601067543,0.1039979606866836,-0.1063423603773117,-0.1061840504407882,-0.10640799254179,0.1055202111601829,0.1055658757686615,-0.0268278047442436,-0.0832876190543174,-0.0596376806497573,0.1049949824810028,-0.1060934364795684,-0.1056610494852066,0.0222505647689104,0.0986240729689598,0.1059181466698646,0.0161957293748855,-0.0204031821340322,0.0995077714323997,0.0992099568247795,0.0262051429599523,0.1019821316003799,0.1039381250739097,0.1051692590117454,-0.0651341304183006,0.1063984706997871,-0.0985980704426765,-0.1063329651951789,0.0309511143714189,-0.0192229468375444,0.1064094603061676,-0.0094569688662886,0.0910151004791259,0.0434948913753032,0.1053232327103614,0.0706329196691513,-0.0754766762256622,-0.1061602309346199,-0.1064101606607437,-0.0754684507846832,0.0518019385635852,0.1063990965485572,-0.0565701015293598,-0.1055452600121498,-0.0181719772517681,-0.1029176339507103,-0.104584164917469,-0.084575280547142,0.1052253171801567,0.0467213727533817,0.0934833139181137,-0.1003793105483055,-0.0274115782231092,0.1063802167773246,-0.1060763746500015,-0.1059155166149139,0.1063248366117477,0.1063545793294906,-0.1051704511046409,-0.0256638713181018,-0.0145289581269025,-0.0059632998891174,-0.0735227316617965,-0.0965390428900718,-0.1026723086833953,-0.0913239046931266,0.0501752346754074,0.0994109958410263,0.106413148343563,-0.1010898426175117,0.0270317438989877,0.0859433338046073,0.0991963297128677,0.1054539009928703,-0.1063804700970649,0.0798795372247695,0.0946988016366958,-0.0324321091175079,0.0135812731459736,-0.1355007290840149,-0.0805472210049629,0.0602968484163284,-0.1134215369820594,0.1019883751869201,0.0424330942332744,-0.1252174079418182,0.1037633195519447,-0.0011786422692239,0.0993672013282775,0.0148626016452908,-0.027822695672512,-0.1467135995626449,-0.0356672704219818,-0.1353971660137176,0.0335462801158428,-0.0244224611669778,-0.0099916374310851,0.1231667846441268,-0.0391626134514808,-0.0237628445029258,0.0772245898842811,-0.0235157944262027,-0.0472222082316875,0.040523175150156,-0.0899355560541153,-0.1582394242286682,0.1099699214100837,0.1362121701240539,-0.1141830757260322,0.1467134654521942,0.1529500037431717,-0.1227720379829406,0.0170957315713167,-0.140436515212059,0.0273055490106344,0.0756818354129791,0.1095204651355743,-0.0046835057437419,-0.0383339710533618,0.1061402484774589,-0.0992438420653343,-0.0556071251630783,-0.0371812582015991,-0.0289636179804801,0.0626543313264846,-0.0648101344704628,0.1307110786437988,0.0135153960436582,-0.0858041793107986,0.0824955254793167,-0.1047114506363868,-0.0661395862698555,0.0890028104186058,0.0335679464042186,0.0536079704761505,0.0883220881223678,-0.114320196211338,-0.0493801347911357,0.0827781558036804,0.0778419226408004,-0.0011422213865444,-0.1540747731924057,0.0198407061398029,-0.1070092618465423,-0.092504471540451,0.0859654247760772,-0.0608283653855323,0.0328835025429725,-0.1154452636837959,0.1394512206315994,-0.1580498218536377,0.0715197175741195,0.1208981424570083,-0.1376661509275436,-0.1600308567285537,0.0596601963043212,0.1261898875236511,0.1436565667390823,-0.0999787598848342,-0.1545508503913879,-0.1172165051102638,-7.438630564138293e-05,-0.0693339407444,0.1214476153254509,-0.0681044906377792,-0.0302621386945247,-0.0301038119941949,-0.0076173348352313,-0.1514648050069809,-0.094937227666378,0.022759499028325,-0.0337497927248477,-0.0009094642591662,0.1449948102235794,0.0291865654289722,0.0430394560098648,-0.0144732575863599,0.0793638378381729,-0.0467569380998611,0.0123046394437551,-0.1327382624149322,0.0751902312040329,-0.1047950014472007,0.0737048164010047,0.0932711437344551,0.0927313864231109,-0.0295126102864742,0.0643404349684715,0.0438361465930938,0.097849316895008,-0.0477837137877941,0.0308872535824775,0.0469771288335323,0.0842792987823486,-0.1034909859299659,-0.0485476814210414,-0.0840971544384956,0.0220301933586597,0.1087656989693641,-0.1376816630363464,-0.0969119220972061,-0.1162673160433769,0.034132033586502,-0.0466977097094059,0.115201711654663,-0.1192983239889144,0.0942998901009559,-0.0316610112786293,0.0268872212618589,0.0398492887616157,-0.130972683429718,-0.0452855639159679,-0.1092391684651374,-0.096006341278553,0.0214552879333496,0.0408506914973259,-0.051155611872673,0.1112562716007232,0.0553342476487159,0.1415910422801971,-0.1238187849521637,0.0251130647957324,0.0334740318357944,0.1143871173262596,-0.1125508174300193,0.1130232587456703,0.1294218152761459,-0.1110311523079872,0.0143984192982316,0.0106701264157891,-0.0602609403431415,0.1315880715847015,-0.1028743013739585,-0.0215970482677221,-0.0616748444736003,-0.0910407826304435,-0.0295871458947658,0.1179239973425865,-0.0571088269352912,-0.1047490537166595,0.0440247319638729,0.0742426440119743,0.0544817224144935,0.0177135858684778,-0.1049180701375007,-0.05579649284482,-0.0798618122935295,0.1355247944593429,0.1053295210003852,0.131795585155487,0.1099057868123054,0.1335503756999969,-0.1393004953861236,0.0494262725114822,-0.0179039072245359,0.0590325854718685,0.0841224193572998,-0.1337911337614059,-0.1327449232339859,0.074630282819271,-0.0774607360363006,-0.0089466795325279,0.0057724490761756,-0.0435177460312843,0.0130763985216617,0.0860909521579742,0.0698321014642715,0.1060680299997329,0.1130516603589057,-0.0148234665393829,9.391326602781191e-05,-0.1002567335963249,-0.1271897852420807,-0.1087399274110794,0.0262013375759124,-0.1161586418747901,-0.0654785335063934,0.1320517510175705,-0.1043524891138076,-0.0921018347144126,-0.1289316117763519,-0.0436564162373542,-0.0439792983233928,-0.121627502143383,0.0763257518410682,0.1146995350718498,-0.0852474719285965,0.1269877552986145,-0.0534447021782398,-0.0283899791538715,-0.0272666085511446,-0.0639295130968093,-0.0779175385832786,0.121790587902069,-0.1298868507146835,-0.0941958278417587,-0.0800517722964286,0.0997607335448265,-0.0524179153144359,-0.0684589594602584,0.1330180764198303,0.1021986752748489,0.0199847314506769,-0.0388995856046676,0.043863195925951,0.0386594235897064,0.0659608989953994,0.0824274942278862,-0.0296694654971361,-0.1239554807543754,-0.0101475184783339,-0.0946126952767372,-0.0903473868966102,0.0365765579044818,0.0968238562345504,-0.096888892352581,-0.1356614977121353,0.132708191871643,0.0678207203745842,0.0961143597960472,0.0511780157685279,0.1272247582674026,-0.0588912479579448,-0.1221734955906868,0.0393172912299633,0.081909105181694,0.1283737421035766,0.0592123083770275,-0.1258167773485183,0.0592617318034172,-0.1080843582749366,-0.0261467061936855,-0.0853411704301834,0.0957882553339004,0.0848288983106613,0.0355600304901599,-0.066607542335987,0.0367080122232437,-0.0330657064914703,0.0925122871994972,-0.0691330432891845,-0.1807889640331268,0.1024370640516281,-0.0078246546909213,0.0344343408942222,-0.0320607088506221,0.0731591060757637,-0.0795715004205703,-0.0445869490504264,-0.0826582312583923,-0.0642905756831169,-0.1319751888513565,-0.0112003702670335,0.1064257472753524,-0.0253669638186693,-0.1890072971582412,0.077435053884983,-0.0449587479233741,0.1382269710302353,0.0947059467434883,0.0518821999430656,-0.1167093962430954,-0.0805794224143028,0.0168799459934234,0.0525835826992988,-0.0209200326353311,-0.0900367423892021,-0.0357194356620311,0.0507525168359279,-0.0657571479678154,-0.0534698516130447,0.0457814149558544,0.0890727639198303,0.1354591697454452,-0.1344092190265655,0.0419611670076847,-0.0271091610193252,-0.0181208234280347,0.1661397367715835,0.0048521813005208,-0.0711113959550857,0.1690999567508697,-0.0877961739897728,0.0404033176600933,0.0769035890698432,0.0093057993799448,-0.0260311812162399,0.0207789447158575,0.0521188676357269,-0.1007751077413559,0.0516977906227111,0.0914947912096977,-0.0209261551499366,-0.0196844469755888,-0.0357269048690795,-0.0574159882962703,0.1137855574488639,-0.0748646855354309,0.0515161268413066,0.0582666583359241,0.1918133199214935,0.1813514083623886,-0.0125907268375158,0.129717156291008,-0.050377644598484,-0.0336868911981582,0.0165673699229955,0.1334293633699417,0.0082289082929492,0.1129985898733139,-0.0011162156006321,-0.0317822284996509,0.1388088315725326,-0.0422114245593547,0.1050276458263397,0.1030777841806411,-0.1054824739694595,0.083873763680458,0.033135499805212,-0.0796949341893196,-0.0625841915607452,0.0414061062037944,-0.1002560555934906,-0.1177476346492767,-0.100487008690834,0.1003353148698806,0.0205731242895126,0.1139118373394012,0.0019324636086821,0.0152322361245751,-0.1200232654809951,0.0412352085113525,-0.0133339706808328,0.0892390832304954,0.0927681550383567,0.161957636475563,-0.0009120869799517,-0.0883327424526214,-0.1053110435605049,-0.0083995005115866,0.1500226408243179,-0.1648420244455337,0.1025999784469604,0.0543001145124435,0.1928753107786178,0.069273293018341,0.0399002879858017,0.0208090469241142,-0.0510426014661788,-0.125109389424324,-0.1286560148000717,0.1192757710814476,0.0792636275291442,0.0134940557181835,0.0734112858772277,-0.1468966156244278,0.1594666540622711,0.0306250806897878,-0.0333595238626003,0.0894081741571426,FGNMSXYFMPZKFK-VXGBXAGGSA-N,O=C(Nc1ccc2cn[nH]c2c1)N[C@@H]1CNCC[C@H]1O
-0.0971653312444686,-0.1122759133577346,-0.1131438314914703,-0.0982514321804046,-0.0488444119691848,0.067472755908966,-0.0228731371462345,0.0265407059341669,-0.0284173861145973,0.0710442066192627,0.0987212136387825,0.1050985381007194,0.0228679571300745,-0.1110887303948402,-0.0765425115823745,-0.1079901158809661,0.097582571208477,-0.1129689589142799,0.015824694186449,-0.1011063605546951,0.1108160465955734,-0.0998592600226402,0.0281063392758369,0.0084757544100284,-0.0816094875335693,0.1109760478138923,0.0713745504617691,0.1007071360945701,0.092665746808052,-0.1122054159641265,0.1126166954636573,-0.011997427791357,-0.1015055999159812,0.0238368660211563,0.1040611043572425,-0.09010611474514,-0.0838255956768989,0.1037144362926483,-0.1130901351571083,0.0907202288508415,-0.0122018810361623,-0.1131446585059166,0.1131334081292152,0.1112827286124229,0.0446565821766853,-0.0066366856917738,0.0124137187376618,0.1013310477137565,-0.1130268722772598,-0.0273033455014228,-0.1131256595253944,-0.0147571451961994,0.1131374835968017,0.1108330935239791,0.1111805364489555,0.0734302401542663,-0.1107171922922134,0.1109122261404991,-0.1123310923576355,0.0894240587949752,0.0586180463433265,-0.0697691217064857,0.0994301736354827,0.1130292266607284,-0.1108645126223564,0.1053799018263816,-0.0628431364893913,0.0680155009031295,-0.0987296849489212,0.096929095685482,0.0502500310540199,-0.1131238415837287,-0.0166211929172277,0.1113505214452743,-0.0366358608007431,-0.0896737352013588,-0.0056685013696551,-0.1027065366506576,0.0928316116333007,0.1118955537676811,-0.112412005662918,-0.0644282847642898,-0.0864539071917533,0.0045808339491486,0.0095791099593043,-0.113011248409748,0.0591055899858474,-0.1123920008540153,0.1123803481459617,-0.1056365892291069,0.0578007474541664,-0.0243244897574186,0.112306997179985,0.0249411277472972,0.1131542772054672,0.0940524488687515,-0.1028082966804504,0.1129407808184623,-0.1039376258850097,-0.0216588471084833,0.0724346190690994,-0.0986059680581092,0.0750494226813316,-0.1030015274882316,0.1108849272131919,-0.0683957189321518,-0.1099312752485275,-0.0075092171318829,-0.0532697588205337,-0.091786041855812,0.1061526760458946,-0.0989433005452156,0.1068089753389358,0.1128429323434829,0.0615453757345676,-0.1099184826016426,-0.106695719063282,0.0741314738988876,-0.1081026196479797,-0.0742449387907981,0.1114635467529296,0.0563213191926479,0.018789542838931,-0.1071018576622009,-0.0650980919599533,-0.1025596037507057,0.0976162403821945,-0.111153706908226,-0.1045094653964042,-0.1042488366365432,0.042730875313282,-0.0810023471713066,-0.0173651706427335,0.0989034101366996,-0.1002041846513748,0.0956638902425766,-0.1045270934700965,-0.0159087274223566,-0.1046127602458,-0.1037959530949592,-0.0634645894169807,0.1044161990284919,0.0968563556671142,0.1042615249752998,0.1040867045521736,-0.1037266850471496,0.0792319327592849,0.1039163693785667,-0.0118090063333511,0.0941245108842849,-0.097500130534172,0.1046143174171447,0.1044211834669113,0.0886867716908454,0.0973923653364181,-0.1032604426145553,0.1045674681663513,0.1017976999282836,-0.1001519784331321,0.1045072600245475,0.1045715734362602,0.0836687535047531,-0.0227339081466197,-0.1045681312680244,0.1045582443475723,-0.0384471230208873,-0.0345722325146198,0.1029221266508102,0.1041479557752609,-0.0967517793178558,0.1043665185570716,-0.0984644368290901,-0.0947371274232864,0.0903888791799545,0.0532630756497383,0.0409774333238601,0.1045959591865539,0.0928011685609817,-0.0256474446505308,0.0993331670761108,0.0711510404944419,0.1046103164553642,0.032938078045845,-0.0945884734392166,0.1044173315167427,0.1042195856571197,0.1012774854898452,0.1046132296323776,0.0965532511472702,0.0872542411088943,-0.0922766625881195,0.101866215467453,0.0705983340740203,-0.0358232446014881,0.1045570224523544,0.1043655574321746,-0.1046141758561134,-0.0648233219981193,-0.0696271583437919,-0.104172296822071,-0.1014620661735534,0.1046142876148223,-0.103820189833641,0.1046140789985656,-0.06950443983078,-0.0822714045643806,0.1037294939160347,-0.0433193109929561,-0.0396378561854362,0.0615317896008491,-0.0128978360444307,0.0999352037906646,-0.1045891717076301,0.1045907884836196,0.1017691865563392,0.0339687466621398,-0.0587361939251422,-0.1045040711760521,0.0931237563490867,-0.0988807901740074,0.0142133543267846,-0.1045586690306663,0.0877969488501548,-0.0516378097236156,0.1045361533761024,0.1041075959801673,-0.1045988947153091,0.0870554968714714,-0.0911866575479507,-0.1045943200588226,-0.0759605318307876,0.0904682129621505,0.1040879413485527,0.0201897788792848,0.104407325387001,-0.0791903808712959,0.0790265798568725,0.0607515089213848,0.1032939404249191,-0.102064624428749,0.1023226380348205,-0.1044797450304031,0.0702303871512413,-0.0112742614001035,0.0698160678148269,-0.1044405996799469,0.1045668870210647,-0.0458236783742904,0.0375439897179603,-0.032602310180664,0.0833552032709121,-0.0761473551392555,-0.093307040631771,0.1046140268445015,0.1046107113361358,0.0941356569528579,0.1011945977807045,0.0969467386603355,-0.0756063237786293,0.0357736349105834,-0.1012072935700416,0.1012067645788192,0.0918743833899498,-0.1011386662721633,-0.1001372039318084,0.0761953592300415,0.1010731533169746,-0.0945745259523391,0.0968682914972305,0.1010117530822753,-0.0986737310886383,0.0716973319649696,-0.1012071967124939,0.1011927053332328,-0.1011801660060882,0.0965632051229476,-0.0960863903164863,-0.1011950969696044,-0.1012051105499267,-0.0762668699026107,0.1001100912690162,-0.0958045050501823,-0.0959394574165344,-0.0854381546378135,0.0274557620286941,0.0946820378303527,-0.101103663444519,0.1007578149437904,-0.0814536809921264,-0.0912768989801406,-0.1010745465755462,0.1007759049534797,-0.0203805342316627,0.1011703833937645,0.1011811271309852,0.0484285466372966,0.0917299017310142,0.0899662673473358,0.1010948717594146,0.0086994506418704,-0.1012073308229446,0.0996808111667633,0.0042552729137241,0.0771261155605316,-0.1000737994909286,0.0961596593260765,0.1000380739569664,0.0804416984319686,-0.0697656571865081,0.1011966839432716,0.1009814292192459,-0.0437193401157856,0.1011714935302734,0.100543312728405,-0.1009653955698013,0.0996952727437019,0.1012073308229446,0.1005103290081024,-0.1012037843465805,0.007503530010581,0.1009958535432815,0.0876726955175399,0.1001042276620864,-0.1011907756328582,-0.087302953004837,0.1007895022630691,-0.0970902144908905,0.1012073457241058,0.1011285781860351,-0.0734161511063575,0.1004772037267685,0.0670498460531234,0.0852536037564277,0.0778430178761482,0.1011553183197975,-0.0764621347188949,0.0911196693778038,-0.0863706469535827,-0.0985158681869506,-0.0331037119030952,-0.0527282133698463,0.0920875892043113,0.0998474285006523,-0.0054501723498106,0.0980020612478256,0.1008505374193191,-0.1011848822236061,-0.1011369004845619,0.0949579775333404,-0.062490526586771,-0.0940377190709114,0.1011369377374649,-0.0182342324405908,-0.099848099052906,-0.0112270805984735,-0.0699193477630615,0.0546467863023281,-0.1007015332579612,0.0964567214250564,0.0941762626171112,-0.0997624024748802,0.0080425450578331,-0.0195037871599197,0.1012073010206222,-0.0979624986648559,-0.0841014608740806,-0.0869263932108879,-0.1011449694633483,0.0797606259584426,0.0983597189188003,-0.0226445775479078,0.1000353991985321,-0.0031331337522715,0.0986970663070678,0.0731371194124221,-0.0896595045924186,0.0997581258416175,0.1011842638254165,-0.0991043299436569,0.1011935696005821,0.0966107472777366,0.0931065380573272,0.1008604615926742,0.0516822561621665,0.0958697944879531,-0.054404366761446,-0.060805357992649,-0.0874017849564552,0.088162824511528,0.0969469249248504,-0.0957913920283317,-0.0916896909475326,-0.0960884317755699,-0.0965559110045433,-0.0946041122078895,0.0921041443943977,0.0882927477359771,0.0971395000815391,0.0963996723294258,-0.0970721989870071,-0.068374216556549,0.0964567512273788,-0.0947103500366211,0.0962268337607383,0.0606465637683868,0.0959725230932235,-0.0960294157266616,-0.0974572226405143,-0.0971612334251403,0.0955676808953285,-0.0862463861703872,0.0975662544369697,0.0975976064801216,-0.0927882343530654,0.088908813893795,-0.0950473919510841,0.0815363451838493,0.0969552099704742,-0.0717452690005302,0.0936738178133964,0.0843593627214431,-0.0921012684702873,-0.0963975489139556,0.0965603068470954,0.0963986963033676,0.0234370660036802,0.091093324124813,0.0671436786651611,0.0674969553947448,0.0974563136696815,0.0926040112972259,0.0972987115383148,0.0908561870455741,-0.0904053002595901,-0.0762828961014747,0.0942812263965606,-0.0972434058785438,0.0975460186600685,-0.0678034573793411,0.091045930981636,-0.0967850759625434,0.0973231717944145,-0.0964580997824668,-0.0562986209988594,-0.0707982555031776,0.0964652895927429,-0.0762804150581359,0.0925116166472435,0.0975143313407898,-0.0848370492458343,-0.094828188419342,0.0751939192414283,0.0926214456558227,0.0691542401909828,-0.0959471762180328,0.0969209894537925,0.0730044916272163,0.0944838002324104,-0.0971771031618118,0.0968315154314041,0.0974948406219482,0.0437464490532875,-0.0919831320643425,0.0904732272028923,0.0975580215454101,-0.0602292716503143,-0.081576757133007,-0.0956413373351097,-0.0952902734279632,0.0928204655647277,0.0753506422042846,-0.096753604710102,0.0279557462781667,0.0950036644935607,0.0758407041430473,0.0954557135701179,-0.0965715125203132,-0.0843637809157371,0.0894476249814033,0.0974489599466323,0.0944209620356559,0.087141565978527,0.0776868611574173,0.0967974737286567,-0.0713331997394561,0.0867269560694694,-0.0078041399829089,-0.0911972299218177,0.0952242985367775,0.0909243002533912,-0.0973823890089988,0.0971178412437439,0.0970536470413208,0.0919403359293937,-0.0967838764190673,0.095998041331768,0.0814047530293464,-0.087805800139904,-0.0970034897327423,0.0897899717092514,0.0950718373060226,0.0887455567717552,-0.0976003259420394,-0.0976071953773498,0.079111747443676,-0.0733559355139732,-0.0800663977861404,0.0370493493974208,0.0941443964838981,0.0933231562376022,0.0955290645360946,-0.095991775393486,0.0436262488365173,0.0507117137312889,0.1055133640766143,-0.0041668671183288,0.1634262204170227,0.1437994092702865,0.1485543996095657,-0.0561779178678989,0.0200950596481561,0.12226253002882,0.0305672418326139,0.1497308313846588,0.0845364332199096,0.0583395101130008,0.0166944731026887,-0.0367856435477733,-0.0967444777488708,0.0462154410779476,-0.1187068000435829,0.1508379727602005,0.0110782980918884,-0.0197174176573753,-0.0823685005307197,0.1148836836218833,0.0358858816325664,-0.0753017514944076,-0.0692123398184776,0.1349519193172454,-0.0333106033504009,0.1114417165517807,0.1178130581974983,-0.1335085481405258,0.1286645382642746,-0.0618152841925621,0.0366263091564178,0.0221112221479415,0.1159547939896583,-0.1541530191898346,0.0932725146412849,-0.067453384399414,0.0128958718851208,-0.0103072542697191,-0.1684604883193969,-0.0698045119643211,0.0630697682499885,0.1661145985126495,-0.1607764065265655,-0.0845112353563308,-0.0863590613007545,0.0373283401131629,-0.0629551857709884,-0.1080363020300865,-0.0144891235977411,-0.0261097755283117,-0.0603580996394157,-0.0598615109920501,-0.1351719498634338,-0.0158996526151895,0.1135526001453399,-0.0691461041569709,0.0065402998588979,0.1032542288303375,-0.1256654262542724,0.0140770468860864,-0.095844842493534,0.0254924949258565,0.0808861926198005,0.0977105647325515,-0.063788041472435,-0.0188761129975318,0.0256093777716159,-0.1021997034549713,-0.1697641909122467,-0.0677244290709495,0.1635954678058624,-0.0463663898408412,0.067379392683506,0.0253584738820791,0.0230408459901809,0.0857920125126838,0.1608263999223709,-0.0618616417050361,-0.1002197861671447,0.1759394854307174,0.0741984322667121,0.0335629656910896,-0.0383066050708293,0.0047753555700182,-0.1067972108721733,-0.0207447744905948,-0.1019559502601623,0.0692003518342971,-0.1742200702428817,-0.0375380925834178,0.1750307977199554,0.0062768398784101,0.0330098532140255,0.0204347558319568,0.0779448598623275,-0.0221346616744995,-0.0270812883973121,0.0515040978789329,0.0486844182014465,0.089246429502964,0.0074671199545264,-0.0053398497402668,0.0306812692433595,0.0097570456564426,-0.066952534019947,-0.0558097027242183,-0.115248754620552,-0.0438006110489368,0.1764776110649109,-0.0454402267932891,-0.0305403545498847,0.0551178492605686,0.1154294982552528,0.0575534515082836,0.065751701593399,0.0940389037132263,-0.1107015237212181,-0.1507549583911895,0.0542293787002563,-0.0085637001320719,-0.0743513703346252,-0.0576728619635105,0.0266258083283901,-0.0723147988319397,0.0557063855230808,-0.037968210875988,-0.1119090840220451,0.0420878157019615,-0.1288882046937942,-0.1099483370780944,-0.0063570030033588,-0.0331388972699642,-0.0236785113811492,-0.1117297708988189,-0.1461551934480667,0.0312085561454296,0.0072012548334896,0.0877510607242584,0.1139342561364173,-0.0366404131054878,0.1176014095544815,-0.1755354255437851,-0.0468812212347984,0.0758519694209098,-0.1041046231985092,-0.1297212839126587,-0.1145398020744323,-0.0673141181468963,-0.0129049597308039,0.0090030133724212,0.0554742254316806,-0.127914622426033,0.1032551378011703,0.0865564197301864,-0.1412877291440963,0.0939267426729202,0.0479553416371345,0.015347964130342,-0.0142544563859701,0.0784842893481254,0.058071494102478,0.1043643802404403,-0.099898837506771,-0.1052505671977996,-0.0795601159334182,-0.1146832332015037,-0.0919611901044845,-0.0025022160261869,0.1004413813352584,-0.0162324588745832,0.0424151830375194,-0.0313751101493835,-0.0390283986926078,0.1497694104909896,-0.0324793830513954,-0.0085670240223407,0.0624015219509601,0.076515719294548,-0.0460449941456317,-0.0043206680566072,0.1155450940132141,-0.080266423523426,0.094792403280735,0.11407121270895,-0.112230859696865,0.0361105091869831,0.083113893866539,-0.0391003638505935,-0.0035651191137731,-0.0808915644884109,0.0853923559188842,-0.0298161543905735,0.1475331634283065,0.0576763749122619,-0.072978675365448,-0.092084139585495,0.1157878339290618,0.0661979466676712,-0.1108701452612876,-0.0111441379413008,-0.1629768162965774,-0.0782825499773025,0.0255640670657157,-0.1092061623930931,0.0065389880910515,0.0883092656731605,0.1713087260723114,-0.048378150910139,-0.0826257392764091,-0.1068894565105438,-0.0016136448830366,0.114541046321392,-0.0346963666379451,0.0516971349716186,0.0801416784524917,-0.1283151060342788,-0.082712635397911,-0.0531863868236541,0.0818796828389167,-0.0589576549828052,-0.068711869418621,0.0567085407674312,-0.1893128901720047,0.0138047197833657,-0.0946590825915336,-0.0532988086342811,-0.040822509676218,-0.1438799202442169,0.1600401699542999,-0.1405211687088012,0.083340473473072,0.0921940803527832,0.1293759495019912,0.1450627297163009,0.1338008642196655,-0.0333816334605217,0.05311294272542,-0.0442064069211483,-0.0434666015207767,0.1215394958853721,0.0997487306594848,-0.1211215704679489,0.0775976553559303,0.079162910580635,-0.0019384395563974,-0.0995431244373321,-0.0602924413979053,0.1299597024917602,0.0276008378714323,0.0634692460298538,0.0813830643892288,0.019263656809926,CVMIQHBEWOFHMX-UHFFFAOYSA-N,O=C(O)c1cn(C2CC2)c2cc(-n3cc(CN4CCCC4)nn3)c(F)cc2c1=O
0.0920969173312187,-0.0711542591452598,0.1015685573220253,-0.1026217862963676,-0.0999618917703628,-0.0460563786327838,-0.082081489264965,-0.101899616420269,-0.1021597161889076,-0.0984954908490181,0.0960040614008903,-0.0865703597664833,-0.0837600603699684,-0.1007475480437278,-0.0608802363276481,0.1022700071334838,-0.1025679260492324,0.0619563274085521,-0.0651620551943779,0.0728835090994834,0.1016481071710586,0.1025747209787368,-0.1016819551587104,0.0339799784123897,0.0965237319469451,0.0004844403301831,0.1013663411140441,0.0811290219426155,-0.1006935313344001,-0.0559867247939109,-0.0987441912293434,0.1026229038834571,0.0877671241760253,0.1026223078370094,-0.0976361334323883,-0.0291726645082235,0.0989769846200943,-0.1012034490704536,-0.1025302410125732,-0.0935312435030937,0.1020310521125793,0.0879780650138855,0.1026205718517303,-0.1025239899754524,-0.1001477465033531,-0.0957388281822204,0.1014931052923202,-0.0751035809516906,0.0837558582425117,0.1005517914891243,-0.0199428107589483,0.0412825047969818,0.1015371307730674,0.1026186048984527,0.0275132115930318,0.0999993681907653,-0.1025986149907112,0.0394458211958408,0.1001861691474914,-0.0950378254055976,0.0968884155154228,0.0815007239580154,0.0820640474557876,0.0803855955600738,-0.1026229262351989,-0.1006898656487464,0.1012971773743629,-0.1025486513972282,0.0086823841556906,-0.0783561989665031,-0.0082960370928049,-0.1020723134279251,-0.1022712141275405,-0.0068813902325928,-0.0765049532055854,-0.1025960519909858,0.1019647866487503,0.0100804334506392,0.1025699973106384,-0.1025856956839561,-0.1026189550757408,0.1026034653186798,0.1026229262351989,0.1011217087507247,0.0438982658088207,-0.1026111617684364,-0.1022155284881591,0.0967547819018364,-0.0884292796254158,-0.1026222184300422,0.0979977995157241,-0.0957318544387817,0.1024279445409774,-0.1026229262351989,0.1016717851161956,0.0446359179913997,0.063508041203022,-0.0921583622694015,-0.1025401949882507,0.1011741533875465,0.1004086732864379,-0.1026155278086662,-0.0937447920441627,-0.1016386300325393,-0.101888857781887,0.1018806248903274,-0.1025861501693725,0.0953495725989341,-0.0054107964970171,0.1026228889822959,0.1026226878166198,-0.1024841219186782,-0.0999242067337036,-0.0283321812748909,-0.0279875826090574,-0.0456327237188816,0.0283578559756279,-0.0545271784067153,-0.1013600379228591,0.0981076881289482,0.0985760763287544,-0.0321917906403541,-0.1018782705068588,0.0941181853413581,-0.0936314761638641,-0.0253439024090766,0.1026217639446258,0.0733330845832824,-0.0948607847094535,0.0914043933153152,-0.0887344777584075,0.1000402271747589,0.0992960855364799,0.1000404208898544,-0.0981438606977462,0.0035527835134416,0.1000362634658813,0.0941273346543312,-0.012766876257956,0.1000208780169487,0.0103734284639358,-0.0760159641504287,0.1000404208898544,-0.1000404208898544,0.0999791845679283,-0.0985612198710441,0.1000404208898544,0.0997988507151603,0.1000404208898544,0.0927833542227745,-0.1000132411718368,0.1000253483653068,0.0823210701346397,0.0956769436597824,0.0395854115486145,-0.0993219390511512,-0.0155084580183029,0.0994574278593063,-0.1000404059886932,0.1000307872891426,0.0986726209521293,0.1000373438000679,0.1000404208898544,0.1000297963619232,0.0506874620914459,-0.0999871790409088,0.1000404208898544,-0.062436856329441,0.1000154390931129,0.0993649661540985,0.0999972224235534,0.1000404208898544,0.0552722141146659,-0.0999017208814621,0.0987500250339508,-0.0940832570195198,0.0065676788799464,0.0780345499515533,0.0830329954624176,-0.071551963686943,0.03949461504817,-0.0979868546128273,-0.1000256165862083,0.100040391087532,0.1000404208898544,-0.1000404059886932,-0.1000404208898544,-0.0776280090212822,-0.1000219210982322,-0.1000404208898544,-0.0105753634124994,0.1000402271747589,-0.1000404208898544,-0.1000404208898544,-0.1000404208898544,0.0964805409312248,-0.10003712028265,-0.0761065036058425,0.1000404208898544,-0.0771031007170677,0.1000402048230171,-0.0994379892945289,-0.1000401005148887,-0.0947973802685737,0.1000404208898544,-0.1000404208898544,-0.0986186489462852,-0.0997683033347129,0.1000404208898544,0.0099798999726772,0.0024603535421192,-0.1000404208898544,-0.0629443004727363,0.1000382527709007,-0.1000404208898544,-0.0327146276831626,0.0997198894619941,-0.0375427268445491,-0.0844278335571289,-0.0767847448587417,-0.0971236303448677,0.0987717807292938,-0.0994487851858139,0.099419891834259,-0.0999791994690895,-0.0997097268700599,-0.0818647146224975,0.1000303253531456,0.0574623793363571,-0.0989641323685646,-0.0246795248240232,-0.0980034843087196,0.0983463898301124,-0.1000404208898544,0.0932771563529968,-0.0935150235891342,-0.09466253221035,-0.0946319550275802,0.1000378355383873,0.0107232443988323,-0.0720014423131942,-0.100039429962635,0.034950453788042,0.0907290875911712,-0.0964415818452835,0.0991138815879821,0.0993344262242317,0.099983312189579,-0.1000404208898544,0.0196949020028114,-0.1000404208898544,0.0861000791192054,-0.0429504066705703,0.1000404134392738,0.0140946190804243,0.066646821796894,0.0687356889247894,0.0702665820717811,-0.098595455288887,0.0985581129789352,0.0983148515224456,0.0982243865728378,-0.0978863388299942,-0.0846924111247062,-0.0985738262534141,-0.0985953733325004,-0.000869687879458,0.0985791832208633,0.0914746150374412,0.0924636721611023,0.0985511913895607,0.0899769887328147,0.0985811948776245,0.0409503504633903,0.0960325002670288,-0.081470139324665,-0.098456896841526,0.0983531102538108,0.0984960943460464,-0.0404309816658496,0.0001035724926623,-0.0985954254865646,-0.0903150215744972,-0.0961723700165748,0.0981848016381263,0.0939928665757179,0.0311049465090036,-0.0356028527021408,-0.0867341160774231,-0.0903694629669189,-0.0290611963719129,-0.098595455288887,-0.0228121373802423,0.0842321440577507,-0.0980798825621604,-0.098595343530178,0.0594620630145072,-0.0985807552933693,-0.098595455288887,-0.0821200385689735,-0.0983420088887214,0.0985913351178169,-0.0981458649039268,-0.0985895693302154,0.0983414426445961,0.0146846733987331,-0.0935066640377044,-0.0099649270996451,0.0972370654344558,-0.0096049178391695,-0.0822802707552909,-0.0864660739898681,-0.0985867083072662,0.0984133183956146,0.0921826064586639,-0.0876023098826408,0.098595306277275,-0.0980290323495864,0.0982777550816536,0.0982914716005325,0.0981894731521606,0.0933911055326461,0.0379777364432811,-0.098595455288887,0.0982227399945259,-0.098595306277275,0.098595455288887,0.0985868275165557,0.0216423515230417,0.0884885936975479,0.096682421863079,0.0903263092041015,0.098595455288887,-0.098595455288887,0.0985705032944679,-0.0985840037465095,0.0680083706974983,-0.098595455288887,-0.0738451033830642,-0.082987405359745,0.0985748246312141,0.098595455288887,-0.0985100045800209,0.0446647442877292,0.098595455288887,-0.098592072725296,-0.097823642194271,0.098573163151741,0.0932187065482139,0.0977056846022605,-0.0032108144368976,-0.0985921695828437,-0.0843653082847595,0.0928848534822464,-0.0985728353261947,-0.0195063333958387,-0.089550033211708,0.0985680967569351,0.0985635668039321,-0.098595380783081,0.0950786396861076,0.0985263884067535,0.0982963666319847,-0.0926553532481193,-0.0628687590360641,-0.098595455288887,-0.0985515415668487,0.0935107469558715,-0.0921153053641319,-0.0982798412442207,0.0982365235686302,0.0972244068980217,-0.0970787331461906,0.069041684269905,-0.0985928624868393,0.0934280231595039,-0.098595455288887,-0.0961400941014289,-0.0803073793649673,-0.0985954329371452,-0.0985832437872886,0.0982799977064132,0.0567658692598342,-0.0971557796001434,0.1197813525795936,-0.0734151527285575,0.0629378855228424,-0.0038466227706521,0.1015886813402175,-0.0858934670686721,0.0438226759433746,0.1218240112066268,0.0941573455929756,-0.0902146026492118,0.1128770783543586,0.0952029079198837,-0.035097487270832,-0.0696695446968078,-0.0864114686846733,0.0781105980277061,-0.1233263686299324,0.0077021876350045,-0.1057632490992546,-0.1196458712220192,-0.029578698799014,0.1231206804513931,-0.101664051413536,-0.0153650026768445,-0.0814734324812889,0.1091435924172401,-0.0969561263918876,-0.0924724489450454,-0.1217077225446701,0.0880453661084175,0.0657538026571273,0.1192528903484344,-0.116774782538414,0.1204579398036003,0.0302050616592168,-0.0294879600405693,-0.0432231128215789,-0.0822417363524437,0.1166054010391235,-0.1108467504382133,-0.009590913541615,0.022829694673419,-0.0769693255424499,0.1180248260498046,0.0234636403620243,0.0113983666524291,0.0682064220309257,-0.1073392927646637,0.1124503910541534,0.0692268833518028,-0.0831168219447135,-0.1165847778320312,0.1229955926537513,0.0906567350029945,0.0247369557619094,0.107835479080677,-0.0465850308537483,0.1087868213653564,0.0483195483684539,0.0725124105811119,-0.1209176108241081,-0.120641604065895,0.0658522695302963,-0.0350458957254886,0.0364254564046859,-0.1029924303293228,-0.0981925353407859,-0.1145193129777908,-0.0817847773432731,-0.1154931783676147,0.0815932303667068,-0.1225781738758087,-0.066139169037342,-0.0516833811998367,-0.1036280617117881,0.0996244847774505,0.1205874681472778,-0.1152671054005622,0.0910669639706611,-0.1039753183722496,-0.0997280925512313,-0.0322105661034584,-0.0722905099391937,-0.1234290152788162,0.0762991979718208,0.1090577617287635,0.0462380051612854,0.1245006844401359,-0.1018759757280349,0.1050684973597526,-0.106125071644783,0.0968713834881782,-0.0945489406585693,0.1143573522567749,-0.0310974549502134,-0.0754623115062713,0.082207553088665,-0.1084075421094894,0.0828639194369316,0.0322818383574485,0.1198614612221717,-0.0281138438731431,0.1131850928068161,0.1091678366065025,0.0147356130182743,-0.1163294613361358,-0.1134225875139236,0.0541633665561676,0.0608496777713298,0.0741921663284301,-0.0061344471760094,0.1207562834024429,0.0859522819519043,-0.0707420632243156,0.1025857627391815,0.1215225979685783,0.0277215857058763,0.0695803388953208,-0.0400462225079536,0.0759049281477928,0.0086843185126781,0.0038807310629636,0.1045033782720565,0.1106794700026512,-0.0977726131677627,-0.0065909014083445,0.1184662505984306,-0.0304845571517944,-0.129283532500267,-0.1201564744114875,0.0771776884794235,-0.1220194548368454,0.0785272568464279,0.0330186374485492,0.0150240268558263,0.1107653602957725,0.0828513205051422,-0.0710659772157669,0.059915505349636,-0.1089505329728126,0.0676915347576141,0.0396385975182056,0.0362750217318534,-0.0728308856487274,0.1242241188883781,-0.0874632894992828,-0.0251145400106906,-0.0104858623817563,0.0755037292838096,-0.1302627325057983,-0.0745283514261245,-0.0278529282659292,0.0800345093011856,0.1289378255605697,-0.1342177391052246,-0.0040035736747086,-0.1277510821819305,-0.1029809042811393,-0.1191873773932457,0.1332913786172866,0.0031337868422269,0.1033939123153686,-0.0441297404468059,-0.097259409725666,-0.0869667157530784,-0.12386254966259,-0.0703905969858169,0.0486401319503784,-0.0749913826584816,0.0713618621230125,0.0375628471374511,0.1360394656658172,-0.1128963902592659,-0.1256518959999084,0.0918120667338371,0.0418063849210739,-0.0560579188168048,-0.0085687516257166,0.1145400404930114,0.0463483482599258,0.1150265261530876,-0.0852255970239639,-0.1097107082605362,-0.0251249652355909,0.0363547690212726,0.0040032509714365,0.1246364563703537,-0.0601568482816219,0.1097770407795906,0.039664052426815,-0.0110238315537571,0.042475514113903,-0.0946632921695709,-0.0217685028910636,-0.0043529379181563,-0.0244808550924062,-0.0962320119142532,0.0943008735775947,-0.0680809095501899,-0.1279551982879638,-0.1239451989531517,-0.1144473552703857,-0.091515302658081,-0.0362135954201221,-0.0694545656442642,0.0861632004380226,-0.0396113283932209,-0.1207822561264038,-0.1339635699987411,0.1035890951752662,0.0707665085792541,-0.1141539067029953,-0.0617086701095104,-0.1204826608300209,-0.0012212106958031,0.0633528009057045,0.0259280856698751,0.1413313001394271,0.1322220414876938,-0.1093626245856285,-0.1312898099422454,0.045046143233776,0.1168429628014564,-0.0656305849552154,0.1205432340502739,0.1040888056159019,0.0130386399105191,0.0990136712789535,0.0762570947408676,0.0833995789289474,0.1159677430987358,0.0283459406346082,-0.0761361867189407,0.0366096273064613,-0.1226880401372909,0.1117036640644073,-0.0792267099022865,0.0547800213098526,-0.0576586239039897,-0.0078692696988582,0.053350631147623,0.0931452214717865,0.1184015572071075,-0.1294594556093216,0.1330502480268478,-0.0570201501250267,0.0254115331918001,0.0552517585456371,-0.1274495720863342,0.0987553820014,0.1035773009061813,-0.0926495566964149,-0.0268293190747499,0.1378184407949447,-0.0836296752095222,-0.0718320682644844,-0.1000090315937995,0.0432066023349761,-0.1193925663828849,0.0974059700965881,0.0238766614347696,0.1104416996240615,0.1093151718378067,0.1650211960077285,-0.1333140879869461,-0.0058960653841495,0.163928747177124,-0.0665503144264221,0.0052934093400835,-0.0628659576177597,0.1430777460336685,-0.0244078245013952,0.0288164783269166,-0.0641504377126693,-0.0516822077333927,-0.1482119858264923,-0.0910282060503959,0.0654686540365219,-0.0524515286087989,-0.1330649405717849,-0.0014980933628976,0.0711821988224983,-0.0138988308608531,0.1347371041774749,0.1279571652412414,-0.0003765367728192,0.0711060017347335,0.0983758717775344,-0.1021805554628372,-0.0544031858444213,-0.0981042757630348,0.0868814140558242,0.0839879512786865,0.0452108420431613,0.1096860021352768,0.0048568276688456,0.1184604838490486,-0.0302743781358003,-0.0724512711167335,0.0109832985326647,0.1674254387617111,-0.0112608708441257,0.1472379863262176,-0.0192112382501363,0.0616492480039596,0.1357588768005371,-0.0222748685628175,-0.0934022963047027,0.1308714896440506,-0.1037324741482734,-0.0605598241090774,-0.0076241074129939,-0.110564112663269,-0.0976043045520782,0.0574422404170036,-0.0143039431422948,-0.1179981902241706,-0.0825849920511245,0.0309607703238725,-0.1471662819385528,0.1114250048995018,-0.0013787035131826,0.1081718951463699,-0.045705996453762,0.1182836666703224,0.0777374953031539,-0.0548814870417118,-0.1024551391601562,-0.1153556406497955,-0.0552101880311965,-0.0679905116558075,-0.0758559554815292,-0.1319632828235626,0.0679995268583297,0.0026888193096965,-0.1391641646623611,0.1360473781824112,-0.1288217902183532,0.1280645281076431,0.0405196398496627,0.007598697207868,0.1299639344215393,-0.0013575995108112,-0.0125376088544726,-0.0738408789038658,-0.1469794809818267,-0.0643082335591316,0.0740065723657608,-0.0049263499677181,0.048649214208126,-0.0132519276812672,-0.0159838385879993,0.0338726490736007,0.008711963891983,-0.0457848794758319,0.0560942143201828,-0.0436685793101787,0.1397980600595474,0.0729364901781082,0.0482053384184837,0.1072696968913078,-0.1290129274129867,0.0023514684289693,-0.0180563610047101,0.0163063257932662,-0.147844523191452,0.0580896139144897,0.0766094699501991,0.176761969923973,-0.0806208252906799,0.1403489708900451,-0.0832884609699249,-0.0606288500130176,-0.091859370470047,-0.0761149898171424,0.0967394411563873,1.5280988009180874e-05,0.0464540868997573,0.1179516091942787,0.0599641874432563,0.0678935274481773,-0.1308335363864898,0.0169165562838315,0.0290139876306056,IVKDKZHQNRRRDA-UHFFFAOYSA-N,Cc1n[nH]c(C)c1S(=O)(=O)N1CCN(C)CC1
-0.0248350817710161,-0.1141077876091003,-0.1048792079091072,0.1184794455766677,0.0563736669719219,-0.0897176414728164,0.1123118996620178,-0.0486910976469516,-0.0007005434017628,-0.1126735880970954,-0.0806682035326957,-0.0190781112760305,-0.1163201481103897,0.0555053763091564,0.1184194982051849,-0.0680093690752983,0.003793636104092,-0.0942232981324195,0.0816094204783439,0.0959827303886413,-0.064663641154766,-0.1042273789644241,-0.1013525873422622,-0.051949668675661,-0.0493964776396751,0.0142015125602483,-0.014655228704214,0.0201630182564258,-0.0374905839562416,-0.09573395550251,0.0309096053242683,-0.1143051162362098,-0.1079282835125923,0.1102386265993118,-0.1177608892321586,-0.0303082037717103,0.0626884922385215,0.1130872517824173,0.1005589142441749,0.1114798039197921,0.0899862945079803,-0.0383030772209167,-0.0675178989768028,0.0730616897344589,0.1119221225380897,0.1182974576950073,-0.1180252060294151,0.1173747777938842,-0.0852805748581886,-0.1125776767730712,-0.0919541716575622,-0.0477512218058109,-0.0335474610328674,0.0803418084979057,-0.1080521270632743,-0.0518430583178997,0.1172330304980278,-0.0964069440960884,0.0153661472722888,-0.1087725982069969,0.0758743286132812,-0.1178165823221206,0.0455564819276332,0.094130702316761,0.0461254566907882,0.0338652171194553,0.0585089363157749,-0.0794887542724609,0.1180242374539375,-0.1147447749972343,0.1166577190160751,0.0550329275429248,0.0214730035513639,0.0962244942784309,0.0605694837868213,0.1044302135705947,-0.1173817738890647,0.1156674474477768,0.10672028362751,0.07040486484766,-0.1025559082627296,-0.0682176575064659,-0.1180696636438369,0.0993686318397522,-0.0701222345232963,0.0953949987888336,0.1179783344268798,0.0470936186611652,-0.1119282022118568,-0.1169557347893714,0.1020010560750961,0.1066215112805366,0.1184217035770416,0.117630586028099,0.113264687359333,-0.112090066075325,-0.118032082915306,-0.057047639042139,0.0682225003838539,-0.0567917935550212,-0.0275204256176948,-0.0377143025398254,-0.1177019253373146,-0.0916257500648498,-0.1010803803801536,-0.1109773144125938,0.0868274122476577,0.0399327762424945,0.0817587152123451,-0.0629747062921524,-0.0297176651656627,-0.1053228676319122,-0.0979735106229782,-0.1010580360889434,0.0843658000230789,-0.1182349324226379,-0.0866594016551971,-0.1180234849452972,-0.082999087870121,0.0832580998539924,-0.1069585084915161,-0.0129928002133965,-0.1166698262095451,0.0384354330599308,0.1124299690127372,0.0808234959840774,-0.084470123052597,0.0439175106585025,0.0888391956686973,-0.0197386872023344,-0.0921029448509216,-0.1064198687672615,-0.06992057710886,0.1028587967157363,-0.0806433856487274,-0.1004258319735527,0.1047283411026001,-0.0294510796666145,-0.036221008747816,-0.0364239513874053,-0.1048708781599998,-0.0967866331338882,-0.1058915704488754,0.0690530836582183,0.1001158282160759,-0.10426826775074,-0.1069067940115928,-0.0844791904091835,0.0897308364510536,-0.091847039759159,-0.1064296141266822,0.0949127525091171,0.1065971106290817,0.0995041877031326,0.1064718663692474,-0.1061986833810806,-0.1068800464272499,-0.0685202702879905,-0.0997415110468864,0.0038380292244255,0.0830385237932205,0.1060644835233688,0.0848592296242713,0.0918430387973785,-0.0400928854942321,-0.1069091707468032,0.0128707801923155,0.1053711771965026,0.1037510335445404,0.0588954240083694,0.1069069653749466,-0.1068833917379379,-0.0468376688659191,0.0930529236793518,0.1062854379415512,0.0428070649504661,-0.1064942851662635,-0.0462173782289028,0.104783147573471,-0.1068712919950485,0.1054274961352348,-0.1069047078490257,0.0958183780312538,-0.1069000884890556,0.0617346838116645,-0.1069073751568794,0.0628138557076454,-0.0372263640165329,-0.106123000383377,0.1030911058187484,-0.0399856641888618,-0.097583033144474,0.1069085150957107,-0.1035568490624427,-0.075349673628807,0.0834141448140144,-0.1058062762022018,-0.1069041565060615,0.0077231647446751,-0.1068424358963966,-0.1063243523240089,-0.0967381000518798,-0.0784321427345275,0.0617378205060958,-0.1030531749129295,-0.0214397683739662,-0.024858009070158,-0.1065567657351493,0.080300822854042,0.0958359763026237,0.1063627675175666,-0.0754328295588493,-0.1064903438091278,0.096320204436779,0.0033405446447432,0.1066069975495338,0.106895238161087,0.0762894451618194,-0.0671539828181266,0.0710181966423988,0.1067917346954345,0.1068630069494247,-0.0174062270671129,0.034867700189352,0.0890353843569755,-0.0856560915708541,-0.1064546033740043,0.0909095257520675,-0.0985427349805831,0.1030774191021919,0.106859803199768,0.0707456171512603,0.1055978089570999,0.1068728864192962,0.0610324069857597,0.1036385521292686,-0.0839357748627662,0.0377189517021179,-0.0805663764476776,0.0813614204525947,-0.1068711429834365,-0.1014902591705322,-0.0823678001761436,-0.1019509956240654,-0.0302007235586643,-0.0419902242720127,0.0815000236034393,0.1025287955999374,-0.016254561021924,-0.0981262177228927,-0.1038779467344284,0.1061551347374916,-0.0040187425911426,-0.099579744040966,0.102291464805603,-0.1066052764654159,-0.087111547589302,-0.0413677655160427,0.1130850166082382,-0.1111511513590812,0.092395044863224,-0.003584252204746,-0.1090972647070884,-0.1133315861225128,0.0270509421825408,0.0256779510527849,-0.0757330954074859,0.0532786957919597,0.1103897020220756,0.1110806465148925,-0.0225259717553854,-0.0458998382091522,-0.0971825793385505,0.0534047186374664,-0.1037548407912254,0.015393647365272,-0.0867371037602424,-0.1138252913951873,0.0589308105409145,-0.0665226504206657,0.1131537482142448,0.1090766116976738,0.1129436716437339,-0.0842872783541679,0.0908286944031715,-0.1005784943699836,0.1132601350545883,-0.0589183717966079,-0.0612808652222156,-0.0471407994627952,-0.1100655570626258,-0.0103391520678997,-0.0273773800581693,-0.044278297573328,-0.0954416394233703,0.0898805111646652,0.0939202234148979,0.0888468474149704,0.0957578495144844,-0.1086963191628456,-0.1039632633328437,0.059068564325571,-0.103694386780262,-0.109338566660881,-0.0664256811141967,0.0072433673776686,0.111804760992527,0.1134654656052589,0.0311200115829706,-0.1086969375610351,0.0920980647206306,-0.0902010127902031,0.1135274395346641,-0.1133544519543647,-0.1130018308758735,0.1026973351836204,0.033982865512371,0.113275721669197,-0.0882178544998169,-0.1021747067570686,0.0117939077317714,0.0904993116855621,0.1098463833332061,0.0984077975153923,-0.1106280982494354,0.0997834652662277,-0.1081619784235954,-0.0900653004646301,-0.0115401279181241,0.1127777695655822,0.1118671968579292,-0.0009184814989566,-0.1136307418346405,-0.0954067558050155,-0.0769315063953399,-0.0272639542818069,-0.1016949564218521,0.1110988110303878,-0.1106725260615348,0.0658190324902534,-0.081247977912426,-0.0672189444303512,0.1100110039114952,-0.0915755704045295,-0.1017089486122131,0.0855691656470298,0.1138536259531974,-0.0911899432539939,0.0570431239902973,-0.0655687376856803,0.0976977422833442,0.0688859447836875,-0.0599119551479816,-0.1092289239168167,-0.0962066873908042,-0.1061920449137687,-0.0391269288957119,0.0686322599649429,0.0334083177149295,-0.0793182998895645,0.0953438356518745,-0.0325749181210994,-0.112625628709793,-0.0595856606960296,-0.1133581772446632,0.0952230542898178,-0.1003588289022445,-0.1129591837525367,0.0829447656869888,-0.1113891154527664,0.1033867225050926,-0.1033176779747009,-0.0746541395783424,0.0734497234225273,0.0977877080440521,0.0811455026268959,-0.1089702174067497,0.0095068188384175,-0.1053019016981124,0.031677346676588,-0.1091405898332595,-0.1012563854455947,-0.0953126400709152,0.0961762815713882,0.0015710148727521,0.0697182416915893,0.0303009692579507,-0.0658322647213935,0.0773762464523315,0.0009042047313414,-0.0576146878302097,0.0090910485014319,0.1396651715040207,-0.134369745850563,0.015506655909121,-0.0465391650795936,-0.0199941638857126,0.0260863844305276,-0.1206776797771453,-0.0375213809311389,-0.1702682971954345,0.0454077161848545,0.1277620643377304,0.0014761668862774,0.0322896130383014,0.090445339679718,-0.0674952715635299,-0.0977469980716705,0.1104105114936828,0.0631010830402374,-0.07911217212677,0.1196848377585411,-0.0258485414087772,-0.1675929129123687,-0.0730440691113472,0.0181256830692291,-0.1629299372434616,0.1423815786838531,0.148614302277565,-0.0127927958965301,0.1109267175197601,-0.0083113051950931,0.1361742615699768,0.171833723783493,0.0815052315592765,-0.0739711150527,0.115583948791027,-0.0566959083080291,0.0067146369256079,-0.045201651751995,0.0163937825709581,0.1296405494213104,0.0447682663798332,0.0488904379308223,0.0704760998487472,0.0567574724555015,-0.0005587761406786,0.1009595021605491,0.0793559998273849,0.0310236830264329,0.0034055209252983,0.1731575727462768,0.0499002821743488,0.1197037920355796,-0.1263102442026138,-0.0347535759210586,0.125520721077919,-0.0171223822981119,0.1446105539798736,-0.1270778477191925,-0.1281919777393341,0.0178694948554039,-0.0342230722308158,-0.0028824575711041,0.0632146522402763,-0.0632320865988731,0.0535232275724411,-0.0651594772934913,-0.1077497974038124,0.0548536218702793,0.1364545077085495,-0.1087070852518081,-0.0193678867071867,-0.0037738105747848,0.0873644948005676,0.1628207415342331,0.0340307503938674,-0.1761483699083328,0.0615636445581913,0.0758428797125816,-0.0169683098793029,0.1848004162311554,0.0541227459907531,-0.0020012105815112,-0.0156138101592659,0.1658732742071151,-0.0563071109354496,-0.1093987375497818,0.0574202947318553,0.0420438311994075,0.1096827238798141,0.1515551656484604,-0.023881496861577,-0.1170646101236343,-0.0132781527936458,-0.0429975390434265,0.1423618197441101,-0.0638072565197944,-0.0120373293757438,-0.02408367395401,0.0379414781928062,-0.0241538565605878,0.1595948636531829,-0.0552103370428085,0.0374704003334045,0.0636750534176826,0.097202256321907,-0.0879906713962555,-0.0156069174408912,-0.0094881849363446,0.1416321843862533,0.1054947674274444,-0.1385194361209869,-0.1018626019358635,0.0172023046761751,0.023423409089446,0.0349138900637626,0.0860097482800483,0.0156618654727935,-0.0099985832348465,0.1147521436214447,-0.0616553202271461,-0.0969716981053352,0.1260845065116882,0.1416733413934707,-0.0913927629590034,0.1147322207689285,0.1266684830188751,0.1483459919691085,-0.0510826595127582,0.1278341561555862,-0.0636032000184059,0.0180029384791851,-0.0006710016168653,0.0953789502382278,0.0789382234215736,0.0461437627673149,-0.1101056039333343,0.078755110502243,-0.0438598245382308,0.0087279854342341,0.0903636887669563,-0.0955887138843536,-0.0845475271344184,-0.0583422482013702,0.0581011548638343,-0.1361951231956482,0.1466151028871536,-0.0986032113432884,-0.0480641946196556,-0.1330237835645675,0.12251678109169,0.1196204498410224,0.1202327460050582,0.0775793716311454,-0.0132830217480659,-0.0914389640092849,-0.0600423663854599,0.1037353724241256,-0.1102256178855896,0.0880335569381713,-0.0726666674017906,-0.0786123871803283,0.0858641937375068,-0.1218820884823799,-0.0932220518589019,-0.0513533055782318,0.0617119595408439,-0.057310551404953,-0.0805602818727493,-0.0210200548171997,-0.0901765152812004,0.0670906081795692,0.0645006895065307,0.1287983208894729,-0.1023598536849021,0.0834749415516853,-0.0286363530904054,-0.0728456899523735,0.0100393323227763,0.121456503868103,-0.0123085221275687,-0.0843850076198577,0.0981268212199211,-0.0051004877313971,0.085781991481781,-0.1018614768981933,-0.0906831473112106,0.0258822236210107,0.0703494101762771,0.0520226620137691,-0.0271251536905765,-0.0111511824652552,-0.1077308133244514,-0.1017453372478485,-0.0320673026144504,0.1047261580824852,-0.0781847313046455,0.1263991147279739,0.0504840798676013,-0.0611557736992836,0.0315867662429809,0.0784933641552925,-0.0962302684783935,-0.0968261957168579,0.1090442314743995,-0.1138043701648712,-0.064038798213005,0.102936141192913,0.0130321029573678,-0.0844889134168624,0.1302291750907898,0.0513806901872158,-0.0795315653085708,-0.1484381556510925,0.0352608039975166,0.1477051973342895,-0.0332875773310661,0.096343919634819,-0.0761692970991134,-0.0425912179052829,-0.0193492881953716,-0.0011043788399547,-0.066905565559864,-0.1266101449728012,0.062898963689804,-0.0084361601620912,0.1344093829393386,-0.0720097944140434,0.1051966473460197,-0.0277177020907402,0.0526576191186904,-0.1169779375195503,-0.0391622707247734,0.1380766779184341,-0.1212671995162963,0.0376107990741729,-0.0571156591176986,0.1497950553894043,-0.0660162195563316,0.1028155013918876,0.0981831401586532,-0.1448070108890533,-0.1016402170062065,-0.0513521879911422,-0.0410930439829826,-0.0518220774829387,-0.1112608313560485,-0.1356006562709808,0.0303341317921876,-0.118191123008728,-0.0045672911219298,-0.1058456674218177,0.0463210679590702,-0.0270602442324161,0.1520799845457077,0.1658450067043304,0.1550598293542862,0.0062146270647645,-0.1215595602989196,0.121653564274311,-0.0547952093183994,-0.1172316670417785,-0.0179609898477792,0.0576457604765892,0.0914600417017936,0.028567986562848,-0.1349948346614837,-0.0873577073216438,-0.156920313835144,0.0116129452362656,0.0596173517405986,-0.0488022305071353,-0.112315647304058,0.0115291830152273,0.0631518363952636,0.0203291419893503,-0.0040429513901472,-0.0076335435733199,-0.0802587494254112,0.0232463143765926,0.0700881034135818,0.0814865827560424,-0.0125429676845669,-0.1074280515313148,0.1406191438436508,0.1580774039030075,-0.0575368031859397,0.087273322045803,-0.1213505715131759,0.0483610108494758,-0.0483655706048011,-0.1408482640981674,-0.0784685015678405,0.1154116541147232,-0.035055749118328,0.1747401654720306,0.0090473983436822,-0.0413730219006538,0.103286437690258,-0.1514225602149963,0.0767870247364044,-0.0695294514298439,0.0009246665867976,0.0153425429016351,-0.0737215802073478,-0.0379627607762813,-0.0536175779998302,0.0078815342858433,0.1117645055055618,0.0526080690324306,-0.0070281359367072,-0.0404144152998924,-0.0528130009770393,0.0277880895882844,-0.080145463347435,-0.0534988678991794,-0.0430982261896133,0.1544890999794006,0.0487322583794593,-0.1326535046100616,-0.0778915658593177,0.0585083067417144,-0.07320386916399,-0.1288276314735412,-0.0291778352111578,-0.1540621668100357,0.0604248121380806,-0.0873857513070106,-0.0565968081355094,0.0701788887381553,-0.1361929774284362,0.0939246639609336,-0.0740479528903961,-0.1102443635463714,0.1242460086941719,0.0285126827657222,-0.0502405427396297,-0.13006292283535,-0.1185855269432067,0.0872969999909401,0.0171535089612007,0.0062417071312665,0.0670565813779831,-0.1305364221334457,0.0239986032247543,-0.0572520159184932,0.0760281756520271,-0.0205958615988492,0.066163346171379,0.0222542397677898,0.1500632464885711,0.0253912154585123,0.0657601207494735,0.0710295885801315,-0.0212002415210008,-0.0952869653701782,-0.1047163009643554,0.1270549446344375,-0.1327912509441375,0.1492829918861389,-0.0827590823173523,0.1489477902650833,-0.0901882499456405,0.120938241481781,-0.0658674761652946,-0.0346244312822818,-0.1484741270542144,-0.0277687143534421,0.0077834771946072,0.0269586443901062,0.1064124032855033,0.1738897860050201,-0.0015251238364726,0.0520355217158794,-0.0685231760144233,0.028234165161848,0.0425945147871971,NNZAJHWGMAZTPB-UHFFFAOYSA-N,CNCc1nnc(C2CC2)n1C
0.0800092071294784,0.0439654998481273,0.1062095016241073,0.1037220433354377,0.0870722979307174,0.0524579174816608,-0.106147363781929,0.0087130516767501,0.1046926602721214,0.0769014209508895,0.1051522865891456,0.0117407785728573,0.1061450317502021,0.1017717868089675,0.0589043721556663,-0.0878746509552002,0.0615116506814956,0.0435536801815032,-0.1061471924185752,0.1063646078109741,-0.0901971608400344,-0.1034749969840049,0.1008347570896148,-0.0806473046541214,-0.0956608727574348,-0.1058512181043624,-0.1063334047794342,0.0297246910631656,-0.0471919514238834,0.0769863203167915,0.0097917327657341,-0.1007844358682632,-0.0367308259010314,-0.1062159836292266,-0.1061523854732513,0.0771573632955551,-0.0873241275548935,0.1060239449143409,-0.1057903543114662,0.0950985848903656,-0.1063634157180786,-0.1057841330766677,-0.0996305346488952,0.0621579885482788,0.0935387760400772,-0.0572596415877342,0.0941970497369766,-0.1043414026498794,0.0851624608039856,-0.0707231983542442,0.0979367196559906,-0.0466837957501411,0.0047478494234383,0.1057853624224662,0.104611650109291,0.1049604713916778,0.0996321886777877,0.1044358909130096,-0.1061761230230331,0.1054684817790985,-0.1062561273574829,0.1057633161544799,-0.02692511677742,0.1048119589686393,0.0786924734711647,-0.086837887763977,-0.1058091148734092,0.1038308516144752,0.0503823012113571,-0.079602763056755,-0.0325165912508964,0.106362260878086,0.0986715406179428,-0.1057105883955955,0.1004615724086761,-0.1063559874892234,-0.0670666694641113,-0.1063139885663986,-0.1062513962388038,-0.0267999917268753,0.004168287385255,0.1027017906308174,0.1063481122255325,0.0570029392838478,-0.0826432481408119,0.1031215041875839,0.0890465006232261,0.1041125580668449,-0.105392999947071,0.1022304520010948,-0.0110845817252993,-0.0726436749100685,-0.0954270288348198,3.88159642170649e-05,-0.1063581258058548,0.1063141003251075,-0.1034382134675979,0.0782783254981041,0.0870248973369598,0.1037019193172454,0.0411703437566757,0.1035748273134231,0.1030088365077972,0.1063525229692459,-0.034998670220375,0.0622772686183452,0.1063562780618667,0.0662682801485061,-0.1036758124828338,-0.0712564513087272,0.1045807301998138,0.1063592731952667,-0.0688863322138786,-0.0976325049996376,0.1062663421034812,0.0644077509641647,-0.1039675995707511,-0.0367275066673755,0.0903112813830375,-0.1058156713843345,-0.104030892252922,0.0380273535847663,0.1042484641075134,0.1062416359782219,-0.0944915413856506,0.0906943306326866,0.0327526740729808,-0.1063422039151191,0.1085198000073432,-0.1032848209142685,0.0055536455474793,0.108370341360569,0.0475895926356315,0.1014480367302894,-0.1034707054495811,0.0543773062527179,-0.0268297269940376,0.0887344852089881,0.1083440482616424,0.1048596426844596,-0.1060703545808792,-0.0625309944152832,0.016623705625534,-0.0786121264100074,0.0088507570326328,0.0907831117510795,-0.106724739074707,-0.1081430241465568,-0.0254075117409229,0.1069939211010932,-0.0294631663709878,-0.0106365093961358,-0.1084431633353233,0.1081563383340835,-0.107695922255516,-0.0056603662669658,0.1017370149493217,0.0177837833762168,0.0211935117840766,-0.0961034819483757,-0.1056413799524307,0.0883124768733978,0.1047392860054969,0.074823074042797,-0.0945954993367195,0.0644190460443496,-0.105719931423664,-0.1048198714852333,-0.0099199879914522,-0.1008743569254875,-0.1085150092840194,-0.1080547496676445,0.0859504789113998,-0.1083333194255828,-0.0329500548541545,0.1023847684264183,-0.1063230112195015,0.1085186228156089,0.1079616695642471,-0.1063632667064666,-0.1083640232682228,0.1072744131088256,0.0805360525846481,-0.0851092115044593,-0.0680773481726646,0.0995854660868644,-0.0800715014338493,-0.0017020566156134,0.1083742454648017,-0.1073523834347724,-0.0966597124934196,0.1077973693609237,0.1023083701729774,0.1052476912736892,-0.0795240253210067,-0.0763132572174072,-0.0917400047183036,0.1076784878969192,0.1029309928417205,-0.1070591881871223,0.1082122772932052,0.0055524315685033,-0.1033949851989746,0.060948260128498,-0.1066784784197807,0.0666138902306556,0.1076642051339149,-0.0993221700191497,-0.0740572661161422,-0.0848850011825561,0.1003423109650611,-0.0125434016808867,0.0104378387331962,-0.0296666733920574,0.1083974093198776,0.0852400809526443,-0.1084761545062065,0.1023429483175277,-0.1077171489596366,-0.1082808524370193,0.0162297803908586,-0.1044663190841674,0.0019278750987723,0.1031866818666458,0.0047038458287715,0.1083372607827186,0.0069558122195303,-0.0899602770805358,0.0950179398059845,-0.0430799759924411,0.048918642103672,0.106904499232769,-0.1038694381713867,-0.09108567237854,-0.1085265055298805,0.0352945365011692,-0.1013141646981239,-0.1059063971042633,0.0755499079823494,0.1019039154052734,0.0172094758599996,0.0546760894358158,-0.1083362475037574,0.100890077650547,-0.0747220665216445,0.0058872560039162,0.094541810452938,-0.1083764284849166,0.1080196574330329,-0.1053649187088012,0.0947035029530525,0.1071787849068641,0.1058650538325309,-0.1068966016173362,-0.1048653796315193,0.1054305806756019,0.0649415180087089,0.0984303653240203,-0.0134393712505698,0.0130206644535064,-0.1034402251243591,-0.1038123741745948,0.0964328572154045,-0.076309248805046,-0.088516965508461,-0.1027198433876037,0.1038066074252128,-0.0968080684542656,-0.1038139909505844,-0.1038131862878799,0.0964883491396904,-0.0401212610304355,0.0943459197878837,0.1038132533431053,-0.101239874958992,-0.1034815534949302,-0.0921403542160987,0.1025458723306655,0.0142763406038284,0.1037952750921249,0.0785035118460655,0.0385769046843051,0.103740856051445,0.1020967811346054,-0.0983617976307869,0.0971225798130035,-0.1034310385584831,-0.1037792265415191,0.101742036640644,-0.1031640172004699,0.1036499664187431,-0.0885055288672447,-0.1037357375025749,-0.1034977808594703,-0.090351216495037,-0.0551457405090332,-0.0962993502616882,0.0851179882884025,0.1038077175617218,0.0576516687870025,0.1017281115055084,0.0959526374936103,-0.0613853745162487,0.0465735383331775,0.07831621915102,-0.0460215508937835,0.0940964818000793,0.0929515436291694,-0.1014418229460716,0.1029596328735351,-0.0949130952358245,-0.0875753089785575,0.029149992391467,-0.0110710375010967,0.0023820411879569,-0.0507517158985137,0.0127173103392124,-0.1037528067827224,0.1037397980690002,-0.0155995553359389,0.1034164428710937,-0.078282281756401,-0.0853441059589386,0.0958875641226768,0.1037920415401458,0.1030121743679046,-0.1026850491762161,-0.065201923251152,-0.1008153706789016,0.1036775857210159,0.1038037240505218,-0.1036495268344879,-0.1023949533700943,0.1038111224770546,-0.0644605159759521,-0.1037483364343643,-0.0760876238346099,0.0657846927642822,0.1032918989658355,-0.1037749126553535,-0.1033391281962394,-0.1036602407693862,0.1006716042757034,-0.0982297658920288,-0.0973016619682312,-0.0964677333831787,0.0262963902205228,0.1011140123009681,-0.1036865562200546,0.1010997742414474,0.0315626822412014,-0.1038065329194068,-0.1000483110547065,0.1036493256688118,0.1037189736962318,-0.087653063237667,-0.1038136184215545,-0.0822790265083313,-0.0658314079046249,-0.0597835257649421,-0.1038131788372993,0.1038100719451904,-0.1036030650138855,0.1036531627178192,0.0514793097972869,0.0608348585665226,0.0585789047181606,0.1002868339419364,0.0877810716629028,0.1038124784827232,-0.0504408031702041,-0.101878710091114,-0.0639042481780052,-0.1038109585642814,0.103813998401165,0.1028599515557289,-0.0631845742464065,-0.0994704440236091,0.0774899274110794,0.0113906301558017,0.1032277941703796,0.0325282588601112,-0.0791266858577728,0.0671980902552604,0.0609141886234283,0.0372808091342449,-0.1020167171955108,-0.0229992847889661,-0.044430274516344,0.0364870727062225,-0.1144951954483985,0.1172975897789001,0.0424148514866828,-0.1259590238332748,0.1309751868247985,-0.080053798854351,0.1219549775123596,-0.1170606017112732,-0.04580694809556,-0.1139298677444458,-0.0556562468409538,-0.093006245791912,0.0053437952883541,0.0346674807369709,-0.004482639953494,0.1143822222948074,-0.1179470047354698,0.0658763796091079,0.1353532671928405,-0.026491804048419,-0.1502939909696579,-0.0013830140233039,-0.1259581297636032,-0.1273244619369506,0.0088119506835937,0.1241922825574874,-0.1224391609430313,0.0925609171390533,0.135894626379013,-0.1097365692257881,-0.0133754881098866,-0.1790113747119903,0.092836357653141,0.0326868891716003,0.0857862308621406,-0.1588629782199859,-0.1303342133760452,0.0762063041329383,0.0304603669792413,0.099028892815113,-0.0054238005541265,-0.0512549430131912,0.0060507631860673,0.0832510590553283,0.0638937428593635,-0.0748048797249794,0.0456109717488288,0.1366614401340484,-0.026119040325284,-0.1061728671193122,-0.073612056672573,0.0076094134710729,0.1202759146690368,0.0908158645033836,-0.168277621269226,-0.050048004835844,0.1148111149668693,0.0502868592739105,0.0971088632941246,-0.1095705404877662,-0.0540496669709682,-0.0482070073485374,-0.0396250113844871,0.0615356564521789,0.0273923110216856,0.0399755649268627,-0.1081059202551841,0.1346965730190277,-0.1698760837316513,0.0584809556603431,0.0372547358274459,-0.1438960582017898,-0.1241916492581367,-0.1098382249474525,0.0296854898333549,0.132701888680458,-0.0585627891123294,-0.1943755000829696,-0.1117964759469032,-0.0420073978602886,0.0402554795145988,0.1135615333914756,-0.0312898866832256,0.0487297251820564,0.1057350784540176,-0.052827663719654,-0.102850392460823,0.0104977656155824,-0.0370256341993808,-0.0099181430414319,0.0750374943017959,0.091401107609272,-0.0268875993788242,-0.0049787666648626,-0.0225503891706466,0.0538821630179882,-0.0180618520826101,0.0557540729641914,-0.0839987769722938,0.0312859304249286,-0.1116286814212799,-0.0534490905702114,0.0623413510620594,0.1381450891494751,-0.1032066196203231,-0.0655414685606956,0.0616310387849807,0.0590555407106876,0.0489564277231693,0.0655829980969429,0.0770716667175293,0.1041665375232696,-0.0795836746692657,0.0853779688477516,0.0643118843436241,0.0073565081693232,0.1226666122674942,-0.0759093016386032,-0.0996512919664383,-0.0311368498951196,-0.1380974501371383,0.0168835893273353,-0.141889214515686,0.1032449007034301,0.1540950685739517,-0.1014945283532142,0.0398728996515274,0.1480964422225952,0.1467701494693756,0.055000465363264,0.1119208186864852,-0.0811358615756034,0.0058174803853034,-0.1187240481376648,0.1414107531309127,0.0605923011898994,0.0739948228001594,-0.1559498161077499,0.1269486844539642,0.0668345987796783,-0.0382747650146484,0.0020740653853863,-0.0382043309509754,-0.0789009630680084,-0.1033125966787338,0.0391745716333389,-0.1404406130313873,0.1514187455177307,-0.1560231149196624,0.0112088983878493,-0.1287119090557098,0.1310044378042221,0.0146873388439416,0.1400769501924514,0.0458631962537765,0.0066947876475751,-0.0459426864981651,0.00070193054853,0.0439024977385997,-0.1211851090192794,0.0429675728082656,-0.0410867221653461,-0.0234285239130258,-0.0390263833105564,-0.0810252279043197,-0.0618339367210865,-0.0457748696208,0.0113450391218066,-0.0015799512621015,0.0200161896646022,0.0608501099050045,-0.1371648758649826,0.1278030723333358,0.0416501834988594,0.0943429544568061,0.0232428163290023,0.1342055797576904,-0.1011825203895568,0.0094453310593962,0.0200203210115432,0.1487452238798141,0.0075335255824029,0.0192877165973186,0.0327864699065685,-0.060939647257328,0.094884879887104,-0.023196130990982,-0.0875019058585167,-0.0445687472820282,0.0634915605187416,-0.0189111158251762,0.084679327905178,-0.0560248121619224,-0.0819911584258079,-0.1177979633212089,-0.018817963078618,0.1397053748369217,-0.0528848692774772,0.072495199739933,-0.0099445935338735,0.017194278538227,-0.011015691794455,-0.0415329150855541,-0.0405764952301979,-0.0334570445120334,-0.0496538877487182,-0.0335646793246269,-0.1161111742258071,0.1223137602210044,-0.0181210041046142,-0.052864421159029,0.1488835513591766,0.0996152237057685,-0.0795617029070854,-0.1172362938523292,1.520208843430737e-05,0.144386738538742,-0.0689597129821777,0.0787990391254425,-0.144424095749855,0.0011834712931886,0.0855412781238555,0.0043019340373575,-0.0870101898908615,-0.0689944475889206,0.1151863560080528,-0.0951007828116417,0.0992859452962875,0.0308380015194416,0.0905243307352066,0.0695511624217033,0.0101865837350487,-0.1495612412691116,0.0196008961647748,0.16139617562294,-0.1350292712450027,0.0235712956637144,-0.0115655837580561,0.1702688932418823,-0.1403164118528366,0.0204658042639493,0.0588199943304061,-0.125585988163948,-0.059450227767229,-0.1034494712948799,-0.0472166165709495,-0.0716183930635452,0.0999206230044364,-0.1418032646179199,0.1051943227648735,-0.10390006005764,0.0059468797408044,0.0547358132898807,0.1127765774726867,-0.1028585210442543,0.034136239439249,0.0558834299445152,0.1706215441226959,-0.0588481798768043,-0.1009468659758567,0.0985956788063049,0.004622075241059,0.0005164499161764,-0.0759346932172775,0.0125408479943871,-0.0046712751500308,0.0318262614309787,-0.1328310072422027,-0.146483227610588,0.0340136364102363,-0.0536533035337924,0.1302448064088821,-0.0558515414595603,-0.1688450127840042,0.0760380625724792,0.0325964093208313,0.1303839981555938,0.0402463041245937,-0.0469419844448566,-0.0859661996364593,-0.1104404330253601,0.1133917197585105,-0.0225377213209867,0.0297259669750928,-0.0255713276565074,0.1348131746053695,0.120635412633419,-0.0118893226608634,0.0825001895427703,-0.045433722436428,0.0800260752439498,-0.0772210508584976,-0.0552111789584159,-0.1245335564017295,0.0901290923357009,0.0585905760526657,0.1733230054378509,-0.0115955704823136,-0.0811921507120132,0.1400441229343414,-0.0604920424520969,0.0750877782702446,-0.114029586315155,0.1182695627212524,-0.0421580746769905,-0.0420847460627555,-0.0795564502477645,-0.0592120140790939,-0.0399396270513534,0.1222347244620323,0.1007625311613082,0.0602126196026802,0.0382105968892574,0.0226380974054336,0.085839033126831,-0.1470777541399002,0.060302697122097,0.0351585336029529,0.096669502556324,0.0900209322571754,-0.1386379450559616,0.0165737867355346,0.1000183001160621,0.1002233177423477,-0.1326093226671219,-0.0371308922767639,-0.0867929980158805,-0.1252785325050354,-0.085486926138401,-0.0902939513325691,0.1282303482294082,-0.0367664471268653,-0.0207114685326814,-0.037150427699089,-0.1518760025501251,-0.0721964910626411,0.0948034897446632,0.0344173647463321,-0.1149938777089119,0.0584848970174789,0.1064755693078041,0.1040566116571426,-0.0098424423485994,0.0214263778179883,-0.0237474981695413,0.0516119338572025,0.0418912172317504,0.0313127152621746,-0.0047684498131275,0.0513990111649036,0.0730552896857261,-0.026777459308505,0.027492431923747,-0.0210960283875465,0.1228222548961639,0.0272108819335699,-0.1172729283571243,-0.1084601357579231,0.0127500323578715,-0.152239441871643,0.0844659060239791,0.0407473295927047,0.1583899408578872,-0.1047171279788017,0.153681606054306,-0.1220783069729805,0.0390612594783306,-0.1160042583942413,-0.0960651114583015,0.080520249903202,-0.0608538575470447,0.1063841804862022,0.1687387079000473,-0.045805100351572,0.0922647193074226,-0.1321257054805755,0.0789671689271926,0.065667062997818,LPBVHAMFJLKBCE-UHFFFAOYSA-N,CN(C)C(CNC(=O)c1ccc(O)nc1)c1ccsc1
-0.0565609596669673,-0.0941065549850463,0.1068248823285102,0.1068164706230163,-0.0175402965396642,0.0617726892232894,0.1060149371623992,0.0786161348223686,-0.1064343377947807,-0.07354037463665,-0.1068045273423194,-0.1068528592586517,0.0096116513013839,0.0993658229708671,0.1068378239870071,-0.0536067895591259,-0.1050767078995704,0.0687185898423194,0.1067584380507469,0.0033786206040531,-0.0969163700938224,-0.0434980317950248,-0.0195006467401981,0.089739941060543,-0.0972634702920913,0.0250653382390737,-0.1051791831851005,-0.0240604504942893,-0.1057174727320671,0.0854682326316833,-0.0606425814330577,0.0684327557682991,-0.0864074006676673,0.105545736849308,-0.0441674478352069,0.1062117591500282,-0.1034443005919456,0.0875176936388015,0.1065232679247856,0.0752826631069183,0.0591177269816398,-0.1068640127778053,0.0856107547879219,-0.087122805416584,0.1067122966051101,0.1068461611866951,-0.0497769825160503,0.1068643704056739,0.1068629994988441,0.097572922706604,-0.1060641780495643,0.1017731800675392,-0.1068181619048118,0.0987117961049079,-0.106781855225563,-0.1014540717005729,0.1068636253476142,-0.1065305396914482,0.0434792935848236,-0.0851334333419799,-0.1051384583115577,-0.1068643704056739,-0.099238783121109,-0.1067209690809249,0.0437086299061775,-0.1025200337171554,-0.0706963613629341,0.0735440626740455,0.1068643704056739,0.1059183031320571,0.1049152314662933,0.1025102064013481,-0.0954276919364929,0.0096537386998534,0.1068436652421951,0.1059249266982078,-0.0560783445835113,0.0626167505979538,-0.0980105325579643,0.106034331023693,0.0157593842595815,-0.1066029518842697,-0.09268369525671,0.1034979373216629,0.0186187140643596,0.106615163385868,-0.0592836290597915,0.0936350375413894,0.1068333610892295,0.0996700972318649,0.0887020528316497,-0.1067773401737213,0.0952301993966102,0.0687627866864204,0.1066393703222274,-0.080993466079235,0.060945626348257,-0.1068637892603874,-0.0473392195999622,-0.044022936373949,-0.1061931252479553,-0.0389269366860389,-0.1068635582923889,-0.0936582535505294,-0.1067040264606475,0.0038349630776792,0.1054021194577217,-0.1068622320890426,0.10576793551445,0.0751355811953544,0.0261631626635789,0.106449544429779,0.0827144458889961,-0.1055519059300422,-0.0955384746193885,-0.1068643480539321,-0.1035578921437263,-0.1068642139434814,-0.0891117453575134,-0.0261131692677736,-0.1063291504979133,-0.0713260695338249,0.1022668331861496,-0.1014633923768997,-0.072788693010807,0.0129307452589273,0.0906917080283165,-0.0184790957719087,0.1066220179200172,0.0576364807784557,-0.1049080118536949,-0.1080246344208717,0.0176956746727228,-0.0114014530554413,-0.1084839180111885,0.0362187139689922,-0.1082856357097625,-0.1079672127962112,-0.0994616970419883,0.1051104813814163,-0.1082998141646385,-0.0521145164966583,-0.1084854826331138,0.0198871605098247,0.1084662228822708,0.1060726568102836,-0.0580233894288539,-0.0835822075605392,-0.1043629422783851,0.0940435975790023,-0.1033098176121711,0.0994322001934051,0.1045382022857666,0.1083452105522155,0.0080787055194377,0.0879749506711959,-0.0849994495511055,-0.1019225418567657,0.1084855422377586,-0.0049046510830521,-0.044659711420536,0.0776780098676681,-0.0752658993005752,-0.1035004407167434,-0.1084856018424034,-0.0706951022148132,0.0939267128705978,-0.0571361184120178,-0.1061801314353942,0.0951678603887558,0.1044876798987388,0.1084529384970665,-0.1069408282637596,-0.058333370834589,0.1084632277488708,0.1067776530981063,0.0275974199175834,-0.1084779947996139,-0.0489306524395942,0.108398288488388,-0.0959362089633941,-0.1068191304802894,-0.0965518355369567,-0.1069692745804786,0.0333907827734947,0.1084445565938949,0.0370871499180793,-0.027603443711996,-0.1084852889180183,0.0250450763851404,0.1020335853099823,0.0312518738210201,-0.072047658264637,-0.025006866082549,0.1083211302757263,-0.1084765940904617,0.0992417335510253,-0.1005818024277687,0.1074566170573234,0.1070990338921547,-0.0967244803905487,0.0625791102647781,0.1079442054033279,0.1067659184336662,0.1060450077056884,0.1077805906534195,0.0859047323465347,0.0041665374301373,0.1063054949045181,0.1074084043502807,-0.1063244342803955,0.0891051143407821,0.1083491519093513,0.0080079855397343,0.088785633444786,0.0196126941591501,0.0278043057769536,-0.107574388384819,0.0406364016234874,0.0048425598070025,-0.0685478523373603,-0.108465664088726,-0.1084030047059059,-0.1084849685430526,-0.0508915893733501,-0.1068421527743339,-0.0914796069264411,0.061797734349966,-0.0670569986104965,0.0973095297813415,0.0009139456669799,-0.1084422171115875,-0.066642016172409,0.1083915159106254,0.0607489570975303,0.1084314659237861,0.0162674561142921,0.0821592658758163,-0.1084852516651153,-0.0812695920467376,-0.0233856309205293,0.1084352731704711,0.1033500656485557,0.0163166150450706,-0.0673486217856407,0.0706071630120277,0.1084858998656272,0.1084710285067558,0.1058568283915519,-0.0854270681738853,-0.1061490625143051,0.1082047373056411,-0.0919376984238624,0.106418177485466,0.1075519397854805,-0.1019550859928131,0.0732515677809715,-0.0884087905287742,-0.096460185945034,-0.0986905097961425,-0.1021617799997329,-0.099867470562458,-0.0869108214974403,0.0739500224590301,0.1022390648722648,0.1013280674815177,-0.1022831723093986,-0.1018285229802131,-0.1008305549621582,0.085317462682724,0.0523011498153209,-0.0003523516352288,0.0923900082707405,-0.0149794332683086,0.1021806374192237,0.0212749242782592,-0.0542505756020545,-0.0187627673149108,0.0785335004329681,-0.100873552262783,0.0054234294220805,0.0502333380281925,0.101243756711483,-0.1014696210622787,0.092554360628128,0.1022596880793571,0.1014550700783729,0.100356675684452,-0.101887434720993,-0.1019162982702255,-0.1018539816141128,-0.0925184413790702,-0.0604746155440807,0.0275402572005987,-0.0954203903675079,0.1022868603467941,-0.1011344864964485,-0.100866675376892,-0.0668993219733238,0.0991547852754592,-0.0677962303161621,-0.102066271007061,0.0914077684283256,-0.1018084436655044,0.1014169380068779,0.1014150381088256,0.1022492200136184,0.1022888571023941,0.1022888422012329,-0.1022888273000717,0.101543590426445,-0.1020640954375267,0.1022888273000717,-0.102288618683815,-0.0854587405920028,0.0994363129138946,-0.0780645683407783,0.0483754649758338,-0.1022871658205986,0.1014309972524643,0.1015012934803962,0.1021037027239799,-0.0992765203118324,0.099160149693489,-0.1022882983088493,-0.1004000306129455,-0.0915935263037681,-0.1022888422012329,-0.0874481275677681,0.0202308353036642,-0.0753812864422798,-0.0828203782439231,-0.1003525033593177,-0.1007926613092422,-0.0971590131521225,0.1022888422012329,-0.06321831792593,-0.1016294732689857,-0.1006114706397056,0.0053747380152344,0.1022631973028183,0.0089711528271436,0.1004796922206878,0.0467481464147567,-0.0799345672130584,-0.0387562699615955,0.1022872552275657,0.0027373395860195,-0.0912343189120292,-0.1020367816090583,-0.0941693112254142,-0.0893220901489257,0.1022741496562957,-0.0097698783501982,-0.1019161269068718,-0.0400389768183231,0.1018133759498596,0.1021347790956497,0.0981156453490257,-0.0136735001578927,-0.1011503338813781,0.100249096751213,0.0495431013405323,-0.1020703166723251,-0.1022888496518135,-0.1009801030158996,-0.0983550772070884,0.0878893956542015,0.0820424631237983,-0.0127721820026636,0.1021701917052269,0.102113701403141,-0.0992758050560951,0.0892430320382118,-0.1022439450025558,-0.0873898938298225,-0.1022452712059021,0.1009106859564781,-0.1019815355539321,-0.0689483284950256,-0.1015709340572357,0.0281965509057045,-0.0986264422535896,-0.0424759723246097,0.0222967192530632,0.0832737609744072,0.0908552780747413,0.102864883840084,0.0702921375632286,-0.1108605042099952,0.1037583723664283,0.1185245886445045,0.1204102858901023,-0.0812788531184196,0.1183233112096786,0.080572560429573,-0.1122771129012107,-0.1141266301274299,-0.1104069054126739,0.1036608666181564,-0.1154586151242256,-0.0385760478675365,-0.1055847182869911,-0.0823074132204055,0.0722618550062179,0.1025360673666,-0.0866112112998962,-0.0692138597369194,0.0169448312371969,0.1045444086194038,-0.1121679246425628,0.0303238146007061,-0.0456605777144432,-0.0039119259454309,-0.0349783673882484,0.0744607225060463,-0.0979795455932617,0.0961139127612114,-0.0023641954176127,0.103759542107582,0.0572497062385082,0.0002112395013682,0.1118156537413597,-0.0666287168860435,-0.0835550799965858,-0.0494681037962436,0.0033499142155051,0.097218781709671,-0.0191127322614192,-0.1101370826363563,0.0823675841093063,-0.076877161860466,0.1141213998198509,0.1063301414251327,-0.0186245217919349,-0.0142608238384127,0.1132159531116485,-0.0012092010583728,0.1056254878640174,0.1178909465670585,-0.0324390307068824,0.1076235696673393,0.0013643895508721,-0.043129276484251,-0.1178475767374038,-0.0931310877203941,0.017236728221178,-0.110831432044506,0.0641881674528122,-0.1140937507152557,-0.1113756373524665,-0.0876593291759491,-0.0431485474109649,-0.1173701435327529,-0.0867103636264801,-0.1080752536654472,0.1025425195693969,-0.1179112866520881,0.0905300825834274,0.1007568314671516,0.1148029416799545,-0.1146595031023025,0.115719698369503,-0.102818451821804,-0.0774575099349021,0.0947477295994758,0.0541532076895237,-0.1202409267425537,0.1092552840709686,0.035435564815998,0.1022202521562576,0.1206168606877327,-0.1204873025417327,-0.0277112778276205,-0.0998720303177833,0.1048777103424072,0.0543557032942771,0.114925280213356,-0.0373676232993602,0.0806444957852363,0.1197023540735244,-0.0034752942156046,0.0367805138230323,-0.0855000540614128,0.0369966216385364,-0.1173508465290069,0.1202104687690734,0.0899758785963058,0.0686096101999282,-0.1136080846190452,0.0506810620427131,-0.0967325195670127,0.0806228443980217,-0.1104037016630172,0.1049758121371269,0.0957824364304542,0.0699648633599281,-0.1185474172234535,0.0527769513428211,0.0776776522397995,-0.0075215967372059,0.0849159061908721,0.0969123840332031,0.0798602998256683,-0.0833341106772422,0.0878362581133842,0.1057979315519332,0.1209506541490554,0.0127894300967454,0.0886424854397773,0.1121442541480064,-0.0622256249189376,-0.0568178966641426,0.0460934452712535,0.1272758841514587,-0.1022135093808174,0.0938823595643043,0.0618249587714672,0.1209771186113357,0.1009406149387359,-0.0178732145577669,0.0647111684083938,-0.0189751982688903,-0.0323457345366478,0.1295951753854751,0.1105237007141113,-0.1274834424257278,-0.0678447261452674,0.0690960437059402,0.0318833030760288,-0.123846985399723,-0.0490318909287452,-0.1198403164744377,-0.1362409144639969,-0.1291277706623077,-0.0665391683578491,-0.118387758731842,0.1046916916966438,-0.1030687093734741,0.1149130910634994,-0.1395516842603683,0.0879045650362968,-0.0439500510692596,0.1267333775758743,0.118631012737751,0.0288425851613283,0.1341719478368759,0.0033010956831276,0.0271372776478528,0.0736116543412208,-0.0711371228098869,0.0806619822978973,0.1273292750120163,0.1321812868118286,-0.1152747943997383,0.0604750514030456,0.0527435652911663,-0.0395097136497497,-0.0633204951882362,0.0815810561180114,0.044603481888771,-0.0736708492040634,0.0663055256009101,0.1270564645528793,-0.0085993073880672,-0.0077850492671132,0.1023274883627891,0.002991548506543,-0.121465764939785,-0.0590724907815456,-0.0369494706392288,-0.0294328983873128,-0.0883644372224807,0.0896414518356323,0.0033901715651154,0.1051426976919174,-0.1083819270133972,-0.0160143580287694,-0.0838188901543617,0.0052928691729903,-0.104622296988964,0.1191569939255714,-0.1120957136154174,-0.0130399884656071,-0.100846990942955,0.0341856181621551,0.121436059474945,-0.1202879548072815,0.1026397198438644,0.0777676329016685,0.1166550666093826,0.1068156585097312,-0.1010495498776435,-0.0242652297019958,0.0816792771220207,0.0853132158517837,-0.0010222527198493,-0.1290228962898254,0.1252620667219162,-0.1354130953550338,-0.0230953358113765,0.1167060807347297,-0.070365235209465,0.0240066070109605,-0.1336265653371811,0.0386719591915607,0.0883201360702514,-0.047034490853548,0.0906380414962768,-0.1211944222450256,0.0388205647468566,-0.0359316691756248,-0.07158013433218,-0.0787674784660339,-0.0496469549834728,0.0735429897904396,-0.0426738150417804,0.1015496626496315,0.1051394492387771,0.0855501666665077,0.0131447464227676,-0.102106899023056,-0.1361143887042999,0.022493053227663,0.1113154366612434,-0.0271101426333189,0.062195137143135,0.0849748402833938,0.1237785518169403,-0.1228434443473815,-0.0855797976255416,0.0835565030574798,-0.0753875747323036,0.1166703626513481,-0.1222548931837081,-0.1347765028476715,0.0079895639792084,0.0542067438364028,-0.0279944501817226,-0.0850985795259475,-0.0181708727031946,0.0360870957374572,-0.0020599877461791,0.1389987766742706,0.0935323014855384,0.1542976945638656,0.1504044234752655,0.0798653289675712,-0.0632073804736137,0.0024976574350148,0.1144706010818481,-0.050170324742794,-0.1442299783229828,-0.007058247923851,0.0429599098861217,-0.0581189952790737,0.0683284699916839,-0.0871042162179946,0.0164931155741214,-0.145996019244194,-0.0181962922215461,0.0786838978528976,-0.0902328118681907,-0.0790866687893867,-0.0667654052376747,0.0897585898637771,-0.1107594445347786,-0.0086594233289361,0.0016286405734717,0.0150276208296418,0.1503153145313263,0.0216317232698202,0.0001097781860153,0.0868134796619415,0.0308218039572238,0.1195524632930755,0.0609140284359455,-0.0679864436388015,0.0345632843673229,-0.145296573638916,-0.0344501212239265,-0.0799002796411514,-0.0087323514744639,0.022980784997344,0.0857628509402275,-0.1112447082996368,0.1678191125392913,0.0410361252725124,0.0376435481011867,-0.0663582980632782,-0.0488801822066307,0.1312784552574157,0.061153870075941,-0.0050930986180901,0.1056579425930976,-0.141310304403305,-0.0250176414847373,-0.0356990359723567,-0.1290007382631302,0.0446546226739883,-0.0901781320571899,-0.1208288446068763,-0.1454793214797973,-0.0623937845230102,-0.0810790807008743,-0.000542267691344,-0.0937323868274688,0.0378050319850444,-0.0598007105290889,-0.1323936879634857,-0.0965890809893608,-0.0702099576592445,0.0456672050058841,-0.0531563311815261,-0.1137974187731742,-0.1245500594377517,-0.1549880504608154,0.0113429520279169,0.0109552824869751,0.0002752845466602,-0.0291870180517435,-0.1582013815641403,-0.0066291959956288,-0.0731078013777732,0.0362705886363983,0.1577787548303604,-0.0433778762817382,-0.1113844066858291,-0.0091721527278423,-0.1047551184892654,0.1012246906757354,0.0470629669725894,-0.0215099044144153,0.0636985749006271,-0.1423910409212112,0.0132177080959081,-0.1370918899774551,-0.1156585440039634,-0.0044528851285576,-0.1192265972495079,-0.1050051301717758,0.1672083437442779,-0.0508226566016674,-0.0796155408024787,-0.1060199439525604,0.0526955276727676,-0.1261669397354126,-0.095299407839775,0.1212902292609214,-0.0853652656078338,0.1273321807384491,-0.1208153888583183,0.1431145668029785,-0.0275222547352314,0.0530112572014331,0.032338760793209,-0.0799455940723419,-0.0185165796428918,-0.1161959394812583,-0.1121849417686462,0.0481507629156112,0.0256962329149246,0.1571438908576965,0.1021928563714027,-0.0019871774129569,-0.0906659290194511,-0.0909446254372596,-0.0180421154946088,NRPSVMBKAQGAHH-UHFFFAOYSA-N,CCN(C(=O)CSc1nnc2c3cc(-c4ccc(OC)cc4)nn3ccn12)c1ccccc1
-0.0476183667778968,-0.1057093515992164,0.1057079508900642,0.1059787794947624,0.0689752176403999,-0.0307284761220216,0.0945444256067276,-0.0776488855481147,-0.0974852740764617,-0.0986545085906982,-0.0337116867303848,-0.1054524406790733,0.0791724249720573,0.0981281101703643,0.1058607548475265,0.0872611328959465,0.0330010615289211,0.0738043636083602,0.1058298572897911,0.1058482155203819,-0.0461404509842395,-0.1053599193692207,-0.0929703563451767,0.0103092947974801,-0.091078020632267,0.0815814286470413,-0.1059328392148017,-0.1039080768823623,-0.1052353680133819,0.1018849536776542,-0.04184016212821,-0.0564582087099552,-0.0987841188907623,0.1053059995174408,-0.1059137284755706,-0.0956258177757263,-0.0060838828794658,0.1042045205831527,0.0834651812911033,-0.0933824926614761,-0.0292335376143455,-0.0899167880415916,-0.0072033363394439,0.1027995869517326,0.1057731136679649,0.1038763895630836,-0.0827899426221847,0.1001323536038398,0.1058198735117912,-0.0994907096028328,0.1032084003090858,0.1058907061815261,-0.1059748530387878,0.1058009788393974,-0.0852790176868438,-0.0738638341426849,0.0978261977434158,-0.1037014052271843,-0.0996338874101638,0.0933796986937522,0.0643670037388801,-0.105586476624012,-0.0023052436299622,0.046997919678688,0.1044170036911964,-0.1058746576309204,-0.0824770927429199,-0.080681100487709,0.1059653013944625,0.0829047113656997,0.059691060334444,0.1054809689521789,0.072265587747097,-0.1054455414414405,-0.0504516214132308,0.1054186820983886,-0.0746633037924766,0.1034775450825691,-0.0951668843626976,0.0143617112189531,-0.0584895201027393,-0.0549497827887535,-0.0996565371751785,0.089635819196701,0.081460565328598,0.1058714613318443,0.105571761727333,0.1033461168408393,-0.0775922983884811,0.0759284794330596,0.1007636487483978,-0.1043189838528633,-0.0056739822030067,-0.0147480834275484,-0.1039469465613365,0.0643487274646759,-0.0986239984631538,-0.0986397340893745,-0.0710264444351196,0.0817803516983985,-0.105228379368782,0.0980305671691894,-0.1048642322421073,0.0540727227926254,-0.0368443913757801,0.0507482998073101,0.1054634675383567,-0.0937706604599952,0.1036135554313659,-0.0736700892448425,0.104759968817234,0.0595498830080032,0.0990218892693519,-0.1057466343045234,0.0793414637446403,-0.1058104783296585,-0.1026984229683876,-0.1006062552332878,-0.1039089038968086,0.1030462533235549,-0.1008165404200553,0.09014842659235,0.1011920943856239,0.1045915111899375,0.0251289680600166,-0.1004836186766624,0.0643016993999481,-0.1054239124059677,0.1018795594573021,0.1018571853637695,-0.0973881483078002,-0.057244062423706,0.0565088652074337,0.102628543972969,-0.1029678210616111,-0.1025542616844177,0.1029802337288856,-0.0936862975358963,0.0560273900628089,0.0770646259188652,-0.1030277758836746,-0.1030497327446937,-0.1023656949400901,-0.0981067195534706,0.0975624546408653,0.1027785837650299,-0.1013723313808441,-0.1012483611702919,-0.1023317873477935,0.1025972217321395,0.0097040990367531,-0.0652603656053543,-0.0676338821649551,-0.06537726521492,0.0941092744469642,0.1029132232069969,-0.0829161778092384,-0.0946511104702949,0.093213565647602,-0.102983608841896,0.0883895233273506,0.1028432920575141,0.1030450537800788,-0.1025936901569366,-0.0962816849350929,-0.1030447408556938,0.098664566874504,0.1029495671391487,-0.0745127722620964,0.0967271775007247,0.102970652282238,-0.0997000336647033,-0.0924676209688186,-0.1030469983816146,0.1030125841498375,-0.1018377393484115,-0.102542370557785,0.0180370975285768,0.0292845461517572,-0.0407126955687999,-0.0470719002187252,-0.1030449420213699,-0.0682765245437622,-0.0631478354334831,-0.1027661338448524,-0.099266916513443,0.0985249280929565,-0.0932147204875946,-0.1030470952391624,0.0009693579631857,-0.091310329735279,-0.0949078649282455,0.1007993817329406,-0.0367517210543155,0.1013075411319732,-0.1020203307271003,-0.0886562839150428,-0.1029960438609123,0.0152687644585967,-0.0649614557623863,-0.102874755859375,-0.1027497723698616,0.1021456941962242,-0.1020290106534957,0.0219397973269224,0.099991887807846,0.1028408855199813,-0.1025535836815834,0.0857221484184265,0.1019487679004669,0.1018656715750694,-0.0805007442831993,0.0249765757471323,0.100317008793354,-0.1019354090094566,-0.0742592141032219,0.0979565978050232,0.1009905934333801,0.0533808767795562,0.0210131835192441,-0.0478419177234172,0.1022901311516761,-0.049373123794794,-0.1030066013336181,0.0616989396512508,-0.1030438095331192,-0.0620902106165885,0.0436521470546722,-0.0001114607948693,0.1028340086340904,0.1020010262727737,0.055455707013607,0.0409047566354274,-0.0859110727906227,-0.0074877422302961,0.1030396670103073,-0.1009684056043624,0.0939897149801254,-0.1030481457710266,-0.0995466783642768,-0.1008180826902389,0.1029821261763572,0.0330551639199256,-0.1028185114264488,-0.0768469795584678,-0.1030138805508613,0.0994652211666107,0.1030319035053253,0.0854339152574539,0.0950792804360389,0.1019737422466278,0.0263872016221284,-0.0960758775472641,-0.1025227680802345,0.0773824602365493,-0.1029436588287353,-0.0399508289992809,-0.1058947890996933,0.1057445853948593,-0.1059569418430328,0.1054209023714065,-0.1046875044703483,0.0613495670258998,-0.1053785905241966,0.0623129270970821,0.0023875976912677,0.0603803843259811,-0.1001595929265022,0.09951963275671,-0.0885287970304489,-0.0838311910629272,0.0998906269669532,0.0964584872126579,0.0039220033213496,0.0628438740968704,0.1024422124028205,-0.0417844429612159,-0.1045823320746421,0.1045166924595832,-0.0914892256259918,0.0738767907023429,0.0855590775609016,0.1049993857741355,0.0783278718590736,0.1044189855456352,-0.0639578178524971,0.1055078953504562,-0.1050180867314338,-0.0097024124115705,-0.0952174961566925,-0.1038796007633209,-0.0963072478771209,-0.0860523357987403,-0.1055822148919105,-0.0946447476744651,-0.0984174013137817,0.1049148142337799,0.1013629958033561,-0.0620103515684604,-0.1046672537922859,0.0901167467236518,0.0494923405349254,-0.0772242620587349,-0.1012697964906692,0.105167232453823,0.0351490415632724,0.1044521182775497,0.0981420427560806,-0.104577749967575,-0.1008235365152359,0.0862126424908638,0.0985489413142204,0.1015846580266952,-0.1057010516524314,-0.0960791781544685,0.1057222932577133,-0.1048527956008911,0.1048697829246521,0.1042621508240699,0.0829100906848907,0.0118037890642881,-0.0081551279872655,0.1008564829826355,0.1013659909367561,-0.0159848071634769,0.0367177352309227,-0.1043780148029327,-0.1021704524755477,0.0234364382922649,0.1059719771146774,0.0099112708121538,-0.1059460788965225,-0.1059156954288482,-0.0966158807277679,-0.0780641734600067,-0.0417808331549167,-0.1058110818266868,0.1051851585507392,-0.1057567000389099,0.0746983364224433,-0.1039230078458786,-0.0784399956464767,0.0922418609261512,-0.0970128923654556,-0.0237535405904054,0.1055991947650909,0.1059754937887191,-0.0674646869301796,0.085574097931385,-0.1038006395101547,0.0646485462784767,0.0512926280498504,-0.0991464629769325,0.0668050944805145,0.0833668187260627,-0.1059197261929512,-0.0993769094347953,0.1004437282681465,0.0668928623199462,0.0604893527925014,0.105810560286045,-0.0903253704309463,-0.1055085659027099,0.0003615173627622,-0.1051874756813049,0.0724732056260109,-0.0230207052081823,0.0371978804469108,0.0648799985647201,-0.1057593449950218,0.1059345379471778,-0.1045969277620315,-0.1045223325490951,-0.1013817191123962,0.1059556603431701,0.0849175527691841,-0.1053560301661491,0.0899888947606086,-0.0899296104907989,-0.076687291264534,-0.1054893210530281,-0.0685806721448898,-0.0569819174706935,0.1028092131018638,0.0202686619013547,-0.0570192523300647,-0.0301641281694173,-0.0417836792767047,0.0068437079899013,-0.0594926998019218,0.0956212878227233,0.0046521225012838,0.1547082960605621,-0.0584196522831916,-0.043556097894907,0.0080810701474547,-0.0377402529120445,-0.0761919543147087,-0.0625538155436515,-0.071020133793354,-0.2043010294437408,0.0552742183208465,0.1191944330930709,-0.0430326089262962,0.0684731677174568,0.1171242147684097,0.1150312274694442,-0.0007659084512852,0.0823225826025009,-0.0147383054718375,-0.0929949656128883,0.0559519305825233,0.0841936692595481,-0.0959101542830467,0.0671995431184768,0.1357115507125854,-0.1028197258710861,0.0630560889840126,0.1241012439131736,0.0404973477125167,0.0131041165441274,0.0087026674300432,0.1495462208986282,0.1020299866795539,0.1206495016813278,0.0150085631757974,0.1611047238111496,-0.102603830397129,0.0478222891688346,-0.0814154371619224,-0.0204407703131437,0.0571664944291114,0.0442784614861011,0.1033725664019584,-0.0135890580713748,0.0037457426078617,0.0909315645694732,0.0700631514191627,0.0051676267758011,-0.0161114390939474,0.01333874091506,0.1604031473398208,-0.002490110695362,0.1851045191287994,-0.0452794581651687,-0.1024011373519897,0.0746988356113433,-0.1516223698854446,0.161764845252037,-0.0280954986810684,0.025316122919321,-0.0687908008694648,0.1266869902610778,0.0164654273539781,-0.0468828827142715,0.0238410383462905,-0.0051367552950978,-0.1427347958087921,-0.0522484891116619,0.0206856075674295,0.0951266065239906,-0.0191712155938148,-0.0705785453319549,-0.0624792128801345,0.0312055610120296,0.1045451015233993,-0.063733696937561,-0.176168605685234,0.0830606073141098,0.1267063617706298,-0.0913167223334312,0.2053148746490478,0.1016380563378334,0.0650897100567817,0.0317558757960796,0.1667511016130447,-0.0174111519008874,-0.0223527308553457,-0.0517599284648895,-0.0458493493497371,0.1501157879829406,0.0270253699272871,-0.0260813981294631,-0.1298519670963287,-0.0734840780496597,0.0186568405479192,0.1309907585382461,-0.116530567407608,-0.0711455196142196,0.002930651186034,0.122098833322525,-0.0848759710788726,0.159896120429039,-0.0774185359477996,0.0480857864022254,0.0781657397747039,0.0475549660623073,0.0059902211651206,-0.1534422188997268,-0.0340079292654991,0.0068970150314271,0.0550173670053482,-0.1243256703019142,-0.1322142481803894,-0.0871240869164466,0.0420694500207901,0.0206260569393634,0.0207284446805715,-0.0689584985375404,-0.1247072368860244,0.1670345962047577,-0.0173375625163316,-0.1228155568242073,0.108877308666706,0.1393602937459945,-0.1078378036618232,0.1195003688335418,0.1266052573919296,0.151051789522171,0.0185967274010181,0.1297716349363327,-0.0052960775792598,0.0225275699049234,-0.0606681033968925,0.0720227360725402,0.0901859626173973,0.086197517812252,-0.1212042570114135,0.0731223002076149,-0.1100148186087608,0.0953864753246307,0.1074262633919715,-0.0162311252206563,-0.0838400647044181,-0.0724368691444397,0.0316006503999233,-0.144182488322258,0.1466045528650283,-0.1077925935387611,-0.0591124333441257,-0.0576755367219448,0.1341170221567154,0.1121565848588943,0.1166140511631965,0.0695816725492477,0.0187428593635559,-0.1255537718534469,0.0168879963457584,0.1182901710271835,-0.0998033806681633,0.0803384184837341,-0.0304112806916236,-0.0790590569376945,0.0895238667726516,-0.0737008526921272,-0.0750629156827926,0.0114797977730631,-0.0392623171210289,0.0191613249480724,-0.0868316292762756,-0.129713237285614,-0.0890097618103027,0.1117266193032264,0.0620663166046142,0.1426383852958679,-0.0830265954136848,0.095179907977581,-0.079947181046009,-0.004965950269252,0.0904654189944267,0.1339161396026611,-0.0531328432261943,-0.1283288747072219,0.0103399213403463,0.0162207763642072,0.1088421046733856,-0.1114353165030479,-0.0494258180260658,-0.0291317086666822,0.0670565292239189,0.10019201785326,-0.0031491122208535,0.0758508294820785,-0.0934507697820663,-0.0068087032996118,-0.0875195637345314,-0.0382531844079494,-0.1132621988654136,0.0740807354450225,0.0430902801454067,-0.1115827709436416,-0.045017410069704,0.0314417257905006,-0.0787737965583801,-0.1284398585557937,0.0642427578568458,-0.1175876557826995,0.0711233168840408,0.0009185203234665,-0.0635337680578231,-0.026065532118082,0.1252824515104293,0.0206498559564352,-0.0467266961932182,-0.151995375752449,-0.054315011948347,0.1547534614801406,0.0097127733752131,0.0492670312523841,0.0775810331106185,-0.0168282706290483,-0.0649256855249404,-0.0336735770106315,-0.031791653484106,-0.0898551270365715,-0.0192965436726808,0.0773091539740562,0.127480924129486,0.0031278794631361,0.0821906551718711,-0.0041008796542882,0.0946336463093757,-0.10432118922472,-0.0061125997453927,0.1470566689968109,-0.1270447373390197,0.0830233693122863,-0.1089016422629356,0.1496305465698242,-0.0941202417016029,0.1290699988603592,0.1086879521608352,-0.146508052945137,-0.0535330548882484,-0.0239848177880048,0.0187164209783077,0.0078218216076493,-0.0921011865139007,-0.1201025545597076,0.036783792078495,-0.1016302183270454,-0.0092549994587898,0.0095479218289256,0.0821059569716453,-0.0620566643774509,0.1046666949987411,0.1316715627908706,0.152882844209671,-0.0283285100013017,-0.0894228294491767,0.1038233935832977,-0.0124339628964662,-0.0031855753622949,-0.0374741666018962,0.0254579074680805,-0.0313962437212467,0.0344693437218666,-0.1318300068378448,-0.1028845831751823,0.0267854277044534,0.0968463942408561,0.1114047393202781,-0.0856855809688568,-0.0521990433335304,-0.0168895423412323,0.0152826160192489,0.0517276413738727,0.1167703568935394,-0.0239872243255376,-0.0598202273249626,0.0545362904667854,0.1464835256338119,0.0153521094471216,0.0429151430726051,-0.1381719261407852,0.1103690341114997,0.0762312561273574,0.0739419609308242,0.1116277128458023,0.0925677567720413,0.1314772218465805,-0.0353978164494037,-0.0003917092108167,-0.1272669732570648,0.1469469517469406,0.0840455740690231,0.151173323392868,-0.1258954256772995,-0.068028301000595,0.0336161516606807,-0.0442789159715175,0.0339159220457077,-0.1004597321152687,0.0871162340044975,0.0784622207283973,-0.016805987805128,-0.1499044597148895,-0.0676116123795509,-0.0588415600359439,0.0428229309618473,-0.0508573055267334,0.0591252781450748,0.0819825008511543,-0.1090631037950515,0.1374269276857376,-0.1429779678583145,0.1010306105017662,-0.0633213743567466,0.0672045350074768,0.0723280161619186,-0.1531073451042175,-0.1314337998628616,-0.0429265201091766,0.1282738000154495,-0.0486767403781414,-0.0307482127100229,-0.0877895057201385,-0.0590192563831806,-0.1154932975769043,0.0028482985217124,-0.0079413140192627,-0.0234224703162908,-0.0726383328437805,-0.0859791338443756,-0.0759763494133949,-0.0420484207570552,0.0473972149193286,0.0697261840105056,-0.0924749821424484,9.28365479921922e-05,0.0825934037566185,0.0924993976950645,-0.040985494852066,0.0384263768792152,-0.0176499970257282,-0.0497297830879688,0.0872452035546302,-0.024692989885807,0.1078686565160751,-0.0148911690339446,0.0344227887690067,0.1094644367694854,-0.0189337078481912,-0.1361673325300216,0.0546332113444805,0.0331124998629093,-0.0989830121397972,-0.1077839285135269,-0.0724909156560897,-0.1563744395971298,-0.0405389480292797,-0.093148723244667,0.1580508351325988,-0.1334843188524246,0.1552418321371078,-0.1631518453359604,0.0943249091506004,-0.1179412826895713,-0.0788927897810936,0.0090709021314978,-0.0638581067323684,0.1103247702121734,0.1640048176050186,0.0570473819971084,0.113336257636547,-0.1452321708202362,-0.002102643251419,-0.1045443415641784,XEXQVUYDHSOHLV-UHFFFAOYSA-N,CC(C)OCc1nnc(C(C)N)o1
-0.0766393318772316,-0.077534407377243,-0.0989197120070457,-0.098629429936409,-0.0981113389134407,-0.0989196971058845,-0.098899096250534,-0.0376992747187614,0.0988362282514572,-0.0807695910334587,0.098918467760086,0.0809824094176292,0.0962408781051635,0.0777918919920921,0.061667401343584,0.0980764105916023,-0.0953375250101089,0.0750747695565223,-0.0577860698103904,-0.0988707691431045,-0.0989055708050727,-0.0846052467823028,0.0989196822047233,-0.095751404762268,-0.0977371633052825,0.0970657989382743,0.0971885472536087,0.0932515934109687,0.0987284556031227,0.0235389526933431,0.064994141459465,-0.0827414169907569,-0.0044858809560537,0.0791904553771019,0.098917044699192,-0.028044406324625,-0.0944864824414253,0.0983042493462562,-0.0989194735884666,-0.0988809168338775,-0.0989168733358383,-0.0989197120070457,0.0353430472314357,-0.0904552191495895,0.0988976582884788,-0.097344696521759,-0.0982904732227325,0.098908245563507,-0.0515848733484745,0.018781928345561,-0.0989197120070457,-0.0989197120070457,0.0989197120070457,0.0989123955368995,0.0983463451266288,0.0988001599907875,-0.0767302364110946,-0.0957787930965423,0.0988394692540168,-0.0207779854536056,-0.0984450951218605,0.0897435322403907,-0.0977480262517929,-0.0988736972212791,0.0398653894662857,0.0985546931624412,0.0884012952446937,-0.0983097851276397,-0.0846654772758483,0.0701081305742263,-0.0989077091217041,-0.0890875980257988,-0.0388182513415813,0.0499245785176754,0.0987263023853302,-0.0989196971058845,-0.0989196524024009,0.0988919138908386,0.0977319926023483,-0.0967127382755279,-0.0477803722023963,-0.0962209403514862,0.098768338561058,-0.0989196822047233,-0.09743432700634,-0.0989197120070457,-0.0665264576673507,-0.0988951250910759,-0.0979183167219162,0.0986773297190666,0.0983671471476554,-0.0190631840378046,0.0989192649722099,0.0989188030362129,0.0962715223431587,0.0856653228402137,-0.0989188700914383,0.0989197120070457,-0.0979827046394348,0.0967658311128616,0.0935858190059661,-0.0292722955346107,0.0157182607799768,0.0988223701715469,0.0988012999296188,-0.0989197120070457,0.0614914447069168,0.0989124104380607,-0.0989192277193069,-0.0988941267132759,0.0643724128603935,0.0988609343767166,0.0849615260958671,0.0989197045564651,0.0983700603246688,-0.098399631679058,0.0907977744936943,0.050857987254858,-0.0989021658897399,0.0988675579428672,-0.0540895760059356,-0.0850943922996521,0.098414845764637,-0.097997598350048,-0.0918697267770767,0.0901445224881172,0.0988976582884788,-0.0987512692809104,0.0948947817087173,-0.0948541164398193,0.0948947966098785,0.0948947593569755,-0.0417825393378734,0.0946865230798721,-0.0947483107447624,-0.0948947891592979,-0.0948831140995025,0.0948947966098785,-0.0948947966098785,-0.0932433903217315,0.0948361009359359,-0.0948947817087173,0.0948947966098785,-0.0948169901967048,0.0117632430046796,-0.0802880227565765,-0.0948308855295181,0.09489306807518,-0.0948909595608711,-0.0948939844965934,-0.0872630849480629,0.0948947891592979,0.0942519530653953,0.0948513820767402,0.0920428708195686,-0.0937733277678489,0.0948919504880905,0.0948947817087173,0.0266127437353134,-0.0751165300607681,-0.0902967974543571,-0.0944785475730896,0.0944512411952018,-0.0944631993770599,0.0946923419833183,-0.0948693007230758,0.0412198081612587,-0.0948864072561264,0.0948873087763786,0.094809204339981,0.0549993067979812,-0.0835359171032905,0.0948423445224762,-0.0948947295546531,-0.072727546095848,-0.0948947966098785,-0.0915422365069389,0.0935657769441604,0.0948199778795242,-0.0948945954442024,0.0924088954925537,0.0948947966098785,-0.0133950086310505,-0.0905553996562957,0.0747017040848732,-0.0245487429201602,-0.0927836000919342,-0.094570018351078,0.0945029705762863,0.0783181935548782,-0.0948947966098785,0.0948629155755043,-0.0933262929320335,-0.0948558673262596,0.0947722271084785,0.0948947966098785,-0.0948947817087173,0.0948946997523307,-0.0725751593708992,-0.0947761684656143,-0.0771962702274322,0.094867967069149,-0.0440819934010505,0.0938879698514938,-0.0948945730924606,-0.0397295802831649,-0.094884842634201,-0.0945662483572959,0.0519933477044105,0.0946674421429634,0.0906773060560226,0.0854273363947868,0.0918650403618812,-0.0947655588388443,0.0944107770919799,0.0948947966098785,0.0948947966098785,0.0945559665560722,0.0841167792677879,0.0948357433080673,0.0948946923017501,-0.0947738513350486,0.0948947444558143,0.0053093181923031,0.0948947966098785,-0.0804172307252883,-0.0941069945693016,-0.0948943868279457,0.0947593674063682,-0.0948939174413681,0.0948947966098785,-0.0490680485963821,-0.0948385745286941,-0.094894140958786,-0.0943874195218086,0.0948820412158966,-0.0948946252465248,0.0948947966098785,-0.0458923429250717,0.0929307267069816,0.0891215428709983,-0.0911668464541435,0.0354800261557102,0.0939174592494964,0.0948927104473114,-0.0948947593569755,0.0945197120308876,0.0948830991983413,0.0948947966098785,0.0948938503861427,0.0795709267258644,-0.0948115512728691,-0.094455100595951,0.0948947817087173,0.0948936641216278,-0.0862513110041618,0.0998492166399955,-0.1009857058525085,-0.0611517168581485,0.1012910455465316,0.0996693298220634,0.1012915596365928,0.0921707600355148,-0.0756034031510353,0.1010854467749595,0.1012653484940528,0.100989319384098,0.0343209505081176,0.0992120429873466,0.0830443575978279,0.0971457883715629,0.1011814028024673,-0.1012912169098854,0.1012867391109466,-0.048897985368967,0.0928553789854049,0.0960432887077331,-0.0934158787131309,-0.0261658262461423,-0.1009683012962341,-0.1011461690068245,0.0825338065624237,-0.0071713291108608,-0.0923324599862098,0.0603019706904888,0.0941359102725982,-0.1012847051024437,0.1012914702296257,0.0391696728765964,0.0647079870104789,0.0914485827088356,0.0841553807258606,-0.0522486120462417,0.1005749106407165,0.0681360587477684,-0.0915557071566581,0.1000600084662437,0.031043017283082,0.0428627021610736,-0.1004716977477073,-0.101285770535469,0.0212608836591243,0.1012516990303993,-0.0895640328526496,-0.0193262137472629,0.062732420861721,-0.0272191818803548,0.0535895973443985,-0.1007550582289695,0.1012915596365928,-0.0958809107542038,0.0646806582808494,0.1000336855649948,0.1012912541627883,-0.0023414106108248,-0.1011742427945137,0.1012915596365928,0.1012914702296257,-0.1012898683547973,-0.1002627909183502,0.0254071913659572,-0.1007594987750053,0.0938591733574867,-0.0899429842829704,0.0957716032862663,0.1012692600488662,0.0958821922540664,0.1012915596365928,-0.100359171628952,0.0745640024542808,0.1012588441371917,-0.0626261979341507,0.0917659625411033,-0.0418765880167484,0.1012905910611152,0.0906269401311874,-0.0941907912492752,-0.0960996374487876,0.0125290211290121,-0.1011128723621368,-0.1012862622737884,0.0820270925760269,0.1012576892971992,-0.1012836992740631,-0.0884324237704277,0.0990922525525093,-0.1012900322675705,-0.0731496438384056,0.1011279448866844,0.0932479202747345,-0.1012848243117332,-0.1010336577892303,-0.0818315893411636,0.0738645866513252,0.0092574823647737,0.0986037924885749,0.09865403175354,0.1010950952768325,0.1011026203632354,0.0950072184205055,-0.1012911349534988,0.1009313464164733,-0.1010691374540329,0.1012896224856376,0.1010189279913902,0.0989235118031501,-0.1002754122018814,-0.1012914627790451,0.0892734080553054,0.1010045483708381,0.0181944649666547,-0.0581321120262146,-0.097663789987564,-0.1012403294444084,0.1012912839651107,0.0943072885274887,0.0969047099351883,0.1012915447354316,-0.1012639105319976,0.1012915596365928,0.0470496080815792,-0.0737813413143158,0.0850701555609703,0.1012742146849632,-0.0202754940837621,-0.1306611001491546,-0.0487666204571723,-0.0358983725309371,0.1304859220981598,-0.0443828739225864,-0.0186194740235805,-0.0585019923746585,-0.0292006190866231,0.0072841113433241,-0.059413094073534,-0.0723022297024726,0.0636839792132377,-0.0718769133090972,0.0508567132055759,-0.0962968543171882,-0.1201914995908737,0.1261861324310302,-0.0408584401011467,-0.0881971716880798,0.0214515253901481,0.1190826371312141,-0.0834289416670799,0.122830331325531,-0.0380817763507366,-0.0077750454656779,0.1007289811968803,-0.10225810110569,0.0351403765380382,-0.0609172694385051,0.0552790947258472,-0.0202849246561527,-0.1108459755778312,0.1167967021465301,0.079954981803894,-0.0293475612998008,0.0166696459054946,0.0434571169316768,0.1081903949379921,0.1339244544506073,0.1352099925279617,-0.0827516093850135,-0.0544434003531932,-0.019203383475542,0.0507526583969593,0.1073047816753387,-0.0814178511500358,-0.0302664171904325,-0.0456303209066391,0.1348681598901748,0.0777204856276512,-0.1015416458249092,0.1366276293992996,0.1145619079470634,-0.1354486942291259,-0.1280979812145233,-0.0913638100028038,0.0406648516654968,-0.0466043204069137,0.1261292099952697,-0.1241147592663765,0.0600363425910472,0.0338624864816665,0.0754225403070449,0.0279255472123622,0.0819978713989257,0.037857461720705,-0.1239361390471458,0.1281876862049102,-0.0594688542187213,0.0915239229798317,-0.0499287992715835,-0.1257610768079757,0.1305741667747497,-0.1056652665138244,0.1292529553174972,-0.030048293992877,-0.0936315506696701,-0.0753983408212661,-0.1141797602176666,-0.0394714958965778,0.1215873584151268,-0.0992032065987587,-0.1240889206528663,0.0192233212292194,0.1062493398785591,-0.1058681011199951,0.1355005651712417,0.1230317279696464,0.1328384131193161,0.1138039380311966,0.1157795563340187,-0.1307795941829681,-0.0312573499977588,0.0517092868685722,-0.1125589162111282,0.0490657724440097,-0.1151534393429756,-0.0906120017170906,-0.1193998903036117,0.1042978316545486,0.1166264340281486,-0.1224007532000541,-0.0122964158654212,-0.0499663166701793,0.0086149219423532,0.0812784358859062,0.0795569568872451,-0.0680255740880966,-0.0751568675041198,-0.0457066372036933,-0.088934026658535,-0.0606554262340068,0.1369570195674896,-0.1245668455958366,-0.0984905436635017,0.0928315818309784,0.098884180188179,-0.0829305723309516,-0.0191812384873628,0.0800698846578598,-0.0122491056099534,0.1085977181792259,0.041850171983242,-0.1155560910701751,0.015955775976181,-0.0138131901621818,0.0759115666151046,0.1246545165777206,-0.1151627376675605,0.118192583322525,-0.0362192466855049,0.0175971761345863,-0.0343743525445461,-0.1248784661293029,-0.0743605121970176,-0.0941712632775306,0.0032285687047988,0.1033461019396781,-0.0730143189430236,0.0327955670654773,0.0088314274325966,-0.0299878995865583,0.0417925640940666,-0.0106678800657391,0.1253102421760559,-0.0846456885337829,0.0023024333640933,-0.0762557238340377,0.1237719133496284,0.0749578848481178,-0.1113887950778007,-0.1055167913436889,-0.123383454978466,0.119913600385189,0.1267445683479309,-0.0915687531232833,0.0624576210975647,0.0624801702797412,0.0421173870563507,-0.1228324323892593,0.1023282632231712,-0.1252186745405197,0.0017583485459908,0.0298166889697313,-0.1097599864006042,-0.075482502579689,0.0719511210918426,0.0797270610928535,0.0883954241871833,-0.0293909478932619,-0.0862035825848579,-0.1220122203230857,0.1174890771508216,-0.0833186358213424,0.1252451837062835,0.0587639659643173,-0.0523053668439388,0.0171628128737211,-0.1255242377519607,0.0934012606739997,-0.0235528536140918,0.0714108049869537,0.0760937631130218,0.0340681783854961,0.0367951765656471,0.1006850153207779,-0.1191958636045456,-0.0852749198675155,0.1108201518654823,-0.10295220464468,-0.1263843178749084,0.1231154426932334,0.1126762703061103,0.0775945782661438,-0.025070397183299,-0.1256351172924041,0.104734405875206,0.0755097717046737,-0.0749528482556343,-0.0629044994711875,-0.0570599921047687,-0.02811711281538,0.0992138162255287,0.1235484704375267,-0.1027445122599601,-0.0689241513609886,-0.0707361251115799,0.0851898938417434,-0.1088621020317077,-0.1168575808405876,0.1182650253176689,-0.1247341856360435,-0.0817277953028678,-0.0014596340479329,-0.1018023714423179,-0.0706405043601989,0.1174662113189697,0.1002639308571815,-0.03403015807271,0.0989462733268737,0.1263505816459655,-0.0822090208530426,0.0371228195726871,-0.0412782505154609,-0.1214919537305831,-0.0423410907387733,-0.0755965709686279,-0.0451506115496158,0.1041843891143798,-0.0418806709349155,-0.0118480967357754,-0.0829435959458351,0.0406067222356796,-0.0811648741364479,-0.1213329061865806,0.0942683070898056,-0.0532182604074478,0.1104324758052825,0.1057349443435669,0.0777172446250915,0.1044625863432884,0.1163266524672508,0.0797119140625,0.1219866499304771,-0.06630390137434,-0.011185323819518,0.0040736743248999,0.1178345009684562,-0.0847741588950157,0.1074033305048942,0.0874849706888198,-0.0777469053864479,-0.1065272316336631,0.1114651709794998,0.1191780492663383,0.1072856709361076,0.0097107626497745,-0.001304397592321,0.0994871780276298,-0.108721449971199,0.0759975463151931,-0.0985572412610054,0.001411055214703,-0.0909711569547653,-0.1088317930698394,-0.0964239686727523,0.0791304856538772,0.0883230045437812,0.092899776995182,-0.0766895487904548,-0.0579558797180652,0.035713892430067,-0.1099578738212585,-0.1045192182064056,0.1097351908683776,-0.0837292373180389,-0.109168142080307,-0.1093205884099006,-0.1097229272127151,-0.0269189868122339,0.1067283898591995,0.1050083562731742,-0.0011769302655011,-0.0907816365361213,0.1016508340835571,-0.1008297130465507,-0.0175495781004428,0.0127760916948318,-0.0904636308550834,-0.0845118016004562,-0.0902608856558799,0.1095651164650917,0.1091129854321479,-0.1082642525434494,-0.0473997518420219,-0.107361763715744,-0.1077882871031761,-0.1097241938114166,-0.0003089949314016,0.094229832291603,-0.1064012944698333,0.1058659255504608,0.0158844776451587,-0.0996595919132232,0.0499836541712284,0.0117477653548121,0.067073717713356,0.0807504802942276,0.1045888438820838,0.0484595037996768,-0.1050071120262146,0.1079878583550453,-0.0344109162688255,-0.0858355239033699,0.1035676449537277,-0.1075488775968551,-0.0988973900675773,-0.0307041443884372,-0.1026146858930587,-0.0089551173150539,-0.1015504747629165,0.0558535642921924,-0.0825934782624244,0.0899031311273574,-0.0053201951086521,0.0919279754161834,-0.05929671600461,0.0991693288087844,0.0819353833794593,-0.0844145715236663,-0.1078054383397102,-0.1094821095466613,0.082411877810955,0.1095075756311416,0.0200783256441354,0.082255408167839,0.1073541417717933,0.1029062718152999,-0.0547138005495071,0.0112128509208559,-0.106260284781456,-0.0905898734927177,0.0792866721749305,-0.0970640182495117,0.0947403758764267,0.1096519753336906,-0.1093785390257835,-0.1044702008366584,-0.0969213843345642,0.1097899228334426,0.0396045297384262,-0.1053431928157806,0.0452422313392162,-0.1102301627397537,0.0686628744006156,-0.1088975593447685,-0.1044860258698463,-0.0686898157000541,-0.0934763103723526,0.1046581715345382,-0.1093801632523536,0.1027606055140495,0.1045211926102638,0.1073904037475586,0.0944859758019447,0.1083908528089523,0.0845343396067619,-0.1051589325070381,0.109972059726715,-0.0978090614080429,0.0204196125268936,0.0706042423844337,0.051308162510395,0.099351093173027,-0.0939347296953201,-0.1043166816234588,-0.1074029505252838,-0.0537857711315155,0.0965913906693458,0.1063636243343353,0.0533316507935524,0.0957391560077667,0.0999095812439918,AGNLOCYNLBPIEQ-UHFFFAOYSA-N,CCC(=O)NCCCN1CCc2ccccc2C1
-0.0144488541409373,0.1032045632600784,-0.0696917027235031,-0.1027840003371238,-0.1032037585973739,0.1031559109687805,0.1032023429870605,-0.1012454181909561,0.0982739776372909,0.0933462530374527,0.0647744908928871,0.0977158695459365,-0.0992541387677192,-0.1029341295361518,-0.0920576453208923,0.1031955704092979,0.0777591839432716,-0.1031446009874343,-0.1004664525389671,-0.1028996855020523,0.0853472426533699,-0.0793787911534309,0.0732423961162567,-0.1019108593463897,0.1032045260071754,-0.1028887555003166,-0.1031919121742248,0.060036864131689,0.087581992149353,-0.0361873358488082,0.0623201318085193,0.0504850186407566,0.0841834172606468,0.0485186129808425,0.103060707449913,0.1031142473220825,-0.1031582280993461,-0.0910456106066703,0.1010503992438316,-0.102625735104084,0.1029234826564788,-0.0891049206256866,-0.0988277196884155,-0.0478292666375637,-0.0019211148610338,0.1032041534781456,-0.1016138941049575,0.1021616458892822,0.0908719003200531,-0.0687980204820633,-0.0958942621946334,0.1013707146048545,-0.1029354482889175,-0.1032041907310485,0.1019686833024025,0.0593225210905075,-0.1031989157199859,0.102968119084835,-0.0435088947415351,-0.1031821444630622,0.1023400276899337,0.1032045185565948,0.0991076305508613,-0.0952052474021911,0.1031977534294128,0.0681387707591056,0.1013828217983245,0.1031923070549964,0.0991983115673065,-0.0654279887676239,-0.0861753150820732,0.1025886014103889,0.061517771333456,0.0992298200726509,-0.1032043993473053,0.0663618668913841,0.0190500635653734,0.1031439676880836,0.1022723615169525,0.0750848799943924,0.0803316757082939,-0.0524761714041233,-0.1026220098137855,0.1032041758298873,-0.0869812965393066,0.0172301214188337,-0.1026508957147598,-0.0999177247285842,0.1008245274424552,0.1032038182020187,0.1031940281391143,0.1025794595479965,-0.1032045632600784,-0.0966466441750526,-0.1032028868794441,-0.0394449681043624,0.1031827628612518,0.1004784479737281,0.0961612984538078,0.0269529055804014,-0.0244581326842308,0.0286848284304142,-0.0615516640245914,-0.0804763361811637,0.0082798870280385,-0.0811477750539779,0.1028018817305564,-0.1031963154673576,0.0989200621843338,0.1028914526104927,-0.1032045632600784,-0.0377947799861431,-0.1031246855854988,-0.0215007066726684,0.1029460728168487,-0.0442635640501976,-0.0908139199018478,-0.0709358006715774,-0.0833850130438804,0.0814026445150375,-0.0060033402405679,-0.1030377596616745,0.1003038361668586,0.1031834185123443,0.0794109031558036,-0.1029870361089706,0.0947917774319648,0.0299800653010606,0.1040267422795295,-0.0956805571913719,0.1035872474312782,0.1026374995708465,-0.0889532938599586,-0.0922202989459037,-0.0790021643042564,0.1019551083445549,-0.0710108131170272,-0.0830920115113258,-0.0813938006758689,0.0062545491382479,0.0999237149953842,-0.0938838347792625,-0.1010652855038642,-0.1037949100136756,0.0849974304437637,0.1043189540505409,0.1016392335295677,0.1039622724056243,-0.1034541577100753,0.102416880428791,-0.0863487645983696,-0.1043349876999855,-0.104325033724308,-0.0930184870958328,-0.1043384820222854,-0.0279309209436178,-0.1031069159507751,-0.0244513247162103,0.1042825281620025,-0.0961006134748458,-0.1042283996939659,0.0997076705098152,-0.0577681586146354,0.0766819342970848,-0.0920375809073448,0.1042781174182891,0.0162040758877992,-0.1037262976169586,-0.1039124205708503,-0.1036721020936966,-0.075362779200077,-0.1025226041674614,-0.1040327474474906,0.1037936061620712,-0.1043352931737899,0.1042014956474304,-0.091885931789875,0.104331150650978,0.0904578566551208,0.0827032327651977,-0.0863589197397232,-0.0686227232217788,0.1038986966013908,0.0893970057368278,-0.0878268033266067,0.1040875911712646,0.0876054763793945,0.1024208292365074,0.0908873677253723,-0.096871867775917,-0.0800020843744278,-0.1032658815383911,-0.0938943773508071,0.053277451545,-0.1016565188765525,0.1009522378444671,0.1040182262659072,0.1041550114750862,-0.0384134836494922,-0.1038767322897911,0.0301957111805677,0.0737563446164131,-0.0906036496162414,0.0772941038012504,-0.0621669441461563,0.0019056235905736,0.0133764166384935,-0.0942639857530593,-0.1043081954121589,0.0982383862137794,-0.0373022183775901,0.1008152663707733,0.1035470515489578,-0.0696873813867569,0.0759577453136444,0.0118675082921981,0.0212052278220653,0.1023605540394783,0.1043178811669349,-0.1029513031244278,0.0863846689462661,-0.1031341552734375,0.0943812876939773,0.0947296619415283,-0.0388598516583442,-0.1041567474603653,0.0662725195288658,-0.1043206825852394,0.1032059267163276,0.1043169498443603,-0.1042735427618026,-0.103330448269844,-0.0568413585424423,0.0385776832699775,-0.03228759765625,-0.1037436872720718,0.1043163016438484,0.1036211773753166,0.0964844450354576,0.1012707725167274,0.0798886567354202,0.1041619181632995,-0.027456060051918,-0.019484544172883,0.1034558340907096,0.0722661390900611,0.0863808244466781,0.0994967222213745,0.1043079644441604,-0.1035376861691474,0.0833306908607482,-0.0593624785542488,-0.0206123907119035,-0.10283974558115,0.0527600646018981,0.0178704187273979,-0.0758978128433227,0.01173213776201,-0.1046013161540031,0.1046562641859054,0.1045040190219879,0.0811274647712707,0.0930309370160102,-0.1037673130631446,-0.093796856701374,-0.0178830716758966,0.1044756025075912,0.0208274573087692,0.0649323314428329,-0.1043558940291404,-0.0928913503885269,0.1041604354977607,-0.1034840568900108,0.0049089924432337,0.0414944887161254,-0.0672916769981384,0.1046615466475486,0.1046615242958068,0.1046615540981292,-0.0747238248586654,0.0816822946071624,-0.0472653359174728,-0.089126668870449,0.1043564081192016,0.0783759579062461,0.1044391840696334,-0.0584005936980247,-0.1015350669622421,-0.103806585073471,0.1042069196701049,-0.0454883500933647,0.1022733822464943,-0.1046461388468742,0.0714523792266845,0.104519709944725,0.1039822474122047,0.1019406020641326,0.0978864580392837,-0.0151080787181854,-0.0046998178586363,-0.0659918114542961,0.1046366170048713,0.1043333485722541,-0.1039477810263633,0.1046615540981292,0.0952669084072113,-0.0461585819721221,-0.104233980178833,-0.0123649928718805,0.1041109636425972,0.1036351025104522,-0.0943028554320335,0.1043047606945037,-0.0954809561371803,0.1046340018510818,0.0696580857038497,0.0599972791969776,0.103324607014656,0.1043608412146568,-0.0215383954346179,-0.10025005787611,-0.1013447046279907,-0.1037393286824226,-0.0592265240848064,0.1015550568699836,-0.0873051881790161,-0.1016432419419288,0.1046219542622566,-0.1045153811573982,-0.0758898332715034,0.0715432092547416,-0.1042176932096481,0.0939219072461128,-0.0956635326147079,-0.1011781096458435,0.0548503510653972,0.0740585401654243,-0.0065332814119756,-0.1015325188636779,-0.1033316105604171,-0.1043058708310127,0.0427254438400268,-0.1044923290610313,0.099893033504486,-0.0722602680325508,0.1046597063541412,0.1044891253113746,0.0321905203163623,-0.1042089238762855,-0.1016901135444641,0.0795548483729362,-0.1045728921890258,-0.0499115027487278,0.1045578122138977,-0.0919792726635932,-0.1017950773239135,0.0548914261162281,0.1043417006731033,0.1015219390392303,0.1019321605563163,-0.1006570905447006,-0.1038528233766555,-0.0503498911857605,-0.0117304790765047,0.047317698597908,0.038156259804964,0.1046534329652786,0.1046551838517189,-0.1040165647864341,0.1046507358551025,0.0954950153827667,0.0701356530189514,0.1046214699745178,-0.1046615540981292,0.1046615540981292,-0.101967304944992,-0.0775928050279617,0.0948190316557884,-0.0261741280555725,0.10421022772789,-0.0890844762325286,-0.032153595238924,-0.0781333446502685,0.1045004203915596,0.0682438686490058,0.1012406051158905,0.0876295417547226,-0.0974121540784835,-0.0616792775690555,0.076255016028881,0.071151778101921,0.0986790880560875,0.0235694516450166,-0.1064948588609695,0.1068479195237159,0.0983338430523872,0.0386768206954002,0.0718061923980712,-0.1030493900179863,0.0558034665882587,0.0984582677483558,0.0927673578262329,-0.1063424423336982,-0.1003587245941162,-0.1045195758342742,0.0988043472170829,-0.0961704179644584,0.1020301803946495,-0.1053366214036941,-0.0910812839865684,-0.1057378873229026,-0.0320218242704868,-0.096870832145214,0.1015088036656379,-0.0561798475682735,0.1064843982458114,0.0454162247478961,-0.0829650983214378,0.0178097635507583,0.0364830046892166,0.0724052861332893,-0.1052489951252937,-0.1066116392612457,0.009452000260353,-0.1067534908652305,0.106628231704235,-0.0928548499941825,0.1073650941252708,-0.1071124374866485,-0.1010530665516853,0.1043096259236335,0.1031523719429969,0.1007423773407936,0.0850559696555137,-0.0325281359255313,0.1056056022644043,0.1002700850367546,0.1058467179536819,-0.1065411418676376,0.1022247672080993,0.1051710918545723,0.1014978513121604,-0.1017577424645423,-0.0005600799340754,-0.1071324348449707,-0.0951053723692894,0.1053610518574714,0.0790445730090141,0.1053178608417511,-0.0172635409981012,-0.1052290573716163,0.0415383614599704,0.0865026488900184,-0.053311713039875,-0.0074411211535334,0.1050778329372406,-0.1031491830945015,0.1055719256401062,-0.107103057205677,0.1009973138570785,0.1044506356120109,-0.0956910252571106,-0.0585075356066226,-0.0774012506008148,-0.100182220339775,0.1020571663975715,-0.0041990908794105,-0.107111670076847,-0.1055589690804481,-0.1048983857035636,0.105683721601963,0.1069789230823516,-0.1055950745940208,0.1004914939403534,0.0405308082699775,-0.0005071857594884,0.0475346371531486,0.0503654442727565,-0.0001352846302324,0.0845870897173881,0.105814479291439,-0.0549306087195873,0.1015700474381446,-0.0925128012895584,-0.0242051109671592,-0.0989346206188201,0.1027297973632812,0.10428087413311,0.1037161573767662,-0.0864801928400993,-0.1067602857947349,0.1042489856481552,-0.1031960919499397,0.1038604006171226,0.0498858727514743,0.1037844493985176,0.1067611575126648,-0.1063549146056175,-0.0569726414978504,0.0028385131154209,-0.1035211980342865,0.0670676678419113,-0.0833064317703247,0.1051925495266914,0.0691165030002594,0.1058679893612861,0.077196404337883,0.0321032665669918,-0.0404262915253639,-0.1059793308377265,0.0895093381404876,0.0661897659301757,-0.0964680016040802,0.0367676205933094,-0.0210717041045427,0.0368413440883159,0.0436320528388023,-0.0296984519809484,0.0271274968981742,-0.1101762652397155,0.0398893356323242,-0.1108608320355415,-0.1623053848743438,-0.0347875989973545,-0.0813677608966827,0.0009123764466494,-0.1644767224788665,0.0300761107355356,-0.1247499212622642,0.1485116481781005,0.0434805527329444,0.0808997228741645,0.065991573035717,-0.0167680196464061,-0.0042411899194121,0.1166135892271995,-0.1081305891275405,-0.1755926609039306,0.0466755479574203,-0.1210438683629036,0.0657878220081329,-0.0717794895172119,-0.0423432663083076,-0.1458204239606857,0.2093781977891922,0.0037613173481076,0.099605843424797,-0.1299063563346862,0.0457320921123027,-0.0574620217084884,0.0228429436683654,0.120430514216423,0.0241549592465162,-0.0723326280713081,0.1002919375896453,0.0386476814746856,-0.1509967297315597,-0.1877219676971435,-0.09897942841053,0.0757103934884071,0.1160345748066902,-0.0791865363717079,-0.1264143884181976,0.053999051451683,-0.1575778871774673,0.1036449745297432,0.047552615404129,-0.0106019349768757,-0.0308245941996574,0.0518178455531597,-0.1263834536075592,0.0064872354269027,-0.0709269568324089,0.0037951115518808,-0.0504514500498771,0.0732164159417152,-0.0796139016747474,-0.0886575356125831,-0.051078837364912,0.0694932416081428,0.0799106508493423,-0.0803193673491478,0.0159642379730939,-0.0590840801596641,0.0553427338600158,-0.0228867530822753,-0.0075176460668444,-0.0144778806716203,-0.0966396331787109,-0.0659693852066993,0.1485906392335891,0.0178438015282154,-0.0284547712653875,-0.0617273896932601,-0.1073039546608924,-0.1804512590169906,-0.0581780038774013,0.1370238214731216,0.1369333565235138,0.0554154552519321,-0.0424593612551689,-0.1978545784950256,0.0515434257686138,-0.0858465135097503,0.0600252822041511,-0.1635167002677917,-0.0225068107247352,0.1143563762307167,0.1585260033607483,0.0206868629902601,0.0873412117362022,-0.1240689009428024,-0.0550720915198326,-0.0015254328027367,-0.0076484098099172,-0.0462445169687271,0.0582385510206222,0.0596146993339061,0.0576094016432762,0.0519100576639175,-0.0482989773154258,0.0451978109776973,-0.021471545100212,-0.1141493394970893,0.1246953830122947,-0.0458710230886936,-0.0889274552464485,0.0974497869610786,0.0281715597957372,0.0562768690288066,0.0557382218539714,0.0736124664545059,0.0786186009645462,-0.0512236878275871,0.013666171580553,-0.0904390960931778,0.1686056554317474,0.0027429696638137,-0.0331140793859958,-0.0621292740106582,-0.1145288944244384,0.0357939563691616,0.012751474045217,-0.1073177307844162,-0.1169469505548477,0.0033438450191169,-0.1593873351812362,0.0990543439984321,0.0176530089229345,-0.0381160229444503,0.0938471034169197,-0.0036560215521603,-0.0668051987886428,0.0517136119306087,0.0202313661575317,-0.0526165030896663,-0.0749796330928802,0.0120341964066028,-0.0671246647834777,-0.0062206406146287,-0.089402824640274,-0.0797356739640235,-0.0680040568113327,-0.1128153055906295,0.0572730414569377,-0.1093400046229362,0.1826456040143966,0.1679063439369201,0.0469679608941078,-0.0202784687280654,-0.074069432914257,-0.0279017835855484,0.0555781833827495,0.0334014669060707,-0.0943671390414238,0.0835221111774444,0.174112930893898,0.027451355010271,-0.002131892601028,-0.0163277182728052,0.0735673159360885,0.141567513346672,0.0433100946247577,-0.0418195091187953,-0.0610846579074859,0.1812227666378021,0.0727363228797912,0.0346548371016979,-0.0618611238896846,0.1740713715553283,-0.0920711085200309,-0.0166910458356142,0.1274605244398117,0.0013806232018396,-0.0468577221035957,0.0218070894479751,-0.0764975771307945,-0.0468181483447551,-0.0853822976350784,0.148215502500534,0.0231664273887872,0.1654652655124664,-0.0583478696644306,0.0665699988603591,-0.1219328641891479,-0.0048322854563593,0.1562591195106506,0.0334595814347267,0.1793297380208969,0.1727531105279922,0.0186536870896816,0.0187181215733289,-0.0708710551261901,-0.0230430793017148,-0.0514907836914062,0.1450695693492889,-0.0143356630578637,0.0735688582062721,-0.0443094484508037,-0.035690039396286,0.1216731071472168,-0.0229593981057405,0.1413895636796951,-0.0363635756075382,-0.0677162483334541,0.0229473244398832,0.0115744862705469,0.0110691729933023,0.0351537540555,-0.0861251056194305,0.0913811326026916,-0.0757263526320457,-0.133924663066864,-0.0516028217971324,-0.1080625429749488,-0.0099156452342867,-0.1063053011894226,-0.0117212552577257,-0.065494917333126,0.0362506434321403,0.0555513687431812,0.1751956641674041,0.0680917501449585,0.1446158289909362,0.1537709534168243,-0.0270276796072721,-0.0690077245235443,-0.0831175819039344,0.0017932656919583,-0.1113093495368957,-0.0010685082525014,0.1177030131220817,0.188003733754158,-0.0625212416052818,0.1475115567445755,-0.0181681048125028,0.0585277341306209,0.0141200218349695,-0.0931851342320442,0.0907962620258331,0.0710588693618774,-0.0223765429109334,0.038103949278593,-0.1642575114965438,0.1273954957723617,-0.041794329881668,-0.0261445082724094,-0.080287255346775,RZZAYICVWHKTLL-XQSDOQQTSA-N,CC(C)CCOc1ccc2ccccc2c1-c1c(OCc2cn(C[C@@H](CCCCN)NC(=O)[C@@H](CCCNC(=N)N)NC(=O)CCc3ccccc3)nn2)ccc2ccccc12.Cl.Cl
0.0666121765971183,-0.1041964739561081,-0.1015586480498313,0.1041983887553215,0.1038658022880554,0.0135827781632542,0.0482026860117912,0.1031549349427223,0.1024057641625404,-0.0977130755782127,0.1030225977301597,0.0529363863170146,-0.1040584817528724,-0.0462803281843662,0.1018218398094177,-0.0894273892045021,0.1033872887492179,-0.1012686342000961,0.098948985338211,0.1041958481073379,-0.0879726037383079,-0.102499671280384,-0.1041920557618141,0.0919547155499458,-0.1037188619375228,0.1012749224901199,-0.0411909930408,0.0866222083568573,-0.0920310914516449,-0.1019729301333427,0.0031580536160618,-0.0988519564270973,-0.0806096941232681,0.0430042631924152,-0.1018014326691627,0.0647903308272361,-0.0628640353679657,0.0301168356090784,0.0578842461109161,0.0715535432100296,0.1040727719664573,-0.0258319862186908,0.0974092558026313,-0.0372037403285503,0.1017200201749801,0.1036852225661277,-0.0960439890623092,0.1041981875896453,-0.0862745195627212,-0.1040671467781066,0.0944070816040039,0.0108118057250976,-0.0635323151946067,0.1041644364595413,0.103271834552288,-0.0907844752073288,0.0908040404319763,0.039765890687704,-0.0988235846161842,-0.0873854681849479,0.1041813790798187,-0.1041909530758857,0.0100740790367126,0.1041949316859245,-0.0729346126317977,-0.0854591578245163,0.0397899635136127,0.0086084837093949,0.0998743996024131,-0.1012011915445327,0.1041949167847633,-0.1004832461476326,0.0976350307464599,0.103992149233818,-0.0059232036583125,0.1028348132967948,-0.1040335148572921,0.1013041883707046,-0.0813947394490242,0.1041508391499519,-0.104035384953022,-0.0957278832793235,-0.1041952818632125,-0.05711580067873,-0.1041763946413993,0.0777071267366409,0.09120874106884,0.0919942334294319,-0.0732847899198532,-0.1040981262922287,0.0040282267145812,-0.0907313004136085,0.1041891202330589,0.0976061150431633,0.1041634902358055,-0.101403035223484,-0.103980615735054,-0.0404115505516529,0.0113159026950597,0.0987370982766151,-0.0942621678113937,-0.0103616006672382,-0.104133166372776,-0.0799150019884109,0.0980193167924881,0.1028056666254997,0.0951751917600631,-0.0641899779438972,0.1039017960429191,-0.0828986912965774,0.1041576117277145,-0.0958568677306175,-0.0931484103202819,-0.1041958630084991,-0.0676206424832344,-0.1023707687854766,-0.1015744507312774,0.0923179239034652,0.0943999886512756,-0.1041056811809539,-0.1029359325766563,-0.0781658291816711,-0.1015045121312141,-0.1012545898556709,0.0286330003291368,-0.0989659130573272,-0.0851707756519317,0.0969142988324165,-0.0962623730301857,0.0820553749799728,-0.0199100840836763,-0.1243844851851463,-0.1219557151198387,0.0205904822796583,0.0067099807783961,0.1195936277508735,0.0036131064407527,-0.1240677088499069,-0.1132338717579841,0.1023401916027069,-0.123110644519329,-0.1110096797347068,-0.1248940527439117,-0.0419976599514484,0.1096150353550911,-0.1183679923415184,-0.0974242389202117,-0.1025085523724556,0.0277651846408844,0.1118150204420089,0.0402282178401947,0.105745755136013,-0.1027649939060211,0.0807743966579437,0.0875017046928405,0.0944812595844268,0.0580144599080085,0.0039935829117894,0.0942169204354286,-0.1219565868377685,0.0344520658254623,-0.0080948863178491,0.1043310612440109,0.0097988313063979,-0.09607844799757,-0.092700608074665,-0.1099968776106834,0.0548368878662586,-0.1058908030390739,-0.0787864401936531,0.124098040163517,-0.1164202988147735,0.1099146977066993,-0.0259714648127555,0.1243357360363006,0.1038030982017517,0.1157807931303978,-0.1138759329915046,-0.0287716053426265,0.0050562820397317,0.1217477768659591,-0.1246491000056266,0.0183217544108629,-0.1222236901521682,0.0481596998870372,0.0302177481353282,0.1231514811515808,-0.0031513068825006,-0.1051797941327095,-0.0418554097414016,0.0298801828175783,0.1173242107033729,0.0306833963841199,0.1225565746426582,-0.1225540041923523,-0.1246866807341575,0.0254691895097494,-0.125065803527832,-0.093259111046791,-0.0491194799542427,-0.0473407171666622,-0.1153718531131744,0.0733252391219139,-0.0737149342894554,-0.054790336638689,-0.0869103521108627,0.0666911378502845,-0.1093606352806091,0.0627942010760307,0.0981972143054008,-0.0307186245918273,0.1212576031684875,0.0141617748886346,0.1016290411353111,-0.0407408513128757,-0.0761840045452117,0.1048788204789161,-0.0536446794867515,-0.0940164849162101,-0.1082803085446357,0.0463149510324001,0.0112341167405247,-0.1105796322226524,-0.0828759372234344,-0.1207372620701789,0.0937860980629921,-0.1225545480847358,-0.0918727815151214,-0.0142624657601118,-0.0972741022706031,-0.0617181286215782,-0.04553047940135,0.0841293111443519,0.1124051436781883,0.0088528152555227,-0.0720118358731269,0.1203423365950584,0.1105552539229393,-0.0726772397756576,-0.0190032161772251,-0.0938034579157829,0.1171601712703704,-0.0564783662557601,0.1193977147340774,0.0597399957478046,0.0922918915748596,0.0676130130887031,0.1235985234379768,-0.0616306513547897,-0.1045559123158454,0.0263795405626297,0.0968083664774894,0.0899430587887764,-0.0918287634849548,0.0716039389371872,-0.0665385201573371,0.0649891793727874,0.0984348133206367,0.0948570743203163,-0.0983444824814796,-0.098435491323471,-0.0208210200071334,-0.0984316691756248,-0.0984357371926307,-0.0977894589304924,0.0048175891861319,-0.0855560526251792,0.0966334864497184,0.0983380004763603,0.0983893498778343,-0.0935765877366066,-0.079396553337574,-0.0983330234885215,0.0963000282645225,-0.0982609987258911,-0.0031555092427879,-0.0980447903275489,-0.0984357893466949,-0.0765660405158996,-1.582612094352953e-05,0.0984357818961143,0.0983580648899078,0.0984316691756248,-0.0984357446432113,-0.0410871431231498,-0.0795086324214935,0.0804740339517593,-0.0911809578537941,-0.0760857462882995,0.091412641108036,-0.0984255298972129,0.0509905368089675,-0.0982929021120071,0.0979883596301078,-0.0913714468479156,0.0983908325433731,0.0984192192554473,-0.0367697328329086,0.0984339639544487,0.0969893634319305,-0.0981807708740234,-0.0963989049196243,-0.0980450138449668,-0.0967149659991264,-0.0981360450387001,0.0871729329228401,0.0984355360269546,0.0984315648674964,0.0954869613051414,-0.0976854339241981,0.0984357893466949,-0.0984238013625145,0.0984350889921188,-0.0984303280711174,-0.0972709283232688,-0.0855951234698295,-0.0587185248732566,-0.0199403371661901,-0.0981981828808784,-0.0982292965054512,0.095912329852581,0.0983567163348198,0.0983851179480552,-0.0893854573369026,-0.098388671875,0.0984069555997848,-0.0984352082014083,-0.0621709190309047,0.0929342284798622,0.0984353125095367,0.0982811599969863,0.0960917100310325,-0.098434530198574,-0.0874456539750099,-0.0930295586585998,-0.0977301374077797,-0.0775169804692268,0.0984310358762741,-0.0979986116290092,0.0917392373085022,0.0974586755037307,-0.0974944308400154,-0.0711717307567596,0.0945374816656112,0.0096098408102989,0.0982772707939148,0.0984270051121711,0.0589602068066597,-0.098354659974575,-0.0984317883849144,0.0977112725377082,0.0984134450554847,-0.092063695192337,-0.0983564257621765,-0.0937794893980026,-0.0950392112135887,-0.0971273407340049,-0.0843207687139511,-0.0964823365211486,-0.0298514664173126,-0.0509250499308109,0.0876314938068389,-0.0983112752437591,-0.0972686111927032,-0.0984317362308502,0.0907309055328369,0.0358033925294876,-0.0984356477856636,0.0852699726819992,0.0457086376845836,-0.0791415721178054,-0.0691453740000724,-0.0352651886641979,0.0982327237725257,0.0935485139489173,-0.069837599992752,-0.0715966448187828,-0.0971748828887939,-0.0964902266860008,-0.0940612852573394,-0.0984321311116218,-0.0785728394985199,0.0677977576851844,0.0815953239798545,-0.0278706271201372,0.120156243443489,0.0283835846930742,0.0188152641057968,-0.0802719518542289,0.0559840463101863,-0.0833569318056106,-0.1103554591536521,-0.0930249094963073,-0.1435684859752655,0.0680122748017311,-0.1511519104242324,0.0722615122795105,0.0235176030546426,-0.0977132245898246,-0.108776107430458,0.0137571655213832,-0.1274751424789428,0.1169630959630012,0.0109698409214615,-0.1085806936025619,-0.0166797079145908,0.0230134576559066,-0.0798549950122833,0.1350810974836349,-0.0743297040462493,-0.0375901870429515,0.1270745247602462,-0.0717338249087333,-0.1166926771402359,0.1249227747321128,-0.0054345210082829,0.108060210943222,0.1188478022813797,0.0814258307218551,-0.1203610002994537,0.0407231822609901,0.0677016749978065,0.0187426432967185,0.1436590552330017,0.0106335375458002,-0.1032462790608406,-0.0123118124902248,-0.1314303576946258,0.1198115274310112,0.0809909254312515,0.0931437239050865,0.0479805096983909,0.0697415694594383,-0.0436379723250865,0.0418413653969764,0.1474247276782989,-0.0411996245384216,-0.0749403685331344,-0.0558147206902504,0.0711275190114975,0.0329074151813983,0.0525494292378425,0.0112119168043136,0.1147152930498123,-0.0668466910719871,0.0524683743715286,0.0928467288613319,0.0776362121105194,0.1315319091081619,-0.096318632364273,-0.1381415277719497,0.1191726177930831,-0.1446547955274582,0.1280681788921356,0.0669922307133674,0.0662062466144561,-0.0468385741114616,-0.0550328828394413,-0.0741929337382316,0.0359195955097675,0.0900719910860061,-0.0901810675859451,0.0052971052937209,-0.0055874376557767,0.1249060481786727,0.016071455553174,0.1256842613220214,-0.0704771429300308,0.0124747650697827,0.0601041540503501,-0.1094086244702339,0.1492617130279541,0.0963911935687065,-0.1163688898086547,-0.0065989545546472,0.1228710711002349,-0.1169751062989234,-0.1381723135709762,0.0136439483612775,0.0279180277138948,0.0313391685485839,0.1547098010778427,0.0723120272159576,0.075757198035717,-0.1289489865303039,-0.1183220446109771,0.0192322824150323,0.0034040240570902,0.0932390317320823,0.0046214051544666,-0.0260609500110149,-0.0833398848772049,0.1177744418382644,-0.0411539375782012,-0.1166300773620605,0.0965129062533378,0.145307570695877,0.0918288230895996,0.0541129596531391,0.0948830917477607,0.1414798349142074,-0.0698681622743606,-0.1391671448945999,0.099692203104496,-0.0948894917964935,-0.0415612086653709,-0.0284528899937868,-0.0713303312659263,0.0621600523591041,0.0905561670660972,-0.0015258714556694,-0.0164690352976322,-0.0727729797363281,0.1242873445153236,0.1558251529932022,-0.100777730345726,0.1393149197101593,0.1346708387136459,0.1744024455547332,-0.034342274069786,0.1232686266303062,0.0397747345268726,-0.0037154380697757,0.0602471604943275,0.1288445442914962,0.0940166860818862,-0.0548009388148784,-0.1010379716753959,-0.0015760376118123,0.0741998255252838,-0.0554659888148307,0.0929123684763908,-0.0845821499824523,-0.1036214977502822,-0.1375887244939804,0.0271114148199558,-0.122149534523487,0.1506490707397461,-0.1225671172142028,0.0218149460852146,-0.139572873711586,0.1034044027328491,0.0762349218130111,0.0909133329987526,0.1464188247919082,-0.0212390683591365,0.0789966881275177,-0.0668717101216316,0.0973578095436096,-0.1071183681488037,0.0566587820649147,-0.0146643361076712,0.0083710318431258,0.0863656252622604,-0.1318169385194778,-0.0425245016813278,0.0234506446868181,0.0236525852233171,-0.1275277733802795,-0.0206797216087579,0.0150227257981896,-0.0583464987576007,-0.0142550505697727,0.1005553603172302,0.0386860333383083,-0.0595667287707328,0.0404100827872753,-0.055995874106884,-0.1398705095052719,-0.0014183621387928,0.0573043935000896,-0.0330798923969268,-0.0617749691009521,0.078447975218296,-0.0561286956071853,0.1188744977116584,-0.1470393389463424,-0.1039869859814643,-0.0525447688996791,0.0484181083738803,-0.0505287609994411,0.0525439158082008,-0.024946978315711,-0.1133126467466354,-0.0881787464022636,-0.0309455953538417,0.1334865093231201,-0.0881160646677017,0.1342170387506485,0.0404276698827743,0.0996502339839935,0.1216035932302475,0.0472927466034889,-0.0468970499932765,-0.0194434951990842,0.1249206364154815,-0.054443422704935,-0.0893510356545448,0.0979029312729835,-0.0413053520023822,-0.0654481574892997,0.0774364098906517,-0.0207725223153829,-0.0336439535021781,-0.1763384044170379,-0.0622321777045726,0.1654254347085952,0.0322987586259841,0.0907331928610801,-0.0886984169483184,0.0553034208714962,-0.0920812040567398,-0.0383466556668281,-0.0452401377260685,-0.052514661103487,0.0833908766508102,0.0088312327861785,0.1079401671886444,0.0041449605487287,0.1005186662077903,0.021010510623455,0.0140061313286423,-0.143251433968544,-0.0405049957334995,0.1761388033628463,-0.0733271539211273,0.025069722905755,0.042741522192955,0.1816962361335754,-0.0938608348369598,0.0504452809691429,0.1013540998101234,-0.1465859860181808,-0.086500734090805,-0.0648501142859458,-0.0918014869093895,-0.0593382157385349,-0.0502871423959732,-0.0918119475245475,-0.0069763818755745,-0.0360223650932312,-0.0042785862460732,-0.0739577338099479,0.0307748243212699,-0.0341692790389061,0.0737506225705146,0.1543593406677246,0.1267765313386917,-0.0545982494950294,-0.0817868262529373,0.1230729967355728,-0.0329750478267669,-0.1172235757112503,-0.0561789497733116,0.1322937756776809,0.0052612917497754,0.0104805389419198,-0.1399871706962585,-0.0859157145023346,-0.1075737848877906,-0.1077802628278732,0.013661173172295,-0.052357904613018,-0.1361809074878692,0.0360642820596694,-0.0258438251912593,0.0649708360433578,0.0363701172173023,0.1194141507148742,-0.1020972952246666,-0.0296700112521648,0.0541879795491695,-0.0169896744191646,-3.472146636340767e-05,-0.0164663344621658,0.1255584806203842,0.1755293607711792,0.0879824832081794,0.1017027124762535,-0.0707399547100067,0.092952623963356,0.064498446881771,-0.1108586192131042,0.0476461127400398,0.0733708292245864,-0.0356198921799659,0.1155382022261619,0.1036513075232505,-0.0652932301163673,0.1369068473577499,-0.0528913475573062,-0.0360287502408027,0.0608193986117839,-0.1053770184516906,-0.0952003002166748,-0.0896496698260307,-0.060805968940258,-0.093669906258583,0.1341555267572403,0.0833481848239898,-0.0225640181452035,0.0125184580683708,-0.0431494563817977,-0.1311535090208053,-0.0362162254750728,0.0271918475627899,0.1231502965092659,-0.0353637225925922,0.1519534289836883,0.1018800735473632,-0.1050338745117187,-0.0780572816729545,-0.0500092171132564,-0.0974208116531372,-0.1107629016041755,0.028252825140953,-0.1903634071350097,0.0376053005456924,0.0136791132390499,-0.0919273197650909,0.1465800702571869,-0.1234792545437812,0.1663419753313064,-0.0078024114482104,-0.0321798026561737,0.1503674536943435,-0.0173037368804216,0.0500405877828598,-0.0836139768362045,-0.1507542580366134,-0.051322266459465,-0.016787240281701,-0.0430376082658767,-0.1088920310139656,-0.1021806448698043,-0.084489494562149,-0.0980879068374633,0.0410139001905918,-0.0737366154789924,-0.0406477414071559,0.0725035145878791,0.1702011376619339,0.120885394513607,0.0902694016695022,0.0997498631477356,-0.089662991464138,-0.0781597048044204,-0.0475860275328159,0.1461158096790313,-0.1060108989477157,0.0490426421165466,0.0083429710939526,0.1702889651060104,-0.0490706227719783,0.0219010822474956,0.0764252692461013,-0.0613626576960086,-0.1600352078676223,-0.0370625182986259,0.0687038153409957,0.0393036454916,0.0787217915058136,-0.0004294044047128,0.0464773140847682,0.1179454997181892,-0.038651518523693,0.0497111044824123,0.0126934023573994,RGJOFEHCPYEZNV-UHFFFAOYSA-N,Cc1c(CNC(C)C)cc(-c2ccc(Cl)cc2)n1-c1ccc(Cl)cc1
0.0436004400253295,0.0837988778948783,0.11219272762537,0.1113336756825447,0.0403339937329292,-0.0901866629719734,-0.110687717795372,-0.0130582293495535,0.0707243159413337,-0.0042556459084153,0.0831377357244491,-0.0671298876404762,0.1080377846956253,0.0981478989124298,0.1110209822654724,-0.0551874786615371,0.0710557326674461,0.0952838882803917,-0.0776041224598884,0.1123164147138595,-0.0886317268013954,-0.1120293959975242,0.1108677834272384,-0.0071961241774261,0.0771930143237114,-0.1122575774788856,-0.1116454824805259,0.0519778802990913,0.0451085232198238,0.0809885635972023,0.0810954496264457,-0.1043430715799331,-0.1085231080651283,0.0100230164825916,-0.1121246367692947,0.0517000295221805,-0.0870443433523178,0.1095509752631187,-0.001279805204831,0.0773643255233764,-0.1116712167859077,-0.1102933436632156,-0.0672323033213615,0.0996591076254844,0.1121821701526641,0.1022428497672081,0.0862816646695137,-0.1071178838610649,0.0299576800316572,0.0098280860111117,0.1109221801161766,-0.0534003600478172,-0.0552899949252605,0.1017497107386589,-0.0450238958001136,0.110221616923809,0.110947385430336,-0.0577592328190803,-0.0985682383179664,-0.0739645585417747,-0.107862688601017,0.1003704443573951,-0.0873673483729362,-0.0173890125006437,0.1059275269508361,-0.0718899816274643,-0.1095919087529182,0.0022808553185313,0.1095087379217147,-0.1083353012800216,0.0857104733586311,0.112363800406456,-0.0110945533961057,-0.1098188683390617,0.1068334504961967,-0.1101967170834541,-0.0877688974142074,0.0209809485822916,-0.0871443897485733,-0.104432426393032,0.0828664749860763,0.1121000275015831,0.1041671261191368,0.0389617420732975,0.083824373781681,0.1121006533503532,0.1031504049897193,0.1029598265886306,-0.1090971305966377,0.0860404297709465,0.0831148102879524,0.0853883847594261,-0.0884503871202468,0.1068283468484878,-0.1116828694939613,0.1117921620607376,-0.0905113816261291,-0.0549028106033802,0.0878080874681472,0.1090365424752235,0.0456554032862186,0.0288400165736675,0.1081915274262428,0.1118188574910163,-0.1121567636728286,0.0033059921115636,0.1111408248543739,-0.0241341143846511,-0.1074090525507927,0.1064201965928077,-0.009440834634006,0.1072700396180152,-0.0334014259278774,-0.0852113589644432,0.1087907925248146,-0.076096586883068,-0.1108254790306091,-0.1121431216597557,-0.0438290350139141,0.1021584719419479,0.0617528557777404,0.1089949160814285,0.0948980376124382,0.1105614975094795,-0.1065049394965171,0.0089820306748151,0.0282508414238691,-0.1115408614277839,0.1162120699882507,-0.0991870909929275,0.0578459240496158,0.1161536872386932,-0.0515095144510269,0.0222603101283311,-0.1002528667449951,0.0686793252825737,0.0889742448925972,0.0457007065415382,0.1103603541851043,0.0947304964065551,-0.0299280658364295,0.015878390520811,0.0764363259077072,-0.0603407509624958,0.0710822418332099,0.1074483469128608,-0.1162696853280067,-0.0583454109728336,-0.0918942540884018,-0.0846286565065383,-0.1162311062216758,0.038252905011177,-0.0096558695659041,0.030372304841876,-0.100135438144207,-0.0188342668116092,0.0678015425801277,0.0162572972476482,0.058412779122591,-0.0972938910126686,-0.1162906810641288,0.1150795370340347,-0.0514682382345199,0.0237353928387165,-0.0965599790215492,-0.1133733689785003,-0.023604393005371,-0.0783089771866798,0.1048646792769432,0.066307783126831,-0.1001216322183609,-0.1132048964500427,0.0840652212500572,-0.1075019910931587,-0.083582654595375,-0.006826945580542,-0.1091333702206611,0.1156754046678543,0.0948367491364479,-0.1034211218357086,-0.1119948327541351,0.0065751411020755,0.0742568522691726,0.0407639481127262,-0.1096375882625579,-0.1045343503355979,-0.1151608973741531,-0.1155894100666046,0.0983978956937789,-0.1001468002796173,-0.0787714049220085,0.1139240935444831,0.116185761988163,0.0787994712591171,-0.0569332391023635,0.1160979568958282,-0.1123278364539146,0.1158962473273277,-0.0972023829817771,-0.1150130629539489,0.0020827914122492,-0.0074154031462967,-0.1087655201554298,0.0938104316592216,-0.1050802767276763,0.1157120764255523,-0.0882529690861702,0.0869676396250724,-0.1156929209828376,-0.0128301195800304,-0.0859433338046073,-0.040238082408905,-0.0122639229521155,-0.0869020298123359,-0.0062253973446786,0.0796534046530723,-0.097938634455204,0.1158846318721771,-0.1127234771847724,-0.1126010194420814,-0.1146496683359146,-0.0533017367124557,-0.0739513859152793,0.0244828611612319,0.0895832031965255,-0.0041254018433392,-0.0308976303786039,0.0903016030788421,0.1086225733160972,0.0827010348439216,0.1092880368232727,0.0904798284173011,-0.0204193219542503,0.0313298217952251,-0.1019080877304077,0.1053799018263816,-0.1160163879394531,-0.1120018661022186,-0.0655269920825958,0.115546815097332,0.0941951125860214,-0.0793912857770919,-0.0563740842044353,0.1139907017350196,-0.1013882756233215,0.1136366501450538,0.0990759953856468,-0.1050288900732994,0.1160738989710807,-0.1158835813403129,-0.0135452486574649,0.106586754322052,-0.094836451113224,-0.1159836277365684,-0.1080312058329582,0.0882880762219429,-0.098975270986557,-0.1028315126895904,0.1036403775215148,-0.0107726491987705,0.1036382317543029,-0.103816770017147,0.1021356508135795,-0.1039053499698638,-0.0071199852973222,0.0091161644086241,0.1008365005254745,-0.0642188563942909,-0.0765428617596626,-0.1039115414023399,0.1017397344112396,0.0109524410218,0.0847057402133941,0.1020340323448181,-0.1027309820055961,-0.0963617861270904,0.0199277326464653,0.0659170970320701,0.1037737056612968,0.0467744283378124,-0.0843129456043243,0.1028678342700004,-0.0904597714543342,0.1037827357649803,0.006973841227591,-0.1031277924776077,-0.0128175728023052,-0.1039231419563293,-0.0729289352893829,-0.0184550900012254,-0.0844667702913284,-0.0903831273317337,-0.1038551479578018,-0.1037875637412071,-0.1019727513194084,-0.0958512276411056,-0.0605510771274566,0.1036482527852058,0.1021705791354179,-0.0838188305497169,0.1035444810986518,0.0953572839498519,-0.0643734708428382,-0.1033210456371307,0.1039313375949859,0.0290555637329816,-0.0757213085889816,-0.0768747255206108,-0.0828707963228225,0.103409044444561,-0.103858545422554,0.0745543986558914,-5.023741323384456e-05,-0.084117867052555,-0.0023260554298758,0.0986323505640029,-0.0983128324151039,0.1038868501782417,0.1039322689175605,-0.0993901565670967,0.0326246991753578,-0.1030319482088089,0.1030180901288986,0.0900433361530304,0.0981503576040268,0.0617721565067768,-0.0933882296085357,-0.0433644913136959,-0.1027458310127258,0.1038524582982063,0.0959224700927734,-0.1039252877235412,-0.0768854841589927,-0.0462427698075771,-0.1021945178508758,-0.0834964215755462,-0.0985581576824188,0.1037420928478241,-0.0298727937042713,-0.0924137309193611,-0.1001466214656829,0.0638787224888801,0.1039299070835113,0.0854740589857101,-0.1035639941692352,0.1028982251882553,0.1039111167192459,-0.0539374351501464,0.0993368849158287,-0.0245701353996992,-0.0869244337081909,-0.1039296463131904,-0.0997611656785011,0.1035565808415412,-0.0921619907021522,-0.1030186489224433,-0.0965216159820556,0.0950844958424568,0.1039269194006919,0.1020140349864959,-0.0677960291504859,-0.1038621664047241,-0.1012992709875106,0.0696334242820739,-0.1032096222043037,0.0092877727001905,-0.094154842197895,0.0860730931162834,-0.0752412751317024,-0.0733450800180435,0.1034134030342102,-0.0985503047704696,0.1015411168336868,-0.1039328426122665,0.1039329096674919,0.1011354699730873,-0.085899218916893,0.1036864444613456,0.1027352735400199,0.0505743734538555,0.0786032527685165,-0.1037092208862304,-0.1039223447442054,0.1031619310379028,0.0956575646996498,0.1069854199886322,-0.0311828553676605,-0.0987875610589981,0.0145556898787617,-0.0007950607687234,-0.0494689494371414,0.0726018100976944,0.0858540907502174,-0.1190054044127464,0.1403920501470565,0.1096449419856071,0.0918154790997505,-0.0925443619489669,-0.1320943981409073,-0.0515114516019821,-0.1346857696771621,-0.0689748898148536,0.0248972158879041,-0.0839149132370948,-0.0814721137285232,0.1547224819660186,-0.1199561655521392,-0.002827312098816,0.0341020673513412,0.0176781211048364,-0.1434505730867386,0.0945554971694946,-0.1216595992445945,-0.0778955817222595,-0.0321334600448608,0.1265483349561691,-0.0532003082334995,0.0949191451072692,0.1140343099832534,0.1163312196731567,0.1351351886987686,-0.0555214881896972,0.132628783583641,0.0168505776673555,-0.0255681779235601,-0.0349454991519451,0.0344830267131328,0.138036698102951,-0.0278296954929828,-0.0367968492209911,0.020245786756277,-0.030878247693181,-0.0455839112401008,0.1098478510975837,0.0977998152375221,-0.0787092223763465,0.1158650889992713,0.0716026350855827,-0.026625445112586,0.0663732811808586,0.0461390055716037,0.1528425216674804,0.0727546215057373,0.1232383996248245,-0.1515637338161468,-0.032054916024208,0.09900613874197,-0.0472433120012283,0.132571205496788,-0.1187619715929031,-0.1549068391323089,0.0104051856324076,-0.1095868721604347,-0.0020136560779064,0.0293024778366088,0.0249811299145221,0.0224984157830476,-0.0437205657362937,-0.0968243107199668,0.0887375026941299,0.126923456788063,-0.1037311553955078,0.0202473606914281,-0.1296266168355941,-0.0796093195676803,0.101564235985279,-0.1057431697845459,-0.16270412504673,-0.0336953550577163,0.0490448102355003,0.1026065424084663,0.1605650931596756,-0.0549478568136692,0.1296044439077377,0.0074231140315532,0.0464428924024105,-0.1147582978010177,-0.0507155619561672,-0.0510272122919559,-0.0363465175032615,0.1303647607564926,0.0043357633985579,0.1149340867996215,-0.0304077640175819,0.0049701547250151,-0.0952832847833633,0.1425705999135971,0.0763082429766655,0.0864813029766082,-0.0342705026268959,-0.0718120709061622,-0.0603049136698246,0.1283073872327804,0.0700742527842521,0.0042719389311969,0.0777658075094223,0.1139604300260543,-0.0991615280508995,-0.0076982416212558,0.1190659329295158,-0.0236335471272468,0.0644380450248718,-0.0481244474649429,0.0865702703595161,-0.0642361938953399,0.0907348692417144,0.1205776259303093,-0.0192652940750122,-0.0657762512564659,-0.0153556754812598,0.114476092159748,0.1023425683379173,-0.1284489333629608,0.122701346874237,0.1497941315174102,-0.0983470305800437,0.1174560561776161,0.1253275722265243,0.1573955863714218,0.027220020070672,0.1126161217689514,0.0215382613241672,-0.0470625758171081,0.0289908070117235,0.1069916486740112,0.0946116745471954,-0.0546453595161438,-0.1125438883900642,0.0495056025683879,0.0656126141548156,-0.0869561210274696,0.0907647535204887,0.0049093752168118,-0.0852826014161109,-0.1416122615337371,0.0417461320757865,-0.1097903028130531,0.1418046802282333,-0.1554300040006637,0.1111837550997734,-0.1405264139175415,0.0935904905200004,0.0218470860272645,0.0938651338219642,0.1262464225292205,-0.0053916070610284,0.0788340717554092,-0.0746292024850845,0.0527661815285682,-0.0698707029223442,0.0111853266134858,0.0581649132072925,0.078394815325737,0.0213132128119468,-0.1361714899539947,0.0035265889018774,0.0002878744271583,0.0366195701062679,-0.0784602612257003,-0.0131398951634764,-0.0116083063185215,-0.0805168449878692,0.0856842324137687,0.108508788049221,0.0584869645535945,-0.0473043620586395,0.0685078427195549,-0.1030577570199966,-0.1036637276411056,0.0103635909035801,0.1395783275365829,-0.0456317476928234,-0.0632003396749496,0.043949194252491,-0.0123694073408842,0.106569580733776,-0.1201032698154449,-0.0567701831459999,-0.019426928833127,0.0290862917900085,-0.0112070841714739,0.1201737895607948,-0.0256333127617836,-0.1253112852573394,-0.1322639286518097,-0.0695589035749435,0.1109409108757972,-0.1227987110614776,0.0292202793061733,0.0424271523952484,0.0797145441174507,0.1138595342636108,0.0400522761046886,-0.0212125703692436,-0.0810380429029464,0.1214463114738464,-0.0111341541633009,-0.0952766686677932,0.0988539829850196,-0.023327188566327,-0.0542242042720317,0.1213571056723594,0.0403112731873989,-0.0615159571170806,-0.1643709540367126,-0.0277467854321002,0.1478693634271621,-0.0064251935109496,0.1309452205896377,-0.0751594826579094,0.055073220282793,-0.0019761975854635,-0.0466687828302383,-0.0227219369262456,-0.046574767678976,0.0890742763876915,-0.0078371493145823,0.1035616546869278,0.0721894204616546,0.0898957177996635,-0.0265294704586267,0.0176969729363918,-0.1470949053764343,-0.0223189517855644,0.1580516844987869,-0.0795187428593635,0.088523231446743,0.0898481458425521,0.171416625380516,-0.1499987542629242,0.1193796023726463,0.0765847042202949,-0.1283889710903167,-0.0492241494357585,-0.0294922199100255,-0.08339374512434,-0.1102500110864639,0.0801824107766151,-0.1168697252869606,-0.0378058888018131,-0.059670053422451,0.1066512018442154,-0.0592842288315296,0.0586104840040206,-0.0071074282750487,0.1752390563488006,0.1791722327470779,0.1372438967227935,-0.0900124162435531,-0.0948667377233505,0.0795824602246284,-0.0190144516527652,-0.1096470728516578,-0.0253972299396991,0.024746723473072,0.0143561605364084,0.1113921925425529,-0.1558696180582046,-0.034009575843811,-0.1675327867269516,-0.005677230656147,0.0362899154424667,-0.1202545389533042,-0.0881610065698623,-0.0636678263545036,0.0499240905046463,0.0095796072855591,0.0126673523336648,0.0109437452629208,-0.0399256609380245,0.1033397763967514,0.0146010518074035,0.0644488185644149,0.0379466898739337,-0.0903345867991447,0.0767817497253418,0.1018221154808998,-0.0657121539115905,0.004589210730046,-0.1280340850353241,0.0079399058595299,-0.0727996006608009,-0.1234661042690277,0.0101734269410371,0.1480447351932525,-0.1069555729627609,0.1913987249135971,-0.0161581151187419,0.0143737187609076,-0.0158379953354597,-0.1570170670747757,0.0995784997940063,-0.0246497523039579,0.0529635809361934,0.1034271642565727,-0.1324181109666824,-0.0529968664050102,-0.0215590000152587,-0.1066635251045227,0.0403359197080135,-0.0134611576795578,-0.0952838882803917,-0.0702645480632782,-0.0685741454362869,0.0914374366402626,-0.029593888670206,-0.0856447368860244,-0.0227800980210304,0.0928025245666503,-0.0577634423971176,-0.0836714580655098,-0.0376703217625618,0.0959621891379356,0.0218992792069911,-0.1374852061271667,-0.0863827913999557,-0.1344658285379409,0.0219632666558027,-0.0541119016706943,-0.0313179083168506,-0.0494076833128929,-0.1060751527547836,0.0108976773917675,-0.0247270204126834,-0.0994266420602798,0.1324002295732498,-0.0167784076184034,-0.1452512294054031,-0.0452103391289711,-0.0509279370307922,0.141749769449234,-0.0540446415543556,-0.0045443656854331,0.0511659272015094,-0.1535864770412445,0.0944644510746002,-0.0963182151317596,0.0043437657877802,-0.0038184791337698,0.0297361873090267,-0.0789824426174163,0.1641727238893509,0.0297180563211441,-0.0132584320381283,-0.0298642572015523,0.0260096825659275,-0.0929663777351379,-0.0691916868090629,0.1601292937994003,-0.0988274589180946,0.1548027694225311,-0.0641823410987854,0.1405409574508667,-0.0924240425229072,0.1217648908495903,-0.1190033480525016,-0.0354049727320671,-0.1106947362422943,-0.0911566242575645,-0.0727528855204582,0.0715900957584381,0.111209288239479,0.1950516551733017,0.0420023761689662,0.1035407409071922,-0.0948676690459251,0.0117883319035172,0.0129150161519646,LDGVHBGQFPLAKY-UHFFFAOYSA-N,Cc1cccnc1NCCNC(=O)Cc1ccsc1
-0.0501855500042438,0.0898617804050445,0.1046618968248367,0.0665366649627685,0.1028167381882667,-0.0380187109112739,0.0025131334550678,-0.0820255726575851,-0.0081907454878091,0.0705247744917869,-0.0864559710025787,0.0997923836112022,0.1054126545786857,0.105576254427433,0.1052178964018821,-0.09991205483675,0.0894567221403122,0.093367263674736,-0.0690814107656478,0.1056304648518562,-0.089443489909172,-0.0443188026547431,-0.1046825423836708,0.1036770567297935,0.0356892757117748,-0.1027263030409812,-0.1053391620516777,-0.0988137573003768,-0.0696881487965583,0.0079239504411816,-0.1000753790140152,0.1019760444760322,-0.1054821088910102,0.1056954190135002,-0.1057825535535812,-0.1057449802756309,-0.1054816618561744,0.1050417199730873,0.0779206305742263,0.0901092365384101,-0.0965472906827926,0.0835093930363655,-0.0548740960657596,-0.0422647185623645,0.1048128008842468,0.1033656969666481,-0.0797858387231826,-0.1051326468586921,0.0943709462881088,0.092686578631401,0.1047536805272102,0.0910699889063835,0.0981897786259651,0.1054369434714317,-0.1046002134680748,0.0465493015944957,-0.0997272804379463,-0.0411499589681625,-0.0973287001252174,0.0862236469984054,0.0064304554834961,0.1056370139122009,0.0769533738493919,0.0965026840567588,0.1002628430724144,-0.1057460010051727,-0.1057710722088813,-0.1028744280338287,0.066466711461544,-0.1050941571593284,0.0392107591032981,0.1057828366756439,0.0948426425457,-0.1057772189378738,-0.1056853681802749,-0.103036493062973,-0.0846399143338203,-0.0913315191864967,0.0464218594133853,-0.1057731211185455,-0.1008095294237136,0.1056045666337013,0.1057454943656921,0.0554722286760807,0.0418597906827926,0.1057173460721969,-0.0792383626103401,0.095395304262638,-0.1040681004524231,0.042698573321104,0.1006019338965416,0.0846995860338211,0.070789486169815,-0.1033955290913581,-0.1051570400595665,0.0945514589548111,-0.0619288496673107,-0.1008123606443405,-0.0131688499823212,0.1025037318468093,-0.0885573253035545,0.0947840586304664,0.1053696051239967,-0.0384329482913017,-0.1056918948888778,-0.0171743389219045,0.1032163277268409,0.0910394042730331,-0.0341489724814891,0.1047407835721969,0.0988454967737197,0.0857909768819809,0.0458411015570163,-0.0965904146432876,0.1057391613721847,0.1045858785510063,-0.0979048013687133,-0.1002953127026557,-0.1055356562137603,0.0015871942741796,0.1055619865655899,0.0995550751686096,-0.0357975959777832,0.0485637336969375,-0.0724693834781646,0.0065009761601686,0.0997460111975669,-0.1037135422229766,-0.0125434538349509,-0.1044704541563987,0.1046961098909378,0.097115159034729,-0.0459696501493454,0.0967261120676994,0.1054641008377075,-0.1030530110001564,0.0046392763033509,-0.0806553587317466,0.1053881496191024,0.0979546830058097,-0.0997345522046089,0.0106568811461329,-0.098505787551403,-0.1054581776261329,0.1053452566266059,-0.1042681336402893,-0.1042308807373046,-0.1052653789520263,0.1006309762597084,-0.0559103414416313,-0.0802883878350257,-0.1033999770879745,0.1052471622824668,-0.1054579690098762,0.0958020836114883,-0.0540926083922386,-0.1053385436534881,-0.038278441876173,-0.1046233400702476,-0.1054192557930946,-0.1051739752292633,0.0991233438253402,0.1054008081555366,-0.0994280874729156,0.1053294986486435,-0.1054661273956298,0.1054675057530403,0.0367563106119632,0.0002637163852341,0.0919793471693992,0.105464868247509,0.0051987352780997,0.0959181636571884,-0.0387423262000083,-0.0880563929677009,0.1038426980376243,-0.1019927337765693,-0.018345084041357,0.1051822528243064,-0.1053368747234344,0.0905135497450828,-0.1054679900407791,-0.0248004309833049,0.1047790721058845,0.0864593461155891,-0.1054678782820701,-0.0830443575978279,-0.1042548194527626,-0.0150107312947511,-0.0986374765634536,-0.1031010150909423,0.1031513437628746,0.1019415631890297,-0.0517986640334129,-0.1054680123925209,-0.0248384047299623,-0.0487518608570098,-0.0976683795452117,0.0710953697562217,-0.104913905262947,-0.076981745660305,-0.1050260439515113,-0.1054466962814331,-0.1014570221304893,-0.0695459619164466,-0.1054563671350479,0.0010263336589559,-0.0341117046773433,0.1012817695736885,0.1030160412192344,0.0964579954743385,-0.1054183989763259,-0.1054542064666748,0.0114465067163109,-0.1054677665233612,0.1025780737400055,-0.0165203418582677,0.1052662134170532,-0.1047386601567268,0.0791997537016868,-0.0931521356105804,0.1054661124944686,-0.1053053140640258,0.0515600554645061,-0.1053962484002113,-0.0472166799008846,0.0484512969851493,-0.0436984896659851,0.0780320838093757,0.0702156499028205,-0.1050004139542579,0.1046626046299934,0.0266989525407552,0.0578255429863929,0.1049713790416717,-0.0503441244363784,0.0678616240620613,-0.1052259355783462,0.1026513874530792,0.1054672449827194,-0.1051802188158035,-0.1033466309309005,-0.0223160702735185,-0.000453748361906,0.0910437107086181,0.1054562926292419,-0.1054145619273185,0.0488601252436637,-0.0933572500944137,-0.0811390504240989,-0.1054348200559616,0.1024498492479324,-0.104874163866043,-0.1041651591658592,-0.1054679751396179,-0.0444020181894302,-0.109291523694992,-0.0990810692310333,0.0504701286554336,-0.1078579947352409,0.112815074622631,-0.109727956354618,0.1041662469506263,-0.1052250489592552,-0.104915089905262,-0.0646396428346633,0.1010451465845108,-0.0430892892181873,-0.0362693667411804,-0.0492606461048126,0.0941986814141273,0.0549550056457519,0.0826087221503257,-0.0291460808366537,0.0843518525362014,0.0887493640184402,-0.1004794463515281,-0.0980798378586769,0.1077589020133018,-0.0668086409568786,0.0363613814115524,0.0913930982351303,0.0177554879337549,0.1112899109721183,0.0877154394984245,-0.0992220565676689,0.1000660881400108,-0.0996204614639282,0.097563199698925,-0.1012718901038169,0.0662420988082885,-0.1100399196147918,0.0811990946531295,-0.1123323366045951,-0.0513187386095523,-0.1125941798090934,0.0988628938794136,0.0800127238035202,-0.0953233912587165,-0.1123917698860168,0.0567793473601341,0.0812748000025749,-0.0902394130825996,-0.1106264442205429,0.0890843272209167,-0.1097446009516716,0.0486991479992866,-0.0975525379180908,-0.1123526468873024,0.0846016481518745,-0.0563629493117332,0.1097226291894912,-0.1112239882349968,-0.0290348082780838,0.0705573856830596,0.1118436679244041,-0.026340315118432,0.1094330251216888,0.1129589229822158,0.0780164301395416,0.1048328951001167,0.0222827438265085,0.1059389039874076,0.0340097397565841,0.0920373722910881,-0.090778037905693,-0.0058150747790932,0.0456316657364368,-0.0596737749874591,0.1113432347774505,0.0170698817819356,-0.1119459271430969,0.0158755630254745,-0.1055722162127494,-0.1092543378472328,-0.1075455769896507,0.0727356001734733,0.0883454829454422,0.101591058075428,0.1079141348600387,-0.1031316220760345,0.0983361303806305,0.1057408452033996,0.1012442335486412,-0.0058657824993133,-0.0435032099485397,0.1070942655205726,-0.0836895182728767,0.0841412916779518,-0.1041225045919418,-0.1005801483988761,-0.104836456477642,0.0096000460907816,0.1027112901210784,0.0699401497840881,-0.1053232625126838,-0.1029353588819503,-0.012654866091907,0.0237928796559572,0.1051070839166641,0.1106020435690879,-0.0749869421124458,0.0041530937887728,-0.0853494778275489,-0.0861942619085311,-0.0687502771615982,0.015805646777153,0.0967011004686355,0.1059316918253898,-0.1039768606424331,0.1128494516015052,-0.0843221247196197,-0.104438379406929,-0.1100436374545097,0.1126288101077079,0.1122766509652137,-0.0604895465075969,-0.0596922375261783,0.0933264568448066,-0.111457847058773,-0.1076501309871673,-0.0942234843969345,-0.1015516072511673,0.0188770350068807,0.140751376748085,0.0711503997445106,-0.0752136632800102,-0.0516817793250083,-0.0443530939519405,-0.0396358743309974,-0.1277381181716919,-0.0164859555661678,-0.0346830114722251,-0.0928999856114387,0.0457664504647254,0.1019440293312072,0.0506272353231906,0.0399641208350658,-0.0446464270353317,0.0457311421632766,-0.0615239962935447,-0.1362823098897934,0.1520493179559707,0.0394337736070156,-0.0863426700234413,0.1121458709239959,-0.0820095464587211,-0.1287910640239715,0.0906924754381179,-0.0321144200861454,-0.1135403960943222,0.0306080989539623,-0.0941518992185592,-0.1387802064418792,-0.0777031779289245,0.0890616402029991,-0.1176442131400108,0.1066187620162963,0.1294171214103698,-0.0071742562577128,0.0336320847272872,-0.1531760245561599,0.1125789061188697,0.037769392132759,0.0463039502501487,-0.1323507577180862,0.0743763297796249,0.0769244357943534,-0.0955199375748634,-0.0239625144749879,-0.1294190734624862,-0.0511692054569721,-0.1500030905008316,-0.0223166309297084,0.130622312426567,-0.1184958890080452,-0.0330322198569774,0.0136085199192166,0.0732476264238357,-0.1210937276482582,0.021408375352621,0.0834654942154884,0.1283490061759948,0.1261718869209289,-0.1190921440720558,0.0243635922670364,0.0768030658364296,-0.0775841623544693,0.0994413048028945,-0.1250915974378585,-0.1030736193060875,0.0150474067777395,-0.1034101024270057,0.126539945602417,0.0386674217879772,0.0207913443446159,0.0912161692976951,0.0635281503200531,-0.103213831782341,0.0510063804686069,0.1166635900735855,-0.0484787113964557,-0.0148937460035085,-0.1226718723773956,0.0292170718312263,0.0405235737562179,-0.1254028379917144,-0.1502862721681594,0.0026119092945009,0.0029164156876504,0.0304694343358278,0.0788505896925926,0.1135382801294326,0.0757969096302986,-0.0677031278610229,-0.0290193278342485,-0.0763733237981796,-0.0738891437649726,0.0507711395621299,-0.0737240314483642,-0.0930310934782028,0.1274909675121307,0.0833532065153122,0.1059793159365654,0.0432616956532001,-0.0903013050556182,0.0634722635149955,-0.0448351837694644,-0.0342008173465728,-0.0111159095540642,-0.0259083658456802,0.0538527928292751,0.1551363468170166,0.1135806962847709,-0.0866690576076507,-0.1106549128890037,0.1071551963686943,-0.0661079660058021,-0.0788159295916557,-0.0126351052895188,0.1088763773441314,0.1267674267292022,-0.107686348259449,0.0843107029795646,0.0893715992569923,0.056598387658596,0.1386939287185669,-0.1305657625198364,-0.1406609863042831,-0.0649009123444557,0.015530009754002,-0.0569801442325115,-0.0994671806693077,-0.0567641668021678,0.1440351158380508,0.0021357075311243,0.0976929515600204,0.132124662399292,0.1397720128297805,-0.0302554219961166,0.1284426897764206,-0.1121844053268432,0.0984953939914703,-0.0666056424379348,0.0953050851821899,0.0150168472900986,0.0870180651545524,-0.1408554911613464,0.090809129178524,-0.0435187593102455,0.0486680977046489,0.0682227090001106,-0.1100941225886344,-0.1150674968957901,0.0018715098267421,0.0376513861119747,-0.069112405180931,0.1475234776735305,-0.1033180803060531,-0.1376276910305023,-0.0578681491315364,0.1065966412425041,0.0679064989089965,0.133478432893753,0.0162198264151811,-0.015414566732943,-0.1151545122265815,-0.1064756140112876,0.0337352566421031,-0.1373671889305114,0.0373052954673767,-0.1209212094545364,-0.1382476389408111,0.0827225819230079,0.0309322010725736,-0.061340682208538,-0.1294003278017044,-0.0402817800641059,-0.0248955320566892,-0.0359124355018138,0.0336865708231925,-0.087575688958168,0.0993460491299629,0.0161766987293958,0.1444578021764755,-0.1044238656759262,0.0143507486209273,0.048631303012371,0.03823858872056,0.0348823964595794,0.124230295419693,-0.0412586443126201,0.0280232802033424,0.0697207152843475,-0.0165534447878599,-0.0136420903727412,-0.0990509465336799,-0.1266471296548843,-0.0281789470463991,0.0619516298174858,0.0206018965691328,-0.0357349887490272,0.0112256668508052,-0.1346030384302139,-0.0564833618700504,-0.1153861358761787,-0.1008745655417442,0.0970753133296966,0.1300914734601974,0.0355996862053871,-0.0946030020713806,-0.0779495388269424,-0.0852523148059845,-0.0905455499887466,-0.050975389778614,-0.0769277364015579,-0.1242750212550163,-0.0395319797098636,-0.0012419192353263,0.1134704053401947,-0.0082997754216194,0.1357464492321014,0.1412521004676818,-0.1282123625278473,-0.1286482214927673,0.0517558045685291,0.1451433300971985,-0.0504473820328712,0.0747335106134414,0.0752541348338127,-0.0683234706521034,-0.0361099690198898,0.1062139868736267,0.0393819138407707,-0.0685897022485733,-0.0249684043228626,0.0043554934673011,0.0430356785655021,-0.1338453441858291,0.1031662225723266,0.0173569452017545,0.1069936901330947,0.0206537637859582,-0.068779245018959,0.1168549954891204,-0.0607996955513954,0.0670582577586174,-0.1426600962877273,0.1430559158325195,0.0356678664684295,0.0732103660702705,0.1333478540182113,-0.1457455158233642,-0.1241083666682243,0.0688840523362159,-0.0771003812551498,0.0300950556993484,-0.0504940599203109,-0.128899335861206,0.0410620905458927,-0.0391452275216579,-0.0718881487846374,0.0717115774750709,-0.0199406873434782,-0.0386243164539337,0.046466439962387,0.1417219042778015,0.1543221473693847,-0.0355140417814254,-0.0721251219511032,0.0855996236205101,-0.0411270372569561,-0.0331345796585083,-0.0565140061080455,-0.0417981743812561,0.0090345833450555,0.0692475885152816,-0.122217945754528,-0.1166975423693656,0.0241436045616865,0.022332951426506,0.113465704023838,-0.0308298822492361,-0.0752832517027854,0.0825145095586776,0.048725102096796,0.113905169069767,0.0475540496408939,-0.0896450504660606,-0.1230833977460861,-0.0657558441162109,0.1354345232248306,-0.0130508448928594,0.0025872397236526,-0.1460856795310974,0.0674157589673996,0.0637714490294456,0.1109858378767967,0.0994907096028328,0.1268384903669357,0.1055682078003883,0.02474145591259,-0.0341909117996692,-0.0838753208518028,0.1240714639425277,0.0089818220585584,0.0814151391386985,-0.105106271803379,-0.1174152716994285,0.0374652296304702,-0.0366781987249851,0.0541142970323562,-0.141540378332138,0.0880379900336265,0.0059756506234407,-0.0529315881431102,-0.141878068447113,-0.0706871822476387,0.0210544951260089,0.1122295036911964,0.0322564058005809,0.0476315468549728,0.1123564764857292,-0.08355712890625,0.1479718089103698,-0.1225389912724495,0.0646182894706726,-0.0328889898955822,0.0826150029897689,0.1015059426426887,-0.1668274402618408,-0.0796209350228309,-0.0299319550395011,0.1543155759572982,-0.0464294739067554,0.0156174143776297,-0.0435363017022609,-0.1159771382808685,-0.1038018018007278,0.0573574602603912,0.0067068594507873,0.02787846326828,-0.1116069331765174,-0.0504003278911113,-0.1481609493494033,-0.0584166198968887,0.0066996891982853,0.0491110198199749,-0.0959731861948967,0.0154755124822258,0.0336161106824874,0.1198758780956268,-0.0465531460940837,-0.006066795438528,-0.0040321047417819,-0.0826798602938652,0.1092518344521522,0.0130722047761082,0.1247759312391281,0.0522714257240295,0.0472224168479442,-0.0383456386625766,0.0159133356064558,-0.0601679794490337,0.0406988263130188,0.1118129193782806,-0.0908038839697837,-0.0754309669137001,-0.0331482402980327,-0.1463339626789093,-0.0519943572580814,-0.075586199760437,0.1602570116519928,-0.1329622864723205,0.1748802363872528,-0.1933970004320144,0.0975542739033699,-0.139118805527687,-0.0099967774003744,0.08040152490139,-0.0245843976736068,0.1304783076047897,0.180721566081047,-0.0146188149228692,0.127064973115921,-0.1091463416814804,0.0396112129092216,-0.1007386967539787,DCJHBEHDXVKYOS-UHFFFAOYSA-N,CC(CS(C)(=O)=O)NC(=O)c1ccc(C#N)cc1
-0.0954673066735267,0.0954204425215721,0.0970197767019271,-0.0623779632151126,0.0969819203019142,-0.0123960003256797,-0.0970045179128646,-0.0375695526599884,0.0968450754880905,0.0859873667359352,0.0970048606395721,-0.090097963809967,0.096698984503746,0.0970197767019271,-0.0904382020235061,-0.0970166251063346,-0.0970142781734466,0.0963029339909553,-0.0970197468996048,0.0969841405749321,-0.095339298248291,-0.0968533158302307,0.0970161706209182,-0.0970195159316062,-0.0914504081010818,-0.0969944223761558,-0.0947642475366592,-0.080740213394165,0.0103957103565335,0.0897320434451103,-0.0969190895557403,-0.0518467426300048,-0.0954440459609031,-0.0970021188259124,-0.096993051469326,0.0575603358447551,-0.0744534209370613,0.0968776568770408,-0.0970196574926376,0.0970193445682525,-0.0970197767019271,0.0869883000850677,-0.0695863962173461,0.0940166637301445,-0.0967054665088653,0.0949028804898262,0.0970109030604362,-0.0969873145222663,-0.0611514784395694,-0.0909744203090667,0.0697536319494247,-0.0970053896307945,0.0879030376672744,0.0407774709165096,0.0961876064538955,0.0970189347863197,0.09701968729496,0.0970162078738212,-0.0969702005386352,0.0968106687068939,-0.0970197767019271,0.0970188304781913,0.0969447940587997,-0.0262773614376783,0.0470927208662033,0.0963473841547966,-0.0970113426446914,0.0969936996698379,0.0934002622961998,0.0115182911977171,0.0270779095590114,0.0970197767019271,0.0969146862626075,-0.0970020368695259,0.0970132499933242,-0.0970197767019271,-0.0842118933796882,-0.0970197767019271,-0.0920954123139381,-0.085183247923851,-0.0969995856285095,0.0970171689987182,0.0970197767019271,0.0733023732900619,-0.0967585295438766,0.0969161763787269,0.0968444272875785,-0.047846283763647,0.0290568843483924,-0.0949244275689125,-0.0969355553388595,0.0936502069234848,0.0813706591725349,-0.094654880464077,-0.0970197767019271,0.0970153734087944,-0.0963319242000579,-0.0970192402601242,0.0508416630327701,-0.0966055020689964,0.0969994515180587,0.0154930427670478,-0.096850574016571,0.0970192998647689,-0.0288113597780466,0.0938189774751663,0.0970173254609108,0.0895660519599914,-0.0937059000134468,-0.0619267411530017,0.0964862629771232,0.0970197767019271,-0.0969694182276725,0.0906700044870376,0.010037082247436,0.0969173386693,-0.0956384241580963,-0.0970096886157989,0.0970043018460273,-0.0969883129000663,-0.096752144396305,-0.0969966948032379,-0.0894927754998207,0.0965517237782478,0.0968304201960563,0.0952612906694412,0.0969650745391845,0.0623510964214801,0.1034502387046814,-0.1030086800456047,-0.1034585013985633,0.1034681051969528,-0.069557785987854,0.1009906381368637,-0.1034541055560112,0.0490678809583187,0.1033793836832046,0.1018107756972312,0.1034688428044319,0.0348176434636116,-0.101483829319477,0.1028090864419937,0.0840138792991638,0.0743996500968933,-0.0699621140956878,-0.0374385006725788,-0.1034678369760513,-0.1030719578266143,-0.0345056131482124,-0.0958081781864166,-0.1034546643495559,0.0329733379185199,0.1025212332606315,0.1034703031182289,0.0707133486866951,-0.0151182878762483,-0.0851551964879036,-0.1011432781815528,-0.0994390845298767,-0.0983045175671577,-0.103338822722435,-0.0326651111245155,-0.0709241107106208,0.1017087399959564,-0.099555529654026,-0.103210411965847,-0.1020843684673309,0.0962505042552948,0.100251093506813,-0.0326438844203949,-0.1034284755587577,-0.1018310785293579,-0.0095108216628432,-0.1033515781164169,-0.0733060240745544,0.0971613004803657,-0.1033087149262428,0.1034705862402916,0.0182429496198892,-0.1024258062243461,-0.017970971763134,0.0825293734669685,-0.087451048195362,-0.1014054045081138,-0.0958323553204536,-0.1033111810684204,-0.0983572155237197,-0.1034643948078155,0.0625681057572364,-0.1033658385276794,0.0908064842224121,0.1029108613729476,0.1034718304872512,-0.0648246333003044,0.1033990979194641,0.0991949886083602,-0.103401206433773,0.0948403403162956,0.0979020744562149,-0.1034678891301155,0.1034187749028205,-0.0503324083983898,-0.1021587997674942,0.0180280432105064,-0.0650323033332824,0.1034698039293289,-0.039156287908554,0.0119377765804529,-0.1024017184972763,0.0990449264645576,0.1024878919124603,-0.0593062974512577,-0.1034684255719184,0.0024767231661826,0.0981096103787422,-0.0152906607836484,-0.1034611016511917,0.1033386513590812,-0.0866115987300872,-0.1018710955977439,-0.051427561789751,-0.019145518541336,0.0912380963563919,-0.0597116202116012,-0.0819145962595939,0.1033839881420135,-0.1002385392785072,0.1024795249104499,-0.0914109498262405,0.0013414860004559,0.1034030690789222,0.10346669703722,-0.0950243920087814,0.0539854131639003,-0.1034702509641647,0.1029716357588768,-0.1031519100069999,-0.103470578789711,0.0039969757199287,0.1029347106814384,-0.1033301949501037,-0.1031248718500137,-0.1034679561853408,-0.1014637351036071,-0.1034678518772125,0.1032801568508148,0.1021817326545715,-0.1034510284662246,0.022467179223895,-0.1004210263490676,-0.0417461320757865,0.1027524843811988,0.0402827896177768,-0.1034621447324752,-0.0884277746081352,0.0866335779428482,0.0957184359431266,-0.0982264503836631,-0.0474571585655212,0.0403222888708114,0.0426215045154094,-0.0983883515000343,0.0939008370041847,-0.0785150751471519,0.0965828970074653,0.0908872559666633,-0.0887797623872757,-0.0977356359362602,-0.0983883515000343,-0.0983883216977119,0.0343138463795185,-0.0841699391603469,0.0983883365988731,0.0983549803495407,-0.0983852371573448,-0.0714373216032981,-0.0983837097883224,0.0981894731521606,0.0331815928220748,0.0983832105994224,-0.0966771095991134,0.0883994922041893,0.0981039926409721,0.0983821749687194,-0.098369613289833,-0.0908688604831695,-0.0977604538202285,-0.0983606949448585,0.0983858183026313,-0.0983883515000343,-0.0719780847430229,-0.0093241222202777,-0.096438467502594,-0.0949548855423927,0.0892878621816635,-0.098384290933609,-0.0983474478125572,0.0983839407563209,0.0954315662384033,0.0772963613271713,0.073186382651329,0.098372995853424,0.0981480255722999,-0.0968062505125999,0.093451052904129,-0.0400836318731308,-0.0978550836443901,0.0983866453170776,0.0972742065787315,-0.0848509147763252,-0.0983733683824539,0.0639467984437942,0.0560629852116107,-0.0983845219016075,-0.0981126576662063,0.0983544439077377,-0.0981250330805778,-0.0854427367448806,0.0983883067965507,-0.0844005644321441,0.0983882695436477,0.0176607128232717,0.0875440761446952,-0.0968472585082054,0.098385065793991,0.0983873680233955,-0.0974946841597557,-0.0983883216977119,0.0829657092690467,0.0983726233243942,0.0982967987656593,-0.0983882248401641,0.0315434485673904,0.0983829721808433,-0.0976707860827446,-0.0976991206407547,-0.0929726809263229,0.0974622517824173,-0.0478139258921146,-0.0983772799372673,-0.0966051593422889,0.0976543948054313,0.0983883365988731,0.0151086058467626,0.0554382055997848,0.0636656880378723,0.0979820042848587,0.0982363671064376,0.0785208716988563,0.0979363918304443,-0.0070688053965568,-0.095851793885231,-0.0833311900496482,0.0983613952994346,0.0915214940905571,-0.0615056753158569,-0.0983883067965507,-0.0980961248278617,0.0287795923650264,-0.0943780913949012,-0.0399022623896598,0.0967155024409294,-0.0964040756225586,0.0939742401242256,-0.0960111021995544,0.0776269733905792,-0.0872991234064102,0.0982609018683433,0.0979358702898025,0.0983858853578567,0.0983811169862747,-0.0983593314886093,0.0615918859839439,-0.0983529016375541,0.0983875021338462,0.0972245410084724,-0.0983854457736015,-0.0335026681423187,0.0983750820159912,-0.0983656570315361,0.0926042571663856,0.0817598402500152,0.0915189832448959,-0.0972087979316711,-0.0330444425344467,0.0989738181233406,-0.1036673337221145,-0.007113158237189,-0.113893948495388,0.0562787093222141,0.0537332817912101,0.1217053532600402,0.1255791932344436,0.0026330836117267,0.0628830194473266,-0.0881449729204177,-0.0062382062897086,-0.1232111230492591,0.1076869890093803,-0.1182087734341621,0.0369339734315872,-0.1140730381011962,0.002868924755603,0.1208737641572952,0.120375357568264,-0.063816875219345,-0.0027395461220294,0.0922346040606498,0.1260360330343246,0.0904382914304733,-0.0731968134641647,-0.0639608800411224,0.1129743233323097,-0.1259564012289047,-0.0736026018857956,0.0950256139039993,-0.1253500282764434,-0.052437637001276,-0.0151745919138193,-0.0619291923940181,0.074305810034275,-0.1217794939875602,0.1232192292809486,-0.057961132377386,0.1136800944805145,-0.1227951943874359,-0.1071197092533111,0.0212140530347824,-0.0372332707047462,0.0181070789694786,-0.0687092915177345,-0.12209103256464,0.1022495552897453,0.0655931085348129,0.0780309289693832,-0.1097654923796653,-0.1017253324389457,0.1083945035934448,0.1134160608053207,-0.0629860982298851,0.0065299845300614,-0.1053970903158187,0.1249143853783607,-0.1173608750104904,-0.113717645406723,-0.1161179393529892,-0.0284183267503976,-0.0521405488252639,0.0235949046909809,-0.1178365424275398,0.1217662319540977,-0.1196222603321075,0.0976999402046203,0.1124037131667137,-0.0211139395833015,0.0520874932408332,0.0003646764089353,0.1139508411288261,-0.1105553209781646,-0.0482641272246837,-0.0687349736690521,0.0039624026976525,-0.068213865160942,0.0785438865423202,-0.0781668648123741,0.052744410932064,0.0953220576047897,-0.1197967082262039,-0.0867165997624397,0.1107502803206443,-0.1047621592879295,-0.1077209860086441,-0.0793182402849197,-0.1246214210987091,0.0810429975390434,-0.1107827201485633,-0.0092038866132497,0.117986686527729,-0.0539102479815483,0.0985047742724418,0.1026031225919723,0.1246537044644355,-0.1246012151241302,-0.0324217267334461,-0.0943961814045906,0.083509050309658,-0.0662109032273292,0.0920131728053093,-0.1068963035941124,0.1028936058282852,0.0423578843474388,-0.115458644926548,-0.0080133266746997,-0.0134038673713803,0.111216515302658,-0.1166772320866584,-0.123499646782875,-0.0781586393713951,0.0409934148192405,0.1054932028055191,-0.074910819530487,0.0666435435414314,0.0875864848494529,0.067595824599266,-0.0382806658744812,-0.0799415931105613,-0.012210126966238,-0.0469569787383079,-0.0532570332288742,-0.1171529591083526,-0.0490802899003028,0.0645529106259346,-0.0463330782949924,0.0632119998335838,0.1475930660963058,-0.115233838558197,0.1181123256683349,0.1521619260311126,0.1535685956478119,-0.0332536026835441,0.1222336590290069,0.0075855888426303,-0.0253876131027936,0.0708590671420097,0.0469106547534465,0.0742595344781875,0.09530970454216,-0.1205245852470398,0.1406926214694976,-0.0808518528938293,0.012888878583908,0.0667036324739456,-0.1139599755406379,-0.0774272754788398,-0.0572320073843002,-0.0583002567291259,-0.1107138469815254,0.1602539122104644,-0.0824452936649322,-0.0928924903273582,-0.076628603041172,0.1142557486891746,0.064001053571701,0.1454626470804214,0.0609879568219184,-0.0738005489110946,-0.1037411466240882,-0.0606772638857364,0.0982977822422981,-0.125878021121025,0.0613295696675777,-0.1141552701592445,-0.0819668769836425,0.1251804381608963,-0.0116246296092867,-0.0657977312803268,-0.0188679974526166,-0.0198959410190582,-0.0241750702261924,-0.0651233345270156,-0.0100487684831023,-0.0729439184069633,0.0143157672137022,0.0854669585824012,0.1535804867744445,-0.1104879826307296,0.0599831826984882,0.0334223583340644,-0.0587885566055774,-0.0747519433498382,0.1332868784666061,-0.0405164137482643,-0.0045169475488364,0.0887207984924316,-0.0288664828985929,-0.0017766158562153,-0.1350840032100677,-0.1249761134386062,-0.0029832392465323,0.0222978163510561,-0.0456975288689136,-0.0415349714457988,-0.0261014495044946,-0.1339422166347503,-0.0910622850060463,-0.1161046400666236,-0.0212129987776279,0.071239948272705,0.1431707888841629,0.0672612413764,0.002027463633567,0.0499890632927417,0.0061889779753983,-0.0739832520484924,-0.0186655223369598,0.0206229891628026,-0.0740704238414764,-0.0613285638391971,0.0472963713109493,0.0696376636624336,-0.0301589872688055,0.1444265842437744,0.1067522689700126,-0.1204218566417694,-0.1312423050403595,0.0662718787789344,0.157371699810028,-0.0096003087237477,0.0757772773504257,0.0223409458994865,-0.0042874286882579,-0.0181151572614908,0.0263670571148395,0.0035846123937517,-0.1191456466913223,0.0744026601314544,0.0581706874072551,0.141535222530365,-0.1237658783793449,0.1302318423986435,-0.1057198643684387,0.0776918083429336,-0.0421217307448387,-0.0191187337040901,0.1351833790540695,-0.1223567649722099,0.0853704363107681,-0.1190414577722549,0.1535850465297699,-0.0732029378414154,0.0851616710424423,0.1158710122108459,-0.1540324538946151,-0.094020701944828,-0.0256110895425081,-0.103852093219757,0.0117292935028672,-0.0298448055982589,-0.1449214965105056,0.03268788382411,-0.0311606768518686,0.0769451856613159,-0.0207172445952892,0.0389184802770614,0.0615900382399559,0.1441639065742492,0.1779033988714218,0.1188753470778465,-0.1217939406633377,-0.0206028800457716,0.0397455543279647,-0.0435667298734188,-0.1538758128881454,-0.0727458521723747,0.0504652932286262,-0.0199153181165456,0.1075772866606712,-0.1142736002802848,-0.0880471765995025,-0.1737399399280548,0.0116568049415946,0.0807720199227333,-0.1125759705901146,-0.0519425086677074,-0.0158089026808738,0.0789216309785842,-0.0319595634937286,0.0614494010806083,0.0443517491221427,-0.0880715027451515,0.1299803256988525,-0.0143797555938363,0.0589331276714801,-0.0200171582400798,-0.0598018616437912,0.0991424471139907,0.095115453004837,-0.0840262770652771,0.0134863937273621,-0.1376163214445114,0.0395501479506492,-0.0452383309602737,-0.0771329030394554,-0.0760377123951911,0.1015222519636154,-0.1064443811774253,0.1595236659049987,0.0109017742797732,0.0937124788761138,-0.0853534936904907,-0.1380001455545425,0.1145556196570396,-0.0139414649456739,0.0568107441067695,0.1300489604473114,-0.1524258553981781,-0.0884450376033783,-0.007653716020286,-0.0758801475167274,0.0604578368365764,0.0226406138390302,-0.0764360353350639,-0.071738064289093,-0.0640123561024665,0.0875593796372413,0.0056882086209952,-0.1178996637463569,0.0126044051721692,0.0689234063029289,-0.0768226534128189,-0.0967684462666511,-0.0652297660708427,0.0592188276350498,-0.0056845257058739,-0.1123278886079788,-0.1077495515346527,-0.1270350962877273,-0.0243217963725328,-0.0806480124592781,-0.0287730563431978,-0.0528204813599586,-0.129248633980751,-0.0411434285342693,-0.055356029421091,-0.0723537281155586,0.1500194221735,0.0004736149567179,-0.1175319030880928,0.0037473565898835,-0.0749722346663475,0.1276693642139434,-0.0130730662494897,-0.0558065921068191,0.0344837047159671,-0.15285125374794,0.070705309510231,-0.0812580361962318,0.0519539676606655,-0.0258075818419456,-0.0468057319521904,-0.111886441707611,0.1626652777194976,0.0414466746151447,-0.0211657006293535,-0.1006140932440757,0.0943425893783569,-0.0816980898380279,-0.0931485295295715,0.1356649100780487,-0.0210037566721439,0.1433545798063278,-0.1381925791501999,0.133209228515625,-0.0665663257241249,0.0168692842125892,-0.0835259184241294,-0.106032982468605,-0.0908397585153579,-0.0711528956890106,-0.1296949833631515,0.1087049767374992,0.1300548464059829,0.1735930740833282,-0.0051059685647487,0.0603960044682025,-0.0828173756599426,0.0410764664411544,-0.0346265472471714,ZPKMZTAFTFNGDE-UHFFFAOYSA-N,CNCC(=O)Nc1ccc(Br)cn1
0.103634774684906,0.1056255027651786,0.1052929162979126,0.0964073836803436,-0.1055138558149337,0.0397153720259666,-0.1035123094916343,-0.0902521535754203,-0.0652236863970756,0.0609729327261447,0.1051419228315353,0.0364999808371067,-0.0572041980922222,-0.1056187599897384,-0.0901929140090942,0.1056242436170578,0.1054412946105003,-0.095429353415966,-0.0916245877742767,0.0675867572426796,-0.0330389030277729,-0.0791897028684616,0.1055933460593223,0.0300801061093807,0.1056234091520309,-0.1019215732812881,-0.1053629145026207,0.1056078523397445,-0.0717662647366523,-0.0774736255407333,0.0498021319508552,-0.0822393521666526,-0.0083422623574733,-0.1043861508369445,-0.1029242947697639,0.1054632440209388,0.0454889237880706,-0.1002382338047027,0.1021521091461181,-0.102406769990921,-0.1005821749567985,-0.1042715609073638,-0.0164012610912323,0.1022146716713905,0.1051782518625259,0.1052101552486419,0.1019143760204315,-0.0915850028395652,-0.0997476130723953,-0.0190975628793239,-0.0136246290057897,0.092689111828804,-0.1007157266139984,-0.1055313795804977,0.10524233430624,-0.0124086132273077,-0.0586980246007442,0.0935133546590805,-0.1001382023096084,-0.1045241132378578,-0.091476522386074,0.1055464074015617,-0.1013322472572326,-0.0534408427774906,0.1056243777275085,-0.0836401730775833,0.102799154818058,0.0695687085390091,0.0765531435608863,-0.1007950082421302,0.064059592783451,0.1055994182825088,0.0422500446438789,-0.092909887433052,0.0726162865757942,-0.0974936634302139,-0.0089475708082318,0.0793287083506584,0.0816162601113319,0.1050113067030906,0.1044157147407531,0.0898045152425766,-0.10545165091753,0.1050645932555198,0.1035174876451492,-0.0456929095089435,-0.1005899384617805,-0.0947627276182174,0.1023216098546981,0.1053743138909339,-0.1050884947180748,0.0392692498862743,-0.105607196688652,0.1055807620286941,-0.1056260466575622,0.1032546907663345,-0.024729935452342,0.1048355251550674,-0.0719067156314849,0.1009028032422065,0.0878948420286178,-0.104765810072422,0.0872550159692764,0.1055426001548767,0.0530405491590499,0.0887036174535751,0.1048289164900779,-0.0499391742050647,0.0043205567635595,0.0991292223334312,-0.1056236550211906,-0.1045504957437515,0.0206529814749956,0.0258023776113986,-0.0100235687568783,-0.0609453096985816,0.0931513458490371,-0.1041647493839263,0.1013351082801818,0.1045411899685859,0.0963518694043159,-0.0783855319023132,-0.1023228242993354,0.1056192964315414,-0.0971150696277618,-0.1042361781001091,-0.0640853717923164,-0.0810673609375953,0.1118884682655334,0.1019283905625343,0.1112678125500679,0.0303632784634828,-0.1132798641920089,0.1079102158546447,-0.0996789187192916,0.1110497564077377,0.0956052094697952,0.0177917648106813,-0.0598903037607669,-0.1123791709542274,-0.0826263204216957,-0.1116816401481628,0.0217633042484521,0.0142620867118239,0.0967614650726318,0.1136994361877441,-0.0806421041488647,0.078337661921978,-0.1041881069540977,0.1096175834536552,-0.1123124361038208,-0.1136465668678283,-0.112919807434082,0.0155473155900835,-0.1115374565124511,0.0983061492443084,0.0952045992016792,-0.0896974951028823,0.1013652756810188,-0.1020022183656692,-0.1109545081853866,0.1135747507214546,0.084985427558422,0.0783105045557022,-0.0715930387377739,0.0276139341294765,-0.0587632730603218,-0.1096445247530937,0.0667847469449043,0.0743710324168205,0.0990664213895797,-0.1128178685903549,-0.1083761304616928,-0.0432942546904087,-0.1030159220099449,0.1097086742520332,-0.1119851768016815,0.1137032210826873,0.0598661974072456,-0.0899639204144477,-0.1133345887064933,-0.086449347436428,0.0727240890264511,0.006214652210474,-0.052748329937458,0.0799599811434745,-0.1046606004238128,0.0264660362154245,-0.0489728562533855,-0.0902959555387497,-0.0878117829561233,-0.0290605276823043,0.1065522283315658,0.0045470162294805,-0.0909123718738555,0.1093944460153579,0.0965040922164917,0.1123372390866279,-0.0879757776856422,-0.1134679391980171,-0.1091782450675964,-0.1107100024819374,-0.1115761324763298,0.1114541366696357,-0.1120188161730766,0.1119074448943138,0.1104917898774147,-0.0660303905606269,-0.1124751642346382,-0.0208524614572525,0.1134030073881149,0.0969520881772041,-0.0230378974229097,-0.0475213825702667,-0.0189451202750206,-0.056490920484066,-0.0985901281237602,-0.0599696263670921,0.1116546690464019,-0.0080139720812439,-0.0777054131031036,0.0018485623877495,0.1047857776284217,0.1128637716174125,0.1116850078105926,-0.1131986007094383,-0.0436067655682563,-0.1124838590621948,0.1120565384626388,0.112155757844448,0.0509917475283145,-0.107582189142704,0.0525574646890163,-0.0461632162332534,0.0120583958923816,0.0751876905560493,-0.016530305147171,0.0761836469173431,0.0154133373871445,0.0829081237316131,-0.0662855431437492,0.0634107887744903,0.0237905848771333,0.0357134155929088,-0.1064214631915092,-0.1129771098494529,0.1002770811319351,0.0937004014849662,0.1089715436100959,-0.0494196005165576,0.1120929643511772,-0.0272926855832338,-0.1018625423312187,-0.1136757954955101,0.1129431128501892,0.0411218106746673,-0.1063375696539878,0.0386840961873531,-0.1023944690823555,0.1117734163999557,0.1136956438422203,-0.0202644895762205,0.0470508709549903,-0.1113744601607322,-0.0192137379199266,0.0021517791319638,0.1067074760794639,0.0893212854862213,-0.0671820938587188,-0.1087902709841728,0.0736218392848968,0.111291728913784,-0.0475449673831462,0.0748935714364051,-0.0936177894473075,-0.0387611463665962,0.1141806319355964,0.1142073795199394,0.114226333796978,-0.0046613682061433,0.0818306133151054,0.088181160390377,-0.1049055382609367,0.1136325374245643,-0.0701931416988372,0.1039734259247779,-0.031145129352808,-0.1112372130155563,-0.1001590862870216,0.1115176305174827,-0.0938682928681373,-0.0268228556960821,-0.1141415610909462,-0.0662280321121215,0.0051743653602898,0.1065288260579109,0.0896770730614662,0.0918385460972786,0.0887417122721672,-0.0525941811501979,0.0521833449602127,0.0956768244504928,0.095486894249916,-0.1122264638543129,0.1142469868063926,0.106110006570816,0.0060271131806075,-0.1029427871108055,0.0367139093577861,0.1116402447223663,-0.0039410199970006,-0.1004937142133712,0.1130684688687324,-0.0549414902925491,0.067438431084156,0.0742046013474464,0.0574614480137825,0.1026571393013,0.113807201385498,-0.0859398692846298,-0.0804292038083076,-0.1134599298238754,-0.0673982948064804,-0.0090482700616121,0.0741616487503051,-0.0660335719585418,-0.0847924053668975,0.1107307896018028,-0.1130823120474815,-0.0561841316521167,0.1106075718998909,-0.1127759888768196,0.1054280698299408,-0.0528965890407562,-0.1110437288880348,-0.0156586598604917,0.1018012091517448,0.1118854209780693,-0.0806610584259033,-0.1121520325541496,-0.1053219959139823,-0.025155670940876,0.0571326352655887,0.0688854232430458,-0.1103632822632789,0.1126041263341903,0.1119132563471794,0.0034241976682096,-0.1026185750961303,-0.0670402273535728,-0.0189500320702791,-0.1140419468283653,0.0299031399190425,0.1130133792757988,-0.1080555021762847,-0.0942728817462921,-0.0230276063084602,0.1106863617897033,0.1130320876836776,0.0646353289484977,-0.1117995455861091,-0.112135462462902,-0.0521147400140762,0.0819225758314132,-0.0649389550089836,-0.0469025075435638,0.1050361916422844,0.1080547049641609,-0.1067822873592376,0.1099854186177253,0.0596115291118621,0.0849608927965164,0.1138455793261528,-0.1142476350069046,0.1142477020621299,-0.1050116270780563,0.0301091726869344,0.105764552950859,0.0133169656619429,0.0887100175023078,-0.0755176767706871,-0.1021037027239799,-0.0899616107344627,0.1128852590918541,0.0082873795181512,0.0758949369192123,0.0121545800939202,-0.1110719814896583,-0.0388181246817112,0.1068536788225174,-0.1172941997647285,-0.0100346021354198,-0.0607900954782962,-0.1282236725091934,0.1268907040357589,0.0433962531387805,0.1499923914670944,0.0378586240112781,-0.0590075999498367,-0.1002828478813171,0.0514301247894763,-0.0913632810115814,-0.0958227142691612,-0.043239302933216,0.0192760992795228,0.0765581578016281,-0.1378414928913116,0.0970983207225799,0.0198808889836072,-0.0599600858986377,-0.1123904213309288,0.0801524966955185,-0.0874918103218078,-0.107825368642807,0.0546433739364147,0.1071051284670829,-0.0647995546460151,0.0601957999169826,0.1188288778066635,0.0348526313900947,0.087896391749382,-0.109245091676712,-0.0747502893209457,0.1404207944869995,-0.0337272994220256,-0.0625632107257843,-0.0694776028394699,0.1496825367212295,-0.0633858442306518,0.012209016829729,0.0552190616726875,0.1479476988315582,0.0796838328242302,0.0721127316355705,0.0673122406005859,0.0610717013478279,0.0038433051668107,0.1454621851444244,-0.1094065830111503,0.0429687090218067,0.0795343369245529,0.1435510814189911,-0.0335414446890354,0.072795532643795,-0.1197356432676315,0.0895242542028427,0.1402696520090103,0.1296090334653854,0.0466720834374427,-0.0343166142702102,-0.1064815521240234,0.0230445321649312,-0.06385338306427,-0.0350248403847217,-0.0475706979632377,0.094731293618679,-0.1484070867300033,0.1081382557749748,-0.1561729907989502,0.1062114462256431,-0.0154594257473945,-0.1412345468997955,-0.1127323806285858,-0.0570856258273124,0.0816729143261909,0.1548327207565307,-0.0927717164158821,-0.1619877070188522,-0.1318279802799224,-0.1272577792406082,0.0810891613364219,0.1458097696304321,-0.0677312314510345,0.1271468997001648,0.073641113936901,-0.0102115515619516,-0.0977319404482841,-0.1172248944640159,0.0132625605911016,0.0555083528161048,0.0503842048346996,0.0921666771173477,0.0754023343324661,-0.0745747610926628,-0.0203558709472417,0.0474562235176563,0.0906962454319,0.0631119236350059,0.06726935505867,0.0603477098047733,-0.124282918870449,-0.0141991078853607,0.057945542037487,0.1495001912117004,-0.0829341113567352,0.0311864558607339,0.0809739083051681,-0.0250464212149381,0.0241235811263322,-0.0224639009684324,-0.075546495616436,-0.0390738286077976,-0.0894247442483902,-0.0295275077223777,-0.0688825622200965,0.1116853579878807,0.0574396066367626,-0.0418911501765251,-0.0317611433565616,-0.1287566721439361,-0.1120329871773719,0.0312215741723775,-0.0845320969820022,-0.0287673827260732,-0.0314216651022434,-0.0717832073569297,0.1500779390335083,0.0780540332198143,0.0466891899704933,0.0107974112033844,0.0777234733104705,0.0670174285769462,0.0189292673021554,-0.0795184522867202,0.040710374712944,0.0315771624445915,-0.0202477760612964,-0.1113667041063308,-0.0521061569452285,0.0017504713032394,0.0635080486536026,0.1096846386790275,0.1583408713340759,-0.1051987186074256,-0.1449022740125656,-0.0493265241384506,-0.1037433221936225,0.0381064116954803,-0.0132842203602194,-0.0841444507241249,0.0568646267056465,0.0184730477631092,-0.0290320254862308,-0.0448280312120914,0.0521936900913715,0.0772484838962555,-0.0281520187854766,-0.0048558707349002,0.118751473724842,-0.1689371168613433,-0.0060736685991287,0.0980741009116172,0.1141367405652999,0.0524219013750553,0.0372706018388271,0.1357568204402923,-0.021979734301567,-0.135728120803833,-0.0430429652333259,-0.1238752603530883,-0.1450946927070617,-0.0341246053576469,0.1444411724805832,-0.0647606253623962,-0.0659116208553314,-0.033370766788721,-0.1162220910191536,-0.1469357758760452,-0.0944024324417114,0.0859569609165191,0.0646694973111152,-0.1165783554315567,-0.0618918985128402,-0.082949049770832,0.0217242427170276,0.1230669543147087,-0.1525264531373977,-0.054710280150175,-0.0444532893598079,-0.0232248045504093,0.1287361234426498,0.0811921507120132,0.0948853492736816,-0.0465503111481666,-0.1061939746141433,-0.1590743660926818,-0.0751352310180664,-0.0972252711653709,-0.0835398882627487,0.1441852152347564,-0.0071830162778496,0.0254348423331975,-0.0830110386013984,-0.1003083959221839,-0.0798659101128578,-0.0386034436523914,-0.0392265878617763,0.0626130923628807,-0.0937321186065673,-0.0394960567355155,0.0953811556100845,0.0137450117617845,-0.0333773083984851,-0.0185351576656103,-0.1852105557918548,-0.1502988189458847,0.2065364271402359,0.1072737649083137,-0.013946090824902,0.093346856534481,0.0585117898881435,-0.1081249266862869,-0.0239319149404764,0.0699261277914047,0.1050831750035286,-0.0950886756181716,0.0956583470106124,0.090721994638443,0.0002557568077463,0.0128816049546003,-0.0269550029188394,0.1211783289909362,-0.0553767420351505,0.0707088857889175,0.2058097273111343,-0.0202337335795164,0.1308349967002868,-0.059229914098978,0.1197883710265159,-0.0857199504971504,0.1147204786539077,0.0342315658926963,-0.1159522086381912,0.0039112069644033,0.0429860316216945,0.0310961883515119,0.1153547912836074,0.0822403356432914,-0.0609215125441551,0.0235597770661115,-0.0918273404240608,-0.0412563122808933,0.0597173124551773,0.0674739107489585,-0.0413804203271865,0.1014967039227485,-0.0783917903900146,0.1669480055570602,-0.0437369868159294,-0.1309372037649154,0.1526673138141632,0.0266039595007896,0.1187607645988464,-0.072532057762146,0.0814381539821624,-0.0565478838980197,-0.0220102481544017,-0.0150020401924848,-0.1480521708726883,-0.0316485241055488,0.0011190004879608,0.1547504514455795,0.0971889495849609,-0.1527542769908905,0.1143346205353736,0.0672527179121971,0.088572159409523,0.1312100887298584,-0.0449029915034771,-0.1024468094110488,-0.12753227353096,-0.0226729232817888,0.0001779237063601,0.0365155078470706,-0.1090859696269035,-0.0510441474616527,0.1060485765337944,0.0718706548213958,-0.0470278784632682,0.1204423531889915,0.1454200595617294,0.0214119777083396,-0.0443960539996624,-0.1152372881770134,-0.076694443821907,0.1186088696122169,0.1288912445306778,0.0202859044075012,-0.0483684092760086,0.1519342064857483,0.0040885773487389,-0.1009664461016655,-0.0415654741227626,-0.0243602469563484,-0.1350628733634948,-0.0178343392908573,-0.0310026966035366,-0.0570022836327552,-0.0536917671561241,-0.006998723372817,0.1288414597511291,0.0221373494714498,-0.0458366274833679,0.0088721439242362,0.1224023252725601,-0.0365929156541824,0.1344143450260162,-0.0440121665596962,0.0932479947805404,0.158228263258934,-0.0954064354300499,0.1149716898798942,0.0134949581697583,-0.0337853394448757,-0.0217087212949991,-0.0020723221823573,0.050976101309061,-0.0692144781351089,-0.0745529234409332,0.0364866554737091,0.1531217396259308,-0.0288790669292211,0.0778475999832153,0.0317117348313331,-0.1491257101297378,0.1128318607807159,0.0873010084033012,0.0461292080581188,-0.1580883115530014,0.0063084480352699,0.023558298125863,-0.0057612862437963,-0.1387695074081421,0.0530635491013526,0.114420548081398,0.1212826296687126,0.0729027763009071,0.0951073095202446,0.0095419352874159,-0.0991672873497009,0.0574302971363067,0.0030916044488549,-0.0209510289132595,0.1327574700117111,0.0105920257046818,-0.0819738581776619,-0.1151391714811325,0.0245072375982999,-0.0151266027241945,-0.1461307853460312,0.0862554758787155,0.0556906722486019,0.1366095095872879,0.0425130575895309,0.1066371724009513,-0.1203795000910759,-0.1124953553080558,0.0740433409810066,-0.0382160618901252,0.1143337041139602,-0.0108871757984161,0.1095412373542785,-0.0711127743124961,-0.1047085896134376,0.1137399449944496,0.0041363192722201,0.1310184001922607,0.0983329564332962,LQCSPOHVFWPCAY-UHFFFAOYSA-N,CCCCCn1c(CCCCNC(=O)OCc2ccccc2)cnc1N.Cl
-0.0713874027132988,-0.0870971456170082,0.1008717492222786,-0.0495116934180259,0.0981004387140274,-0.0665731877088546,-0.1007361635565757,-0.0987570211291313,0.0953811705112457,0.100742258131504,0.0971122905611991,-0.1002789437770843,0.0951443463563919,0.0888808891177177,-0.0775934904813766,-0.0975496545433998,-0.1008351296186447,-0.099862165749073,-0.038331288844347,0.1008701175451278,0.0995726361870765,-0.1001230552792549,0.1008717790246009,-0.100870244204998,-0.0612838342785835,-0.1008647829294204,-0.1005062758922576,-0.1008591428399086,0.0789573639631271,0.1006314679980278,0.0960700511932373,-0.1005022898316383,-0.0519811287522316,-0.1008692756295204,0.0807502195239067,0.1008244305849075,-0.0038668154738843,-0.0895670056343078,-0.1006591543555259,0.1005326882004737,-0.1008662283420562,-0.1008698716759681,0.1008657440543174,0.0056875357404351,0.0106066269800066,-0.1006575226783752,0.1008716002106666,0.1003720462322235,0.1008674874901771,0.0922583267092704,-0.098843328654766,-0.1008655205368995,-0.1001003235578537,0.0933864265680313,0.1004329547286033,0.0990659371018409,0.1008717343211174,0.1008321195840835,-0.1008711159229278,0.1008091866970062,-0.1008717864751815,-0.0946179255843162,-0.0823996365070343,-0.1005797088146209,-0.1007273271679878,0.0531831867992877,-0.049768004566431,0.100239410996437,0.100825734436512,0.1008432358503341,0.0939326509833335,0.100742220878601,0.0669884905219078,0.0450810976326465,0.1008717119693756,-0.1008716747164726,0.0753398463129997,-0.1008710265159607,-0.0327338576316833,0.0138678969815373,0.070417620241642,-0.0854595452547073,0.1008707135915756,0.0220296401530504,0.0665909722447395,0.035612553358078,0.097466230392456,0.055538885295391,0.0989162474870681,-0.0621762163937091,-0.0249972883611917,0.069330871105194,-0.098657488822937,-0.0447706133127212,-0.0115054873749613,0.1008717790246009,-0.0971454605460167,-0.0943559035658836,-0.0953973084688186,-0.0480079129338264,0.0049275066703557,0.0892806053161621,-0.0869182124733924,0.100834235548973,-0.1006885021924972,-0.0758144706487655,0.1008658185601234,0.094275526702404,0.0939164608716964,0.0800724178552627,0.1008713394403457,0.1008714884519577,-0.0678040832281112,0.0996929258108139,-0.0505509935319423,-0.1005212143063545,-0.0997529476881027,-0.1008707359433174,0.0899229943752288,-0.1008640155196189,-0.1008694991469383,-0.0704179406166076,0.0986573174595832,0.0996562838554382,-0.0993251726031303,0.1008224934339523,0.0834897756576538,-0.1008475720882415,0.098952367901802,0.0978959947824478,-0.0989533886313438,0.0988943055272102,0.0988750979304313,0.0613166727125644,-0.098953403532505,-0.0964083448052406,-0.0741817951202392,0.0974309220910072,0.098952978849411,0.0821572467684745,-0.0989473015069961,0.0546142719686031,-0.0279126688838005,0.0669965222477912,-0.036841869354248,0.098201535642147,-0.0947558209300041,-0.0981950312852859,-0.0987492203712463,-0.0980925187468528,-0.0987885743379592,0.0803653597831726,-0.0167711656540632,0.0989513993263244,0.0943451002240181,0.0958183631300926,0.0605083405971527,-0.098798856139183,0.0905277356505394,-0.0980425775051117,-0.0989188030362129,-0.0984456911683082,-0.0127636967226862,-0.0949339047074318,-0.0989494696259498,-0.0425217077136039,-0.097413457930088,0.0980210527777671,-0.0963262170553207,0.0897368267178535,-0.0989520028233528,0.0987580046057701,-0.0983441993594169,-0.098953403532505,0.0989357680082321,-0.0187950115650892,-0.0879033729434013,0.0989005416631698,-0.0963917449116706,0.0887207463383674,-0.0986497178673744,0.0899033918976783,0.0513664074242115,-0.0981891006231308,-0.0978267788887023,-0.0246369000524282,0.0942046120762825,-0.0986919850111007,-0.0770888701081276,-0.0983878821134567,0.0989498198032379,0.0989439710974693,0.0989531278610229,-0.0979551896452903,0.0989533886313438,-0.0981361046433448,-0.0929909870028495,0.0932658985257148,0.0989181250333786,-0.0480525642633438,0.0988869965076446,-0.0046277469955384,0.0815821290016174,0.0094931395724415,0.0983645096421241,0.0989523455500602,0.0948884934186935,-0.0761571824550628,0.0925737991929054,0.0918080806732177,0.0984315201640129,-0.0989415273070335,-0.0801931470632553,0.0988664031028747,0.098774254322052,0.077173888683319,-0.0989533513784408,0.0945910811424255,0.0578535608947277,0.0668320879340171,0.0159321036189794,-0.092013232409954,0.0972459837794303,-0.0989533066749572,0.0978669449687004,0.0947251766920089,-0.0874374285340309,0.0988833904266357,-0.0561576969921588,0.0827407017350196,0.098951555788517,0.0988996997475624,-0.0984124690294265,-0.0907371044158935,-0.098950870335102,0.0989533364772796,-0.0989235043525695,-0.0987140610814094,-0.0988315716385841,-0.0751455500721931,-0.0986648499965667,-0.0902797579765319,-0.0989516898989677,-0.0989478975534439,-0.0989496484398841,0.0987311378121376,0.0989526510238647,-0.0987255871295929,0.0488568805158138,0.065326452255249,0.0842076689004898,0.0601298585534095,0.0864363759756088,-0.0982366800308227,0.0228489357978105,0.0902255699038505,0.0996487140655517,-0.0992879718542099,0.0868990123271942,-0.0732759460806846,-0.0996995493769645,-0.0996996760368347,0.0994284600019455,0.0540720708668231,0.0997015461325645,0.0237242933362722,-0.0994439199566841,-0.0953122451901435,-0.0997017696499824,-0.0997017249464988,-0.0971972048282623,-0.0942622721195221,0.0982927605509758,-0.0390149988234043,-0.0996776595711708,-0.0996719151735305,-0.0997015759348869,0.0995699092745781,-0.0987560972571373,-0.0926864296197891,0.0989216864109039,-0.0914119780063629,-0.0974373668432235,-0.0968359261751174,-0.0996971130371093,0.0995990708470344,0.0636717081069946,0.0054592569358646,0.0918510854244232,-0.099687747657299,0.0977106988430023,-0.0996193066239357,0.0055062435567379,0.0011638249270617,-0.0987919345498085,0.0996610596776008,-0.0996995046734809,0.070310354232788,0.0940196514129638,0.0996863320469856,-0.0993704944849014,-0.09723562002182,0.049675066024065,0.0994822084903717,0.0792071297764778,0.0258811190724372,-0.0389122255146503,0.0997016951441764,0.0996938124299049,-0.0961204767227172,0.0995668023824691,-0.0949416905641555,0.0996996834874153,-0.0877757892012596,-0.0048265745863318,-0.0985254347324371,0.0940825119614601,0.0983833372592926,-0.0997015312314033,0.0996814370155334,-0.0684960633516311,0.0834730863571167,0.0029556909576058,0.0947530716657638,-0.0990069359540939,-0.0957331731915474,-0.0733060613274574,-0.0997017174959182,-0.0947217941284179,0.0996974632143974,0.0994663909077644,-0.0996850728988647,-0.0982245430350303,0.099588468670845,0.0997009947896003,0.0997017621994018,-0.0880080759525299,-0.0598948709666729,-0.0703192576766014,-0.0677168518304824,-0.0446059182286262,0.02751050516963,0.0996177345514297,-0.0996283963322639,0.0916787683963775,0.0983833670616149,0.0996740013360977,0.0985172018408775,-0.0996876880526542,0.0921899005770683,-0.0654171854257583,-0.0996854454278945,-0.0821732208132743,0.031310960650444,0.0997008085250854,0.0872702077031135,-0.0997014939785003,-0.0952954739332199,0.0967866703867912,0.0996580719947815,-0.0996431186795234,0.0990307107567787,-0.0137533005326986,0.0994626656174659,-0.0996863171458244,0.0577608048915863,-0.098812848329544,-0.0996550694108009,-0.0207102876156568,0.0996919199824333,0.0996762886643409,-0.0426638647913932,0.0891729816794395,0.0159295741468668,0.0996969640254974,-0.0996899828314781,-0.0996879190206527,0.0995141565799713,0.0220860578119754,0.0996945276856422,0.0996799916028976,-0.0996005535125732,-0.0993265360593795,-0.0891405716538429,0.0999224707484245,-0.014406619593501,0.0969793796539306,-0.0906446129083633,-0.068882331252098,-0.1330843716859817,0.1104437261819839,-0.0776182264089584,0.0088835125789046,-0.1016203686594963,0.0343341045081615,-0.0321373641490936,-0.1049814075231552,-0.0462549924850463,-0.1098943725228309,0.0719354897737503,-0.1381986141204834,0.0583516098558902,-0.0663315206766128,-0.0950219705700874,-0.0389284454286098,0.0310526527464389,0.0805110037326812,0.0408097095787525,0.0435748435556888,0.04754538834095,-0.1247497498989105,-0.0322708860039711,-0.047338530421257,0.0845149904489517,0.0782804861664772,0.0988045334815979,-0.1106038391590118,0.1195729076862335,0.1225843653082847,0.0079642999917268,-0.1085084453225135,-0.0029997806996107,0.0857593268156051,-0.0854321047663688,0.1124287694692611,0.0817517787218093,-0.0154021233320236,0.0611701942980289,0.0183549560606479,-0.1204499453306198,0.0346330925822258,0.1108726561069488,0.0156538803130388,0.1223020777106285,-0.0731936991214752,0.0807541385293006,0.0940770655870437,-0.0467746965587139,-0.0766110494732856,0.0072605088353157,0.1120592057704925,0.1083765253424644,0.0568834394216537,0.0740907788276672,-0.0815543234348297,-0.039473358541727,0.1283589452505111,0.031913585960865,0.1287983506917953,-0.1249911189079284,-0.0782842561602592,-0.1040937975049018,0.115681491792202,-0.1239543184638023,-0.1295625269412994,0.0951091647148132,-0.0851590484380722,-0.0087837474420666,-0.0528953671455383,0.1026593521237373,0.1288621723651886,-0.0215973667800426,-0.1012101247906684,-0.136511892080307,0.0380542129278183,0.1247977465391159,-0.1230654641985893,-0.1380936056375503,0.0193740092217922,-0.035016942769289,-0.0894182249903678,0.1389893889427185,0.0130428373813629,0.1163485273718833,-0.0533366054296493,0.1353591233491897,-0.1216067969799041,-0.1103825196623802,-0.128686174750328,0.082386665046215,0.1289449483156204,-0.0438455417752265,0.1167281568050384,-0.1156879216432571,0.1148966252803802,-0.0136269843205809,0.0660833120346069,-0.0130367651581764,-0.0902309492230415,0.0491673983633518,-0.0360901653766632,-0.0279570873826742,0.108695276081562,-0.0612919777631759,0.1312107592821121,0.0053497338667511,0.1162477135658264,-0.0253341048955917,-0.0170819088816642,0.1054032295942306,0.0030004668515175,-0.0820254608988761,-0.0865515619516372,-0.0160645674914121,-0.0834136381745338,0.1234592348337173,0.1158444583415985,0.1184914708137512,-0.1249512508511543,-0.1179031357169151,0.0975957512855529,0.0027322529349476,-0.0859260410070419,0.1087802797555923,0.1161789000034332,0.0679327622056007,0.1221605092287063,0.1068719998002052,0.1162782832980156,0.0024501786101609,0.1166072711348533,-0.1105247661471366,0.0808791145682334,-0.1057016775012016,-0.0045901532284915,-0.0830771401524543,0.0778437554836273,-0.0913836732506752,-0.0653635561466217,-0.0462157577276229,0.0903965383768081,0.1164773777127265,-0.0385196954011917,-0.1082194298505783,0.0089834351092576,0.0476284585893154,-0.0957072675228118,0.1240823343396186,0.0301172696053981,-0.114664189517498,-0.1049580946564674,0.0943848192691803,0.121389091014862,0.1034810617566108,0.00458161579445,0.1161987856030464,-0.1076196730136871,-0.0821549594402313,0.039301861077547,-0.1167638376355171,0.0997873023152351,-0.1144480258226394,-0.1182813197374343,-0.0315834209322929,-0.1184851676225662,-0.1146319359540939,-0.1243321225047111,0.0623200833797454,-0.0056739277206361,-0.0546206124126911,0.0722665190696716,-0.0821475759148597,0.1046642288565635,0.0290149617940187,0.0120983915403485,-0.0873984992504119,-0.0788562595844268,-0.0910375639796257,0.0825488567352294,0.0965261310338974,0.0900227129459381,-0.0252154264599084,-0.0016446530353277,0.0827566683292388,0.0911904796957969,0.0762747451663017,-0.0588947869837284,-0.109544388949871,0.0942151397466659,0.0970118269324302,0.0988833010196685,-0.0500105805695056,0.033161137253046,-0.0992644131183624,-0.0984460264444351,0.0399286895990371,0.0952149406075477,0.0105131454765796,0.1167022436857223,0.0912620723247528,-0.1189538836479187,0.0519258640706539,0.1008325368165969,-0.0948997512459755,0.0143957519903779,0.0371371880173683,-0.1215939596295356,-0.0105358976870775,0.1214810535311698,0.1034119203686714,-0.0533515959978103,0.1161732524633407,0.098148725926876,-0.0378155373036861,-0.1237144991755485,0.05197374522686,0.1183953136205673,-0.1020387783646583,-0.0558946691453456,-0.0998427867889404,-0.0851949825882911,-0.0020783171057701,-0.0482021756470203,-0.1224387660622596,-0.1085908487439155,-0.0118063436821103,-0.1176405251026153,0.114605613052845,-0.1252355873584747,-0.0283561423420906,0.097873106598854,0.0309466738253831,-0.1201587095856666,-0.0846427306532859,0.0591953210532665,-0.0560993701219558,-0.0322255566716194,-0.1133982166647911,0.1253729909658432,0.0895901396870613,0.0631289482116699,0.1150406971573829,-0.1152995899319648,-0.110941894352436,0.0223567355424165,0.0751643180847168,0.0002821835223585,-0.1216456219553947,-0.1151861697435379,0.1000626906752586,0.0422339737415313,-0.0857083424925804,0.0797077044844627,-0.0436917878687381,-0.0992628559470176,0.0918821394443512,0.1129895076155662,0.1142953112721443,-0.033468447625637,-0.1091182306408882,0.1012401208281517,-0.1019882038235664,-0.1023959442973136,-0.1088095903396606,-0.0572671890258789,0.0923414826393127,-0.1025846749544143,-0.1127699241042137,-0.1132310479879379,0.0080455038696527,0.1029677987098693,0.1140871495008468,0.0308268796652555,-0.000719899428077,0.0806281268596649,0.1101724505424499,0.0980317741632461,0.0974567309021949,-0.1010678857564926,-0.1101899445056915,-0.0736977532505989,0.1087981462478637,-0.0161765962839126,-0.0375568978488445,-0.1133674979209899,0.0744007304310798,0.1129399240016937,0.0398602820932865,0.06068030372262,0.1106056496500969,0.1133080646395683,0.0353119000792503,-0.0841765478253364,-0.0849774405360221,0.1023349612951278,0.057996492832899,0.1021426692605018,-0.1080603525042533,-0.112250305712223,0.108814813196659,-0.0510326214134693,0.0769358277320861,-0.1124547496438026,-0.0171603951603174,-0.0911588966846466,0.0105880917981266,-0.1085577756166458,-0.0112498784437775,0.1086679846048355,0.0828278958797454,0.0988139659166336,0.0311130210757255,0.0980955436825752,-0.1127268224954605,0.1063049659132957,-0.0899182483553886,0.1107768565416336,-0.0654459074139595,0.1079804822802543,0.1130651831626892,-0.1142345815896987,-0.1071583852171897,-0.0938779562711715,0.1090185269713401,-0.0521783344447612,0.0728188157081604,-0.1117163300514221,-0.0499053746461868,-0.1078884974122047,0.1074822545051574,0.042918711900711,0.0051449304446578,-0.0791589096188545,-0.0777198821306228,-0.1096843630075454,0.0250529069453477,0.1004543304443359,0.0898342728614807,-0.1137262657284736,-0.082724891602993,-0.0778200328350067,0.0933241620659828,-0.0508684776723384,-0.0754258036613464,0.0705035552382469,-0.0841627195477485,0.1119289398193359,-0.0100345816463232,0.1128954216837883,-0.0797566547989845,0.0941417813301086,0.0802047625184059,0.0872520580887794,0.0187234282493591,0.0705881416797638,0.0117765422910451,-0.1085147783160209,-0.1079146489500999,0.0246351156383752,-0.1140155270695686,-0.0861007496714592,-0.0901783481240272,0.1039205864071846,-0.1056961491703987,0.1047511473298072,-0.1135621145367622,0.0865420326590538,-0.1117061674594879,0.0956577882170677,0.1110750138759613,-0.0695844516158104,0.1091801598668098,0.1043285802006721,-0.0147196156904101,0.1134808957576751,-0.0359421595931053,-0.0159778818488121,-0.0776747539639473,QPMLJENOPRBTQL-UHFFFAOYSA-N,COc1cc(NC(=O)Cc2nn(C)c(=O)c3ccccc23)ccc1Cl
-0.0669414773583412,-0.1169308722019195,-0.117013044655323,-0.0793135538697242,-0.0665462464094162,0.0404556840658187,-0.0493873953819274,0.0913615748286247,-0.0222717858850955,0.0212147217243909,0.0872318595647811,0.1049324870109558,0.0404795557260513,-0.1130001172423362,-0.058649368584156,-0.0865329205989837,0.1068563312292099,-0.116367757320404,0.0368031449615955,-0.0631119832396507,0.1151782572269439,-0.0957934781908989,-0.005338929593563,0.0446039661765098,-0.0798670053482055,0.109078511595726,-0.0110261244699358,0.0820243284106254,0.0726004242897033,-0.1160848662257194,0.1165628880262374,-0.0393716394901275,-0.1048440560698509,0.0715576708316803,0.111199252307415,-0.0810393616557121,-0.086292415857315,0.1007196977734565,-0.1164155751466751,0.0952390804886818,-0.0069531193003058,-0.1170167326927185,0.1171538308262825,0.1138224825263023,0.0630971193313598,0.0296008884906768,0.0617761798202991,0.0917766988277435,-0.1166271120309829,-0.0018079413566738,-0.1165050864219665,-0.043148748576641,0.1170533448457717,0.1146359369158744,0.1158956736326217,0.0402862653136253,-0.1133282706141471,0.1127591505646705,-0.1161979287862777,0.0849304273724556,0.040593896061182,-0.075039617717266,0.104343794286251,0.1154100224375724,-0.1056330800056457,0.107380136847496,0.0096153793856501,-0.0014492141781374,-0.0973375961184501,0.0954572111368179,0.0859318301081657,-0.1170476600527763,-0.0624497011303901,0.1095168516039848,0.0105779524892568,-0.0911948159337043,-0.0059754741378128,-0.0901194438338279,0.057669635862112,0.1156337261199951,-0.1151373460888862,-0.1021403968334198,-0.1014765277504921,-0.0596438571810722,0.0145815908908844,-0.1169981881976127,0.0406363457441329,-0.1149710789322853,0.1135636866092681,-0.1136211827397346,0.0314667373895645,0.0083275558426976,0.115836389362812,0.064700186252594,0.1171802207827568,0.0722398906946182,-0.1041493117809295,0.1157649382948875,-0.0988378971815109,-0.083862230181694,0.0983659252524375,-0.1018423959612846,0.097922071814537,-0.0882356688380241,0.1053892970085144,-0.046259980648756,-0.098569318652153,0.0347726866602897,-0.0483559407293796,-0.0926648825407028,0.1142572164535522,-0.1017682403326034,0.0831042528152465,0.1168086603283882,0.0902265459299087,-0.1086618155241012,-0.1024027243256568,0.1014893800020217,-0.1136221438646316,-0.018933530896902,0.0951044186949729,0.0803480744361877,-0.0057273698039352,-0.0732375681400299,-0.0538615174591541,-0.0934290513396263,0.0885691568255424,-0.1076826229691505,-0.1025090590119361,-0.0991577878594398,-0.0550035834312438,-0.0921937152743339,-0.0292717199772596,0.0798476636409759,-0.0704026371240615,0.0989937260746955,-0.0997272655367851,-0.0786826908588409,-0.1025431007146835,-0.0996973440051078,-0.0751648396253585,0.102554827928543,0.0977142825722694,0.1025164276361465,0.1007412001490593,-0.0992112606763839,0.0807815492153167,0.0993110537528991,0.0928406864404678,0.1017410159111023,-0.0646751299500465,0.1026084125041961,0.1010346561670303,0.0570711381733417,0.0754759535193443,-0.1015844047069549,0.1023556515574455,0.0889772623777389,-0.0982482358813285,0.1014957129955291,0.1025972440838813,0.0959577113389968,-0.0072883544489741,-0.1024754866957664,0.1024025529623031,0.0102125443518161,-0.0838773176074028,0.1024938896298408,0.1018034890294075,-0.0999597087502479,0.0970937013626098,-0.1023192331194877,-0.0911184847354888,0.0937387868762016,0.0602618046104908,0.0893834084272384,0.1026011034846305,0.0975478366017341,-0.0139627745375037,0.1018484085798263,0.0219895895570516,0.1025863513350486,0.0826490670442581,-0.0720481052994728,0.1017665416002273,0.1018515527248382,0.1019997745752334,0.1026061102747917,0.0954414755105972,0.0815571844577789,0.0247972831130027,0.0981924384832382,0.0801939591765403,-0.0286508407443761,0.1023901998996734,0.0939135551452636,-0.1026079729199409,-0.0835258141160011,-0.0405904129147529,-0.101203978061676,-0.086478479206562,0.1026079729199409,-0.1024107187986373,0.1026062220335006,0.0152399968355894,-0.0777759552001953,0.1016284078359603,-0.0799987912178039,-0.0917401760816574,-0.0522645264863967,0.0342921130359172,0.0948447883129119,-0.1025838628411293,0.1025703251361846,0.0863530933856964,-0.0878622606396675,-0.0998018160462379,-0.1017949879169464,0.0847614631056785,-0.0975837707519531,-0.0733554437756538,-0.1024610996246337,0.0690355822443962,0.0323877371847629,0.0988378003239631,0.1024690717458725,-0.1023674458265304,0.101065807044506,-0.0937132686376571,-0.1021974310278892,-0.0946268066763877,0.0996754318475723,0.1022389009594917,0.0648069456219673,0.1015187352895736,-0.0984013825654983,0.0814428925514221,-0.0591721571981906,0.0993457436561584,-0.0964155346155166,0.0935510471463203,-0.102515660226345,-0.0463344901800155,0.0024520724546164,0.0606346204876899,-0.1010281890630722,0.1022009998559951,-0.0998460873961448,-0.0181201007217168,-0.0994962304830551,0.0946537107229232,-0.0103116137906908,-0.0893313661217689,0.1026061326265335,0.1023159101605415,0.0740901380777359,0.1053597778081893,0.1034493744373321,-0.096440888941288,0.0868807956576347,-0.1063391640782356,0.1063386350870132,-0.0774709209799766,-0.1062296628952026,-0.1054223254323005,0.0851280689239502,0.1053217500448226,-0.0655253008008003,0.0909833386540412,0.1061804145574569,-0.1036242097616195,0.0874265730381012,-0.1063171550631523,0.1055255979299545,-0.1063171476125717,0.0892354249954223,-0.1013508662581443,-0.1063193082809448,-0.1062079146504402,0.0539610385894775,0.1046787351369857,-0.0695265680551529,-0.0884148627519607,-0.0758860260248184,0.0386566035449504,0.0929786786437034,-0.1050764396786689,0.0945814326405525,-0.0546384379267692,-0.0053980583325028,-0.105428010225296,0.086090862751007,-0.0411936789751052,0.105947159230709,0.1063005849719047,-0.01521214004606,0.0799768790602684,0.0279316864907741,0.1048235222697258,0.0562326945364475,-0.1063495129346847,0.1044379845261573,0.0193350166082382,0.0379387103021144,-0.0789032280445098,0.0641900077462196,0.1038430109620094,-0.0498149767518043,-0.0327206365764141,0.1062986627221107,0.0834101065993309,-0.0620122291147708,0.0924201905727386,0.1052658408880233,-0.1041288450360298,0.0907767117023468,0.106342539191246,0.1057179272174835,-0.1060662716627121,0.082671545445919,0.103950910270214,0.0984067171812057,0.1050924584269523,-0.1057902574539184,-0.1021464243531227,0.104637823998928,-0.0680484995245933,0.1063494756817817,0.0975537896156311,-0.0218985136598348,0.1060622185468673,0.0830744281411171,0.0948197916150093,0.0662436187267303,0.0983470678329467,-0.1048831045627594,0.0995459631085395,-0.0982085242867469,-0.0999573767185211,-0.0868473201990127,0.0435352548956871,-0.0136372186243534,0.1032369956374168,-0.0486553385853767,0.0892570838332176,0.1047928407788276,-0.1063113138079643,-0.1059602126479148,0.0680600106716156,0.0494867600500583,-0.0994670763611793,0.1058849245309829,-0.0707861334085464,-0.1058767810463905,-0.1010406985878944,-0.0272081941366195,-0.0197579022496938,-0.1053529903292656,0.0981721207499504,0.0934550389647483,-0.1059631258249282,-0.0066599058918654,-0.0049793175421655,0.1063487976789474,-0.1019025072455406,0.0172775406390428,-0.1055255085229873,-0.106267400085926,0.0655164271593093,0.0818193405866622,-0.0681384801864624,0.0258206464350223,0.0360834784805774,0.0937843695282936,0.0854831263422966,-0.100268006324768,0.1061327904462814,0.1038016974925994,-0.1041416749358177,0.1046890318393707,0.1005231961607933,0.0118794562295079,0.1031957417726516,0.100185602903366,0.09561637789011,-0.0272378176450729,-0.0737772136926651,-0.0912669375538826,0.0912477746605873,0.0959371253848075,-0.0967442616820335,-0.0855803191661834,-0.0962517037987709,-0.0952914357185363,-0.0918136686086654,0.0929143130779266,0.0921579822897911,0.0968227088451385,0.095904104411602,-0.0973164141178131,-0.0440885312855243,0.0968270525336265,-0.0964067727327346,0.0967739894986152,0.069298081099987,0.095904529094696,-0.0955713391304016,-0.0972468927502632,-0.0971173718571662,0.0944363623857498,-0.081884004175663,0.0975087285041809,0.0975137054920196,-0.0927960127592086,0.0853973627090454,-0.09357550740242,0.0846113860607147,0.0969820916652679,-0.0617325827479362,0.0921077281236648,0.0896690562367439,-0.0842140763998031,-0.0968162417411804,0.0959551781415939,0.0967873856425285,0.0690429881215095,0.0812324434518814,0.0821549594402313,0.0786995813250541,0.0973189324140548,0.0904700309038162,0.0970116332173347,0.0910049006342887,-0.0844193324446678,-0.0641096755862236,0.0934398770332336,-0.0968952998518943,0.097452700138092,-0.0700733438134193,0.0920718312263488,-0.0959638357162475,0.0973037332296371,-0.0970281511545181,-0.0840571746230125,-0.0697866156697273,0.0956014469265937,-0.0894327461719513,0.0921600461006164,0.0974284559488296,-0.0782316550612449,-0.0956601724028587,0.0693247690796852,0.0898297727108001,0.0569906830787658,-0.0964286997914314,0.0963079556822776,0.0661588087677955,0.0959603413939476,-0.0970652550458908,0.0967151075601577,0.0974639505147934,0.0353822670876979,-0.0948939397931099,0.0858799517154693,0.0974967032670974,-0.028832646086812,-0.0892978683114051,-0.0943244770169258,-0.095455951988697,0.0939907133579254,0.0742435380816459,-0.0966720730066299,0.0114052835851907,0.090738870203495,0.089156337082386,0.095384381711483,-0.0969539284706115,-0.0894606187939643,0.0888692811131477,0.0972201228141784,0.0931029096245765,0.0823980197310447,0.0762879550457,0.0959409996867179,-0.0805151090025901,0.0839400067925453,-0.0338792316615581,-0.0919869914650917,0.0953845232725143,0.0911823883652687,-0.0971412435173988,0.0972638502717018,0.0955698117613792,0.0893930867314338,-0.095619723200798,0.0964124128222465,0.0664712339639663,-0.0862351134419441,-0.0969389826059341,0.0931542962789535,0.0951184406876564,0.0920564010739326,-0.0975321605801582,-0.097537487745285,0.0817614644765853,-0.0814537033438682,-0.0852117538452148,0.0456427782773971,0.0928590446710586,0.0943798422813415,0.0949299037456512,-0.0953024700284004,-0.0233601387590169,0.0884740352630615,0.1318253129720688,-0.0470384173095226,0.1797256171703338,0.1632497459650039,0.161948949098587,-0.0383884981274604,0.0072539243847131,0.1181107014417648,0.0246627945452928,0.1250990182161331,0.0471128523349761,0.0937126502394676,-0.0387365035712718,-0.1010214164853096,-0.0301228463649749,0.0681334733963012,-0.1182639524340629,0.1854604482650756,-0.0240032915025949,-0.0155081544071435,-0.038650095462799,0.0756810978055,0.006371745839715,0.0448926985263824,-0.0565713718533515,0.0547085329890251,0.0229222141206264,0.1170907840132713,0.1305266916751861,-0.0408012680709362,0.1265414208173751,-0.0555920898914337,0.0357116237282753,-0.0060083721764385,0.0672347322106361,-0.1582212895154953,0.051060602068901,-0.0311897303909063,0.0307532306760549,0.0241279955953359,-0.1581993699073791,-0.0525698810815811,0.038707610219717,0.1433856040239334,-0.1581415385007858,-0.1042717099189758,-0.0670882910490036,0.0196982119232416,-0.0911010056734085,-0.0661700293421745,0.0547559075057506,-7.251709757838398e-05,0.0141142839565873,-0.0315223485231399,-0.1322438567876815,-0.0048807570710778,0.1216465681791305,-0.0936417579650878,0.0167137216776609,0.0553954616189003,-0.1297162473201751,0.018725274130702,-0.132917121052742,-0.0304872225970029,0.0240935068577528,0.0795703381299972,-0.0330225117504596,-0.0348035879433155,0.0336046032607555,-0.0719188675284385,-0.1930797845125198,-0.0320250280201435,0.1332854628562927,-0.0660163015127182,0.0485240332782268,0.0013805624330416,0.0167596451938152,0.1056816428899765,0.1672731786966323,-0.0456989668309688,-0.0809316411614418,0.2069408744573593,0.0920180082321167,-0.013570699840784,-0.0083060534670948,0.0028272971976548,-0.1115750074386596,-0.0032325226347893,-0.0591006278991699,0.0178439784795045,-0.2131111472845077,-0.0536340698599815,0.2005874514579773,0.017353530973196,0.0504638776183128,0.0169093869626522,0.1081398278474807,-0.0517665445804595,-0.0717718452215194,0.017515217885375,-0.0021366903092712,0.1158855855464935,0.0657093152403831,0.0695638954639434,0.0151733485981822,0.0458013191819191,-0.0650036185979843,0.0184348598122596,-0.0671248435974121,-0.0723001807928085,0.2198978215456009,-0.1089429408311843,0.0542492680251598,0.0132234906777739,0.1291253715753555,0.0117060746997594,0.0754949674010276,0.1012161821126937,-0.1245673522353172,-0.1112413182854652,0.0685316547751426,-0.0277281533926725,-0.0824126377701759,-0.0086313355714082,-0.0364639572799205,-0.0627767518162727,-0.0850799530744552,-0.0372252836823463,-0.1306874305009842,0.0346125625073909,0.0722870007157325,0.1425368636846542,0.1543148308992386,0.1366918683052063,0.0207941494882106,-0.1154639050364494,0.0720198825001716,-0.0085925934836268,-0.123690165579319,-0.0321674980223178,0.1408849209547042,0.062130831182003,-0.022673312574625,-0.094696044921875,-0.0720071345567703,-0.1702244132757187,0.1064155325293541,0.030595313757658,0.011756133288145,-0.0685027241706848,0.0309217944741249,0.0350051522254943,-0.0209753680974245,0.0463068969547748,-0.0733602717518806,-0.1177501752972602,0.0684492662549018,0.0280274804681539,0.1510754376649856,-0.0493719317018985,-0.1378681361675262,0.1024112999439239,0.1442952007055282,-0.0399434715509414,0.0678139626979827,-0.0802275016903877,0.1351969391107559,0.0877425000071525,-0.1300089806318283,-0.1390688866376876,0.062125064432621,0.0085459668189287,0.1558150053024292,-0.0471152439713478,-0.0060069151222705,0.0809428840875625,-0.1366610378026962,0.0612862110137939,-0.0341829732060432,-0.0471302159130573,0.0080656195059418,-0.0008580413996241,-0.0442696176469326,-0.11885567009449,-0.0014257963048294,0.0634463652968406,0.0165361333638429,0.0358326472342014,-0.0607667788863182,-0.0647367686033248,0.1137571781873703,-0.0585745796561241,-0.036591712385416,-0.1146179586648941,0.1502858251333236,0.1032114550471305,-0.1420900672674179,-0.0799932479858398,-0.050389789044857,-0.1030101925134658,-0.0682331174612045,-0.0079344660043716,-0.1496277004480362,0.0997858345508575,-0.0507131479680538,-0.0181973427534103,0.0698276758193969,-0.1491708010435104,0.1422206163406372,-0.0193061828613281,-0.0227102655917406,0.1456503868103027,0.0094032613560557,-0.0062728389166295,-0.1225383356213569,-0.1237282678484916,0.034871656447649,-0.0226987842470407,-0.102614477276802,0.0795635730028152,-0.1444728225469589,0.0136687532067298,0.031985905021429,0.1194258108735084,-0.0096504287794232,-0.0240037254989147,0.0336173363029956,0.1369532495737075,0.0367501117289066,0.0546304658055305,0.0499066784977912,-0.0069146389141678,-0.0816848650574684,-0.1057516187429428,0.0920467972755432,-0.1215609982609748,0.1215247735381126,-0.1022185683250427,0.1442301571369171,-0.0325985252857208,0.0288628693670034,-0.0336523838341236,-0.1106530874967575,-0.1423328816890716,-0.004221364390105,-0.0854007974267005,0.0033350414596498,0.144526794552803,0.1520490646362304,-0.0440403260290622,0.0178736187517642,0.0151188215240836,0.0996276065707206,0.0204648803919553,ADRPOWWYLCCGML-UHFFFAOYSA-N,CC(C)NCc1cn(-c2cc3c(cc2F)c(=O)c(C(=O)O)cn3C2CC2)nn1
0.099415622651577,-0.0076059903949499,-0.0994752645492553,0.0997272804379463,-0.0947558432817459,-0.0995928943157196,-0.0932126715779304,0.0993485674262046,0.0986258238554,0.0597950257360935,-0.0695450976490974,-0.0989079177379608,-0.0990586057305336,0.0984862372279167,0.0998667702078819,-0.0977120622992515,-0.0997328907251358,0.0969697311520576,0.0932532474398613,0.0549798719584941,-0.0986160710453987,-0.0994058176875114,0.0995003953576088,-0.0900363698601722,0.0888204500079155,0.0164612233638763,-0.0996588468551635,0.0522740222513675,0.0992710962891578,-0.0987085849046707,-0.0998622179031372,-0.0997737348079681,0.0998001471161842,0.0997634083032608,0.099458985030651,0.019682003185153,-0.0208241194486618,-0.0997055396437645,0.0998422503471374,-0.0771752297878265,0.0169133190065622,0.0995989814400672,-0.0998594239354133,0.0942307263612747,0.099743016064167,0.0990269556641578,-0.0998667776584625,-0.0996220037341117,-0.0883402302861213,-0.054898876696825,-0.099697470664978,-0.0998507887125015,0.0419278740882873,0.0998362004756927,-0.0751466229557991,-0.099766306579113,0.0321726724505424,-0.0996609181165695,0.0924630090594291,-0.0984114035964012,0.0998666509985923,0.0998629853129386,-0.0773263573646545,-0.099863089621067,0.0457713305950164,0.0479110032320022,-0.0608311668038368,0.0652227401733398,0.0973327755928039,-0.0194152705371379,0.099799059331417,0.0911320596933364,-0.0199060942977666,-0.0998035296797752,-0.0998634696006774,0.0995967909693718,-0.0998667702078819,0.0998603478074073,0.0993843153119087,-0.0998474285006523,0.0938872918486595,0.0974795147776603,-0.0970556810498237,-0.0977508053183555,0.0732049867510795,-0.0917555913329124,0.0896841436624527,0.0747846886515617,-0.0695103704929351,0.0650479793548584,0.0998660400509834,0.0998663678765297,0.0995336920022964,0.0951968505978584,-0.0996511131525039,-0.0995144098997116,-0.0998609438538551,0.0998666435480117,0.0677700862288475,-0.0594754330813884,0.0675478503108024,0.0951785594224929,0.0993478074669838,-0.0694522708654403,-0.0997698977589607,-0.0998662561178207,0.096244640648365,0.0880862846970558,-0.0945024341344833,-0.078547678887844,0.0795655027031898,0.0457856953144073,-0.0994121804833412,0.0909246131777763,0.0998492315411567,0.0998413860797882,0.0867747664451599,0.0516606569290161,-0.0998635068535804,0.0998464301228523,-0.0997454524040222,0.0661980137228965,0.0627811700105667,-0.0998571142554283,0.0796054080128669,0.096119612455368,-0.0994351208209991,-0.0812110006809234,0.104420281946659,0.0622495487332344,0.0946628525853157,-0.0151611557230353,0.0986193194985389,-0.056564200669527,0.0964256897568702,0.0700242444872856,0.1013024076819419,0.0548781678080558,0.1028813123703002,-0.0855386555194854,0.0089346189051866,-0.1041308715939521,0.0775296092033386,-0.0863613784313201,0.0079403473064303,-0.0023572472855448,-0.1044401600956916,-0.0992555618286132,-0.0082482974976301,-0.1037299484014511,-0.1043703258037567,-0.0866898670792579,0.1041470691561698,-0.0222169142216444,-0.055884875357151,-0.0992700383067131,-0.1043836772441864,-0.0985735580325126,-0.1043317317962646,0.0904428288340568,-0.0771139189600944,0.1044396162033081,0.1021597161889076,0.0314411185681819,0.1035150587558746,-0.1044406667351722,0.0197202265262603,0.0016160017112269,0.1035846918821334,0.1003843247890472,0.1043286174535751,-0.1044275537133216,0.1023997738957405,-0.0917601436376571,-0.0894805490970611,-0.0222869776189327,-0.0962360352277755,0.1043253988027572,0.1030914857983589,-0.103878729045391,-0.0715838074684143,-0.104088082909584,-0.0316093936562538,-0.1040339693427085,0.0784272104501724,-0.1044407114386558,-0.1040459051728248,-0.104360707104206,-0.0197030790150165,0.1040127351880073,-0.1038767471909523,-0.1022176072001457,0.1044407412409782,-0.101875752210617,-0.1040054708719253,0.1025922447443008,-0.1041059792041778,0.0423497408628463,0.063049778342247,-0.104244664311409,-0.1044345721602439,-0.0981893613934516,-0.1044018417596817,-0.0217864532023668,-0.1044069975614547,0.1015807464718818,-0.1039361208677291,-0.0895533934235572,-0.0542777217924594,-0.080525241792202,0.0957345888018608,0.0626981928944587,-0.0856417939066886,-0.0881058797240257,-0.0383462570607662,0.1024433523416519,0.1034617274999618,-0.0159215331077575,-0.1040268242359161,-0.0626372247934341,0.0298693943768739,0.1044404134154319,-0.1024034023284912,0.1044303774833679,0.0861625969409942,-0.1034441441297531,-0.0738315880298614,0.0838976204395294,0.1006404161453247,0.1036547943949699,0.0837676748633384,-0.1001040339469909,0.0966171771287918,0.1043441593647003,0.0973246917128562,0.0469835996627807,-0.1043324023485183,-0.0912059247493743,-0.1030869483947753,0.023196343332529,-0.1043960377573967,-0.0311319138854742,0.1028791218996048,0.1030877605080604,-0.1027193889021873,0.095174640417099,-0.0976941883563995,-0.1026488915085792,0.1042905077338218,-0.0940342172980308,-0.0869125574827194,0.1026511639356613,-0.0357632562518119,-0.1043953821063041,-0.1026979237794876,-0.0613280609250068,-0.0985775664448738,-0.0986090898513794,-0.0361753925681114,0.0896854326128959,0.0995245054364204,0.0995167717337608,-0.005990738980472,-0.0854977667331695,0.092453621327877,0.0901994630694389,0.0992057621479034,-0.0994958356022834,0.0977837219834327,0.0983582586050033,0.0990984290838241,0.0747064799070358,-0.099522516131401,-0.0875946953892707,-0.0282848440110683,-0.0960244461894035,-0.0891451090574264,-0.0983619689941406,0.0982105210423469,-0.0915129780769348,-0.091879516839981,0.0410834141075611,0.0885159894824028,0.031513288617134,0.0995229184627533,-0.0912520363926887,0.0995225310325622,0.0778677985072135,-0.0276477970182895,0.0981938913464546,0.0472766533493995,-0.0540619529783725,0.0995236858725547,0.0804857388138771,-0.0213125515729188,0.0684788525104522,0.0995243266224861,0.0975056812167167,-0.0994214490056037,-0.0995244905352592,-0.0985996052622795,-0.0980740040540695,0.0903097242116928,-0.0978370681405067,-0.0994190871715545,-0.0993613377213478,-0.024230882525444,-0.0994723141193389,-0.0995245650410652,0.0995245799422264,-0.0989962816238403,0.0989985391497612,0.0896620526909828,0.0485527254641056,-0.0985584482550621,-0.06494752317667,0.0995234996080398,0.0995241478085517,0.0987784266471862,-0.0993393063545227,-0.0257448758929967,0.0993213802576065,0.0995161905884742,0.0994498804211616,0.09947070479393,-0.0782794877886772,-0.0995048955082893,0.0995138883590698,-0.0835858955979347,0.0915713235735893,-0.0673872530460357,0.0994517877697944,-0.0682069286704063,-0.0944660454988479,0.0965962633490562,-0.0994844511151313,-0.099457211792469,0.0994227528572082,-0.0986490547657013,0.0762532502412796,-0.0995243415236473,-0.0703564286231994,0.099512755870819,-0.0995001420378685,-0.0992971733212471,0.0480463653802871,-0.0973062068223953,-0.0982830375432968,0.0995243415236473,0.0995207726955413,-0.0933651328086853,-0.0995243713259697,-0.0979379788041114,0.0042705931700766,0.0342879109084606,-0.0990741476416587,-0.0222017001360654,-0.0349923074245452,-0.0836756080389022,0.0917468592524528,0.0988067388534545,0.0926258563995361,-0.0982957482337951,-0.0988596305251121,0.0995245650410652,0.0994690060615539,-0.0994284600019455,-0.0993399992585182,0.0995076298713684,-0.0995054468512535,-0.053716093301773,-0.097554862499237,0.0993634313344955,-0.0284078065305948,0.0994743779301643,0.0947519838809967,0.0986648052930831,-0.0821513384580612,-0.0992499440908432,0.0995197966694831,-0.0988668426871299,0.0991538166999816,0.0041357665322721,-0.0930752083659172,0.0898718908429145,0.0664877369999885,-0.0037740278057754,-0.0488419905304908,0.1236231625080108,-0.0746272653341293,-0.1370836347341537,-0.1406342089176178,-0.1262339502573013,-0.029381563887,0.1606426239013672,-0.0496181100606918,0.0055388011969625,-0.0339078120887279,-0.011687446385622,0.0312076490372419,0.0097132166847586,-0.0635941624641418,0.070564828813076,0.1025895401835441,0.1007763519883155,0.0268319323658943,-0.1039275005459785,-0.0282001979649066,0.1276402622461319,-0.0076018492691218,-0.152664840221405,0.1138496994972229,-0.049062218517065,-0.0794247165322303,0.0710480064153671,-0.1145715415477752,-0.1034629419445991,0.0752391964197158,-0.0814096331596374,0.1234450936317443,0.030905632302165,0.1177641153335571,0.1332345306873321,0.1291360408067703,0.0956125259399414,-0.1100271195173263,0.0487454757094383,-0.0266366992145776,0.1334533989429474,-0.0645936354994773,-0.0134757347404956,0.0966500639915466,0.1208052709698677,0.0552629381418228,-0.0074921795167028,-0.0746513754129409,0.0328867472708225,0.0109071237966418,0.122044526040554,-0.1046964675188064,-0.0305775497108697,-0.042439442127943,-0.085097961127758,0.0782003700733184,-0.0017998822731897,0.1253245770931244,-0.107930451631546,0.0913306102156639,-0.0536410883069038,0.098653919994831,-0.1173429936170578,0.1133256256580352,-0.12055204808712,-0.0575125776231288,0.0808957144618034,-0.1195905357599258,-0.0791466385126113,-0.1102665364742279,0.0580207668244838,0.1484446972608566,-0.1281994134187698,-0.0408241376280784,-0.0074227107688784,-0.0644811615347862,0.1112189218401908,0.1227555871009826,0.0151323108002543,-0.0332737304270267,0.0816970318555831,-0.0810528844594955,0.0615041740238666,0.1661382019519806,-0.0783279538154602,-0.0016241910634562,-0.0845738351345062,0.0442374348640441,-0.0581525564193725,-0.1312081813812255,0.0708879232406616,0.1526925414800644,0.0241826884448528,0.1586909741163253,0.0745669826865196,-0.1485119462013244,-0.0644818991422653,-0.043824803084135,0.1367000490427017,-0.0651842579245567,-0.1108653992414474,-0.0453419499099254,-0.0422258041799068,-0.1692869216203689,-0.0340455882251262,-0.0753868222236633,-0.0997550785541534,0.0796615630388259,0.0168593768030405,0.0614558979868888,0.0091432575136423,-0.0301119592040777,-0.0656384453177452,0.0599435344338417,0.1000532731413841,0.0026756308507174,-0.1123393774032592,-0.0658563300967216,-0.0703247934579849,-0.0238440986722707,-0.0528862960636615,0.069264605641365,-0.1608590483665466,0.0194668341428041,-0.0843786150217056,0.0337174013257026,0.137206956744194,-0.0351912267506122,0.1156879216432571,0.0822720602154731,0.0948306545615196,-0.0187999419867992,-0.0396823175251483,0.0471071563661098,0.0557459779083728,-0.0353763997554779,0.0342057459056377,0.1145923882722854,0.0648665949702262,0.0411907471716403,0.1170570403337478,-0.1237858086824417,-0.0374540723860263,0.0941535606980323,0.0914830565452575,0.0816753581166267,0.0834440663456916,0.1181517615914344,-0.0446500666439533,-0.0568874888122081,-0.0566063970327377,0.103590190410614,-0.0094549003988504,0.0490516908466815,0.1500724703073501,-0.0050419941544532,0.1322009265422821,-0.0299436692148447,-0.1392966359853744,0.1426736712455749,0.1295042037963867,-0.1135750338435173,0.089396633207798,-0.0318201780319213,-0.0549537055194377,0.0510536320507526,-0.1093147099018096,-0.0300283301621675,0.083731822669506,0.126482143998146,-0.0107976514846086,-0.0076255071908235,-0.1401158422231674,0.0503731220960617,-0.1134578213095665,-0.1349021345376968,0.1474977731704712,-0.0933607593178749,0.0743158012628555,0.0878570526838302,-0.0214415155351161,0.0772146135568618,0.1338855326175689,-0.0459814257919788,-0.0956958159804344,0.0993987470865249,-0.1213123723864555,-0.014477108605206,0.064212329685688,0.1350511610507965,0.1086216047406196,0.0330570600926876,0.0542178303003311,-0.1080237030982971,0.1307672411203384,-0.0276953876018524,-0.0345270149409771,-0.0023132462520152,0.0742409005761146,-0.124587781727314,0.0509582683444023,-0.107119470834732,-0.131635770201683,-0.1102670654654502,0.1407591551542282,0.0511707738041877,-0.1348904222249984,0.1500113904476165,0.0653976052999496,0.1399624943733215,-0.0530875883996486,-0.0106117827817797,-0.1160916835069656,0.1314254999160766,-0.053809680044651,-0.0319867059588432,-0.1527464985847473,-0.0626622959971427,0.1340806633234024,0.0020963600836694,-0.0247392449527978,0.1246894225478172,0.1003348380327224,0.0077342828735709,0.0067590968683362,0.1155468598008155,-0.0245333202183246,0.114621564745903,0.0595331564545631,-0.0430541224777698,0.0856117382645607,0.0104461321607232,-0.0722330659627914,-0.0463561974465847,-0.0431522652506828,-0.1097369492053985,0.1414853632450103,-0.1310320943593979,0.0072870682924985,-0.1121576949954032,0.0611195228993892,0.0171554423868656,0.1100096926093101,0.0398727282881736,-0.023104952648282,-0.100711740553379,0.1107071191072464,-0.0753880962729454,-0.1042819842696189,-0.0224497877061367,0.0039990940131247,0.0084368363022804,-0.0786037519574165,-0.0938480123877525,0.0086684674024581,-0.0338001437485218,-0.1279217451810836,-0.0888097658753395,0.0969988480210304,0.0547490939497947,0.073860302567482,-0.1220896914601326,-0.0643275901675224,-0.0304230824112892,0.0151980239897966,0.0756348744034767,-0.0811828598380088,0.0300696268677711,0.0997867137193679,-0.1287814974784851,-0.1251217424869537,0.1315923184156417,-0.1325558573007583,-0.0309462081640958,-0.0339542254805564,-0.0983465164899826,0.0210442263633012,0.0056655001826584,0.1156423538923263,-0.1281889230012893,0.0005121059366501,0.054170299321413,-0.1370241343975067,0.104310005903244,-0.0024890571366995,0.0805350467562675,-0.0080117490142583,0.105042353272438,0.0839283764362335,0.025980481877923,0.0920329689979553,-0.0915174111723899,-0.0876045227050781,-0.1248806491494178,-0.0413927622139453,0.0942009687423706,0.1246207430958747,-0.0249099135398864,0.1294430643320083,-0.0800086334347724,-0.1087069511413574,0.1336456388235092,-0.0651013925671577,0.1021200716495513,-0.0934264659881591,0.1356513649225235,-0.0563319362699985,-0.0278908293694257,0.0772922411561012,-0.0295877642929554,0.1029957979917526,0.1269836127758026,0.0035829725675284,0.1182123720645904,0.1173992305994033,0.0855453461408615,0.0474850311875343,-0.1313849985599517,-0.0432998314499855,0.0717099905014038,0.1293879747390747,0.0141057623550295,-0.1233212128281593,0.011809698306024,0.1316483914852142,0.1249325945973396,-0.0989763438701629,-0.0382549688220024,-0.0663913488388061,-0.1328144073486328,-0.0242851339280605,-0.097300536930561,0.0002983599551953,0.106818176805973,0.0184546299278736,-0.1169740036129951,-0.1346360743045807,-0.1372442543506622,0.0585372820496559,0.0190467629581689,-0.1309751272201538,0.1221452429890632,0.1063660904765129,0.0614360086619854,0.0424953177571296,-0.0144495880231261,0.0343114249408245,-0.0675421431660652,-0.0384700819849967,0.0198100879788398,-0.1306361556053161,0.1296233832836151,0.0473505221307277,-0.1263808459043502,-0.069991149008274,-0.1146425083279609,0.1273688673973083,-0.0330426655709743,-0.0035775443539023,0.0178565718233585,0.0699607953429222,-0.0328784324228763,0.1201965659856796,0.0299017522484064,0.1128429621458053,-0.0930586904287338,0.124104343354702,-0.0699293687939643,0.132105216383934,-0.1060192137956619,0.0367785096168518,0.1346430629491806,0.0206747017800807,0.0139387166127562,0.1365085840225219,0.0671936199069023,-0.0146990548819303,-0.1177871152758598,-0.0216621719300746,0.0416778698563575,QIAQJLFLGMPNAB-UHFFFAOYSA-N,CCOC(=O)N(C)C1CCNCC1
0.0974655896425247,0.0972718968987464,0.0974878445267677,0.083661213517189,-0.0974886938929557,0.0143921477720141,-0.0974462181329727,-0.0967513099312782,0.0326221622526645,0.0974738672375679,-0.0184352844953537,0.097488172352314,-0.0974254012107849,-0.0803600698709487,-0.0974892005324363,0.0974776744842529,0.097165510058403,0.057018157094717,-0.0974891483783721,0.0958609655499458,-0.0974885076284408,-0.0934330001473426,0.0974892154335975,-0.0947539657354354,0.0542504899203777,-0.0943419933319091,0.0920526310801506,0.097473569214344,-0.0963685065507888,-0.097482681274414,-0.0974882543087005,-0.0774579867720604,0.0970828086137771,-0.0974892079830169,-0.097478874027729,0.0402277000248432,-0.014506135135889,0.0880780294537544,-0.0735252574086189,0.0609543174505233,-0.0974892154335975,-0.097488597035408,0.0044457986950874,0.0971899107098579,0.0019257365493103,-0.0888585224747657,-0.0901640877127647,-0.0666127577424049,-0.0973203927278518,-0.0793340727686882,-0.0972325429320335,0.0800881460309028,0.0974263548851013,-0.0974328964948654,0.0974878817796707,0.075323611497879,0.0974389016628265,0.097204215824604,-0.0970562174916267,-0.0899685397744178,-0.0974892154335975,0.0974878743290901,-0.0974681079387664,0.0944654494524002,0.0974853187799453,0.0962452813982963,0.0315741039812564,0.0974888280034065,-0.0305798351764678,0.097388170659542,0.006392577663064,0.0974892154335975,0.0974788814783096,-0.0974464416503906,0.0950664654374122,-0.0974892154335975,-0.0887075886130333,-0.0974892079830169,-0.0974727421998977,0.0964985564351081,0.0653025060892105,0.0966701209545135,0.0974874645471572,0.0817243605852127,0.0957545787096023,-0.0813164487481117,-0.0974787250161171,-0.0969283208250999,0.0974702835083007,-0.059585690498352,-0.0974892154335975,-0.0974891781806945,-0.0974869281053543,0.0924962684512138,-0.0974892154335975,0.0974632427096366,-0.0974892005324363,0.0970869585871696,0.0919739305973053,0.0191560387611389,-0.0970556735992431,0.076632909476757,-0.0970874652266502,0.0974891260266304,0.0974857881665229,-0.0559972897171974,0.093920312821865,0.0820335671305656,-0.0973255261778831,-0.0974602699279785,-0.0972499996423721,0.0974507257342338,-0.0853828191757202,0.0974882319569587,-0.0926921740174293,0.0821198523044586,0.0974224880337715,0.0524360872805118,0.0971956253051757,-0.0968440398573875,-0.0972963273525238,-0.0974812433123588,0.0869955122470855,0.0974879115819931,0.0971330106258392,0.0234734043478965,-0.0962391719222068,-0.0974488854408264,0.093008205294609,-0.0931587964296341,-0.0931587889790535,0.0931587368249893,0.092996098101139,0.0776244103908538,-0.0861408561468124,0.043745893985033,-0.0921409726142883,-0.0930160209536552,0.0931587964296341,-0.0864808037877082,-0.0928611978888511,0.0884001031517982,0.0930198431015014,0.0925934463739395,-0.0931583046913147,-0.0924305543303489,-0.0931583419442176,-0.0931587591767311,0.0931587889790535,-0.0118284188210964,0.0919791758060455,-0.0931584313511848,-0.0732736811041832,0.0931585580110549,0.0786327868700027,0.0846467614173889,-0.0931586772203445,0.0931574031710624,0.0898861289024353,-0.0930601060390472,-0.0165628548711538,-0.0931587964296341,-0.0838965699076652,0.0931516215205192,0.057440873235464,0.09282798320055,0.0387719832360744,-0.0707989260554313,-0.0423938147723674,-0.0863258093595504,-0.0931587740778923,-0.0931587964296341,-0.0931587964296341,-0.0931584686040878,-0.0931587964296341,-0.0918298736214637,-0.0931587964296341,0.0931573137640953,0.0931490287184715,-0.0931587964296341,0.0929040238261222,0.0931460857391357,0.0910998508334159,0.0931587889790535,-0.088436558842659,-0.0892068967223167,0.0396175496280193,-0.0677650272846221,0.0931464880704879,-0.0931587964296341,-0.0893084481358528,-0.0931587964296341,0.0931474715471267,0.0927028730511665,0.0931379795074462,-0.0903563573956489,-0.0930862054228782,0.0931527689099311,0.0931587740778923,0.0678711235523223,0.0931587964296341,0.0931586176156997,0.0931587815284729,0.0931486040353775,-0.0909098163247108,0.0929682701826095,0.0931587889790535,0.0929402112960815,-0.0745404511690139,-0.0106617975980043,0.093152143061161,0.0894309431314468,-0.0929525047540664,-0.0925485715270042,0.0931075066328048,0.0931093469262123,-0.0931571871042251,-0.0931458547711372,-0.0887191966176033,-0.0931587964296341,0.0916118398308754,-0.0930889472365379,0.0931577235460281,0.0907723978161811,-0.0931524932384491,0.0931587889790535,0.0931463092565536,-0.0931523293256759,0.0931318178772926,-0.0840121358633041,-0.0374647006392478,0.0931587964296341,-0.0931587219238281,-0.0929968282580375,-0.0931587964296341,-0.0733697637915611,0.0931108519434928,-0.093019038438797,0.0923442021012306,-0.0929762050509452,0.0931587740778923,0.0931208059191703,-0.0931541845202446,-0.0931583940982818,-0.0931587442755699,-0.0910210013389587,0.0930123925209045,-0.0931587964296341,0.0931499674916267,0.0931585356593132,-0.0930134728550911,-0.0931587591767311,0.0931587964296341,-0.0931155830621719,-0.092917799949646,-0.0931396186351776,0.0919378027319908,0.0953295305371284,-0.0937596559524536,0.0945507660508155,-0.0953296273946762,-0.0953296199440956,0.0952664837241172,-0.0571124590933322,-0.0923091545701026,-0.0953042954206466,0.0953295826911926,0.0942936763167381,-0.0953296348452568,-0.0953238308429718,0.0948574095964431,0.0950238332152366,0.0950826779007911,0.0953288525342941,-0.0179085060954093,-0.0094070462509989,-0.0953113809227943,0.0953255295753479,-0.0953176990151405,0.0953162163496017,-0.0629857629537582,-0.0867938995361328,0.095039464533329,0.095329612493515,-0.0953260287642479,0.0953296348452568,-0.0953235179185867,-0.0947993770241737,0.0953296050429344,-0.0952928066253662,0.0953295081853866,0.0924806669354438,-0.0734076723456382,-0.0951320230960846,0.0750516429543495,0.0945098772644996,0.0219590216875076,0.0871031209826469,0.0953294783830642,0.0951298177242279,-0.0948366895318031,0.0952145755290985,-0.0952230766415596,0.0951508060097694,-0.004667610861361,0.0952744930982589,0.0942413955926895,0.0948102623224258,-0.0953227430582046,0.0949563980102539,-0.0329955033957958,-0.0952024385333061,-0.095193475484848,0.0953283458948135,0.0937793254852294,-0.0916888788342475,0.0953288525342941,-0.0953296199440956,-0.0764055922627449,0.0951565578579902,0.0952645167708396,-0.0953267514705658,-0.0952494889497757,0.0952470153570175,0.0952417701482772,-0.0929142609238624,0.0495317541062831,0.0953013226389885,-0.0656837299466133,0.0945814102888107,0.0953289046883583,-0.0953012853860855,-0.0839679017663002,0.0953296348452568,0.0944815576076507,-0.0953289121389389,0.0895559936761856,-0.0424180477857589,0.0953295826911926,-0.0953295528888702,0.0742292925715446,-0.095329575240612,-0.0264410898089408,-0.0953048765659332,-0.0949772894382476,-0.0951803922653198,-0.0946095883846283,-0.0665010809898376,-0.0953296348452568,0.095313474535942,0.0932080894708633,-0.0953295975923538,0.0923557430505752,0.0953296199440956,0.0953295975923538,0.0795848071575164,-0.0953296348452568,-0.0953291431069374,-0.0953274294734001,-0.0679638758301734,-0.0953296348452568,0.0953296348452568,-0.0950499176979065,0.0953296273946762,0.069394402205944,0.0535627342760562,-0.0622977428138256,0.0143452202901244,0.0907556414604187,0.0953296348452568,-0.0787565261125564,0.0159728843718767,-0.0951177179813385,-0.0953293591737747,0.0953296348452568,-0.0695060640573501,0.0948535352945327,-0.0953258872032165,-0.0953156203031539,0.0953171029686927,0.0909934565424919,0.0945297926664352,-0.0925138518214225,0.0952855870127677,0.1161539852619171,0.1111073270440101,0.0125520061701536,-0.0976970344781875,-0.0822148770093917,-0.0457954443991184,-0.1146194711327552,-0.09238001704216,-0.1164143979549408,-0.090932160615921,0.0995787978172302,0.0780225545167923,0.0975073054432869,0.0822975113987922,-0.0815923511981964,0.0983100533485412,0.0566566511988639,-0.1103802993893623,0.1125640869140625,-0.0175515934824943,-0.115039438009262,0.0074273156933486,-0.1050644889473915,-0.0914333239197731,0.0742745622992515,-0.1207901164889335,-0.1021846234798431,0.0682602226734161,-0.118052177131176,-0.1148827299475669,-0.0911967679858207,0.02896080724895,-0.0871441066265106,0.1147277727723121,0.1005841791629791,0.0986401140689849,0.1140076592564582,-0.1148990243673324,0.0021874301601201,0.1210307106375694,0.0785326287150383,-0.1097238659858703,-0.0075738439336419,0.100156232714653,-0.1030915901064872,-0.0805437341332435,-0.1192292645573616,0.0154869658872485,-0.116229236125946,-0.0982992127537727,0.1162684336304664,-0.0999637842178344,-0.0528037957847118,0.0906412228941917,0.0816665291786193,-0.0848000347614288,0.1016493067145347,0.0971079468727111,0.0735614821314811,0.1212784871459007,-0.0975794419646263,0.0666789636015892,-0.0198252238333225,-0.0766228884458541,0.0857921689748764,0.0186972580850124,-0.0521772615611553,0.0918937847018241,-0.1124129891395568,0.1088126674294471,0.1078964099287986,0.078207179903984,0.0013448438839986,0.0324350371956825,-0.0929467380046844,0.1001922786235809,0.0952189266681671,0.0344977416098117,0.0353571325540542,-0.0670195147395134,0.0294668488204479,0.0467082299292087,-0.096075139939785,-0.1118626594543457,-0.0171180814504623,-0.0511506274342536,0.0845775604248046,0.1109470725059509,0.1174321696162223,0.0555132366716861,-0.0935559496283531,0.0474172756075859,-0.0690787509083747,-0.1147788316011428,0.0547372177243232,0.0441586747765541,-0.1122341901063919,0.1227226257324218,0.1001397520303726,0.0699071362614631,-0.0824334323406219,-0.1060285568237304,0.0533513091504573,-0.0606848932802677,0.0282422453165054,0.0057901102118194,-0.0089995004236698,-0.0558650828897953,0.1190825998783111,0.1025997474789619,-0.0791695788502693,-0.107180155813694,0.1106199547648429,-0.0875594839453697,-0.0932951048016548,-0.0901525691151619,0.0670554637908935,0.1199041903018951,-0.1066613346338272,0.0468526110053062,0.0876097828149795,0.1109440103173255,0.1060253158211708,-0.1166662573814392,-0.1085158959031105,-0.1071519404649734,-0.0705943256616592,-0.0854316651821136,-0.0730047672986984,0.0864163860678672,0.1541606336832046,-0.0967913269996643,0.0990513935685157,0.1177667677402496,0.1516856998205185,0.0209111627191305,0.0571007803082466,0.0326175764203071,-0.0864553824067115,0.0301069114357233,0.1420741826295852,0.0948176831007003,-0.0730202868580818,-0.1090180426836013,0.0700626745820045,0.0142159834504127,-0.1162199825048446,-0.0500713586807251,-0.1058692038059234,-0.1254202425479889,-0.136110708117485,-0.0814439803361892,-0.1388328820466995,0.1416161060333252,-0.138138473033905,0.0877896249294281,-0.1031474694609642,0.0921466723084449,-0.0594954565167427,0.066555455327034,0.1427467912435531,-0.0863730236887931,0.1218614652752876,-0.0726026147603988,0.0350583046674728,0.0196196623146533,-0.0813343673944473,0.0874308943748474,0.1136313080787658,0.1007164120674133,-0.0870232433080673,0.0140972211956977,0.0869644731283187,0.0242820642888546,-0.0201336350291967,0.0141949905082583,0.0286151021718978,-0.1037917882204055,-0.0096365949138998,0.1269034594297409,0.0777613967657089,-0.112917736172676,0.0988566279411315,-0.0134393908083438,-0.110384963452816,-0.0863094106316566,0.047158345580101,-0.0738826096057891,-0.0487576387822628,0.0316908434033393,-0.0664036870002746,0.0689015462994575,-0.1357750296592712,-0.1150966212153434,-0.0723418965935707,0.0318015255033969,-0.0329313464462757,0.0920808315277099,-0.1110807508230209,-0.0983066037297248,-0.0925177633762359,-0.0816096663475036,0.0958055481314659,-0.0842906534671783,0.0804688706994056,0.0828718468546867,0.0837406814098358,0.1263860762119293,-0.0919420570135116,-0.0232756827026605,-0.0412338338792324,0.0640302523970604,0.0530299097299575,-0.1025207489728927,0.1024743244051933,-0.0724798515439033,-0.0701777264475822,0.1032015457749366,0.0066866492852568,-0.0928722918033599,-0.1195203140377998,-0.0095619354397058,0.1280886679887771,-0.0227470528334379,0.1443865299224853,-0.0818302854895591,0.0490132682025432,-0.03187270835042,-0.0353831201791763,-0.0094849979504942,-0.0144661320373415,0.0641233250498771,0.0382438600063324,0.1252232044935226,0.1021876484155654,0.0838713198900222,-0.0594138465821743,0.0456201806664466,-0.1351015716791153,0.0364433340728282,0.1329792290925979,-0.070012129843235,0.1034417524933815,0.0545381158590316,0.1560956835746765,-0.1427461951971054,0.0442612320184707,0.0130325630307197,-0.1030240803956985,0.0639153867959976,-0.056609146296978,-0.1324911266565323,-0.0667568072676658,0.1128123924136161,-0.0995852127671241,-0.0521577112376689,0.0053582699038088,-0.0537858493626117,0.0861999914050102,0.1127585396170616,0.0036335163749754,0.094518095254898,-0.0200973097234964,0.1343269199132919,-0.0016175336204469,-0.1223033890128135,0.124384306371212,0.0815235748887062,0.1165705621242523,-0.1264817714691162,0.1212309300899505,-0.0973663330078125,0.0527671724557876,0.0459173992276191,-0.1305605173110962,-0.0054085412994027,0.0099233668297529,0.1272060126066208,0.1026365235447883,-0.1344621032476425,0.1256493479013443,0.0900237187743187,0.1038078889250755,0.1184309870004654,-0.0996573865413665,-0.1323588192462921,-0.0947348400950431,0.0004379813326522,-0.0403204560279846,-0.026625033468008,-0.0865362361073494,-0.0379954352974891,0.0384133383631706,0.0416605696082115,-0.0056638587266206,0.1291133016347885,0.1352722197771072,-0.0584231354296207,0.0222567450255155,-0.1141464933753013,-0.0868483260273933,0.0388594269752502,0.1340212523937225,0.0659737139940261,-0.063323326408863,0.1137387529015541,0.1098617762327194,-0.0104569513350725,-0.1061606779694557,0.0665239915251731,-0.082053355872631,-0.0563732348382473,-0.0596909746527671,-0.1132502555847168,-0.062919870018959,-0.0343917980790138,0.1274240165948867,-0.0491808019578456,-0.066905528306961,0.0454788655042648,0.1272900551557541,-0.0138126704841852,0.0819329544901847,-0.0474827140569686,0.0188770405948162,0.1327091306447982,-0.1277992278337478,0.1042167991399765,0.1105926185846328,0.0873734205961227,-0.0185869336128234,-0.0005744600784964,0.025771576911211,-0.1151172891259193,-0.0840317234396934,0.0378199405968189,0.1218606978654861,0.0328507833182811,0.0259300582110881,0.1026311814785003,-0.1254710853099823,0.1007876396179199,0.1189793050289154,0.0034326827153563,-0.1253370195627212,0.1074255257844924,0.003802761202678,-0.0154241202399134,-0.1133989542722702,0.0812372416257858,0.1224856525659561,0.1159097775816917,0.101391427218914,0.1179641038179397,0.106145940721035,-0.0992525666952133,0.0222397353500127,-0.0637281835079193,-0.0728942602872848,-0.0216263271868228,0.035085916519165,-0.0520595461130142,-0.1088326126337051,-0.0161385871469974,0.0716015174984932,-0.1306882053613662,0.0629508644342422,-0.0382326431572437,0.1263947486877441,0.0876180306077003,0.0853382125496864,-0.1275626271963119,-0.114541083574295,0.0663426741957664,-0.0915976539254188,0.083643764257431,-0.0445507876574993,0.1230454668402671,-0.0968679562211036,-0.1099002361297607,0.1187449917197227,0.0075181284919381,0.1099917367100715,0.0862647667527198,NSGSNHWFHZYRIZ-VCHYOVAHSA-N,O=C(N/N=C/c1ccc(Cl)cc1)c1cc2ccccc2[nH]1
-0.0966759771108627,-0.0996249318122863,0.1000958979129791,0.1001081764698028,0.092972345650196,0.090602733194828,0.0952901393175125,-0.0146007128059864,0.0301901903003454,-0.0864833369851112,-0.0941100716590881,-0.0994971990585327,0.0953326821327209,-0.0346211455762386,0.0987756252288818,-0.0774409547448158,-0.0957708731293678,-0.0999276116490364,0.0999939367175102,0.100110039114952,0.0998881384730339,0.0656934678554534,0.1000784039497375,-0.0861740931868553,0.096236452460289,-0.0997653752565383,-0.1000550538301467,-0.1000981777906417,-0.0910701528191566,0.0800956860184669,0.1001010164618492,-0.0741224735975265,-0.0834360867738723,-0.1000435948371887,0.027108097448945,0.0999705940485,-0.0937791913747787,-0.099778726696968,-0.0871651098132133,0.0994191616773605,-0.0612547099590301,-0.1001113951206207,0.1000689193606376,-0.051105935126543,0.1000379174947738,0.0945724248886108,0.1000846549868583,0.1001114025712013,0.0999250039458274,0.071493774652481,-0.0996127054095268,0.0570282042026519,-0.0992420464754104,0.1001000627875328,0.0858566612005233,-0.0239530131220817,0.1000440046191215,-0.0356075316667556,-0.1000921726226806,0.0999672710895538,-0.1000281348824501,-0.1001099422574043,-0.0768063142895698,-0.0937513411045074,-0.10010427236557,0.0875957235693931,0.0736198425292968,-0.0905692651867866,0.1001112386584281,0.1000551208853721,0.1000643894076347,-0.0821634158492088,0.0387891121208667,0.1001107171177864,0.1001110598444938,-0.0988392457365989,-0.070474773645401,-0.089533619582653,0.0277689173817634,0.1001062393188476,0.0945581421256065,-0.1001052260398864,-0.0961472615599632,0.0991444811224937,0.0527523308992385,-0.0968642681837081,0.0198253225535154,0.0981959775090217,0.0997351855039596,-0.096254788339138,0.0990841761231422,-0.0789909213781356,0.0589264594018459,0.0997764095664024,0.1001105457544326,0.0987422242760658,-0.0056325015611946,-0.0971681997179985,0.0670115128159523,0.0739495307207107,-0.100024938583374,-0.0995105430483818,-0.0978796258568763,0.0759355202317237,-0.0999073684215545,0.1000625267624855,0.0999804809689521,-0.0342519283294677,0.100054383277893,-0.0033648582175374,0.1000793725252151,0.1000097393989563,-0.0774221196770668,-0.0999958366155624,0.0985009670257568,-0.1001113578677177,-0.1001046225428581,-0.1000875681638717,0.0243927538394927,-0.099844790995121,-0.1001113653182983,0.0957410112023353,-0.0050111985765397,-0.0394380427896976,-0.0998281314969062,0.0999016612768173,-0.068627692759037,-0.1000548973679542,0.1103085651993751,0.0554505176842212,-0.1103922501206398,0.036456573754549,0.0798643231391906,-0.0803573653101921,-0.1118417009711265,-0.017270553857088,-0.1020752862095832,0.0159706305712461,0.1083634942770004,0.1111169978976249,-0.1108564883470535,0.0598202869296073,-0.1117840260267257,0.0384817756712436,0.1115395948290824,0.0929576680064201,-0.0052151214331388,-0.1103380545973777,-0.1068770065903663,0.0928778871893882,-0.0744371488690376,0.1106331720948219,-0.1019390374422073,0.1118884533643722,-0.0659314021468162,0.0794689580798149,0.1085526719689369,-0.1024542525410652,0.1025912463665008,0.015420502051711,-0.0202051177620887,-0.0245841201394796,0.0956202745437622,0.0356643125414848,-0.1118846163153648,-0.0340277776122093,-0.1096466034650802,-0.1093774139881134,-0.0490067638456821,0.0817181020975112,-0.1113794222474098,0.1089074537158012,0.0493798851966857,-0.110644519329071,0.1116795390844345,0.0911974683403968,0.0716288536787033,-0.0353237465023994,0.1046028062701225,0.0883463695645332,-0.1110255047678947,0.094644159078598,-0.0968755558133125,-0.1105607971549034,0.0900759622454643,0.1114498898386955,0.0386743322014808,0.0299180094152688,-0.1006941497325897,-0.0098255751654505,0.107551522552967,0.1110923960804939,0.0879071056842804,-0.0024109387304633,0.1113112941384315,-0.1118502169847488,-0.009870333597064,0.0414763763546943,0.110978290438652,-0.0864261463284492,0.1102382391691207,-0.0738879963755607,-0.0440086312592029,0.1052373573184013,0.0996289476752281,0.1072256863117218,0.0571126490831375,-0.1113679111003875,0.0402311123907566,-0.0366767793893814,-0.0883093103766441,0.0424756929278373,0.1036940291523933,0.1094175577163696,0.1107762157917022,0.0933432132005691,-0.1115238890051841,-0.1082909107208252,-0.070413552224636,-0.0807264819741249,0.0409442856907844,-0.1095347926020622,-0.1094726771116256,-0.0901703611016273,-0.0465848632156848,0.0832291841506958,-0.1068655028939247,0.0785582885146141,0.0005980436690151,-0.0539769642055034,-0.0698187574744224,0.009931762702763,-0.0996805429458618,0.1032806038856506,-0.1113648638129234,0.1103851348161697,-0.0809028446674346,-0.1043482273817062,-0.1113614961504936,-0.075634978711605,-0.098578855395317,0.0639897733926773,-0.1085451021790504,0.0885916501283645,0.0755194276571273,0.1045923456549644,0.1118781641125679,0.0435309410095214,0.0994857177138328,-0.0918213874101638,0.0786245688796043,0.1075776815414428,0.1056188941001892,0.1043408811092376,0.0619594641029834,0.1040705069899559,0.1012753769755363,-0.0114359222352504,0.0936056748032569,-0.094867393374443,-0.1014944165945053,-0.101486250758171,0.0614913403987884,-0.0128319654613733,0.1006916016340255,0.1005312725901603,-0.1008670106530189,-0.0968523398041725,-0.1014287695288658,-0.1013090312480926,0.0980690494179725,-0.101129911839962,0.0708206593990325,-0.0625089779496193,-0.074907399713993,-0.0275496821850538,-0.1000587791204452,0.1012225449085235,0.0910575091838836,-0.0983098521828651,0.1000671312212944,-0.0591448880732059,0.0751180797815322,-0.1014769300818443,-0.092701718211174,0.1010802835226059,0.1011029109358787,-0.0282983724027872,-0.0874107405543327,-0.0870132446289062,0.0506887882947921,-0.0997190028429031,-0.094173640012741,0.0055280108936131,-0.1007592231035232,0.1014952138066291,-0.0979816392064094,-0.0978934243321418,0.0648169293999672,0.1007833257317543,-0.0975302904844284,-0.0986337065696716,0.0928433313965797,0.1011299043893814,0.0960132703185081,-0.0973650887608528,0.1000957489013671,0.1014957129955291,0.1014876142144203,-0.1012512072920799,0.1014952063560485,-0.1014726534485817,0.1014956831932067,-0.1014328226447105,0.0723367109894752,-0.0848008841276168,0.0955811142921447,0.0986343920230865,-0.101495586335659,0.0950912311673164,0.1005916371941566,0.1013644039630889,0.0366134531795978,-0.0721498429775238,-0.1007891818881034,-0.1013430580496788,-0.1014950722455978,-0.1014952287077903,-0.0979050993919372,0.1013877913355827,0.101374551653862,-0.1004183888435363,-0.1014224365353584,0.1005341857671737,0.0892628878355026,0.1014916822314262,-0.0953753963112831,0.0805200487375259,-0.0999800339341163,-0.0831102281808853,0.0955445244908332,0.0286355428397655,0.0861892849206924,-0.0995809063315391,-0.0938053652644157,0.0535356290638446,0.1014908626675605,0.1003779992461204,-0.0998174995183944,-0.092931292951107,-0.0345429331064224,-0.101112775504589,-0.0123081458732485,-0.0180867295712232,0.0994815230369567,0.1011711359024047,-0.0637313202023506,0.0204317402094602,0.0983400419354438,0.0997073501348495,-0.101452924311161,0.1009648963809013,-0.0305784251540899,-0.0727147534489631,-0.1014911830425262,-0.0843286365270614,-0.1010976210236549,-0.0978542789816856,0.0987658351659774,0.1014949828386306,0.084197849035263,0.0659369006752967,-0.096002884209156,-0.0452874526381492,-0.0302837323397398,-0.0588803142309188,-0.1000176221132278,0.0646975487470626,-0.0990997105836868,0.0953951627016067,0.079162448644638,-0.0225531943142414,-0.098556712269783,-0.0126649672165513,0.0057932562194764,0.0161625854671001,0.0868182033300399,0.0107629001140594,-0.0324423424899578,0.0938134342432022,-0.0752047002315521,0.0145954098552465,0.1103550419211387,-0.1473731696605682,-0.0570787005126476,-0.013332150876522,0.0294691789895296,0.0653563737869262,-0.035517580807209,-0.0989143550395965,-0.1654942333698272,0.0052555580623447,0.1087432354688644,-0.0451009422540664,-0.0522687435150146,0.1086444854736328,0.0015444508753716,-0.1205807924270629,-0.045184139162302,0.0564853884279727,0.0329061858355999,0.0906598269939422,0.0400210171937942,-0.158245638012886,0.0852691158652305,0.0580206103622913,-0.1297991871833801,0.1528626233339309,0.1366969943046569,0.0772084519267082,0.0124427219852805,-0.0925534889101982,0.0901972502470016,0.140197604894638,-0.0525692217051982,0.0218321066349744,0.1089582964777946,-0.0886308178305625,-0.0385868772864341,0.0254126582294702,-0.0940607860684394,0.130092591047287,0.0407684966921806,-0.0780387595295906,-0.0086875148117542,0.0826103091239929,-0.0480020307004451,0.0539933107793331,0.0775700584053993,-0.0721206590533256,0.0079606650397181,0.2031593471765518,-0.0242167096585035,0.1509890854358673,-0.0996351242065429,-0.0568924769759178,0.1389606893062591,-0.0543232709169387,0.1035975068807601,-0.049072153866291,-0.0902929604053497,0.0080767516046762,-0.0513809919357299,0.1401692181825637,0.0761596336960792,-0.0199570283293724,-0.1033252030611038,-0.0203984677791595,-0.0008953855140134,-0.0155350742861628,0.1172748133540153,-0.1324895769357681,-0.1048430576920509,0.0701285898685455,0.1194926053285598,0.127205491065979,-0.0428318753838539,-0.1843968033790588,0.0636018812656402,0.0753381326794624,-0.0107639618217945,0.1503557115793228,0.1287235170602798,0.1133740022778511,-0.0257962252944707,0.1792884171009063,-0.0551179535686969,0.0575832054018974,0.047277458012104,-0.022897882387042,0.1000975593924522,0.1510852724313736,-0.1099147126078605,-0.0386003702878952,-0.0022020328324288,0.0544797740876674,0.1627079546451568,-0.0635378360748291,-0.0266493838280439,0.0605552867054939,0.022926639765501,0.0469021387398242,0.1583325713872909,0.0836715474724769,-0.0351814925670623,0.0712163895368576,0.0136732412502169,-0.0819971039891243,-0.0598942935466766,-0.0932186245918273,0.0434736795723438,0.1068866401910781,-0.1167393028736114,-0.1681084036827087,-0.0614877492189407,0.0305173117667436,0.0284884702414274,-0.0815663486719131,0.0011017530923709,-0.0878188461065292,0.1119710803031921,-0.0804700329899787,-0.0563150122761726,0.0619312040507793,0.1288454532623291,-0.0990319401025772,0.0577208362519741,0.0743030607700347,0.1259376257658004,0.1052175983786583,-0.0485542491078376,0.0768346711993217,-0.0548111461102962,-0.0389485359191894,0.127732053399086,0.1062614843249321,-0.1217254549264907,-0.0450317934155464,0.0444851331412792,-0.0015127348015084,-0.1201753690838813,-0.0937127619981765,-0.1157437562942504,-0.1331257671117782,-0.1239582151174545,-0.1034952253103256,-0.101366251707077,0.1204969733953476,-0.1017730310559272,0.1176103204488754,-0.1346272379159927,0.0871125161647796,-0.0701981037855148,0.1195046752691268,0.1166771948337555,0.0539178177714347,0.1342245638370514,0.0039287409745156,0.0103995660319924,0.1142524108290672,-0.0721921250224113,0.087939366698265,0.1262601912021637,0.1169396787881851,-0.1191607117652893,0.0765898674726486,0.0922834947705268,0.0143706295639276,-0.014391615986824,0.0909018889069557,0.0550207905471324,-0.0794853940606117,0.0702882334589958,0.1332550793886184,-0.0151625210419297,-0.0629307255148887,0.0618228837847709,-0.0421660281717777,-0.115979753434658,-0.0977088883519172,-0.066690057516098,0.0091480081900954,-0.0804630815982818,0.0470464713871479,0.0493365041911602,0.1168076395988464,-0.0959639698266983,-0.0357620976865291,-0.0878905206918716,0.0132753700017929,-0.1076952964067459,0.1240892857313156,-0.115430898964405,-0.0088773323222994,-0.0688807591795921,0.0318201780319213,0.1166482269763946,-0.1188532263040542,0.0907086208462715,0.0719671919941902,0.1049377024173736,0.1021130234003067,-0.104612298309803,0.0089321341365575,0.0922506153583526,0.0745336264371872,0.0177706573158502,-0.1269114166498184,0.1123448088765144,-0.1307528764009475,-0.061671070754528,0.1276045143604278,-0.1065977662801742,-0.003601836040616,-0.121776282787323,0.0379428341984748,0.050745528191328,-0.0720835626125335,0.0898128747940063,-0.1037894710898399,0.0538605041801929,-0.0671885907649993,-0.0888355746865272,-0.0805473998188972,-0.0340414009988307,0.0549059435725212,-0.0704623311758041,0.0678117498755455,0.1134683862328529,0.067156083881855,0.0293569676578044,-0.1035463213920593,-0.133361130952835,0.0124075543135404,0.0734610855579376,0.0502522960305213,0.0775435119867324,0.0907536000013351,0.118389256298542,-0.1022955477237701,-0.088272638618946,0.0245731119066476,-0.0418069921433925,0.1222931668162345,-0.1213168650865554,-0.1260326206684112,-0.0344691164791584,0.0787805765867233,-0.0317263230681419,-0.0985279306769371,-0.0844124779105186,0.0945140272378921,-0.077177308499813,0.0606719143688678,0.1099438145756721,0.1440000087022781,0.1403124928474426,0.1116887703537941,-0.1155297607183456,0.0730632096529007,0.0696331784129142,-0.0650055557489395,-0.1406520307064056,-0.0155881196260452,0.0044600721448659,0.0126597182825207,0.0645971670746803,-0.0956137552857399,-0.0959773957729339,-0.1504892259836197,-0.0583559498190879,-0.0041175498627126,-0.1247488036751747,-0.0404328033328056,-0.1223481819033622,0.126984030008316,-0.1111265495419502,0.1077305525541305,0.0242547877132892,-0.0146789420396089,0.1334502547979354,-0.0653551518917083,-0.0252851769328117,0.0067278305068612,-0.0711391419172287,0.0845359191298484,0.0202119313180446,-0.1202025040984153,0.029277129098773,-0.1443698853254318,0.0078744236379861,-0.0882879644632339,-0.0272688008844852,0.0006334542995318,0.1255435347557068,-0.098356232047081,0.1367010921239853,0.0450713895261287,0.1098407357931137,-0.0956533923745155,-0.1077255457639694,0.1031417995691299,0.0838731378316879,-0.0147130973637104,0.1030186340212822,-0.1293705105781555,-0.1045847758650779,0.032992448657751,-0.095521792769432,-0.0384148545563221,-0.0561560541391372,-0.1262543946504593,-0.0909889787435531,-0.0997620746493339,0.0418938584625721,0.0547204092144966,-0.1125629693269729,-0.0279016643762588,0.0173956416547298,-0.1302651464939117,-0.0303529743105173,-0.1080327108502388,0.0571220442652702,-0.0405464395880699,-0.119845263659954,-0.1367480903863906,-0.1379393935203552,0.0316783115267753,0.0408329926431179,-0.0444922745227813,-0.0704936608672142,-0.1185029819607734,-0.0454672798514366,-0.0604138523340225,-0.013501132838428,0.1486678272485733,-0.0655384063720703,-0.1228831931948661,-0.0309457313269376,-0.1201856210827827,0.12500761449337,-0.0297779068350791,-0.0690025985240936,0.0275245457887649,-0.1417006254196167,0.0884007290005683,-0.0860353857278823,-0.0374536514282226,-0.0660792887210846,-0.064144030213356,-0.1155216619372367,0.1505553424358368,-0.0324515476822853,0.0170147493481636,-0.1239803209900856,0.0851818397641182,-0.0260524302721023,-0.0538936741650104,0.077268399298191,0.0098689179867506,0.1361191868782043,-0.1034543588757515,0.1301174908876419,-0.0283623244613409,0.0120009826496243,-0.0503590852022171,-0.120844192802906,0.0390072800219059,-0.0464058890938758,-0.1187866404652595,0.1228879392147064,0.123555988073349,0.1474097967147827,0.0070682396180927,0.0162530969828367,-0.1069525480270385,-0.0098395105451345,-0.0326308272778987,MPDYGDWBJKRAEK-UHFFFAOYSA-N,Cc1ccc(-c2ccc3nn(CC(=O)Nc4cccc(Cl)c4)c(=O)n3n2)cc1C
-0.0067905178293585,-0.0018567896913737,0.0204154457896947,0.1089542061090469,-0.1095320880413055,0.1007238626480102,0.1111504882574081,0.0981817990541458,0.098572090268135,-0.0989904999732971,-0.1015990674495697,-0.0107414470985531,0.1089579612016677,-0.1107806041836738,0.1107137799263,-0.0951201170682907,-0.0356120951473712,-0.0829312428832054,-0.0093645043671131,0.1091108992695808,0.0759664252400398,0.1107232496142387,0.0433586984872818,0.0886889845132827,0.1084800213575363,-0.1018240824341774,0.0253561679273843,-0.0992249622941017,-0.0302248205989599,-0.1102876290678978,0.1031977906823158,0.102420374751091,-0.0210298560559749,-0.1097180917859077,-0.0014085293514654,0.0989618524909019,-0.1102780029177665,-0.094593770802021,-0.083146333694458,0.0646798983216285,0.1066591814160347,-0.1111885979771614,0.0590727068483829,-0.0570645220577716,0.0929321572184562,0.1025478765368461,-0.0586096346378326,0.1111892163753509,0.0576163753867149,-0.0831823050975799,-0.1097676083445549,0.0528077743947505,0.0933938920497894,0.107307992875576,-0.0756919160485267,-0.0720564648509025,0.0746063441038131,-0.0929227620363235,-0.0310727171599864,0.0123584447428584,-0.1108344867825508,-0.1111793518066406,0.0007137602660804,-0.0151371220126748,-0.1110565662384033,0.0742734372615814,0.0902557373046875,-0.0949411541223526,0.1111547648906707,0.1098938807845115,0.1088767871260643,-0.1104532703757286,0.0180792324244976,0.1111269816756248,0.1111646592617034,-0.0531710647046566,-0.0334191806614398,-0.1060132756829261,0.04565454646945,0.1108421459794044,-0.0482696518301963,-0.1110297963023185,-0.1105847954750061,0.0975952520966529,-0.1106193736195564,-0.1110965386033058,-0.1005511656403541,0.0194325726479291,0.1047828868031501,-0.1077313274145126,0.0307078622281551,-0.0460553988814353,0.1055615544319152,0.1096053794026374,0.1111891567707061,0.0651201531291008,-0.0209325030446052,-0.0931106880307197,0.110892653465271,0.1029163599014282,-0.1009076535701751,-0.1109753027558326,0.0265418086200952,-0.059671051800251,-0.0859733819961547,0.1111725270748138,0.0296617355197668,-0.0857793018221855,0.0924577042460441,-0.0712744444608688,-0.0207444950938224,0.0987544730305671,0.108280710875988,-0.0880460515618324,0.1106633692979812,-0.1111853197216987,-0.1110288947820663,-0.0923972725868225,-0.0814805105328559,-0.1008136570453643,-0.1110722795128822,0.0996894463896751,-0.0514526888728141,-0.0251032896339893,-0.1111816391348838,0.1029732972383499,-0.0981475859880447,-0.1076402440667152,-0.0205889772623777,-0.0986157357692718,-0.0772679075598716,-0.0203978195786476,0.0471341647207737,-0.0025348798371851,-0.1072327494621276,0.0692372098565101,-0.1068954914808273,0.0641817972064018,-0.1022016555070877,0.0898757576942443,-0.1023819521069526,0.1058899536728859,-0.1070873141288757,0.0976734682917594,0.1072295308113098,0.0716598555445671,0.0154765723273158,0.0379891917109489,-0.1061388850212097,-0.0382822193205356,-0.1049596667289733,0.1072351858019828,0.1059217602014541,0.1070794388651847,-0.0925075933337211,-0.0880232006311416,0.1069121062755584,0.0709261149168014,0.094872735440731,0.1026810109615325,0.072984367609024,0.1007690802216529,-0.0808000490069389,-0.1070102229714393,-0.1051031127572059,0.0645356476306915,0.0551321469247341,-0.10407005995512,0.0896363481879234,0.0795934572815895,0.0936032310128212,0.1055962443351745,-0.0989281386137008,0.0027096779085695,0.0979202762246131,0.1034325957298278,0.1065213233232498,0.0556110888719558,0.0959596708416938,0.1061485111713409,-0.0917723178863525,0.1068765595555305,-0.0128889130428433,-0.1013211533427238,0.1031956225633621,0.1072284802794456,0.0252790078520774,0.1071305125951767,-0.1039057970046997,0.0941032841801643,0.0984871536493301,0.0942466184496879,0.0757946968078613,0.0454017370939254,0.1072324067354202,0.0018924208125099,-0.1055288985371589,-0.0110186748206615,0.0837805196642875,-0.1057961732149124,0.095673844218254,0.1070687547326088,0.0868451967835426,0.1072319597005844,0.05803032964468,0.0975071266293525,0.0101879695430397,-0.1053878292441368,-0.046916164457798,0.0243636351078748,-0.1041696965694427,0.1064797043800354,-0.0422804988920688,0.107209600508213,0.1050128564238548,0.0872188434004783,-0.104116715490818,-0.107152909040451,0.0734454467892646,-0.1028491556644439,-0.0149916745722293,-0.1072288900613784,-0.1020753532648086,-0.1066091582179069,0.0999996811151504,0.0015599657781422,-0.1066090017557144,0.1032644584774971,-0.0764293745160102,-0.1012739315629005,-0.1045964062213897,-0.0774405896663665,0.0993073657155036,0.1071952804923057,0.1056223362684249,0.082427866756916,0.0993907302618026,0.0662661641836166,-0.0460163950920105,-0.104335144162178,0.0767022296786308,-0.0829477682709693,0.0883412733674049,0.0868474543094635,0.1044275984168052,-0.0514683127403259,0.1072355434298515,0.1068492084741592,0.0707174912095069,-0.1005438342690467,-0.0838076248764991,0.0694799199700355,0.045358657836914,0.1072352826595306,0.1071715950965881,0.074617363512516,0.1001961752772331,0.1055380702018737,0.0641152188181877,0.1038732752203941,-0.1056669652462005,-0.0857046470046043,0.1053340137004852,-0.1055261194705963,0.0831795781850814,0.0949605628848075,-0.0840219035744667,-0.0780006125569343,-0.062765896320343,0.0972425192594528,0.0934624001383781,-0.0988161787390708,-0.1024294197559356,-0.094888336956501,0.0717903524637222,0.007404482923448,-0.067392997443676,0.1040301546454429,0.0667994022369384,-0.1052095144987106,0.10090933740139,-0.0917142927646637,-0.0114057222381234,-0.1052577719092369,-0.0288328509777784,-0.0158087499439716,0.0673431605100631,0.0981731340289115,-0.1052699759602546,0.105499543249607,-0.0011314214207231,-0.0835495367646217,-0.0732874646782875,0.088636502623558,-0.1053080856800079,0.1056670024991035,-0.0845795646309852,-0.1038896217942237,0.1030211672186851,0.0563196912407875,-0.0585383959114551,-0.1019333377480506,-0.066795565187931,0.0503412969410419,0.0408149808645248,-0.0919721871614456,0.1021708995103836,0.1056662425398826,0.1056669503450393,-0.0037624032702296,0.1056665256619453,-0.1056192070245742,0.1056665405631065,-0.0911825299263,0.0143890175968408,-0.089398868381977,0.1056207194924354,0.1008720770478248,-0.1056663691997528,-0.0162501912564039,0.1051850616931915,0.1051657497882843,-0.0122008519247174,-0.0835024341940879,-0.1056595668196678,-0.1052407547831535,-0.1056649535894393,-0.105133332312107,0.0136342151090502,0.0771716311573982,0.051558468490839,0.0950836911797523,-0.1044437661767005,-0.0960555672645568,0.0857051834464073,0.1055403053760528,0.0622981637716293,0.0016015995061025,0.078513316810131,0.1054814904928207,0.1054975315928459,0.0960534662008285,0.0102597586810588,0.1044609546661377,-0.1029488444328308,-0.1053738221526146,0.1056573539972305,-0.0987171679735183,-0.1021860539913177,-0.1056553125381469,-0.1041111871600151,-0.1056641712784767,0.0083248140290379,-0.0398371778428554,-0.0672056451439857,0.105469062924385,0.1042583808302879,-0.0637890100479126,0.1056457832455635,0.1056483685970306,-0.1055634543299675,-0.0448333472013473,0.1056342720985412,-0.1046609431505203,-0.1056637093424797,-0.0699905455112457,-0.0305398497730493,-0.1052813827991485,0.102959856390953,0.1056661009788513,-0.0936438217759132,0.0919724553823471,-0.0950233861804008,0.1049087271094322,-0.1052705943584442,-0.0624324046075344,-0.1045603081583976,-0.0354689769446849,-0.0557182244956493,0.1047437340021133,0.0197686534374952,0.1023832559585571,-0.1055693477392196,-0.0976125821471214,0.0489315167069435,-0.0895188078284263,0.0516230016946792,-0.0260993596166372,-0.0624772496521472,-0.1073445826768875,0.0214170739054679,0.0585792884230613,0.1226589083671569,-0.0715577825903892,-0.0148967197164893,-0.0935223028063774,-0.1187643259763717,-0.0031236608047038,-0.0297087747603654,-0.0259625930339097,-0.1990330517292022,-0.0087892273440957,0.0480082929134368,-0.1232949420809745,0.0449703373014926,-0.0020111640915274,0.0073414808139204,-0.0838795378804206,0.039642009884119,0.0138490665704011,-0.0574623346328735,0.0449764765799045,-0.080897718667984,-0.0683618262410163,0.0928083360195159,0.031852051615715,-0.1755310446023941,0.1811772733926773,0.125035211443901,-0.1358008384704589,-0.0815495997667312,-0.050681784749031,0.0698869228363037,0.0428802035748958,0.1085480004549026,0.0463650897145271,0.0278678461909294,-0.0944973528385162,-0.0585745945572853,-0.0561822205781936,-0.0153782563284039,0.0735111311078071,0.1103163138031959,0.007065076380968,0.085673876106739,0.0849200785160064,-0.0339842326939106,-0.0211030300706625,-0.0324474945664405,-0.0207495782524347,-0.0760436952114105,0.0993135198950767,0.1283110380172729,0.0867048650979995,-0.1236358284950256,-0.0186268780380487,0.1017059758305549,0.0484390668570995,0.1173264235258102,-0.1717743575572967,-0.0271743442863225,-0.0251319296658039,0.1198020726442337,-0.0515903495252132,-0.1093167290091514,-0.0038283052854239,-0.0842202007770538,-0.0101269595324993,-0.0729237645864486,0.0705166161060333,0.1705690622329712,-0.0337205156683921,-0.0908060297369957,-0.085316002368927,0.0414871647953987,0.1109910979866981,-0.119719460606575,-0.1463615298271179,0.0487294234335422,0.0348451063036918,-0.0412517413496971,0.1931059211492538,-0.0270665567368268,0.1038142591714859,-0.006003740709275,0.1752088963985443,-0.0609727352857589,-0.0140382284298539,-0.0642191916704177,0.068485178053379,0.0959812700748443,0.0431455858051776,-0.079873226583004,-0.0819657817482948,0.0503674335777759,0.0291360933333635,0.0253878328949213,-0.1134299784898758,-0.1587714552879333,-0.0581721104681491,0.0553937181830406,0.0544387884438037,0.1614760756492614,-0.1140506118535995,0.1017339304089546,0.0410348623991012,0.0622297450900077,0.0851118564605712,-0.1048466190695762,-0.0372073389589786,0.1254697740077972,0.1141303852200508,-0.1219633370637893,-0.1691135615110397,-0.049878504127264,0.1225188747048378,0.0770394727587699,0.1133795380592346,0.0244262162595987,-0.077901117503643,0.116988331079483,-0.1309738457202911,-0.0491411052644252,0.1193021535873413,0.1601680815219879,-0.0880664139986038,0.1497435569763183,0.1117637902498245,0.1425577402114868,-0.0435032248497009,0.0835034325718879,0.0815551504492759,-0.0279660802334547,0.0812746286392211,0.1316533535718917,0.0649015828967094,-0.0954548642039299,-0.0532779656350612,0.0020704306662082,0.0686682313680648,-0.0780750960111618,0.0674919858574867,-0.0885921567678451,-0.1132844239473342,-0.1297895461320877,-0.0293665863573551,-0.1240341067314148,0.0926016345620155,-0.0648242905735969,0.0817880779504776,-0.1103413477540016,0.0482494346797466,0.0413546413183212,0.0704930648207664,0.1539259552955627,-0.0278206970542669,0.1198426410555839,-0.0592067502439022,0.1038580313324928,-0.0460954494774341,0.051423218101263,0.0128262676298618,0.0889809355139732,0.083891212940216,-0.1100236922502517,0.0041591320186853,0.0749219208955764,0.0546901114284992,-0.0995402857661247,0.0243057608604431,-0.0561589337885379,-0.014032351784408,-0.0752597376704216,0.0801145955920219,0.0080258566886186,-0.0880017131567001,0.0889670327305793,-0.0034245550632476,-0.1623575240373611,0.0065376185812056,-0.022698612883687,-0.1110975742340087,-0.0903184711933136,0.0745869353413581,-0.0792523473501205,0.0968927145004272,-0.1655547618865966,-0.0976136997342109,-0.0798930376768112,-0.0286493189632892,-0.0266010351479053,0.0090946033596992,-0.0544175505638122,-0.0963744297623634,-0.1295797973871231,-0.0519295930862426,0.119066335260868,-0.073418989777565,0.1065529510378837,0.0870031341910362,0.1122215315699577,0.1548637598752975,0.0287379901856184,-0.0407058298587799,-0.0364330522716045,0.1589476913213729,-0.0050117028877139,-0.1187014132738113,0.1274310946464538,-0.0459199585020542,-0.0820304155349731,0.0148802492767572,-0.1084037721157074,-0.0408151075243949,-0.1794958114624023,-0.0775809735059738,0.1344956159591674,0.0593341514468193,0.0817607343196868,-0.0655768662691116,0.041958425194025,-0.0808635354042053,-0.0535445250570774,-0.0141277285292744,-0.0483741126954555,0.0740282163023948,0.0396856069564819,0.1113931685686111,0.0698316395282745,0.0944427624344825,-0.0454853512346744,0.0208125878125429,-0.1409408748149871,-0.0596717409789562,0.1825218498706817,-0.050931166857481,0.0349669642746448,0.1253014057874679,0.1512475460767746,-0.084650807082653,0.0342335328459739,0.1015368029475212,-0.1335349231958389,-0.0180749837309122,-0.082948014140129,-0.1396921277046203,-0.0582082346081733,-0.0097676767036318,-0.0602981820702552,-0.0326557829976081,-0.0356939285993576,0.0134072182700037,-0.0233111567795276,0.1059871017932891,0.1040034443140029,0.1312090158462524,0.1432113647460937,0.124708667397499,-0.1180676817893982,-0.0187709964811801,0.0759073421359062,-0.0548643544316291,-0.1429153084754943,-0.0198021959513425,-0.0597766004502773,-0.0205081366002559,-0.0033005201257765,-0.1305449306964874,-0.1105389446020126,-0.1346559524536132,-0.0293964389711618,0.0805686712265014,-0.1149015799164772,0.0224428065121173,-0.1177209466695785,0.1241307258605957,-0.1196441575884819,0.049287836998701,0.0467067286372184,0.0858086943626403,0.0913954526185989,0.0264431945979595,0.01556340418756,0.039896547794342,0.0083359712734818,0.066638097167015,0.0572344474494457,-0.1153674125671386,-0.0226846318691968,-0.1313598453998565,-0.0581086128950119,-0.0936869904398918,-0.0592168234288692,0.0719014182686805,0.1122827902436256,-0.1319274455308914,0.1432140618562698,-0.0271973442286252,0.0967129319906234,-0.0171200390905141,-0.0195151083171367,0.1215217038989067,0.0602556131780147,0.0077545489184558,0.103620745241642,-0.1224071457982063,0.0168436672538518,0.1076987907290458,-0.0411782413721084,-0.056412898004055,-0.0110296355560421,-0.09757000207901,-0.0844434276223182,-0.1050946712493896,0.0273118447512388,0.0682170242071151,-0.1246308013796806,0.0972653105854988,-0.0543094612658023,-0.1307784914970398,-0.1031722128391265,-0.0885921716690063,0.0613246150314807,-0.0274866949766874,-0.1122767478227615,-0.1290811747312545,-0.1422954499721527,0.0008093485957942,-0.0510119870305061,-0.017792958766222,-0.0573148541152477,-0.1195621937513351,-0.0704927667975425,-0.0727206766605377,-0.065987505018711,0.1278712600469589,0.0141109870746731,-0.1113107725977897,-0.0776615813374519,-0.0525610037147998,0.1199591979384422,-0.0265741553157567,-0.0174883548170328,0.0352150462567806,-0.1349090337753296,0.0938974022865295,-0.1165286898612976,-0.0728928074240684,-0.0875048711895942,-0.1123450919985771,-0.1021965965628624,0.1429112255573272,0.0112219229340553,-0.0730753690004348,-0.1293319314718246,0.0459121279418468,-0.1238857209682464,-0.0771719366312027,0.1195535808801651,-0.085434079170227,0.1376023739576339,-0.1331850439310073,0.1177384555339813,-0.0717404931783676,-0.0357780903577804,-0.0114958761259913,-0.1022867858409881,-0.0629376098513603,-0.0700144171714782,-0.0859972909092903,0.1071224510669708,0.077821709215641,0.1380106210708618,0.0703051313757896,0.0692144185304641,-0.1163058131933212,-0.0984253957867622,0.0099293189123272,IMTVCWVIPAYODM-UHFFFAOYSA-N,Cc1cccc(C)c1NC(=O)Cn1nc2c(N3CCSCC3)nc3ccccc3n2c1=O
0.0356048122048378,-0.1133565083146095,-0.114413321018219,0.0151618476957082,-0.110059343278408,-0.012968510389328,0.0578451566398143,0.053163643926382,-0.0631033778190612,0.0744165554642677,-0.039004735648632,0.0687871649861335,0.0495261698961257,-0.1042616069316864,-0.0307344552129507,-0.1127016767859458,0.090188480913639,-0.1149147376418113,-0.0989828258752822,0.0473959296941757,0.1101960092782974,-0.0869086980819702,0.0106084328144788,-0.094986118376255,-0.1090762391686439,0.0430619344115257,-0.1005695015192031,0.1057830601930618,0.0802042037248611,-0.1135718300938606,0.1073596999049186,-0.0849199891090393,-0.0971264541149139,-0.0771564096212387,0.0776182115077972,-0.0809623152017593,0.0460385642945766,0.0748670920729637,-0.1132358014583587,0.0987850949168205,0.0850136205554008,-0.1018692553043365,0.1141163930296897,0.1149181947112083,0.0715925842523574,-0.0751818343997001,-0.1013512834906578,-0.0438497774302959,-0.1149655431509018,-0.1125080212950706,-0.0915683954954147,0.0981484875082969,0.110531285405159,0.1140447184443473,0.1123009845614433,-0.060588102787733,-0.099761739373207,0.1143602356314659,-0.1120039969682693,-0.1088469475507736,0.0869967639446258,0.1008495986461639,0.0882527753710746,0.1150720715522766,-0.1151215359568595,0.1137462556362152,0.0103472620248794,0.1057377755641937,-0.1106209084391594,0.1013634577393531,0.0458610840141773,-0.1150097176432609,-0.0523137524724006,0.0936826169490814,-0.0898895561695098,0.0861162021756172,0.0740554332733154,-0.1133006438612937,0.1059410795569419,0.1133372038602829,-0.1132510378956794,0.0973822399973869,-0.0906613394618034,0.0117284767329692,-0.0309818293899297,-0.1125234812498092,0.0796449184417724,-0.0865480452775955,0.1142650619149208,-0.1145544275641441,0.1134809330105781,0.0105124553665518,0.1090364679694175,-0.0266571324318647,0.1151706352829933,0.1122735887765884,0.0804975107312202,0.1124563515186309,-0.103211872279644,-0.0946562066674232,0.0896220579743385,-0.029981505125761,0.1062692254781723,-0.0285648480057716,0.1051240712404251,0.0264700315892696,-0.1145872622728347,-0.0360020771622657,0.0193888396024703,-0.0323928408324718,0.0489068627357482,-0.0571511685848236,0.1021656990051269,0.1119381934404373,0.0755810588598251,-0.0862708687782287,-0.0853473469614982,0.073173314332962,-0.0774787738919258,0.0145017160102725,0.1102200224995613,-0.0742820799350738,0.0234808754175901,-0.0852891132235527,0.0229681674391031,-0.1072785630822181,0.0685181468725204,-0.0929576680064201,-0.1218194440007209,0.0067470767535269,-0.0277465991675853,-0.0913611501455307,-0.0993333086371421,0.1132989674806594,-0.0461788810789585,0.1199139356613159,-0.0949947535991668,-0.0923389047384262,-0.1206878051161766,-0.1061390340328216,0.0543263964354991,0.1218563318252563,0.0980939269065857,0.1218115538358688,-0.0715973973274231,-0.0711888074874877,0.1204769387841224,0.1165239065885543,0.0966822504997253,0.1098356023430824,0.0141561329364776,0.1214706450700759,0.0002239253662992,-0.0253752321004867,-0.0486391074955463,-0.0607850588858127,0.1144677028059959,-0.112971656024456,-0.083702728152275,0.1075846850872039,0.1203076019883155,0.0881204530596733,-0.0112894400954246,-0.0870008617639541,0.1220276355743408,0.0794962495565414,-0.1063330471515655,0.1209021806716919,-0.0514491498470306,-0.1220833212137222,-0.0347788445651531,-0.1148312613368034,-0.0388501100242137,0.1153168976306915,0.0091450652107596,0.0932201147079467,0.1215912997722625,0.078161135315895,-0.0891405865550041,0.1156080812215805,0.0650743171572685,0.1216437071561813,0.0611553266644477,-0.026226632297039,0.1019887924194336,0.0828935578465461,0.1160390675067901,0.120160274207592,0.005268772598356,0.0812396109104156,-0.0251558367162942,-0.0025936523452401,0.0506941564381122,0.0018568527884781,0.1137785837054252,0.0911837592720985,-0.1225328147411346,-0.0447245053946971,-0.0134671693667769,-0.0080853579565882,-0.1134147718548774,0.1229855045676231,-0.1153296008706092,0.1212902516126632,0.0744562074542045,0.0688786879181861,0.1132998839020729,0.0241474863141775,-0.109099768102169,-0.0539130493998527,0.0290357675403356,-0.005223817192018,-0.1196209639310836,0.0888854786753654,0.0290845669806003,-0.0956081822514534,-0.0798633322119712,-0.1013868451118469,0.0800733789801597,0.0269641447812318,-0.0853372886776924,-0.0430604442954063,-0.0268199723213911,-0.0424121841788291,0.0811697468161583,0.0839078649878501,-0.121298536658287,0.1141538470983505,-0.1221248880028724,-0.025364177301526,-0.0838505625724792,0.028495006263256,0.1201989874243736,0.0005416296771727,0.1133562698960304,-0.0983877703547477,0.0991874784231185,-0.0349371805787086,0.1141132339835167,-0.0709945112466812,0.097343310713768,-0.1198298707604408,-0.0405495353043079,0.0100017711520195,-0.0683328285813331,-0.0949674099683761,0.1131036728620529,-0.111528530716896,-0.0679932460188865,-0.1170958876609802,0.1132171750068664,0.0129275992512702,-0.0626418367028236,0.118621289730072,0.1163274943828582,0.1108163744211196,0.1036910861730575,0.1093815267086029,-0.0939087122678756,0.0883974954485893,-0.1104087978601455,0.1104824990034103,0.1069115921854972,-0.0893811881542205,-0.1095973178744316,-0.0287955459207296,0.1100076958537101,-0.107455737888813,-0.0186737366020679,0.1096387654542923,0.0399719662964344,-0.0012069086078554,-0.1095151230692863,0.1097219437360763,-0.1098725348711013,-0.0279456302523612,-0.0276283323764801,-0.009255745448172,-0.110429398715496,0.0220836866647005,-0.0234923921525478,0.0760788470506668,-0.0967852845788002,0.0960619822144508,-0.0908834412693977,0.1081024259328842,-0.1102396845817565,-0.061380635946989,-0.1101875603199005,0.0384026244282722,-0.1051398143172264,-0.0958523973822593,-0.0732739567756652,0.0200841389596462,0.1028468832373619,0.0915699899196624,-0.0264563169330358,0.0883036777377128,0.1102970913052558,-0.0512769185006618,-0.1089333072304725,0.0632780194282531,-0.1053446903824806,-0.0966144427657127,-0.1099544391036033,0.0828001350164413,0.0848889350891113,-0.0393799543380737,0.0872755423188209,0.1027070134878158,-0.0260271113365888,-0.1014362275600433,0.109080858528614,0.1045831814408302,-0.1081635355949401,0.1101222708821296,0.1103129088878631,0.0380004346370697,0.0427341312170028,0.1073714718222618,0.1056203246116638,0.1060814931988716,-0.0460907369852066,-0.0770986750721931,-0.0199278704822063,0.0248492080718278,-0.0665880516171455,0.110425055027008,0.0959492325782775,-0.1103902235627174,0.09798114746809,-0.0086954645812511,0.1103714257478714,-0.0208313185721635,0.0937190875411033,-0.0968151465058326,0.0937980040907859,-0.104097194969654,-0.0707316175103187,0.0300120692700147,0.1065024435520172,0.1103804185986518,0.1100068315863609,0.057032011449337,0.1033800542354583,0.0991607308387756,-0.1103895306587219,-0.1069989651441574,0.1099390238523483,0.1020197421312332,-0.1099613234400749,0.1058881133794784,0.0214893091470003,0.0603889673948287,-0.11004688590765,0.0258755963295698,0.10909054428339,-0.1083088442683219,0.1093953624367713,0.0671476870775222,-0.065777763724327,-0.101171039044857,0.0764520019292831,0.1103912740945816,-0.0775811821222305,-0.1061558350920677,0.0469112284481525,-0.074485920369625,-0.0758552178740501,-0.0819854289293289,-0.0383402295410633,0.1090204641222953,0.0652921646833419,0.1104398965835571,-0.1103450804948806,-0.0805169343948364,0.0646557211875915,0.1097945496439933,-0.0842385441064834,0.1082971021533012,0.109867125749588,0.0383887775242328,0.0793550014495849,0.1081480681896209,0.0974143669009208,-0.0646869614720344,-0.0756322890520095,-0.0942083597183227,0.0895777121186256,0.0968036651611328,-0.0939031019806861,-0.0739358514547348,-0.0967745780944824,-0.0963822677731514,-0.0938155129551887,0.090265154838562,0.0858776196837425,0.0978796184062957,0.0927505269646644,-0.0988475009799003,0.0260266084223985,0.0986006557941436,-0.0987308770418167,0.0950579643249511,0.0751976892352104,0.0976129621267318,-0.0987995937466621,-0.0989999547600746,-0.0991629213094711,0.0815335214138031,-0.0782768726348877,0.0993543863296508,0.099323958158493,-0.0920198634266853,0.0854050517082214,-0.0933158472180366,0.0926331728696823,0.0985252559185028,-0.0720228031277656,0.0758242905139923,0.087150290608406,-0.0692371949553489,-0.0990784168243408,0.0952169075608253,0.097241424024105,0.0848193019628524,0.0761070698499679,0.077489323914051,0.0505147315561771,0.0985296219587326,0.09663637727499,0.0979533568024635,0.092048779129982,-0.0874571651220321,-0.0249324422329664,0.0957367867231369,-0.0979970768094062,0.0991536527872085,-0.0954370275139808,0.0964010879397392,-0.0968937501311302,0.0981329157948494,-0.0987017899751663,-0.0749784857034683,-0.078928105533123,0.0964209362864494,-0.0953787118196487,0.0854503139853477,0.0991647616028785,-0.08876833319664,-0.0811503231525421,0.0593106597661972,0.0919472053647041,0.0596647076308727,-0.0987459421157836,0.0982075184583664,0.0722943916916847,0.0970919281244278,-0.0991933271288871,0.0991736575961113,0.0993033200502395,0.0321406833827495,-0.0930696129798889,0.0951512977480888,0.0992471575736999,-0.0752361193299293,-0.0768481567502021,-0.0897400602698326,-0.0961237773299217,0.0904150903224945,0.0830063149333,-0.0986971259117126,-0.0514912344515323,0.0826137959957122,0.0819281563162803,0.0961754322052002,-0.0983465909957885,-0.093606911599636,0.0911384373903274,0.0991605818271637,0.095166191458702,0.0502089746296405,0.0820212215185165,0.0990106388926506,-0.0894563719630241,0.0441481135785579,-0.0711135044693946,-0.0960484892129898,0.0966768562793731,0.0735713839530944,-0.0989580675959587,0.0991054475307464,0.0933305919170379,0.0783933922648429,-0.0965306162834167,0.0982977226376533,0.0699458867311477,-0.0419560633599758,-0.0990917757153511,0.0891031175851821,0.094607688486576,0.0973408371210098,-0.0993829891085624,-0.099381610751152,0.0821114629507064,-0.0780122652649879,-0.0746068730950355,0.0386653840541839,0.097640186548233,0.0952273085713386,0.0982727408409118,-0.0959281772375106,-0.0721494778990745,0.1297351717948913,0.1529640406370163,-0.0158299189060926,0.1424940675497055,0.1352970600128173,0.1378936320543289,-0.0902798995375633,0.0608225874602794,0.0379523672163486,-0.115324281156063,0.0906329303979873,0.0778487399220466,0.0014080508844926,-0.0474480167031288,-0.1217482239007949,-0.0186531264334917,0.1197686269879341,-0.0798809081315994,0.0781219378113746,-0.0907394587993621,-0.1267965883016586,-0.0952045917510986,-0.0773258805274963,-0.1308233588933944,0.1292714178562164,-0.0857152566313743,-0.0784875974059104,0.063895009458065,0.0401834696531295,0.0750474035739898,-0.0261800643056631,0.1314385086297989,-0.05598596483469,0.0859970673918724,-0.1180342510342598,0.1026865392923355,-0.088332787156105,-0.0104966796934604,-0.0244536958634853,0.0463812872767448,-0.0370852462947368,-0.0290910005569458,-0.0583467409014701,0.0469465181231498,0.0618851333856582,-0.0923419818282127,-0.0310984421521425,-0.0471349395811557,-0.0849061459302902,-0.0892211571335792,0.0692307278513908,0.0398205555975437,-0.1267131567001342,0.0005213366239331,0.0137369707226753,-0.1168229877948761,-0.0261471047997474,0.0586886368691921,-0.1136976554989814,-0.0748841986060142,0.0463163293898105,-0.1029339656233787,0.0481664165854454,-0.1482215076684951,-0.1482704579830169,-0.1035695523023605,0.0335814356803894,0.0390051081776618,-0.0137468511238694,-0.0534321404993534,-0.1230434849858284,-0.1118801310658454,-0.0988268703222274,0.0941727086901664,-0.0094941798597574,0.0632717683911323,0.0866849869489669,0.1106804981827735,0.1427059173583984,0.0589400008320808,-0.1024319231510162,-0.109284371137619,0.1288232654333114,0.060328010469675,-0.0887575447559356,0.1259536296129226,0.0789970755577087,-0.0976531133055687,-0.0576175190508365,-0.0644866749644279,-0.0697947070002555,-0.1396803259849548,-0.1041829511523246,0.1417097598314285,0.0684630423784256,0.1338326930999755,-0.0713453218340873,0.0586865581572055,-0.1144717410206794,-0.0181628260761499,0.0122410915791988,-0.0742456093430519,0.0761614069342613,0.056012000888586,0.113525390625,0.0566606819629669,0.0518851093947887,-0.0886481925845146,0.1310341507196426,-0.0967132076621055,-0.0851197019219398,0.1391377449035644,-0.089511826634407,0.0348773188889026,0.088775023818016,0.1507445871829986,-0.0603324174880981,0.0908527448773384,0.0388591811060905,-0.1280468553304672,-0.093257799744606,-0.0045669949613511,-0.0617046169936656,-0.0155361061915755,0.0195775348693132,-0.1266230940818786,-0.016664894297719,0.0649317502975463,0.0350183509290218,-0.0483264960348606,0.0678148418664932,0.0802339166402816,0.0022310323547571,0.1386010944843292,-0.1022050008177757,-0.0060261012986302,-0.0222060326486825,-0.0225535724312067,0.0269029736518859,-0.126394435763359,-0.0620256848633289,0.1501586586236953,0.046295840293169,0.0645239502191543,0.1353152394294738,0.0994356721639633,-0.1676212549209594,0.1216552928090095,0.1004322245717048,0.0881521478295326,-0.0474540144205093,0.1158666536211967,-0.0186326205730438,0.1072743460536003,-0.0915279537439346,-0.1331210434436798,-0.1293838918209076,0.1388191282749176,-0.0803026854991912,0.1660381555557251,-0.0496236495673656,-0.0775417983531951,0.0591722950339317,0.1467990577220916,-0.0923303067684173,0.0935592353343963,-0.1297113597393036,0.1483045071363449,0.1240899115800857,-0.0051772566512227,-0.1420695781707763,-0.0530586130917072,-0.0496250428259372,0.1198453456163406,0.0241526160389184,0.0530729629099369,-0.0601832456886768,-0.0663335993885994,0.0722963586449623,-0.0243941135704517,0.0484244003891944,0.0683080032467842,0.0049627814441919,0.0416572503745555,-0.156904712319374,-0.0793027654290199,0.087527297437191,0.0526442006230354,0.1189367175102233,-0.1457821577787399,0.0419052876532077,0.1219750121235847,-0.0686239004135131,-0.095107652246952,-0.0409675538539886,0.0452055223286151,0.0344479903578758,-0.1191408783197403,-0.0044971746392548,-0.0362911894917488,-0.1215912699699401,0.0472278520464897,0.0799639523029327,0.0038221022114157,0.0217370260506868,-0.0402289815247058,-0.0037916882429271,-0.0507206805050373,-0.132134735584259,0.0871279761195182,0.0373011566698551,0.0718092247843742,0.1141871288418769,0.050368744879961,0.0893060266971588,0.1234249398112297,-0.0600123964250087,0.0883151814341545,0.0954632461071014,-0.0726403594017028,0.0412318632006645,-0.090019091963768,-0.0506144426763057,-0.0933805853128433,0.1227236911654472,0.0246408693492412,-0.0143078509718179,0.0120980869978666,0.13393534719944,0.0084295980632305,0.0009955684654414,0.0670888498425483,0.1247139647603035,-0.1192209497094154,-0.1438073962926864,0.1186736822128295,0.0608497932553291,0.0040411413647234,-0.1351530253887176,0.0477677769958972,-0.0331831648945808,-0.0685149431228637,0.0864446237683296,-0.125671774148941,-0.0749255791306495,0.0481564700603485,-0.1653898358345031,-0.0332749336957931,-0.009875938296318,0.1179459989070892,-0.0019488295074552,-0.085955262184143,0.146003857254982,0.0931975394487381,-0.021643603220582,PNUZDKCDAWUEGK-CYZMBNFOSA-N,N[C@@H]1CN(c2c(F)cc3c(=O)c(C(=O)O)cn([C@@H]4C[C@@H]4F)c3c2Cl)CC12CC2
-0.0395313203334808,0.1017651483416557,0.1038875430822372,0.0959070175886154,-0.0778272300958633,0.0839671343564987,0.0061675403267145,-0.035984568297863,-0.093885987997055,-0.097279354929924,-0.0524535104632377,0.0232994966208934,0.1026674285531044,-0.0986384153366088,0.100183680653572,0.0978815928101539,-0.1038305014371872,0.0944694429636001,0.0954155996441841,-0.1045543551445007,-0.1028542146086692,0.1020420119166374,0.0683159083127975,0.0873818397521972,-0.0259750690311193,0.1045420914888382,-0.0423739850521087,0.1012274771928787,-0.0890514701604843,-0.0987317636609077,0.0999199524521827,-0.1029364615678787,0.003119355533272,-0.1025389954447746,0.095065489411354,0.0920734480023384,0.1020446494221687,-0.0799466967582702,0.0599825084209442,0.0481829978525638,-0.1039966344833374,-0.064934104681015,-0.1035281792283058,0.0970766469836235,-0.0992154031991958,0.0713695436716079,-0.0055031743831932,0.1009875982999801,0.1045368909835815,-0.049538429826498,0.0106223262846469,0.1045121401548385,-0.1046174243092536,-0.1044840961694717,-0.1011657863855362,-0.0765450149774551,0.1042517200112342,-0.0855041146278381,-0.0287703871726989,-0.0770534723997116,-0.077219620347023,-0.1045980453491211,-0.1009631976485252,-0.1027491390705108,0.1042284443974495,-0.0998063385486602,0.0806177482008934,-0.1045810207724571,0.0946127325296402,-0.0412826873362064,-0.0953371226787567,-0.1002663671970367,-0.1044418513774871,0.1002414673566818,0.1043450757861137,0.1046221032738685,0.0924935415387153,-0.0668383315205574,-0.0821514353156089,0.0818838402628898,0.0616216287016868,-0.0967475771903991,-0.1045117303729057,0.1030220091342926,0.0809457078576088,0.1040406748652458,0.048751164227724,0.0889133214950561,-0.0970015153288841,0.0859629437327385,-0.1042902022600174,0.0736661627888679,-0.1044066250324249,0.1044158712029457,-0.0956393703818321,-0.1027502715587616,0.0633520260453224,0.0533879175782203,-0.1031766161322593,-0.0912292301654815,-0.0957447811961174,0.0363247841596603,-0.1046206578612327,-0.0347322039306163,0.1044269204139709,0.0547374673187732,0.0988467186689376,-0.0081221731379628,-0.1039960980415344,-0.090390458703041,-0.091001383960247,-0.1045227572321891,0.0989272594451904,-0.0929603800177574,-0.100378468632698,-0.1046061813831329,0.0991314500570297,-0.1045700833201408,0.1046120822429657,-0.0913565009832382,0.085031047463417,-0.0053672073408961,-0.0531315058469772,-0.1025291085243225,0.0974196791648864,-0.1034451127052307,0.0969894081354141,0.0824402272701263,0.1016769483685493,-0.0075505175627768,-0.093976154923439,-0.0673992410302162,-0.1019173488020896,-0.0932381525635719,-0.1019243448972702,0.1015889644622802,-0.0954926311969757,-0.0692281723022461,-0.0059688887558877,0.0875543877482414,0.0984811782836914,0.0143869835883378,-0.1019361019134521,-0.1016521900892257,-0.0696814507246017,0.1018771305680275,0.101931132376194,0.0959324315190315,-0.0613422021269798,0.0982359424233436,0.061172429472208,-0.101870372891426,-0.0977711006999015,0.1007431074976921,-0.1019366085529327,0.0926841422915458,-0.1016008630394935,-0.1019195765256881,0.1019366309046745,-0.0907160565257072,-0.1018999591469764,0.0797575414180755,-0.0446638688445091,0.099100224673748,-0.0486355386674404,0.1019351631402969,-0.0961911603808403,-0.0978071093559265,-0.1018154770135879,-0.1018432453274726,-0.1014449000358581,0.1008674278855323,-0.0735629647970199,0.1019290089607238,-0.0949822440743446,0.1018218547105789,0.0537300072610378,0.0518525876104831,-0.0998638644814491,0.1017735823988914,0.0721805468201637,0.0532606802880764,0.0968905314803123,-0.0580989979207515,-0.077671580016613,0.1019355952739715,0.0944403931498527,0.0972732827067375,-0.1004495173692703,0.0751609355211258,0.0964991599321365,-0.1006367728114128,-0.1019288524985313,-0.1000229567289352,-0.0877575725317001,-0.0957259163260459,0.1018314808607101,-0.0883388891816139,-0.1012768149375915,0.0850487574934959,0.1010842397809028,0.1014486700296402,-0.0244296938180923,0.0605357438325881,0.0555930733680725,0.1015769019722938,0.0361886844038963,-0.0739557519555091,-0.1019280403852462,0.1009435877203941,-0.1007042229175567,0.0359248109161853,0.1015842854976654,0.0028375145047903,0.101929597556591,-0.0943005830049514,0.0060425186529755,0.1012284085154533,0.1018560901284217,-0.0941040888428688,-0.0883552730083465,-0.0991398841142654,0.0961820259690284,-0.0385380238294601,0.0466941185295581,-0.1002659797668457,-0.0926283001899719,-0.0905204266309738,-0.1016627177596092,0.101448617875576,-0.1001536697149276,-0.1019057780504226,0.1018545106053352,0.0920697301626205,-0.0909655690193176,-0.1006505563855171,0.1019241958856582,0.1018717288970947,-0.0516517907381057,0.1018685549497604,-0.0959963425993919,0.099969133734703,-0.0830814987421035,0.0926489606499672,0.1007395312190055,-0.0094476267695426,0.0983226224780082,0.1018801927566528,0.0307134818285703,-0.1018157005310058,-0.0990366488695144,0.0989525467157363,-0.0956508740782737,-0.0437037162482738,-0.0667867809534072,0.0259419847279787,-0.0865437090396881,0.0973764061927795,-0.0848004072904586,0.0806345716118812,0.0989265367388725,-0.0984694510698318,-0.098957858979702,-0.0978740975260734,0.0980043336749076,0.0477894246578216,-0.0989627689123153,-0.0185729619115591,-0.0978331118822097,0.0989571064710617,-0.0988816246390342,0.0978472828865051,0.0988118648529052,0.0643851682543754,0.0631165206432342,0.0212610531598329,0.0967436581850051,-0.0927407816052436,0.098912663757801,0.0900632888078689,-0.0978380888700485,-0.0682073757052421,-0.0955166295170784,0.0263705551624298,-0.0987086817622184,-0.0795093849301338,0.0985051020979881,0.0594090707600116,0.0980757102370262,-0.0916846692562103,-0.0983720049262046,0.098965935409069,0.0989358648657798,0.0983075276017189,0.0238455366343259,0.0948916748166084,0.0988139882683754,-0.0670590624213218,0.0833237692713737,-0.0987810343503952,0.0984623059630394,0.0988182574510574,0.0989240556955337,0.0260413717478513,-0.0943500772118568,0.0989626199007034,-0.0989429056644439,0.0942359119653701,0.0988626629114151,-0.0989581122994422,-0.0435821488499641,0.0700371041893959,0.0972210019826889,-0.0961775705218315,-0.0980431139469146,0.0876364186406135,-0.0985306277871131,0.0880422592163086,0.0988721325993537,-0.0989657416939735,0.0962187424302101,-0.0983181223273277,0.0989283248782157,0.0986222103238105,0.0975063741207122,0.0958394706249237,0.0328793823719024,-0.0934010222554206,0.0901120230555534,-0.0985304713249206,-0.0871801376342773,0.0989532768726348,0.0989134386181831,0.0526780821382999,0.0745896771550178,0.0977959707379341,-0.075879655778408,-0.0549787282943725,-0.0987276434898376,0.0436358712613582,-0.0980963706970214,-0.0932420119643211,0.0456601828336715,-0.0845794901251792,-0.027494765818119,-0.0610765144228935,0.098965898156166,-0.0988359302282333,-0.0898430868983268,0.0987875089049339,0.0976840183138847,0.0953946560621261,-0.0988401249051094,-0.0987151265144348,-0.0885320529341697,0.0985604971647262,-0.0985367447137832,-0.098955899477005,-0.0989658683538436,-0.0987125411629676,0.0953318923711776,-0.0311662256717681,-0.0989061594009399,-0.0988676995038986,0.0983041822910308,0.0986426323652267,0.0833588987588882,0.0956822037696838,-0.050090841948986,0.0935839936137199,0.0969388335943222,0.0226031150668859,0.0981225371360778,0.0011259224265813,0.0935822874307632,0.0916614681482315,-0.0974961295723915,-0.0987052619457244,-0.0989343151450157,0.0977591574192047,0.0613611005246639,0.0925083309412002,0.0989186912775039,-0.0989442393183708,-0.0936603173613548,0.0936425551772117,0.0791457816958427,0.0912391170859336,-0.0936536267399787,0.0936623662710189,-0.0925596356391906,0.0936542004346847,0.0936125516891479,-0.0864936858415603,0.0936149284243583,0.0428007468581199,0.0925654545426368,0.0878570526838302,-0.0463563501834869,0.073506198823452,0.0930409952998161,-0.0852590128779411,-0.0932567119598388,0.0931504815816879,-0.0934379398822784,0.0916316881775856,0.0911130979657173,0.0936591029167175,-0.0936557352542877,-0.0910564363002777,-0.0848961323499679,-0.0936416238546371,0.0936613604426384,-0.0936557948589325,-0.0904172211885452,0.0850468650460243,0.0936212763190269,-0.0935484245419502,-0.091329388320446,0.0936435461044311,0.0936393141746521,-0.0936066359281539,-0.0936589613556861,0.0936606973409652,-0.0936557650566101,0.0920956879854202,0.0936172530055046,-0.0814060121774673,0.0584147982299327,-0.0933441221714019,0.087618701159954,0.0931904390454292,0.0936571806669235,0.0358181074261665,-0.0936131700873375,0.0903416201472282,0.0936119705438613,0.0560037903487682,-0.0936210602521896,0.0936072394251823,0.0936377644538879,0.0276300944387912,0.06768549233675,0.0936568602919578,-0.0936021953821182,0.0936257243156433,-0.0907424688339233,-0.0337554886937141,0.0848540514707565,0.093553639948368,-0.0925525799393653,0.0935676619410514,-0.0596970357000827,0.0922199189662933,-0.0934032872319221,0.0936065465211868,-0.0933947712182998,0.0837750285863876,0.0439222455024719,-0.0936050787568092,-0.091774858534336,0.0926261693239212,-0.0933475494384765,0.0936605036258697,0.0890407189726829,-0.0936377122998237,0.0933668538928031,-0.0266656093299388,-0.0931476429104805,-0.0936401113867759,0.0929993540048599,0.0936415120959281,0.0889643207192421,0.0917574688792228,0.0936623215675354,-0.0932239145040512,0.0936274901032447,0.0936590433120727,-0.0678126960992813,0.092481330037117,0.0936526283621788,-0.0876617729663848,-0.0936150103807449,-0.091642715036869,-0.0935718789696693,0.0855057910084724,0.0934211239218711,0.0936609730124473,0.0936502888798713,-0.0934093669056892,-0.0904972329735755,0.0933358371257782,0.0936235412955284,-0.0703577324748039,-0.0904113352298736,0.0887723937630653,-0.0033654409926384,-0.0936513394117355,-0.0935804545879364,-0.0935903489589691,-0.0934511423110961,0.0928981751203537,-0.0934088975191116,-0.0934789478778839,-0.0936622619628906,0.0936568900942802,-0.0936214700341224,0.0933653861284256,0.0936523675918579,-0.0936621725559234,0.0936617255210876,-0.0935543030500412,-0.057956576347351,-0.0790046602487564,-0.0960508361458778,0.0099778873845934,0.1048192307353019,0.1034909263253212,0.0759745463728904,-0.0369971245527267,0.0977583974599838,0.1032446697354316,0.1025982871651649,0.0938929766416549,0.0968335643410682,0.0952317342162132,0.10254717618227,-0.1025452390313148,0.0794746503233909,-0.1000482589006424,-0.0726327374577522,0.104565255343914,-0.1035786047577858,0.1000874117016792,-0.0627723708748817,0.0604383796453475,0.1041445657610893,0.1047195047140121,-0.0681637227535247,-0.1034739986062049,0.0844307839870452,0.0969840511679649,-0.0538421124219894,0.1048692241311073,0.0448675341904163,-0.0928432345390319,0.0900938659906387,0.037368144840002,-0.1043191701173782,-0.0924529209733009,-0.0002614923578221,-0.0837208703160286,-0.0727138146758079,0.103729598224163,0.1014993712306022,-0.0922312512993812,0.1048785671591758,-0.1039783209562301,-0.0856027826666832,-0.0874156430363655,-0.0660655573010444,0.0929748266935348,-0.104658804833889,0.0933118537068367,0.1048623993992805,0.0959233492612838,-0.0677939355373382,-0.0367245450615882,-0.0897479504346847,0.0309815295040607,0.1010768786072731,0.0460219979286193,0.1048066988587379,0.0850700139999389,-0.1048109531402587,-0.1040846034884452,-0.1046482473611831,-0.0933751165866851,-0.0961648449301719,-0.1001245826482772,-0.0971161797642707,0.0653438493609428,0.061780821532011,-0.0440375953912735,0.0373505316674709,-0.0932919234037399,-0.1006243452429771,0.0989101380109787,0.0024546468630433,0.0891360342502594,0.1027999520301818,0.1038452610373497,0.0795921832323074,0.1043997928500175,0.1014836579561233,0.0807430893182754,0.1049392223358154,-0.0827532261610031,-0.0426984727382659,-0.0716937184333801,-0.0279718171805143,-0.1036094278097152,0.1048778891563415,0.0784387290477752,-0.0751992538571357,-0.1033764854073524,0.1039396598935127,0.0914155691862106,-0.0501553304493427,0.1047362610697746,0.0991784334182739,-0.1013365611433982,-0.0331791825592517,0.0723024755716323,0.0892873480916023,0.1046170741319656,0.104642316699028,0.1017209291458129,-0.1025113612413406,0.0842979252338409,-0.0798305198550224,0.0561941899359226,0.104768119752407,0.0320641957223415,-0.0818639025092125,-0.1041347756981849,0.1008533090353012,-0.1046279743313789,0.052160732448101,-0.1046695858240127,-0.1040502712130546,0.1040058135986328,-0.1049593761563301,-0.1016938909888267,0.1048158556222915,-0.0743076503276825,0.0852527394890785,0.0827443376183509,-0.0972662940621376,0.1041134968400001,-0.1004280894994735,0.096178337931633,-0.0418648272752761,0.1139333769679069,0.0398165509104728,0.0743182152509689,-0.0183457378298044,0.0500552989542484,-0.0981242656707763,-0.1101389899849891,0.10445436835289,-0.1213827580213546,0.0630551576614379,-0.093749038875103,-0.039688728749752,-0.0099270651116967,0.0009993216954171,-0.0629408955574035,0.11209587007761,-0.0314597897231578,0.130280926823616,0.1302711814641952,-0.127822071313858,-0.1010017246007919,0.0570287890732288,0.0421364977955818,-0.0896319821476936,0.0990055575966835,0.0053836870938539,0.1214017122983932,0.1305533647537231,0.0869526118040084,-0.0031187855638563,0.1093853339552879,-0.0832086876034736,0.1210637092590332,-0.0901601836085319,-0.0467987470328807,-0.0814444944262504,0.0054280585609376,-0.063475877046585,-0.069193311035633,-0.0724397450685501,-0.0934696272015571,0.0810198411345481,0.106897048652172,0.1351785808801651,-0.1182249635457992,0.0339197255671024,-0.1214626654982566,-0.017470546066761,0.0159088820219039,-0.0900930613279342,-0.0331658497452735,0.1339146196842193,-0.0818968340754509,0.0238511841744184,0.1060269847512245,-0.1342555582523346,0.0558730587363243,-0.0015678375493735,-0.0110177416354417,-0.0103411125019192,-0.1099903210997581,0.0771649256348609,-0.1067381724715232,0.0440969616174697,0.1046091169118881,-0.1060649827122688,-0.0929893553256988,-0.0602285526692867,-0.0555278696119785,-0.112322948873043,-0.0268010608851909,-0.052951630204916,0.0185956228524446,0.0433961637318134,0.1173548400402069,-0.1269135028123855,-0.0759778544306755,-0.0129340235143899,-0.1075659319758415,-0.1249743625521659,-0.074432373046875,0.1091657653450965,-0.0420563146471977,0.1123407557606697,-0.0714746192097663,0.0579318962991237,0.0821530595421791,0.1284918040037155,0.1020784676074981,-0.0326410047709941,0.121536485850811,-0.0140518927946686,0.0718636810779571,0.0430426262319088,-0.1022117957472801,0.0827925354242324,-0.1157502830028534,0.0425728522241115,0.134477436542511,0.0881554558873176,-0.1229240894317627,-0.0260071586817502,0.0557629689574241,-0.0892827212810516,-0.1187304034829139,-0.0578450337052345,-0.1333126872777938,-0.0300965681672096,-0.1171652525663375,0.1253305226564407,-0.0510761812329292,0.1304857432842254,-0.1243505626916885,0.0180179085582494,-0.0937380045652389,-0.1285452246665954,-0.1322751343250274,-0.066451109945774,-0.1227817609906196,0.133268654346466,0.0889760851860046,-0.0211807694286108,-0.1251696050167083,0.0409081727266311,-0.0864643678069114,ADLFUPFRVXCDMO-LIGXYSTNSA-M,CO/N=C(\C(=O)N[C@@H]1C(=O)N2C(C(=O)[O-])=CCS[C@H]12)c1csc(N)n1.[Na+]
-0.0964113399386406,-0.0968923643231391,0.0969017446041107,0.0818374827504158,0.0965829715132713,0.0956273451447486,-0.0504371635615825,-0.0969013944268226,0.0819085091352462,-0.0092466417700052,0.0964502394199371,-0.0969012677669525,-0.038691446185112,0.0969017446041107,-0.0742185562849044,-0.0965531393885612,-0.0969012156128883,-0.0968283787369728,-0.0384636186063289,0.0634046420454979,0.0837022438645362,0.0955009907484054,-0.0968985930085182,0.0504338629543781,-0.0863138064742088,0.0966465845704078,-0.0968899652361869,-0.0949739515781402,-0.0969017371535301,0.0965287759900093,-0.0969015732407569,0.0969010666012764,-0.0827641263604164,0.0779042243957519,-0.0834776982665062,-0.0969017297029495,0.0234874039888381,0.0744702443480491,-0.0963606610894203,0.0054250131361186,0.0448651760816574,0.0618111975491046,0.0761745274066925,-0.0951736196875572,-0.0959325060248375,0.0968502163887023,0.0968187525868415,0.096900850534439,0.0968752354383468,0.0968520864844322,-0.0968846455216407,0.0963711887598037,-0.0766762048006057,0.0969001725316047,-0.0968490242958068,-0.0966325998306274,0.0891071483492851,0.0969013422727584,0.095853179693222,0.0969017148017883,-0.0969006419181823,0.0965518206357956,0.0968161597847938,-0.0965114086866378,-0.0939736068248748,-0.096643254160881,-0.0969012603163719,0.0968943089246749,0.0969017371535301,0.0964136868715286,-0.096901386976242,0.0968914031982421,-0.0286275930702686,-0.0969017222523689,-0.0968004912137985,-0.0969017446041107,0.0545559264719486,-0.0969017297029495,-0.0807579606771469,-0.0892085582017898,-0.0967867597937583,-0.096357874572277,0.0969017446041107,-0.094439223408699,-0.0969017148017883,0.0845870301127433,-0.0366288349032402,0.0968882292509079,0.0968211069703102,0.0968915522098541,-0.0697982907295227,-0.09684769064188,0.0968935117125511,-0.0969017371535301,-0.0968967452645301,-0.0592855215072631,0.0887008309364318,-0.0969017446041107,-0.0969011932611465,-0.0968028306961059,0.0762789100408554,0.0968994796276092,-0.0969000086188316,-0.096147671341896,0.0968624204397201,0.0918386802077293,0.0471232272684574,0.0153241818770766,0.0969017222523689,-0.0859965980052948,0.0969016402959823,0.0968430936336517,-0.0953526049852371,-0.0900254398584365,-0.0956924930214881,0.0966305956244468,0.0968451052904129,-0.0968045815825462,0.0623599551618099,-0.0968846157193183,-0.060799952596426,-0.0664190351963043,-0.096574068069458,0.0613904893398284,0.0961386114358902,-0.0967835783958435,0.0968995094299316,0.0968427285552024,-0.0800678431987762,-0.0934330075979232,-0.0934836044907569,0.0934835970401763,0.093483529984951,-0.0934805646538734,-0.0934697464108467,-0.079645998775959,-0.0933357179164886,-0.0934834778308868,0.0934836044907569,0.0929746627807617,0.0934626460075378,0.0856898874044418,-0.0934823676943779,-0.0932189524173736,-0.093447633087635,-0.0934835374355316,-0.0934794545173645,-0.0922664999961853,-0.0918491706252098,-0.0934836044907569,-0.0810495764017105,-0.0930669009685516,0.0934199020266532,-0.0934714078903198,0.093483455479145,0.0934836044907569,-0.0934835746884346,0.0505892634391784,0.0924177914857864,-0.0934742391109466,-0.0934836044907569,-0.0934836044907569,-0.0260632708668708,-0.0933974012732505,0.0928052440285682,-0.0932135954499244,0.0934835448861122,0.0934835821390152,-0.0934836044907569,-0.0934818610548973,-0.0934786647558212,0.0933040380477905,-0.0934821590781211,-0.0934836044907569,0.0801116675138473,-0.0934834480285644,-0.0932686030864715,-0.0686221644282341,-0.0931791514158248,-0.093436412513256,0.093187391757965,-0.0934654250741005,-0.0467072576284408,0.0934835970401763,0.0698369964957237,-0.0934785306453704,0.0934556275606155,-0.064593493938446,-0.093300960958004,-0.0934484377503395,-0.0934703275561332,-0.0879579558968544,0.0934834405779838,0.0716585665941238,0.0934836044907569,-0.0915673524141311,-0.0663851201534271,0.0845752954483032,-0.09342972189188,0.091796875,0.0934094563126564,0.0878344997763633,0.0555024705827236,-0.093469001352787,0.0934459567070007,0.093483529984951,-0.092740923166275,0.0934835746884346,-0.0934594571590423,0.0934836044907569,-0.093480184674263,-0.0920677110552787,-0.0926951393485069,0.0094320559874176,-0.0934835970401763,0.0933946594595909,-0.0934156402945518,0.0833790302276611,-0.010847957804799,-0.0817863419651985,-0.0934816002845764,0.0934835374355316,0.0931605622172355,-0.0934836044907569,-0.093414768576622,-0.058538019657135,-0.0931355431675911,0.093454323709011,0.093468464910984,0.0924964398145675,-0.0903652310371398,0.0934835523366928,-0.0155065571889281,-0.0934836044907569,-0.0929643288254737,0.0934836044907569,-0.0917003825306892,-0.0510580725967884,-0.093455858528614,0.0928869172930717,0.0934037119150161,-0.0879133939743042,0.0934760421514511,-0.0930638536810875,-0.0923589766025543,0.0934836044907569,0.0891018658876419,-0.0934835970401763,-0.0934674516320228,0.0934560820460319,-0.0021019103005528,-0.0934836044907569,-0.0863705202937126,-0.0933726355433464,-0.0934836044907569,-0.0927307829260826,0.0943168401718139,-0.0943325385451316,-0.0931306481361389,-0.0865327566862106,0.094130054116249,-0.0943325385451316,0.0943261384963989,0.0367764383554458,0.0943296700716018,0.0943324789404869,-0.0943325385451316,-0.0943281427025795,-0.0943325385451316,-0.0943325385451316,-0.0943325385451316,-0.0726662948727607,0.094332531094551,-0.0943102240562439,-0.0942820608615875,-0.0866214260458946,-0.0943325385451316,-0.0862827748060226,-0.0943324416875839,-0.0942351371049881,-0.0937858745455741,0.051213689148426,-0.0942327901721,0.0906383320689201,-0.094332531094551,-0.0792122036218643,-0.0942916274070739,0.0416759848594665,0.0942878201603889,-0.0943325385451316,0.0644087716937065,-0.0913402214646339,0.0943323969841003,0.0933121368288993,0.0943244695663452,-0.0943325385451316,-0.0943324416875839,0.0943324118852615,-0.0943033471703529,0.0943298637866973,-0.0943323671817779,0.0191185865551233,0.0943320095539093,-0.0943324267864227,-0.0802986249327659,0.0940374657511711,-0.0943323448300361,0.0943280234932899,0.0942546352744102,-0.0943320021033287,-0.0938398838043212,0.0943267121911048,0.0576311834156513,-0.0943319797515869,0.0682180523872375,0.0871699452400207,-0.0943303778767585,0.0913899540901184,0.0942133739590644,0.0943258255720138,0.0943065360188484,0.0943321213126182,-0.0527141913771629,0.0780851691961288,0.0814588591456413,0.0940552949905395,0.0943041518330574,-0.0943325385451316,0.0940814837813377,0.0943325385451316,-0.0943324342370033,-0.0943325385451316,0.0687199085950851,0.0942851454019546,0.0766294971108436,0.0943324416875839,-0.0942761451005935,-0.0873052179813385,-0.0297676026821136,0.094186820089817,0.0929345563054084,0.0943325385451316,0.0943325385451316,0.0940178856253624,0.0943318605422973,0.094332531094551,0.0935417264699935,0.0943291112780571,0.0207671765238046,-0.0938918590545654,-0.093514896929264,0.0938494876027107,0.0943257138133049,0.0936773344874382,0.0943311974406242,-0.0932484790682792,-0.0943323224782943,-0.07100310921669,0.0633994042873382,0.0943242087960243,0.094332531094551,0.0609302707016468,0.093742661178112,-0.094326339662075,-0.0943229049444198,0.0936554446816444,-0.0757422968745231,0.015963427722454,-0.0943319573998451,-0.0093821762129664,0.0943325385451316,-0.0928475856781005,0.0942960530519485,0.0941736549139022,0.0773540213704109,-0.0943324789404869,-0.0943325385451316,0.0942994505167007,0.0943325385451316,-0.094173826277256,-0.0925214663147926,-0.0943231284618377,0.0815049856901168,-0.0943320617079734,-0.1081299558281898,0.1233656257390976,0.0617522299289703,-0.0913048982620239,-0.0973448082804679,0.1453037559986114,-0.1255333870649337,0.0185612495988607,-0.0040418002754449,-0.0246961116790771,0.1449022591114044,-0.0187215488404035,0.1101500615477562,0.0832600444555282,-0.0871029794216156,0.0499179176986217,0.0843435972929,-0.1034824773669242,-0.1014828234910965,0.0261806230992078,-0.0934672728180885,0.0202203560620546,0.0333825647830963,0.1495390683412552,-0.0608636140823364,-0.1303151547908783,-0.1327956318855285,-0.0678304359316825,-0.0511778034269809,-0.1163172796368599,-0.0444113537669181,0.069828376173973,0.0301711317151784,-0.042515255510807,-0.0074239089153707,0.1167648211121559,0.1272492706775665,-0.115724965929985,-0.0712596699595451,0.1511686444282531,-0.0882795304059982,-0.051873430609703,0.0290433019399642,0.0761533603072166,0.0697792023420333,-0.0651820823550224,0.027455948293209,0.066160038113594,0.1156112402677536,0.0509448125958442,-0.031562328338623,0.0564252510666847,0.1139487102627754,0.0885415747761726,-0.0709568038582801,0.1267991811037063,0.1032991856336593,0.1048345789313316,0.0146580664440989,0.1335044801235199,-0.1100260466337204,0.1042984127998352,0.083680622279644,0.1173495352268219,0.0285708475857973,0.1182834133505821,-0.1164781227707862,0.1278875321149826,-0.0840582475066185,0.015167724341154,0.0641002431511879,0.0446717739105224,-0.1289742887020111,-0.0226978231221437,-0.088184006512165,-0.0217950269579887,-0.1223296299576759,-0.0679916664958,-0.0841508135199546,0.0749235153198242,0.0721716880798339,0.060196466743946,0.018981022760272,-0.0986043438315391,-0.1328215301036834,-0.1396670937538147,0.0852810516953468,0.1481611877679824,-0.0096862763166427,0.1200798898935318,0.1309204250574112,-0.075071670114994,0.0997638404369354,-0.0290484186261892,0.0027270598802715,0.0579266250133514,-0.0065568760037422,0.0437249168753623,0.0084282038733363,-0.132538840174675,-0.0621089302003383,-0.0004376822325866,0.1240397915244102,0.0985071063041687,0.1182369142770767,-0.0391618497669696,-0.0850889831781387,-0.027541384100914,0.1285535991191864,0.0741215050220489,-0.0988324806094169,-0.0222888421267271,0.1058067977428436,-0.0897650942206382,-0.0115699544548988,-0.1053699254989624,-0.0666835457086563,0.0208351388573646,-0.0681134760379791,0.0037741712294518,-0.1372853815555572,0.1325856894254684,-0.0477123856544494,0.1072109714150428,0.1051418855786323,-0.1322908997535705,-0.0188436210155487,-0.0945051908493042,-0.0993513613939285,0.0762119144201278,0.1152288094162941,-0.0453968718647956,0.0737944766879081,0.0710717663168907,0.1133736670017242,0.0896278172731399,0.111370749771595,-0.0925379768013954,-0.1067779436707496,-0.1071237698197364,0.1156373918056488,0.0951872617006301,-0.1115131303668022,-0.1067989468574523,0.1109573915600776,-0.0455419495701789,-0.1147427037358284,-0.1140983998775482,-0.0903929471969604,-0.1155483648180961,-0.1153264418244361,-0.0597008429467678,-0.1150683611631393,0.1054444313049316,-0.115080289542675,0.1118846908211708,-0.1153205931186676,0.0583665035665035,-0.0992749705910682,0.102173812687397,0.0941693484783172,-0.0733415856957435,0.1154662743210792,0.0688070505857467,-0.0982049256563186,0.1145179197192192,-0.0747298896312713,0.1125244200229644,0.0800084993243217,0.1126529946923255,-0.0987368002533912,0.0747015997767448,0.0394049510359764,-0.0586531907320022,-0.0507757999002933,0.1087633371353149,0.0383091792464256,-0.1154170483350753,0.0382351875305175,0.1155571863055229,0.1001878976821899,-0.109030857682228,0.1144101992249488,0.007146400399506,-0.0966519489884376,-0.1052390933036804,-0.0106770219281315,-0.0759145244956016,-0.0817761719226837,0.0537680052220821,0.0425822623074054,0.1056782603263855,0.0687208995223045,-0.0872550085186958,-0.1141611859202385,0.097303107380867,-0.1134668365120887,0.1154212430119514,-0.1156079322099685,-0.0011143772862851,0.0590708777308464,0.0091491928324103,0.0491703525185585,-0.1122519075870513,0.0386891737580299,-0.0110732419416308,0.1031865179538726,0.0336218886077404,-0.1150791645050048,-0.0265003442764282,0.086171768605709,-0.0912378430366516,0.0018194410949945,-0.0829651802778244,-0.0197577532380819,-0.1091943532228469,0.0943595021963119,0.1115280762314796,-0.0743246078491211,-0.1125195696949958,-0.1129711046814918,0.0080419015139341,-0.0114125190302729,0.027632500976324,0.1086184084415435,-0.1139791160821914,-0.0008443554397672,0.0025680682156234,-0.0192737411707639,0.0939469188451767,0.0779243633151054,-0.1096324324607849,-0.106562539935112,-0.0513886511325836,0.1155840158462524,0.1106495261192321,-0.0474475361406803,-0.0203505419194698,-0.1153236776590347,0.0840271040797233,0.0001420051266904,0.0342607051134109,0.0882977321743965,-0.0006198228802531,0.1148304045200347,-0.1151721999049186,0.0010742436861619,0.0319534726440906,-0.0098178153857588,0.114176906645298,-0.1115779355168342,-0.1153482869267463,-0.1116873398423194,0.0968180894851684,0.0938992798328399,-0.107240580022335,0.07497139275074,0.1107132881879806,0.0381150394678115,0.1044642105698585,0.0397737361490726,0.1115574315190315,0.1113852560520172,-0.0033663276117295,-0.0076736640185117,0.0971968099474906,0.1017728224396705,0.0868501961231231,-0.1027284413576126,0.0881479755043983,-0.0982216075062751,-0.0142923602834343,0.1110873594880104,-0.0711464658379554,0.0692731440067291,-0.1111730560660362,0.025878706946969,0.0089404685422778,-0.1054076328873634,-0.0465590730309486,-0.105389580130577,0.0894208997488021,-0.0462058670818805,0.0216237232089042,-0.109643168747425,-0.0571431592106819,0.1115293428301811,-0.0633676722645759,0.035563625395298,0.0793368369340896,-0.0861784443259239,0.023304158821702,0.0956580191850662,-0.0796253308653831,0.079260878264904,-0.1115194335579872,0.0565517581999301,-0.1107385978102684,0.1011613607406616,-0.0556031353771686,0.0873585045337677,-0.1100395321846008,0.1115663945674896,0.096288152039051,0.0485660918056964,-0.1115219146013259,-0.1087673977017402,0.1100241839885711,-0.05919174477458,0.0306281577795743,0.1115155518054962,-0.1115659475326538,-0.10225660353899,-0.0960009768605232,-0.111557051539421,-0.0613904558122158,-0.0086254999041557,-0.1114429607987403,-0.1113868653774261,-0.0516406223177909,0.0891625434160232,-0.0105854654684662,-0.1017042770981788,-0.0430282838642597,-0.0747333541512489,-0.1115326806902885,-0.0648940950632095,-0.1085911318659782,0.1108903735876083,0.0358584150671958,-0.1114726141095161,-0.110021598637104,-0.1046094894409179,0.0232909489423036,0.1066173762083053,0.0401321165263652,-0.1110125333070755,-0.1107096597552299,-0.0973987504839897,-0.0749082341790199,0.0027290685102343,0.111518882215023,-0.1042998284101486,-0.1045657396316528,0.0993100330233573,-0.0992264449596405,0.1115676388144493,-0.016591016203165,-0.0800826027989387,-0.0219362489879131,-0.1114264652132988,0.0991752818226814,-0.111423835158348,-0.0954659283161163,0.1058182045817375,-0.0233135186135768,-0.1109802648425102,0.1115769743919372,-0.0772207677364349,-0.0813967883586883,-0.1109985187649726,0.1113163232803344,-0.0717731937766075,-0.1022126004099845,0.1109198033809661,0.0686493664979934,0.1047888919711113,-0.1102259084582328,0.085488736629486,0.0716230794787406,0.1042525693774223,-0.0894667133688926,-0.1047265380620956,0.0978268161416053,-0.0474813729524612,-0.1115632206201553,0.0864526405930519,0.1108003109693527,0.1115797907114029,0.0521240308880806,0.0442986600100994,-0.1045630127191543,-0.0662512853741645,-0.1095123961567878,RLWHYLRJFAHRSF-UHFFFAOYSA-N,CSc1nc2ccc(NC(=O)c3ccc([N+](=O)[O-])o3)cc2s1
-0.0240119900554418,-0.1014738902449607,0.1012862473726272,0.1014739871025085,0.0972965210676193,0.1005467325448989,-0.0878047719597816,-0.0535038523375988,0.0815564543008804,-0.0892806947231292,0.1014635264873504,-0.0520908720791339,0.0098183834925293,0.1014509797096252,-0.1006221771240234,0.0973314717411995,0.1004620864987373,-0.0995971336960792,0.1013664305210113,0.1014740094542503,0.1004976034164428,-0.0748932734131813,-0.1014709025621414,0.1014139801263809,-0.1001239642500877,0.101206749677658,-0.1014733761548996,-0.09810122102499,-0.1006403863430023,0.1005379632115364,0.0562776923179626,0.0957251638174057,-0.0874706357717514,-0.0475121475756168,0.0646962597966194,-0.1006009951233863,-0.097523532807827,0.0953571572899818,0.0938687399029731,-0.1014454811811447,0.1014729365706443,-0.0899688452482223,-0.0186735652387142,-0.1011818647384643,0.1014392226934433,-0.0604841671884059,-0.0335517041385173,0.1014734283089637,0.0894711166620254,0.0395467653870582,0.100430704653263,0.1014450639486312,-0.1013920158147811,0.101473830640316,0.0056108124554157,0.0835610032081604,-0.1014418751001358,0.0966842323541641,-0.0984575450420379,0.1013775393366813,0.1009711623191833,-0.0108764329925179,-0.0918576493859291,0.095582976937294,-0.0514834225177764,-0.0919290855526924,-0.1006010249257087,0.0933714136481285,0.1014380678534507,0.0991159901022911,-0.1010258272290229,0.0882496759295463,0.1006105318665504,-0.0995664447546005,-0.1012400388717651,-0.0964471474289894,0.0898810848593711,0.1011748611927032,-0.1014602482318878,0.0967637374997139,-0.0935603380203247,-0.1014482900500297,0.0566986352205276,-0.0931795313954353,-0.101470872759819,0.0990815386176109,-0.0620380789041519,0.1007555797696113,-0.1002693772315979,0.0962210595607757,0.1012581661343574,-0.1000719219446182,0.1013687998056411,-0.0838227197527885,0.0316072963178157,-0.0592497885227203,-0.0881637781858444,-0.100933164358139,-0.1013693064451217,0.1012171879410743,-0.098037876188755,0.0347005240619182,-0.1014711633324623,0.0792464837431907,0.0752921253442764,0.1014726087450981,0.0506482161581516,-0.0447086915373802,0.1014730259776115,-0.049747496843338,0.1014723107218742,-0.0019010707037523,-0.1011117026209831,-0.1014738902449607,0.0418456643819808,-0.0883217081427574,-0.046349611133337,0.0580168329179286,-0.099426619708538,-0.098176509141922,-0.100871056318283,0.0609831362962722,0.0803121477365493,-0.0250190794467926,-0.0474471598863601,-0.1005960926413536,0.098465010523796,-0.1009617075324058,-0.0754156932234764,-0.0988730117678642,0.0884082093834877,0.0270580779761075,-0.1056729704141616,-0.0976486653089523,-0.0328686200082302,0.0162807591259479,-0.1056896969676017,-0.1057073399424552,0.1055883914232254,0.1025118082761764,-0.0317415557801723,0.0164340510964393,-0.1057151332497596,-0.0903381332755088,0.105451799929142,-0.1048533022403717,0.0378157757222652,-0.1047863811254501,0.0098961377516388,0.0154912294819951,0.1055733487010002,0.0862750336527824,-0.0859347805380821,0.0611089169979095,0.1048575267195701,0.1057148277759552,0.061795923858881,-0.104653351008892,0.1057090461254119,-0.1055109649896621,-0.1052818968892097,-0.1056822761893272,0.1056709438562393,-0.0245905946940183,0.0316691026091575,0.0495547614991664,0.0363553389906883,-0.1052298843860626,-0.1057148277759552,-0.1056515276432037,-0.0505149066448211,0.1055983081459999,0.1036971807479858,0.0537655837833881,0.1057131141424179,0.0988125801086425,0.0581450387835502,-0.1052226126194,0.0126033658161759,-0.1037639826536178,0.0875685065984726,-0.1055680736899375,-0.1055549830198288,0.1055317744612693,0.1029868423938751,0.1055944338440895,0.1055378168821334,0.1021954119205474,-0.0191808138042688,-0.0773912817239761,-0.1030135229229927,0.1015155836939811,-0.1041999012231826,0.0439146347343921,-0.0914606228470802,-0.1057151108980178,0.1050968691706657,-0.1055440679192543,-0.0962618067860603,0.0365594625473022,0.0979238450527191,-0.1048273667693138,-0.1021977588534355,-0.0026915383059531,-0.0540070086717605,-0.0642027556896209,0.1024121940135955,-0.0681450217962265,-0.0970392450690269,0.1056920886039733,-0.1054440736770629,0.1035334020853042,-0.0838171988725662,0.035865418612957,-0.1020142957568168,0.0645553395152092,-0.0909481048583984,-0.0398844294250011,-0.1051581054925918,-0.0164702422916889,-0.0521118491888046,0.1030778214335441,-0.077775590121746,-0.105372205376625,-0.1057099923491478,0.0639392882585525,-0.1055400595068931,-0.1044607609510421,0.07242052257061,-0.0339831449091434,-0.105705976486206,0.0984799042344093,0.048747532069683,-0.0817620456218719,-0.1015748456120491,0.0956775546073913,0.1039671674370765,0.09779042750597,-0.1049675717949867,0.1029731184244155,-0.1039998233318328,0.1039285957813263,0.0973445922136306,0.1046195924282074,0.1056958734989166,0.1057043373584747,-0.0659098699688911,0.0946801602840423,-0.1054325252771377,0.0957797765731811,0.0973653644323349,-0.0798384025692939,-0.0822649896144867,0.0568813942372798,-0.1057149171829223,0.0498346015810966,0.0951839089393615,0.0951790511608123,0.0868700891733169,-0.0952160954475402,-0.0952132120728492,-0.0952184423804283,-0.0952015742659568,-0.0952031388878822,-0.0951951965689659,-0.0497581176459789,-0.0880300924181938,-0.0783860012888908,0.0387751571834087,-0.0951730161905288,-0.0923933088779449,-0.0016949240816757,-0.0952158346772193,0.0425448454916477,-0.0950892120599746,0.0951811522245407,-0.0952184572815895,-0.0952184200286865,-0.0927615985274314,-0.0943048670887947,0.0952184572815895,0.0945625007152557,0.095216304063797,-0.0952184274792671,-0.0891901478171348,0.0951701030135154,0.0915244445204734,-0.0848404169082641,-0.0936672836542129,-0.0952179506421089,-0.0951506793498992,-0.095210887491703,-0.0890548750758171,0.0934662297368049,-0.089355431497097,0.0920620933175087,0.0937442779541015,-0.0895006880164146,0.0946040898561477,0.0939110666513443,-0.078772559762001,-0.0923881605267524,-0.0948562175035476,-0.0940629839897155,-0.0927066877484321,0.0875579342246055,0.0952184200286865,0.0952179059386253,-0.0949525758624076,-0.0952184274792671,0.0952184647321701,-0.0952184572815895,0.0952184647321701,-0.095218226313591,0.0941296070814132,-0.0935077741742134,0.0500106737017631,-0.0951854512095451,-0.0747142285108566,-0.0948136523365974,0.0936752408742904,0.0952184498310089,-0.0160914231091737,-0.080292709171772,0.0242141466587781,0.0952012538909912,-0.0952184498310089,-0.0951933562755584,0.0952106714248657,0.0952184647321701,0.09480881690979,-0.0939714834094047,-0.0952184572815895,0.0952025726437568,-0.0580457262694835,-0.094547115266323,-0.0936176553368568,0.0951515659689903,-0.0837527737021446,0.0944280326366424,0.0930203199386596,-0.0233283024281263,0.0663194358348846,0.0799169093370437,-0.0597502514719963,0.0952177569270134,0.0942865088582038,0.0950455963611602,-0.0952173918485641,-0.0952181220054626,0.0952182039618492,0.095193512737751,-0.0520843788981437,-0.0475093200802803,0.0946381017565727,-0.0950308516621589,-0.0930970534682273,0.0950629711151123,-0.0912448093295097,-0.0917187929153442,0.0934506431221962,0.0952184498310089,-0.0952081829309463,-0.0951894745230674,-0.0952183306217193,0.0945121794939041,0.094343826174736,-0.0947536081075668,0.0517009049654006,0.0949824526906013,0.0938275307416915,0.0552146919071674,-0.095211461186409,0.0952112153172493,0.0951049178838729,0.0522211007773876,-0.0032614835072308,-0.0951200574636459,0.0798892527818679,-0.0951489806175232,-0.0952169075608253,0.0950181037187576,0.0951787382364273,0.0940954908728599,-0.1164838448166847,-0.0947011038661003,0.1009793281555175,-0.0715763196349144,0.1068271324038505,-0.0740983113646507,-0.0835801661014556,-0.0286520216614007,0.101275123655796,-0.0141104664653539,-0.0837901905179023,0.0907235369086265,-0.0298581458628177,0.0518930368125438,-0.105300985276699,-0.1211351603269577,0.0931740328669548,0.0862659439444542,0.0342717207968235,-0.1004691496491432,-0.0942191407084465,0.1124571040272712,0.1103484481573104,-0.0482754595577716,-0.0991077646613121,0.1172714009881019,0.1209598556160926,-0.0448410622775554,0.0065748216584324,-0.1210048198699951,-0.0362038649618625,0.0006278549553826,0.0154136754572391,0.1068847328424453,0.1209999248385429,-0.0566813871264457,0.1077416539192199,0.1180476918816566,-0.0186227895319461,0.110989786684513,0.0557709746062755,0.1173852160573005,0.0879190191626548,-0.0916993916034698,-0.0496525093913078,-0.108490951359272,-0.0420850850641727,0.0397206619381904,0.0248657613992691,0.0267105419188737,0.0493479296565055,0.1095638126134872,-0.117523193359375,-0.1151900961995124,-0.066376581788063,-0.100063107907772,0.1195173636078834,0.101806566119194,-0.0598433390259742,-0.0856444016098976,0.0649926140904426,-0.1107809394598007,-0.0388412065804004,-0.1190229058265686,0.0297796204686164,-0.1078414097428321,0.0783339217305183,-0.1212192401289939,0.039411325007677,-0.0178093314170837,-0.0534306243062019,-0.0514937713742256,0.0937209874391555,0.0948967784643173,-0.0505642965435981,-0.0496266186237335,0.1204506456851959,-0.1082097738981247,-0.1211273819208145,0.1165325939655304,0.1159877032041549,0.1211710348725318,-0.0864507853984832,0.0212631430476903,0.0769491121172905,-0.0432966575026512,-0.1201186925172805,0.0956870689988136,-0.0537796393036842,-0.1208938732743263,-0.109477512538433,0.0785983502864837,-0.1105127334594726,-0.1155335158109664,0.1093924641609191,0.0440523102879524,-0.046249434351921,0.1113428995013237,0.0023320666514337,0.0042817560024559,0.1138009279966354,-0.0979975014925003,-0.082209512591362,-0.1154565140604972,-0.117859236896038,0.0449867807328701,0.0898368209600448,0.1173250004649162,-0.1086657494306564,-0.1178636103868484,0.0857118219137191,0.0771970152854919,-0.1075184643268585,0.1060947626829147,-0.0805716216564178,-0.0949850901961326,-0.0868721380829811,0.1074142903089523,-0.0115074403584003,-0.1196062788367271,-0.0599685683846473,-0.0710537061095237,0.0986058264970779,-0.0544954724609851,0.1031977608799934,-0.0150910886004567,0.1162977367639541,-0.0852317810058593,-0.141895979642868,0.1095593273639679,-0.081607200205326,-0.1075003147125244,-0.1125337406992912,0.0729437470436096,0.1427697539329528,-0.0843017324805259,0.1070102080702781,-0.0211535803973674,0.1101395636796951,-0.0269942190498113,0.0490025132894516,0.0608534663915634,0.0317967012524604,-0.1158580631017685,-0.0563573390245437,0.1204097792506218,0.0927407070994377,0.0430175475776195,-0.0355701260268688,0.1204857379198074,-0.1245639249682426,0.1177587509155273,-0.0974321216344833,0.1306896805763244,-0.1183001324534416,-0.0062632532790303,-0.1351769417524337,-0.0160488933324813,-0.096431091427803,-0.0167844723910093,-0.0479776710271835,-0.0449538119137287,-0.0059733195230364,-0.1518338471651077,0.0964671149849891,-0.1237734705209732,0.0633921027183532,-0.0088952118530869,0.0416086018085479,-0.1209124401211738,0.1023959815502166,-0.0937899276614189,-0.0393747501075267,0.0459735132753849,-0.0070233880542218,-0.1335718184709549,0.1381852477788925,-0.0357310064136981,0.102886863052845,0.011531607247889,-0.0817446857690811,0.0954437851905822,0.0446539260447025,-0.0963575392961502,-0.1075272634625434,0.1260767877101898,-0.0060668187215924,0.0919399783015251,0.1160192415118217,-0.1257820129394531,-0.0662231370806694,0.1295632570981979,-0.1130174472928047,0.0063411761075258,0.1114104390144348,0.0682005286216735,0.1010130271315574,-0.0774134472012519,0.1040672585368156,-0.0178742669522762,-0.1314056813716888,0.0040419204160571,0.1508245915174484,-0.0528163090348243,0.042988259345293,0.034949816763401,-0.0519792884588241,0.0435086823999881,0.037159040570259,0.0821569040417671,-0.0742958113551139,0.083317257463932,-0.113579548895359,-0.1409365832805633,0.0719402655959129,0.1122108399868011,0.0075228018686175,0.0604072287678718,0.0849571749567985,-0.0461290813982486,-0.0684072971343994,0.0147151751443743,-0.0106271775439381,-0.0064080106094479,0.0780071094632148,-0.068530298769474,-0.0068701053969562,0.0826411619782447,0.0950376689434051,-0.0613613948225975,-0.0210744310170412,0.1145673170685768,-0.0536292977631092,0.1182858049869537,-0.0914638042449951,0.0470823608338832,0.1161981895565986,0.0601532980799675,-0.1350168734788894,0.0686339735984802,0.1441681683063507,-0.0714566633105278,-0.0454709604382514,0.0325432457029819,0.1544665247201919,-0.1299073696136474,0.0351533815264701,-0.1154647767543792,-0.1227074265480041,-0.1178548783063888,-0.0298380926251411,0.0677181184291839,-0.0845629349350929,0.0477190315723419,-0.1175051182508468,0.092377170920372,-0.0525307059288024,-0.1395340859889984,-0.1004922091960907,-0.0763731971383094,0.1170027032494545,0.0684464126825332,0.0989724695682525,0.0408735275268554,0.1270933896303177,0.0668328702449798,0.1355475932359695,-0.0340553857386112,0.1028010845184326,0.0103714950382709,-0.1163746118545532,0.1264658719301223,-0.1254265755414962,-0.1334992796182632,0.0183571130037307,-0.0586806237697601,0.0292993318289518,-0.0452155508100986,-0.008806156925857,0.1201622709631919,-0.0506658181548118,0.1415643393993377,-0.1403510868549347,-0.0977254882454872,0.0219766125082969,0.120990864932537,-0.0237643998116254,0.1352791339159011,-0.1220795363187789,0.0479495413601398,-0.1230925172567367,-0.0982870906591415,-0.001133736455813,0.0294237434864044,0.094416044652462,0.10713642090559,0.0609789788722991,0.1366021335124969,-0.1424677520990371,0.0086597250774502,0.0534516349434852,-0.0445825830101966,-0.0116727193817496,-0.0150363892316818,-0.1201541274785995,0.0300787575542926,-0.0296767204999923,-0.0005128991324454,0.0211227089166641,-0.1484398245811462,0.0149243269115686,0.1183749437332153,0.0729431435465812,-0.0084529593586921,0.1341990530490875,-0.1122477725148201,-0.0896793976426124,-0.0943858623504638,0.0743276476860046,-0.1353473961353302,-0.045893557369709,0.0932743325829505,0.0644547417759895,0.0169248208403587,0.0090109128504991,0.0149526372551918,-0.0251456536352634,-0.14592245221138,-0.1476721912622451,-0.101437784731388,0.0446205548942089,-0.0922956615686416,-0.1450720727443695,0.1274587959051132,0.0423386134207248,0.059389840811491,0.0216017812490463,-0.1289836764335632,0.0649087578058242,-0.01434887945652,0.1114126369357109,0.1254579275846481,-0.0830092951655387,0.0252552684396505,-0.1464112251996994,-0.1503156870603561,-0.1571435779333114,0.1077219247817993,0.0260859057307243,0.0828328803181648,-0.0114539247006177,-0.0702418014407157,0.0439680851995945,-0.0850688442587852,0.1232585236430168,-0.0193790104240179,0.110258974134922,0.0875081792473793,0.1181001737713813,0.1199851781129837,-0.0341848880052566,-0.06075119972229,-0.0920360013842582,-0.037326268851757,-0.0104736955836415,-0.137996107339859,-0.0641452893614769,-0.0411930084228515,0.0495399683713912,0.0854841321706771,0.0435802713036537,0.0011010402813553,0.1014610007405281,-0.1388571709394455,0.0372242517769336,0.1331175416707992,-0.1179746240377426,-0.0421590209007263,-0.0345329828560352,0.0140857324004173,-0.0709511190652847,-0.012946531176567,-0.0279832016676664,0.03517372533679,YULUCECVQOCQFQ-UHFFFAOYSA-N,NCC(=O)Nc1ccc(-n2nc(C(F)(F)F)cc2-c2ccc3c(ccc4ccccc43)c2)cc1
0.1072698086500167,-0.1121458038687706,0.1118890047073364,0.113908901810646,-0.0755359604954719,0.1034920960664749,-0.0067134909331798,-0.1102389320731163,0.0517464391887187,-0.0020609663333743,-0.0370648428797721,0.0828805193305015,-0.081750139594078,0.112166129052639,-0.112105555832386,0.0891090035438537,0.0923198089003562,-0.1121253296732902,-0.0968419462442398,0.1117389574646949,0.0201794020831584,-0.0023839632049202,-0.0130627145990729,-0.1024267747998237,-0.1047306358814239,0.009533217176795,-0.0450981482863426,-0.0725886896252632,-0.1054471060633659,-0.032808568328619,-0.1037394180893898,0.0909113958477974,0.0730739086866378,-0.1138946861028671,0.079023852944374,-0.1123329922556877,0.0740453973412513,0.1052793711423873,0.0924843773245811,-0.0953635200858116,-0.1063498854637146,-0.0821146070957183,-0.1015688553452491,-0.0396482199430465,0.0116079775616526,-0.1099565178155899,-0.1040801331400871,0.1112797632813453,-0.109195165336132,-0.1025215461850166,0.0733874067664146,0.1121212914586067,-0.0867388993501663,-0.0430918745696544,0.0076562892645597,0.0153027428314089,0.0243400447070598,0.0933857336640358,-0.1089419275522232,0.1129837557673454,-0.1138607561588287,0.0280024744570255,-0.0803044587373733,-0.0309575106948614,0.0883931443095207,0.0353069677948951,-0.1103224381804466,0.1134926527738571,0.1123871430754661,0.1087388545274734,-0.1037375107407569,0.1139051094651222,0.1050229370594024,-0.1012700051069259,-0.0699015334248542,-0.1137469112873077,0.0226409751921892,-0.1106441244482994,-0.1139102652668953,0.0075143733993172,-0.0549468658864498,-0.1094121783971786,0.1119199842214584,0.0757207795977592,-0.1133241206407547,0.1115204766392707,-0.0555278845131397,0.113113023340702,-0.0277283042669296,0.0296311005949974,-0.1068221777677536,-0.1117981374263763,0.0959635227918624,0.0577197819948196,-0.1119869276881218,0.0059409588575363,-0.111979991197586,-0.0877870544791221,-0.097432442009449,0.0316020473837852,0.0717413946986198,0.1117479056119918,-0.1136149019002914,0.0301133766770362,0.1022157296538353,0.1050760298967361,-0.0334532670676708,-0.0992240831255912,0.0939420536160469,-0.1120315715670585,0.0298262387514114,0.0847634673118591,-0.1110165044665336,-0.091113731265068,-0.0861440151929855,-0.0901065096259117,0.1078607216477394,0.0498021803796291,0.0315133705735206,-0.1047017201781272,-0.1088028103113174,-0.0936592891812324,0.0891051962971687,0.1118546724319458,0.1125262454152107,0.0092905880883336,-0.0194424036890268,-0.1129539683461189,-0.100192405283451,-0.1036103069782257,-0.1036110892891883,-0.0304971206933259,0.062337726354599,-0.0002883720153477,-0.0446259081363678,-0.0308345444500446,0.0673272237181663,-0.1031687930226326,0.1025912836194038,0.0656521469354629,-0.1007924973964691,0.0971131026744842,-0.0999179631471633,0.1000679954886436,-0.0893775001168251,-0.1003006100654602,-0.1034963876008987,-0.1033587902784347,0.1030191257596015,-0.0929117873311042,0.0361254699528217,-0.0942942723631858,0.0977451130747795,0.1001336574554443,0.1033408939838409,0.0455855652689933,-0.1036000922322273,0.1004585549235344,0.0321558602154254,-0.0940600931644439,0.1013181954622268,-0.103611446917057,0.0653119757771492,0.1032578945159912,-0.066517524421215,-0.1033255904912948,0.0740396901965141,0.097650796175003,0.0348996855318546,-0.0466703884303569,0.0958142355084419,-0.1036096811294555,-0.1036114916205406,-0.072297379374504,-0.1030869707465171,-0.0858857780694961,-0.1036111935973167,0.0566328763961792,0.1024884060025215,-0.103608027100563,0.103560023009777,-0.0980159267783165,0.0741948559880256,0.1028641313314437,0.0760795474052429,-0.1017076224088668,0.102988377213478,0.0780961290001869,-0.1001247614622116,-0.1035692915320396,-0.0971585735678672,-0.1036102250218391,0.1035866439342498,0.0833663642406463,0.1026195585727691,-0.0901423841714859,-0.0998627245426178,-0.0960912704467773,0.1027444303035736,-0.1004783064126968,0.1025080382823944,0.0949143469333648,0.1034059524536132,0.1016994342207908,0.0803879871964454,0.0997140407562255,0.1030601635575294,-0.0797355622053146,-0.0618542097508907,0.0998748391866684,0.093115858733654,0.0525646656751632,-0.1019710898399353,0.0330111160874366,-0.0711684897541999,0.1034156531095504,0.0020607835613191,-0.1026820242404937,-0.012281097471714,-0.1033996641635894,0.1019369289278984,0.0753084346652031,0.053345650434494,0.0561234392225742,-0.1033908724784851,0.1032089069485664,-0.0737713202834129,-0.0999670699238777,0.0708429664373397,0.036503966897726,-0.0436374805867672,0.1035999953746795,-0.1020954176783561,-0.0034562507644295,-0.1031857132911682,0.0874046608805656,0.1031984239816665,-0.0422054380178451,0.0246166717261075,-0.1011381894350051,0.1034744903445243,0.0961183235049247,-0.0523960441350936,-0.1035611405968666,-0.0980588421225547,-0.0555634796619415,0.1023275628685951,-0.1020813509821891,0.0891160815954208,0.1031819358468055,-0.100694753229618,-0.1036098450422287,0.1036021336913108,-0.0738931000232696,0.0577405877411365,-0.1034417077898979,0.0993191301822662,0.0947146639227867,0.100069873034954,0.0885413065552711,-0.0403887592256069,-0.1012954711914062,-0.0763527229428291,-0.1005708053708076,-0.0893564447760582,-0.0431318618357181,-0.0867188051342964,-0.0355885028839111,-0.1012949645519256,-0.1009538173675537,-0.0433762185275554,-0.0884587615728378,0.0974541530013084,0.0667159855365753,-0.100023329257965,0.1010724306106567,-0.1012952327728271,-0.0831578820943832,-0.0979503542184829,-0.0872608795762062,0.1000258326530456,0.0749347433447837,0.1012786775827407,0.0185602698475122,-0.1003612577915191,0.0493335425853729,-0.0817901119589805,-0.097072534263134,0.0980329141020774,-0.1012840196490287,0.073999784886837,-0.0954531878232956,0.0761664509773254,-0.0602699257433414,0.0717415064573288,-0.0268436223268508,0.1007685512304306,0.1005003452301025,0.1010274738073349,-0.0633177384734153,-0.0683586522936821,0.1009297221899032,-0.0988620519638061,-0.0885547995567321,-0.1011622250080108,-0.0642906874418258,0.0986061841249466,0.1012841314077377,-0.0927418619394302,-0.1011857017874717,0.1012282595038414,-0.1012739688158035,0.1000509113073349,-0.1010469943284988,0.0396719947457313,-0.0789720192551612,0.0987556800246238,-0.1011747494339943,0.0949332788586616,-0.0999524444341659,0.1009690463542938,0.1011112704873085,-0.099075086414814,-0.0809224396944046,0.1010918766260147,0.0972255319356918,-0.101252980530262,-0.1012508496642112,0.0871128663420677,0.1012785211205482,0.1011923626065254,-0.0977951064705848,-0.1011311709880828,0.1012954637408256,-0.1004727557301521,-0.1012046560645103,-0.0962213948369026,0.1012837365269661,0.098508670926094,-0.088291697204113,-0.0542967543005943,0.0505567975342273,0.0994134321808815,-0.0259940437972545,-0.0994857996702194,-0.0234049893915653,0.0042158006690442,0.1012818664312362,-0.1012926548719406,-0.006808272562921,0.1012935638427734,0.0642522573471069,0.0951384007930755,0.1011730730533599,0.1010738685727119,-0.0666422620415687,-0.1012736931443214,-0.0882813856005668,-0.1012690216302871,-0.1012597605586052,-0.0106276804581284,0.1012954637408256,-0.1011426672339439,-0.0997864156961441,-0.0999912321567535,0.1004374474287033,-0.0296824425458908,-0.0692628324031829,0.0728905126452446,0.101295456290245,0.0821339637041091,-0.1007853224873542,-0.1008475422859191,-0.033528633415699,0.0990353524684906,0.0981206744909286,0.0224600285291671,-0.1012949422001838,0.0909184515476226,-0.1007078289985656,-0.085037887096405,0.1010607481002807,0.1011142954230308,-0.0553571209311485,0.0771813243627548,0.1352449804544448,-0.0549012385308742,0.0763729363679885,0.0344329662621021,0.0898670330643653,-0.1358175426721573,0.035538725554943,-0.0127162374556064,-0.1487639993429184,0.1111413761973381,-0.0907668024301529,0.0629979744553566,0.0849445983767509,0.0041152825579047,-0.0907255932688713,-0.0895269513130188,-0.0493518225848674,0.1734103560447693,0.0954652056097984,-0.0317159034311771,0.0454288944602012,0.0856876969337463,-0.045012529939413,0.1270172446966171,-0.0520578138530254,-0.1580324172973632,0.0517328605055809,-0.0523718260228633,-0.1084038168191909,0.0552446544170379,0.0908545777201652,-0.1650961637496948,0.0531593076884746,0.1410583555698394,-0.1239501386880874,-0.0745537802577018,-0.1236873641610145,0.0218846201896667,0.0958385989069938,0.0382986739277839,-0.0929158553481102,0.0731609091162681,-0.0756579861044883,0.0829774588346481,0.0187340676784515,-0.0621983595192432,0.0713404417037963,0.0780297964811325,-0.0203155949711799,0.0186364650726318,0.0985383093357086,0.0616326853632926,0.0156755819916725,0.0423258133232593,-0.063704989850521,-0.0499014370143413,0.0500296726822853,-0.0220325849950313,0.1149781197309494,0.0080685848370194,-0.0092918099835515,0.1756981462240219,0.0282893255352973,0.0500708296895027,0.0208653472363948,-0.1382817327976226,0.092640072107315,-0.0976984947919845,0.1546159833669662,0.1143829375505447,-0.0076059503480792,-0.1248699873685836,0.0095337256789207,-0.1006062403321266,-0.0796123743057251,0.078761838376522,-0.1700353473424911,-0.1019656434655189,0.0811545848846435,0.1621192246675491,0.1488396674394607,-0.0246216431260108,-0.112202376127243,-0.0404933281242847,-0.0388697572052478,-0.0590637288987636,0.1500497162342071,0.1067238077521324,0.0331417135894298,0.0716456547379493,0.122130237519741,-0.0249908212572336,-0.0099422931671142,0.0518625043332576,-0.0515877231955528,-0.0092413872480392,0.1401968896389007,-0.0462073571979999,-0.1211981624364852,-0.0191749520599842,0.124578833580017,0.1661119759082794,0.0137238353490829,-0.0929524078965187,0.0644438117742538,0.0071813859976828,-0.044452141970396,0.0961189270019531,0.1160407811403274,-0.1205430254340171,0.0685123726725578,0.1501806527376175,0.0257769413292408,0.0098118055611848,-0.0001487531262682,0.1639008074998855,-0.0206521190702915,-0.0868104323744773,-0.0277532339096069,-0.0182299334555864,0.0216386001557111,-0.0655437931418418,-0.1091504544019699,-0.097919188439846,-0.0833279266953468,-0.0922999009490013,-0.046983353793621,-0.0968291833996772,0.0963635668158531,0.1326698064804077,-0.1248978972434997,0.0575024597346782,0.0975047871470451,0.1326296031475067,0.0879345014691352,0.0961772054433822,-0.0614754110574722,-0.0220253374427557,-0.0270820930600166,0.1282927989959716,0.1153238862752914,-0.007662009447813,-0.1041614115238189,0.1245010569691658,-0.1122442111372947,-0.0336211845278739,-0.0891266837716102,-0.1218596473336219,-0.1298083662986755,-0.082535907626152,-0.0101055698469281,-0.1342862248420715,0.1345440596342086,-0.1233892068266868,0.1020826399326324,-0.1352816969156265,0.1105606704950332,-0.005879480857402,0.1326307356357574,0.0801134258508682,-0.0785164535045623,0.0039398311637341,-0.00348931690678,0.0624900758266449,0.059649009257555,0.0171398930251598,0.0293220803141593,0.0332621335983276,0.1283346861600875,-0.1200647950172424,-0.0305663868784904,0.0363025851547718,-0.0210703145712614,0.0028554939199239,0.017812430858612,-0.0817018374800682,-0.0961683765053749,0.1108239814639091,0.1288336813449859,0.1310738325119018,-0.1038260906934738,0.1280348449945449,0.0051195384003221,-0.0554075166583061,-0.0646928995847702,0.0812819302082061,-0.0195731446146965,-0.1122929826378822,0.10124222189188,0.0473463758826255,0.0965056121349334,-0.0732076838612556,-0.0178013108670711,-0.0715484097599983,0.0054815136827528,-0.0701630413532257,0.0741453990340232,-0.1090793311595916,-0.0809867233037948,-0.0427167564630508,0.0194245036691427,0.0365222319960594,-0.1011173501610755,0.0958389341831207,0.0575560890138149,-0.0249853637069463,-0.0429880619049072,-0.0954402983188629,-0.0819154232740402,-0.0413061939179897,0.0034676690120249,-0.0884951427578926,-0.1132374480366706,0.0903142914175987,-0.1180919185280799,0.0520051307976245,0.1349011808633804,-0.0034773824736475,-0.085431583225727,-0.1314747780561447,0.0968064218759536,0.1226111426949501,-0.0581030808389186,0.1264088600873947,-0.0899696499109268,-0.085090085864067,0.076671190559864,0.0139443986117839,-0.0645473450422287,-0.1224745362997055,-0.001533365692012,-0.0031180698424577,0.1280113309621811,0.0818622186779975,0.1254089474678039,-0.0682432055473327,0.0099003324285149,-0.1222411692142486,0.0755981132388114,0.0953795835375785,-0.099187359213829,0.0908705815672874,-0.0052135540172457,0.1334066390991211,-0.1228330135345459,0.0417104847729206,0.0965279340744018,-0.1295418739318847,0.1036509349942207,-0.123079165816307,-0.1152105033397674,-0.0873723402619361,-0.0461317375302314,-0.1134764403104782,-0.0522876754403114,0.0564674623310565,-0.0767385363578796,0.1213811039924621,0.0463411547243595,-0.0675726532936096,0.0741369277238845,0.1465522795915603,0.1408183425664901,-0.0316611677408218,-0.0984055623412132,0.053894355893135,0.0431928522884845,-0.1313948780298233,-0.0443767048418521,-0.0342980474233627,-0.0160182919353246,-0.015367604792118,-0.1059024855494499,-0.1495815366506576,0.0664708167314529,0.0692282915115356,0.1249527782201767,-0.0736187323927879,-0.0900352746248245,0.0689760968089103,0.0597705207765102,0.0846429765224456,0.0752759426832199,-0.1449035406112671,-0.09884824603796,-0.0665734857320785,0.1128621026873588,0.0853620246052742,0.1000128537416458,-0.1199862658977508,0.0594476498663425,0.1458807289600372,0.0450870022177696,0.0608294792473316,-0.0024959354195743,0.0999657660722732,0.0209118369966745,-0.0095316246151924,-0.0709124952554702,-0.0065148286521434,-0.0241076815873384,0.1591527163982391,-0.0622053444385528,-0.1091221794486045,0.0232730470597744,0.0688652545213699,0.1177439168095588,-0.1238966435194015,0.0600860305130481,0.0511730201542377,-0.0691877678036689,-0.1136910393834114,-0.0082720490172505,-0.0371920354664325,0.0305221881717443,0.1278619766235351,0.0865969508886337,-0.0258572287857532,-0.0989467725157737,0.1419917047023773,-0.1073752343654632,0.0601545311510562,0.0036112952511757,0.0582314729690551,0.0388715378940105,-0.1527669131755828,-0.1154041811823844,0.0178117118775844,0.130742460489273,-0.0521876998245716,0.081253096461296,-0.1426913738250732,-0.0918506011366844,-0.1178738921880722,0.1088031008839607,-0.0244459696114063,0.0409907065331935,-0.0695187523961067,-0.0921374633908271,-0.1347197294235229,-0.0207878742367029,0.0762614607810974,0.0446485169231891,-0.08246710896492,0.0544248782098293,0.1448540091514587,0.0219622235745191,-0.118971861898899,-0.0157612711191177,-0.0317228287458419,0.0294871851801872,-0.0311201810836792,-0.0102087119594216,0.0649922415614128,-0.0774327516555786,0.0303385369479656,0.1106866672635078,0.0263427533209323,-0.0989681333303451,-0.0108161820098757,0.1255377382040023,-0.1614442765712738,-0.1077030524611473,0.0770449489355087,-0.1384071856737136,-0.0368979685008525,-0.1559391319751739,0.1418300122022628,-0.0330040827393531,0.1107566803693771,-0.1373578011989593,0.0320580676198005,-0.0480454862117767,0.0164634753018617,-0.0551751665771007,0.047571275383234,0.1166281327605247,0.1317079812288284,-0.0340324118733406,0.1570736467838287,-0.114136204123497,-0.0244258847087621,-0.1098048388957977,BYCCPVSOEDMPLO-UHFFFAOYSA-N,Cc1c(C(C)O)nnn1-c1nonc1N
0.086962416768074,-0.104113720357418,-0.100916638970375,0.1041232123970985,0.1038560345768928,0.1039858311414718,0.0890939310193061,-0.0041541061364114,0.0658153891563415,-0.1040114909410476,0.033400572836399,-0.0998295545578002,-0.1026557981967926,0.0856032073497772,0.1014870256185531,0.0078387977555394,0.1010286211967468,-0.1032862961292266,0.0307995062321424,0.1041224375367164,0.0790274068713188,-0.1025811582803726,-0.1039175540208816,0.0886871218681335,0.0206737350672483,0.1037883311510086,0.0132784768939018,-0.0920257791876792,-0.07569020986557,-0.0467298813164234,0.1035621911287307,-0.0237302407622337,-0.0725659355521202,-0.0978080630302429,-0.104098379611969,0.1023724228143692,0.0998633727431297,0.0434034429490566,-0.0075808204710483,0.0998982638120651,0.0989771112799644,-0.1033315956592559,0.0620796866714954,-0.064685545861721,0.1036206036806106,0.1037368774414062,-0.0974322780966758,0.1041230335831642,-0.1019274666905403,-0.0980491265654563,0.0407632663846015,0.039269782602787,-0.0843759030103683,0.1008425801992416,-0.0991629883646965,-0.0688177570700645,0.0921026095747947,-0.0878187641501426,-0.103971429169178,0.0964334607124328,0.1031003072857856,-0.104119524359703,0.0923956781625747,0.1041053682565689,-0.1036158502101898,0.0286460816860198,0.0066880816593766,0.0478204675018787,0.1034004315733909,-0.0971906036138534,0.104115605354309,-0.0213015750050544,0.078974425792694,0.1040971279144287,0.0977042391896247,0.1026111468672752,-0.1039813980460167,0.1040070652961731,-0.0714099332690239,0.1041102558374404,-0.0352384932339191,-0.1036319360136985,-0.1040482148528099,0.1033204644918441,-0.0893769785761833,0.1005491539835929,0.0490429401397705,0.1037659049034118,-0.0973977074027061,-0.1039527580142021,-0.0871587917208671,-0.0666941329836845,0.1040456816554069,0.1040357202291488,0.1022452041506767,-0.1040889993309974,-0.1041221097111702,0.0107241412624716,-0.0917244777083396,0.1040617600083351,-0.1040065810084343,0.0451466850936412,-0.1040307134389877,-0.1034600734710693,0.1004472002387046,0.0996765419840812,0.1011083200573921,-0.041238360106945,0.1040992364287376,-0.0862778201699256,0.1039984822273254,0.0230978280305862,-0.1016957089304924,-0.104121908545494,-0.08818319439888,-0.1041052937507629,-0.1031213551759719,-0.0437066182494163,0.0812788307666778,-0.1030235961079597,-0.1039999946951866,0.0608983598649501,-0.1016944646835327,-0.0656303390860557,0.0465358346700668,0.1024108082056045,-0.1012299209833145,0.030892914161086,-0.0691224336624145,0.0819736421108245,-0.0368671007454395,-0.1257307678461074,-0.124581329524517,0.0466984882950782,0.0146872904151678,0.1213057860732078,0.0198275707662105,-0.1168699637055397,-0.0935197919607162,0.0989886820316314,-0.1155486851930618,-0.1000076904892921,-0.1253503859043121,0.0491965599358081,0.0516589693725109,-0.1226886287331581,-0.1124109625816345,-0.1208120062947273,-0.0161274783313274,0.1199141815304756,0.0297193229198455,0.0874859914183616,0.0651815086603164,0.0888380631804466,0.0889223515987396,0.0305948555469512,0.0724030509591102,-0.0894211381673812,0.0852462723851203,-0.1208268329501152,0.0464178808033466,0.0761324539780616,0.1061346679925918,-0.0753272995352745,-0.0536139421164989,-0.0936411470174789,-0.0845572277903556,0.1032708287239074,-0.0217945296317338,-0.1083843857049942,0.1260954290628433,-0.1204651892185211,0.1132515892386436,-0.0410999469459056,0.124223880469799,0.1050806865096092,0.1186013296246528,-0.1053576618432998,-0.0946145802736282,0.0305049233138561,0.124848373234272,-0.1249896064400672,0.0465549305081367,-0.1217005923390388,-0.0682957097887992,0.0517895705997943,0.1254170835018158,0.0083972746506333,-0.1023821085691452,0.0789733529090881,0.0692192837595939,0.098024696111679,0.0559221990406513,0.1200572475790977,-0.1202813237905502,-0.1200686991214752,-0.0143873840570449,-0.1263060420751571,-0.0967275649309158,0.0688268020749092,-0.0520492941141128,-0.0889172703027725,0.0090675167739391,-0.0830836072564125,-0.0966616198420524,-0.0902120023965835,0.0692525655031204,-0.0928315967321395,0.0297096502035856,0.030440429225564,0.0745921730995178,0.1242686286568641,-0.0920561179518699,0.1221964359283447,-0.0075800027698278,-0.1115466058254242,0.0272745564579963,-0.0433513931930065,-0.1172225028276443,-0.0899433195590972,-0.0067646717652678,-0.0194062683731317,-0.0474691987037658,-0.0559945032000541,-0.1128467246890068,0.1119065433740615,-0.123241014778614,0.0216772276908159,-0.1119529902935028,-0.1155172735452652,0.0467799380421638,0.0401871688663959,0.1195090115070343,0.1225391551852226,0.1013774871826171,-0.0956775844097137,0.1175611168146133,0.1146859899163246,-0.0008635103586129,-0.0602620542049407,-0.0942247435450553,0.014721087180078,-0.0725102946162223,0.1155243888497352,0.0262467823922634,0.0089880190789699,0.025458700954914,0.1238082945346832,-0.1092686504125595,-0.1048563569784164,-0.0397893041372299,0.121899202466011,-0.0125124091282486,-0.0775960758328437,0.0028749022167176,-0.1040555909276008,0.0331009626388549,0.0986055061221122,0.092251218855381,-0.0970668867230415,-0.0985954850912094,-0.0235527884215116,-0.0986047983169555,-0.098606951534748,-0.097069576382637,0.0544166900217533,-0.095303475856781,0.0982138738036155,0.0953386425971984,0.0986051559448242,-0.0958011299371719,-0.0170447304844856,-0.0982591435313224,0.0642977356910705,-0.0984941869974136,-0.0451167076826095,-0.0985990762710571,-0.0986069962382316,-0.0786382630467414,0.0854644700884819,0.0986069291830062,0.09858438372612,0.0985927879810333,-0.0986008718609809,-0.0903481394052505,-0.0863732546567916,0.0944053381681442,-0.0972264856100082,0.0711210817098617,0.0970854088664054,-0.0985890552401542,0.0110901547595858,-0.0954556092619896,0.098542608320713,-0.0953261405229568,0.0980021655559539,0.0984119623899459,-0.086392730474472,0.0985837280750274,0.0898211672902107,-0.0985503494739532,-0.0953289270401001,-0.0975828543305397,-0.0984470397233963,-0.0984580740332603,0.0413640514016151,0.0986057072877883,0.0985909476876258,0.0979156270623207,-0.09596648812294,0.0986050814390182,-0.0985912606120109,0.0985910519957542,-0.0985202193260192,-0.0984210819005966,-0.0818688198924064,-0.0832375138998031,0.072543978691101,-0.0918996110558509,-0.097841739654541,0.0733387321233749,0.0985743477940559,0.0986018851399421,0.0065025663934648,-0.0986049622297287,0.0985355451703071,-0.0986005514860153,-0.0757232457399368,0.0184036921709775,0.0986030027270317,0.0984285101294517,0.0978827252984047,-0.0985731035470962,-0.0678637027740478,-0.0976838245987892,-0.0984673798084259,-0.084176167845726,0.0985469371080398,-0.0955981612205505,0.0921485424041748,0.0983921736478805,-0.0984791591763496,0.0525370761752128,0.0609039664268493,-0.0868208855390548,0.0980146825313568,0.0985922589898109,-0.0196448061615228,-0.0985709056258201,-0.0985881090164184,0.0910915955901146,0.0983993560075759,-0.083957701921463,-0.0985927954316139,-0.0971395447850227,-0.0602524653077125,-0.0985047444701194,-0.0977169945836067,-0.0977742075920105,0.0150222172960639,-0.0756551921367645,0.0186698548495769,-0.0953675806522369,-0.09286430478096,-0.0985940918326377,0.0949302166700363,-0.0884336158633232,-0.0986069813370704,0.0443236716091632,-0.0447362847626209,-0.0894313156604766,-0.0805552452802658,0.0668271631002426,0.098570741713047,0.0865110382437706,-0.0955281555652618,-0.0154430689290165,-0.0985850766301155,-0.098109520971775,-0.0975008606910705,-0.0985976904630661,-0.0978920385241508,0.0863452330231666,0.096338540315628,0.0811312422156333,-0.0664084926247596,0.0745155960321426,-0.0662116333842277,0.0853877589106559,0.0569011643528938,-0.0934185981750488,-0.0933084860444068,0.0097700385376811,-0.1385028809309005,-0.1262270510196685,-0.1497779190540313,0.0126969488337636,0.1097218841314315,-0.0380012243986129,-0.0165351014584302,-0.1663922220468521,0.0050888448022305,0.1580142527818679,0.09589783847332,-0.0245390105992555,-0.0224450305104255,0.1008616760373115,-0.0843767821788787,0.1007510796189308,-0.0438260622322559,-0.1187422350049018,0.0951363295316696,0.054342046380043,-0.0806916579604148,0.0190118476748466,-0.0139248296618461,-0.0911112427711486,0.0411203727126121,0.0473703518509864,-0.1491013914346695,-0.0009918190771713,0.0346586257219314,0.0503852926194667,0.1444741338491439,0.0573288761079311,-0.0367827489972114,0.154248371720314,-0.1384491324424743,0.122378222644329,0.0819933041930198,0.1384437680244445,0.1542340368032455,0.0833031386137008,-0.0611430890858173,-0.0848604440689086,0.1169614270329475,0.0039172414690256,0.09382925927639,0.0339709222316741,0.0504167675971984,-0.1223999857902526,0.0670458376407623,0.0154358418658375,0.1371529996395111,0.0001670180645305,0.0228519104421138,0.1523790955543518,0.0242494363337755,0.1381066888570785,-0.0363112092018127,-0.080027237534523,0.1088526174426078,-0.0231790281832218,0.0398318357765674,0.0283284652978181,0.0599224455654621,-0.0320105403661727,-0.1108302623033523,-0.1539486795663833,-0.0487626604735851,0.09408950060606,0.0894824936985969,0.0261115189641714,0.045415922999382,0.1121027022600174,0.0672273784875869,0.0455524586141109,-0.0195309799164533,-0.0585759095847606,0.0602821111679077,-0.0530349500477314,0.143761396408081,0.1004613116383552,-0.0437444783747196,0.0178816281259059,0.1528220027685165,0.0019961302168667,-0.1501263827085495,0.0694793611764907,0.0492045171558856,0.028619771823287,0.0928642824292182,0.056982222944498,-0.1058603152632713,0.0066889859735965,0.0216900054365396,0.1104613989591598,-0.1364225149154663,-0.0204480104148387,0.0558307506144046,-0.0764424726366996,-0.0443259924650192,0.1695919334888458,0.0464434102177619,-0.1272085458040237,0.093667984008789,0.1631636917591095,0.0640887394547462,0.0076553067192435,-0.0390116684138774,0.1675784438848495,0.0134102739393711,-0.1614741533994674,-0.126751959323883,0.0371351242065429,-0.0062398458831012,-0.0295759681612253,0.0884670540690422,0.1170696541666984,0.0255686491727828,0.068531334400177,-0.0415035635232925,-0.1303346753120422,0.0704914256930351,0.1215284839272499,-0.08646160364151,0.0312380269169807,0.124986745417118,0.1400010585784912,0.1040538176894187,0.0524064190685749,-0.0853211730718612,0.0365907475352287,-0.1086974143981933,0.1401568055152893,0.120873637497425,-0.0325933694839477,-0.1422244012355804,0.074093759059906,0.0707518383860588,-0.1236435025930404,-0.0298374239355325,-0.1193283349275589,-0.1216114908456802,-0.1261055022478103,0.0596949160099029,-0.1293969750404358,0.1368806809186935,-0.1374287903308868,0.0410559065639972,-0.1336058527231216,0.121566317975521,-0.0514717362821102,0.1249616965651512,0.0646843016147613,-0.0201125666499137,0.0925146266818046,-0.0542927719652652,-0.0574211589992046,-0.0321818701922893,-0.0648399889469146,0.1037711650133133,0.0963978469371795,0.0612290017306804,-0.1022620946168899,-0.0578592829406261,-0.0420622751116752,0.0698559507727623,-0.0383553281426429,-0.0551325380802154,0.1020247861742973,-0.129041239619255,0.1131708920001983,0.0724572837352752,0.1059131100773811,-0.0012324331328272,0.1159348115324974,-0.0792518183588981,-0.095814324915409,-0.010282571427524,0.1223340630531311,0.0056015821173787,0.0444686710834503,0.0677630752325058,-0.0583591647446155,0.0943631306290626,-0.0192732196301221,-0.0813318490982055,-0.0558040887117385,0.1006765961647033,-0.0523787662386894,0.1102004572749137,-0.1215270161628723,0.0076928995549678,-0.1110258921980857,0.0582077279686927,0.1347368657588958,-0.1162271201610565,0.0233400668948888,0.0047070598229765,-0.0098062204197049,0.0016556725604459,-0.066509298980236,-0.0809681862592697,-0.0488486140966415,0.0210096072405576,0.0198275800794363,-0.1269448399543762,0.0929984524846077,-0.0655421987175941,-0.0886146798729896,0.1306770145893097,0.063142329454422,-0.0842521861195564,-0.1388799101114273,0.0613823048770427,0.1341825127601623,-0.0999960005283355,0.1258778870105743,-0.1321983784437179,0.0035061181988567,0.0441530868411064,-0.0224610362201929,-0.0647382587194442,-0.0014543466968461,0.0879281014204025,-0.0788148939609527,0.0964276865124702,0.0623732097446918,0.1029539629817009,0.0312227867543697,0.0614164993166923,-0.100298523902893,0.0705610811710357,0.1273320168256759,-0.1094114184379577,0.1106872707605362,-0.0713186413049697,0.14441779255867,-0.1282576322555542,-0.0017812389414757,-0.0340752676129341,-0.1195981428027153,0.037907101213932,-0.0478407628834247,-0.0859567895531654,-0.0637786835432052,0.096100777387619,-0.081939086318016,-0.0071381479501724,-0.0914603918790817,0.0294227544218301,-0.1201858595013618,-0.0006950494716875,0.0959134921431541,0.1660319566726684,0.1712571680545807,0.1414916068315506,-0.042335145175457,-0.0241543501615524,0.0550904832780361,-0.0120387123897671,-0.1087855398654937,0.0032159886322915,0.0219448208808898,0.0130992261692881,0.1057028546929359,-0.1422366946935653,-0.0516473613679409,-0.1633216589689254,0.0533850938081741,-0.0043947217054665,-0.1056825965642929,0.0148044964298605,-0.1002842560410499,0.0765700340270996,-0.1097763031721115,0.0769166350364685,-0.0148355243727564,-0.03501408547163,0.1434555947780609,-0.0051667927764356,0.0308348201215267,0.0131832435727119,-0.1488259136676788,0.0824979618191719,0.0309452656656503,-0.0468733608722686,0.0009538567974232,-0.1010593101382255,0.0300937611609697,-0.0402849987149238,-0.1074900329113006,-0.0653024986386299,0.1429102569818496,-0.0515561997890472,0.1578513830900192,-0.0568245537579059,0.0271023865789175,-0.0819650217890739,-0.1529794335365295,0.0876054689288139,-0.021668491885066,-0.0236422084271907,0.1176580563187599,-0.1229434981942176,-0.1200574561953544,-0.0583247691392898,-0.1004092320799827,-0.0277086980640888,-0.0599208399653434,-0.1092524826526641,-0.0198100972920656,-0.090232141315937,0.1122026816010475,0.0133304875344038,-0.0787539184093475,-0.0964444875717163,0.1084078848361969,-0.0594443082809448,-0.0923582538962364,-0.1127039566636085,0.0053983628749847,0.0085622742772102,-0.112665981054306,-0.1251021772623062,-0.1298742741346359,0.0480013974010944,-0.0067380238324403,0.0146339321509003,-0.0988803058862686,-0.128951221704483,0.0095022106543183,-0.0766425654292106,-0.0472559854388237,0.1606349349021911,-0.0988848879933357,-0.1197284460067749,-0.0958557724952697,-0.1321557760238647,0.0788551047444343,-0.0233001578599214,-0.0569210238754749,0.0565748326480388,-0.1538489013910293,0.0258332565426826,0.0090023130178451,0.0539773553609848,0.0415696240961551,0.0107113625854253,-0.0883147343993187,0.1620566695928573,0.0135510507971048,-0.0084511069580912,-0.0905211567878723,0.0572951957583427,-0.0153551651164889,-0.0191359519958496,0.0842112898826599,-0.0822907015681266,0.1366497874259948,-0.1171075776219368,0.1499619036912918,-0.0716376826167106,0.1066362932324409,-0.1418664306402206,-0.0316924713551998,-0.0772056132555008,-0.0148936752229928,-0.0794506967067718,0.0897829681634903,0.1534619182348251,0.1723557412624359,0.0142696695402264,0.0041157710365951,-0.0895745977759361,0.0628430247306823,-0.04423039406538,GKVTXWYBIQNZOS-UHFFFAOYSA-M,CCc1ccc(-[n+]2cc(-c3ccc(-c4ccccc4)cc3)n3c2CCCCC3)cc1.[Br-]
0.0151514876633882,-0.097768947482109,0.0774068087339401,0.0981318578124046,0.098214641213417,-0.0118261333554983,0.0742440447211265,0.0149187566712498,-0.0987384319305419,-0.0981408581137657,-0.0987388789653778,0.0981064215302467,0.0036178699228912,0.098742738366127,-0.0669399052858352,-0.0987416505813598,0.0972276479005813,0.0889273583889007,-0.0986919477581977,0.0911766588687896,0.0983271449804306,-0.0731904506683349,-0.0986895635724067,0.0986932590603828,0.0979533195495605,0.0967167466878891,0.098598726093769,-0.0987194329500198,-0.0307050812989473,-0.0983950719237327,-0.042395032942295,0.0987354442477226,-0.0987407192587852,-0.0980382934212684,-0.0985688045620918,-0.0987427607178688,0.0086493417620658,0.098073624074459,0.0968288108706474,0.0987390503287315,-0.0905205234885215,-0.0850826650857925,-0.0960760489106178,-0.0399683564901351,0.0766056329011917,0.0987161621451377,0.0954460203647613,-0.0813473537564277,-0.0986887142062187,0.0959973856806755,-0.0951307862997055,0.0967602953314781,0.0987426713109016,-0.0749914273619651,-0.0987342447042465,0.0986788943409919,-0.0975007861852645,-0.0876950994133949,0.0933591946959495,-0.0937029048800468,-0.0648187026381492,0.0987420827150344,0.0980550050735473,0.0685463547706604,0.05106071382761,0.0987265035510063,-0.0987423732876777,0.0878531113266944,-0.0987322703003883,0.091595821082592,-0.0972405970096588,0.098742738366127,-0.0858214870095253,-0.0987380519509315,-0.0985906645655632,-0.0987282618880271,-0.0987295359373092,-0.071368433535099,-0.0665757656097412,-0.0733391940593719,0.0986618399620056,0.0966825559735298,0.0987385362386703,0.0181616321206092,-0.0828834697604179,0.0987359061837196,-0.0795493945479393,0.0987356826663017,-0.0244922749698162,-0.0983293130993843,-0.0793556272983551,0.0765241310000419,0.0987426564097404,0.0987415164709091,-0.0549589954316616,-0.0986348241567611,-0.0987403839826583,-0.037622582167387,0.0981423035264015,-0.0042508095502853,0.0976865962147712,0.0846149250864982,-0.083426609635353,-0.0826160535216331,-0.0985753238201141,0.09271290153265,-0.0987424850463867,0.0984203070402145,0.0744836404919624,0.098495565354824,-0.0922143384814262,-0.0969148799777031,-0.0987426042556762,-0.0857706740498542,-0.0441302619874477,0.0987317338585853,0.089369885623455,-0.0957570597529411,-0.0986988097429275,0.0987073257565498,0.0973154231905937,0.0985650494694709,-0.0982557013630867,-0.0972525030374527,0.0938970670104026,0.0987384021282196,0.0886435285210609,0.0899569541215896,-0.0927659049630165,-0.0927544757723808,-0.09267308562994,0.0927428975701332,-0.0913106501102447,-0.0759594291448593,0.0925097540020942,0.0926568955183029,0.0927656963467598,0.0874995738267898,0.0927665382623672,0.0914892628788948,-0.0851612985134124,0.0921344086527824,0.0290443748235702,-0.0927495956420898,-0.0699174180626869,-0.0927387475967407,-0.0927665382623672,-0.0925102829933166,-0.0925415605306625,-0.0927663967013359,-0.0927595272660255,0.0927471220493316,0.0927665382623672,-0.0927649661898613,0.092553861439228,-0.0926217511296272,-0.0926946178078651,0.0875662565231323,-0.0927665308117866,0.0926718786358833,-0.0927664935588836,0.0927662178874015,-0.0927665382623672,-0.0927264764904975,0.0925757214426994,-0.0927662029862403,-0.0446989424526691,-0.0923109203577041,0.0927664190530777,0.0925365388393402,0.0927665159106254,-0.0927215814590454,0.0927467346191406,-0.0581918284296989,0.0063044494017958,0.092661365866661,-0.092743694782257,0.090770423412323,0.0924116149544715,-0.0852532684803009,0.0927539840340614,-0.0324660316109657,-0.0897528827190399,0.0926785096526146,-0.0927639231085777,-0.0927665382623672,-0.0926503837108612,-0.0927662104368209,-0.0565045066177845,0.0927508771419525,0.0927492827177047,0.0877307653427124,0.092766486108303,0.0180038455873727,-0.0883604511618614,0.0917902216315269,-0.0927533209323883,-0.0906797498464584,-0.0920986235141754,-0.0927663445472717,-0.086970254778862,-0.0923564434051513,-0.0924674198031425,-0.0927466973662376,-0.0695651099085807,0.0927463918924331,-0.0927633568644523,0.0927665010094642,0.0921243876218795,-0.0911660194396972,-0.0926788225769996,-0.0897739082574844,0.0866495072841644,-0.0926121547818183,-0.0927203074097633,-0.0923345983028411,-0.0927655100822448,0.0927209630608558,-0.0927662476897239,0.0898689404129982,-0.0927645713090896,0.092766523361206,-0.0925077870488166,0.0829555615782737,-0.0926543325185775,0.0927534028887748,0.0927414000034332,-0.0896240770816803,0.0357050374150276,0.0927618741989135,0.0922249928116798,0.0927567929029464,0.092601254582405,0.092766523361206,0.0927473455667495,-0.0927143022418022,-0.0926458463072776,-0.0927665308117866,-0.0658560842275619,-0.0902448296546936,0.092706449329853,-0.0927589833736419,0.0924682021141052,-0.0927597880363464,0.0927604287862777,0.0927615538239479,-0.0927665382623672,-0.0925828069448471,-0.0927586778998375,0.0910539925098419,-0.0926508083939552,-0.0692767053842544,0.0808005407452583,-0.0278174225240945,-0.0927604362368583,-0.0927236005663871,-0.096516840159893,-0.0216999780386686,-0.0401974059641361,0.0932999774813652,0.0965189039707183,-0.0965199097990989,-0.0630865022540092,-0.0965111404657363,-0.0953251123428344,0.0926306694746017,-0.0948259159922599,0.0957389920949935,0.0965166985988617,-0.0965130478143692,0.0938057303428649,0.0590649247169494,-0.0933241322636604,-0.0960838049650192,-0.0965196564793586,0.0964670851826667,-0.0965199172496795,-0.0965097025036811,-0.0965166017413139,-0.0954062193632125,-0.0965029001235961,0.096422255039215,-0.0965187475085258,0.0965198278427124,-0.0932620167732238,-0.0965194702148437,0.0964344441890716,-0.0953822508454322,0.0449152290821075,-0.096014067530632,-0.0958209782838821,-0.079763077199459,0.0965174362063407,-0.0607179477810859,0.0759045034646987,0.0307478830218315,-0.094190701842308,0.0964101329445838,-0.0965193137526512,-0.0760193914175033,-0.0853387415409088,0.0825755149126052,-0.0964985415339469,0.0922766476869583,0.0964812189340591,-0.0942824333906173,-0.096519336104393,-0.0965190306305885,-0.0952988862991333,0.060756467282772,-0.096519686281681,-0.096519835293293,-0.0964763015508651,0.096519649028778,0.0965130105614662,-0.0956074297428131,0.0957671254873275,0.0965135619044303,0.0964848771691322,-0.0964306220412254,-0.0896557718515396,-0.0771287456154823,0.0964259952306747,-0.0489454828202724,-0.0964380204677581,-0.079611450433731,0.0965198278427124,-0.0851237550377845,0.09389179199934,0.0965191200375557,-0.0965115204453468,-0.0965162962675094,0.0507234781980514,0.0965198799967765,-0.0624721124768257,-0.0517559796571731,-0.0765897780656814,0.0962265655398368,0.0965199172496795,0.0962620005011558,0.0965198799967765,0.0138338850811123,0.0965199097990989,0.0964621528983116,-0.0270096585154533,-0.0954841375350952,-0.0965150818228721,-0.0964483395218849,-0.0962437093257904,0.0581190846860408,0.0965182781219482,-0.0965197533369064,-0.0942789241671562,0.0419171750545501,-0.0964329838752746,-0.077610082924366,0.0695565417408943,-0.0927281007170677,0.0965185612440109,0.0921977013349533,0.095966137945652,-0.0623955279588699,-0.0877012610435485,-0.0880226194858551,-0.0965197756886482,0.0965070575475692,-0.0955037102103233,-0.0965199097990989,-0.0952679812908172,-0.0964546650648117,0.0019516453612595,-0.0323648899793624,0.0960997119545936,0.09430543333292,0.0962292179465293,0.0892709344625473,0.0965197011828422,0.0902937948703765,0.0965198650956153,-0.0662862062454223,0.0959642454981803,0.0961805135011673,-0.0965172722935676,0.0927949622273445,0.0996302962303161,0.0885122194886207,-0.0374066308140754,-0.1057408452033996,0.1031050682067871,-0.0862968191504478,-0.0413806810975074,-0.0939872041344642,0.0113713527098298,0.0048100030981004,-0.079798936843872,0.0959397330880165,-0.1063534691929817,0.106909766793251,-0.1093968227505683,0.0343499295413494,-0.0827349722385406,-0.0271764229983091,0.1106057167053222,0.1044898927211761,-0.1089946776628494,0.1036312654614448,0.1089037582278251,-0.0792306885123252,-0.0881855562329292,0.0587784275412559,0.0001835929579101,-0.0750505998730659,0.0902825072407722,-0.109951265156269,-0.1091004535555839,-0.0948599651455879,-0.1053858026862144,0.1035292446613311,0.1077870205044746,0.1035272628068924,-0.0373827628791332,-0.0907487496733665,0.1059489846229553,0.0479167327284812,0.1045189872384071,-0.0500548221170902,0.1071587353944778,-0.1016522198915481,0.0855713114142417,-0.0752368345856666,-0.106235884130001,0.0723240748047828,-0.1094577610492706,-0.1001564115285873,0.0686837434768676,-0.078043632209301,-0.1072858870029449,-0.0887598022818565,0.0939148664474487,-0.1093765720725059,0.1071196645498275,0.1021577790379524,0.0170868951827287,0.1016060784459114,0.1090104281902313,0.0263538006693124,0.1051604449748992,-0.1012750640511512,-0.0471026562154293,-0.1080128028988838,-0.1015569269657135,-0.0956009924411773,-0.0826604515314102,0.0960015803575515,0.1067931279540062,-0.1058670729398727,0.1006716713309288,0.0925082564353942,-0.0128957564011216,-0.1088015213608741,0.1087561920285224,-0.0674336403608322,-0.0996339619159698,0.1032392233610153,0.1057738587260246,0.1101056486368179,-0.0561419278383255,-0.0886838808655738,-0.0183787252753973,0.0558932609856128,-0.0937149301171302,0.0149366538971662,0.1092685461044311,0.0563713274896144,-0.10696642100811,-0.0159243661910295,-0.110021024942398,-0.1053051576018333,0.1102061048150062,-0.0705735012888908,-0.0258269626647233,0.1007936969399452,0.1016447097063064,-0.1055579558014869,0.1069115847349166,0.0767934992909431,0.0994563177227974,0.0923073068261146,-0.1055705025792121,0.1017430499196052,-0.0015920760342851,0.1041173264384269,0.1085136234760284,0.0796613544225692,-0.0784996002912521,0.0137223443016409,0.100284568965435,-0.088041603565216,0.0938903912901878,0.0312345176935195,0.104836381971836,0.1064507663249969,-0.1046105772256851,-0.0502412542700767,-0.0558182299137115,0.0679892376065254,0.0140672074630856,-0.0985230356454849,-0.1093915253877639,-0.0773899555206298,0.1044760271906852,0.0105700409039855,-0.105066031217575,0.1068232879042625,0.126375064253807,-0.0998711138963699,0.0189651083201169,0.0952479988336563,0.1327046304941177,0.0921576842665672,0.0534154400229454,-0.106200635433197,-0.0401520691812038,-0.0661018714308738,0.1362267136573791,0.1163509115576744,-0.047749426215887,-0.1283724755048751,0.0433690659701824,-0.000978507567197,-0.1107972040772438,-0.1043329611420631,-0.1264923810958862,-0.1258317232131958,-0.1223828345537185,0.0150771765038371,-0.1353933960199356,0.1324718445539474,-0.1268787980079651,0.1162263080477714,-0.1326048672199249,0.0940026044845581,-0.0663731917738914,0.0915669500827789,0.0776571407914161,-0.0559941083192825,0.1124931275844574,-0.0375580601394176,-0.0722097903490066,0.0987124070525169,-0.0701120719313621,0.124850332736969,0.1138973012566566,0.0926257595419883,-0.1077332869172096,-0.0598796419799327,0.0400460846722126,0.0506763160228729,-0.0137815000489354,0.0502922125160694,0.0442673601210117,-0.1243566945195198,0.1011846661567688,0.1247250512242317,0.1170660927891731,-0.0778853669762611,0.1106651425361633,-0.0486990958452224,-0.1079019531607627,-0.068972997367382,0.0761347040534019,0.045556042343378,-0.0592506155371665,0.0813987255096435,-0.0461756810545921,0.1097257956862449,-0.0095396302640438,-0.0912141725420951,-0.0870779082179069,0.0954054147005081,-0.0699817314743995,0.113658994436264,-0.1212885081768035,0.0051236487925052,-0.0300539843738079,0.0807201862335205,0.1234892755746841,-0.127715528011322,-0.0032439352944493,0.0089076627045869,0.028903005644679,0.023520216345787,-0.1018175333738327,-0.0801119282841682,-0.0665093660354614,0.0393376089632511,0.0518575273454189,-0.1191205233335495,0.1129953563213348,-0.1003450602293014,-0.0099212145432829,0.1253765225410461,-0.0492551885545253,-0.1016095131635665,-0.1286792308092117,0.0726027712225914,0.0962322726845741,-0.071423128247261,0.1288466155529022,-0.1250466257333755,-0.0322635062038898,0.0273024998605251,-0.0076323957182466,-0.0278821941465139,-0.058573193848133,-0.0015766446013003,-0.0621092244982719,0.0920643061399459,0.1222895458340644,0.0729225128889083,-0.0197538360953331,0.075231596827507,-0.1046124249696731,0.0913869217038154,0.0424214079976081,-0.0849513933062553,0.0877273008227348,0.0463723577558994,0.1359140276908874,-0.1217004135251045,-0.0263074897229671,-0.0457043461501598,-0.1032831519842147,0.0952075272798538,-0.100682146847248,-0.0886191055178642,-0.1144245788455009,0.0613171942532062,-0.058885496109724,-0.0724758356809616,-0.0956374853849411,0.0185172781348228,-0.0810547694563865,0.1006712317466735,0.0988005995750427,0.1346195191144943,0.1327562183141708,0.1194150894880294,-0.0286043100059032,-0.0902792140841484,-0.0485217310488224,0.0256918184459209,-0.1263110935688018,0.0460710190236568,0.075728565454483,-0.0755811855196952,0.0854536741971969,-0.1097618117928505,-0.0346784330904483,-0.1249249875545501,0.0873464494943618,0.0037869794759899,-0.0738979950547218,-0.0231277421116828,-0.1052844226360321,0.0865583792328834,-0.1270638704299926,0.0759606882929802,-0.048302698880434,0.0112110944464802,0.1335491687059402,-0.0129341017454862,0.0957126468420028,0.0687013491988182,-0.0827992036938667,0.1161313876509666,-0.0198620706796646,-0.0764786750078201,-0.0115846609696745,-0.1078409776091575,-0.0437134653329849,-0.1111982464790344,0.0287526827305555,-0.080806627869606,0.1146134063601493,-0.0154294203966856,0.1378540098667144,-0.090150848031044,0.0352273806929588,-0.0993636026978492,-0.1188223361968994,0.093554675579071,-0.0035101452376693,0.0099225975573062,0.1003599688410759,-0.1199015900492668,-0.1068611070513725,-0.0614021979272365,-0.128074511885643,-0.0097484346479177,-0.106519840657711,-0.1078298315405845,-0.1134679391980171,0.0031470763497054,-0.0159875452518463,-0.0797283053398132,-0.0902706608176231,-0.0901878625154495,0.0089664300903677,-0.1156334355473518,-0.1191430687904357,-0.0804572701454162,0.0825221464037895,-0.0020269423257559,-0.0831812396645546,-0.116366259753704,-0.1227266937494278,0.0330189280211925,-0.0324525609612464,0.0426115468144416,-0.0683759450912475,-0.1225661784410476,0.0509954132139682,-0.1019345447421073,0.0370105542242527,0.1298862695693969,-0.0913772881031036,-0.112676091492176,-0.1034874618053436,-0.0754820480942726,0.0973913669586181,-0.0733184292912483,-0.0530883781611919,0.0934116691350936,-0.1213195323944091,-0.0253365840762853,-0.0862533077597618,-0.0664129331707954,-0.0221197828650474,-0.0989807099103927,-0.104153886437416,0.1366804540157318,-0.1173093542456626,-0.1116487383842468,-0.1216926276683807,0.0139537155628204,-0.1126414760947227,-0.0628776252269744,0.0659227892756462,-0.0925571396946907,0.1296518743038177,-0.1266445517539978,0.1149787083268165,-0.0716351345181465,0.0884623974561691,-0.0962808355689048,-0.0380713976919651,0.0433633215725421,-0.1106733754277229,-0.1078841388225555,0.0900339186191558,0.1190492957830429,0.1361862570047378,0.1134702563285827,-0.0638227686285972,-0.0917311832308769,-0.0595864057540893,-0.0125761860981583,GEHFKQUFZVTGAM-UHFFFAOYSA-N,c1ccc(Nc2cccc3c(Nc4ccccc4)cccc23)cc1
-0.0737528726458549,-0.0786555781960487,0.0806283429265022,0.1132836267352104,0.1113545522093772,-0.099460557103157,0.0466022305190563,-0.0310320667922496,0.0912151783704757,0.1017722114920616,0.0478624552488327,0.0005455767968669,0.0168735869228839,0.0908347517251968,0.1131714731454849,-0.0948538705706596,-0.0073055084794759,0.0126599129289388,0.1089795902371406,0.1133940890431404,-0.0842292681336402,-0.1088854745030403,-0.0244686622172594,0.0920226499438285,0.0552918612957,-0.1128288060426712,-0.1130955666303634,-0.1049576848745346,-0.1123152673244476,0.0982692465186119,0.0296847708523273,-0.1016663089394569,-0.0254870411008596,0.0923524871468544,-0.1082373484969139,-0.1082270517945289,-0.110803447663784,0.0971023961901664,0.0623442679643631,-0.071770966053009,-0.0718839168548584,-0.112899325788021,0.0272293332964181,-0.0687474682927131,0.1122638434171676,0.0255304425954818,-0.0031073831487447,0.0981227532029151,0.1134305894374847,0.1083925440907478,-0.0028483024798333,0.0734751150012016,-0.0473386459052562,0.1135225519537925,0.0199718885123729,-0.0714620202779769,0.0920504778623581,-0.0310358423739671,-0.0908960923552513,0.1006121039390564,0.0062869065441191,-0.0087481001392006,-0.1039966121315956,0.0714973881840705,0.066468209028244,-0.1125200316309928,-0.1117536947131156,-0.0948458611965179,0.1115205809473991,-0.0358923263847827,0.0713133215904235,0.0715943276882171,0.066210500895977,-0.1056250557303428,-0.0947952792048454,-0.1094785183668136,-0.0961612686514854,0.0780967697501182,-0.0604323633015155,-0.1110526099801063,0.0570824816823005,0.0690533965826034,0.0897582024335861,0.0005003067781217,-0.0710611045360565,0.1022785007953643,0.1076386570930481,0.1130709499120712,-0.1040898412466049,0.1124992668628692,0.1132720336318016,0.0615783035755157,-0.0731914266943931,-0.0454591624438762,0.0622566379606723,0.1122419759631156,-0.0918862074613571,0.0830296650528907,0.097634881734848,0.0999401360750198,-0.1078490987420082,0.1126940548419952,0.1099455207586288,0.0780398845672607,-0.1117371991276741,-0.0854391008615493,0.1131090596318245,0.0938886478543281,0.103312961757183,0.0828098058700561,0.1124632954597473,0.0633043944835662,-0.1020277142524719,-0.1104690209031105,0.1134945601224899,-0.0562544353306293,-0.1133392304182052,-0.1075590848922729,-0.1126576289534568,-0.0987817049026489,-0.0837291926145553,0.1123746857047081,0.1071380823850631,0.0814980641007423,-0.1087809950113296,-0.0974872410297393,-0.0390306077897548,-0.11269062012434,0.0985461324453353,-0.0906519815325737,0.0968442633748054,0.0984702557325363,0.0981782525777816,-0.0953891798853874,0.0391503609716892,-0.0965668335556984,-0.0738547816872596,-0.0986443683505058,0.0986445844173431,-0.0820622593164444,-0.0983278676867485,-0.0961078703403472,-0.0982762724161148,-0.0914856046438217,0.0984346866607666,-0.0014532787026837,-0.0986446440219879,-0.0977199599146843,-0.0983344614505767,-0.0986187234520912,-0.0986440777778625,-0.0036499781999737,0.0983097106218338,-0.098612330853939,0.0982792302966117,0.0628757923841476,-0.0982885509729385,0.043509405106306,0.095173954963684,-0.0975968763232231,-0.0986446440219879,0.0986329838633537,0.0113233337178826,-0.0985414534807205,0.0945871323347091,-0.0986446142196655,0.0976736769080162,0.0072812917642295,-0.0957008451223373,0.0171329006552696,0.0982494503259658,-0.098633088171482,0.0896836817264556,-0.0983323082327842,0.0800762772560119,0.0229610595852136,-0.0983861088752746,0.0968365743756294,0.0986409783363342,-0.0986442044377327,-0.0986395105719566,-0.0986303836107254,0.0982651859521865,0.0974610596895217,0.0925420224666595,-0.0986444428563118,-0.0928292274475097,-0.0930481478571891,-0.0113583728671073,-0.0791714563965797,-0.0986378490924835,0.0901168957352638,0.0986446440219879,0.0658724978566169,-0.0817996561527252,0.0986021682620048,-0.0985784530639648,0.0985616818070411,-0.093369722366333,-0.0985626578330993,-0.0986412242054939,-0.0505989007651805,-0.0986086875200271,0.0978869050741195,-0.0741810649633407,0.0954959690570831,-0.0702500492334365,0.098490759730339,-0.0985702127218246,0.0584589727222919,-0.0750548467040062,-0.0985791012644767,-0.0353456400334835,-0.0985619649291038,-0.098639078438282,0.0986437126994133,0.0757166221737861,0.0934614390134811,-0.0986420363187789,-0.0959177166223526,-0.0986407026648521,0.0986421480774879,-0.0980532467365264,-0.0930980741977691,0.0983146801590919,-0.0978620499372482,-0.0053243148140609,0.0596296712756156,0.09864292293787,0.0986445993185043,0.0051309606060385,0.0828419923782348,0.0983184427022934,0.0983718857169151,0.0974111109972,0.0983791798353195,-0.0986438989639282,-0.0963790714740753,-0.0974513366818428,0.0981193408370018,0.0933959260582923,0.0432560443878173,0.098604217171669,0.0983059406280517,-0.0606722794473171,0.0986440703272819,0.0075595290400087,-0.0980694219470024,0.0986430794000625,-0.0984259471297264,-0.0874250158667564,-0.0554983243346214,0.024053830653429,-0.0986396968364715,-0.0986431762576103,-0.0850622579455375,-0.0010218241950497,-0.1060118600726127,0.1039241254329681,-0.0878635495901107,0.1007207632064819,-0.1057310700416565,0.1036975607275962,-0.1009018644690513,-0.0476053394377231,0.0759897455573082,0.0735785737633705,-0.0868308320641517,0.004988354165107,-0.1060546264052391,-0.09124106913805,-0.0645314529538154,-0.0398371666669845,-0.0830520614981651,-0.0856120288372039,-0.0965922325849533,-0.1054264977574348,-0.1037784591317176,0.0467283390462398,-0.0963146314024925,-0.0953022167086601,0.099219761788845,-0.1033922582864761,0.0818644315004348,-0.0222392249852418,-0.105282999575138,-0.073699839413166,-0.1001188978552818,-0.1043700948357582,-0.1025857031345367,0.0446858890354633,-0.1018207445740699,-0.1003066301345825,-0.10483019053936,-0.0644086003303527,-0.0987675115466117,-0.0951134487986564,0.0998105034232139,0.094678558409214,0.0227745156735181,0.105007380247116,0.0632079392671585,-0.0986877381801605,-0.08376245200634,0.1051248982548713,-0.0341749712824821,-0.0837668105959892,-0.1052227318286895,-0.1018804833292961,0.0981999561190605,-0.1024682223796844,0.1034657135605812,-0.0995078608393669,0.0291114244610071,0.1047979742288589,0.0751747637987136,-0.1056229248642921,0.1056426167488098,0.105711430311203,0.0454283133149147,-0.0794622600078582,0.0974431857466697,0.1027659326791763,0.0832219421863555,0.0788449272513389,0.0065323645249009,0.0522365979850292,-0.0937438607215881,0.0375294238328933,0.1060692369937896,-0.0990535095334053,-0.1058997139334678,-0.1042321696877479,0.0894268527626991,0.061211597174406,0.0281403381377458,-0.0492059998214244,-0.031107785180211,0.1003835201263427,0.1046792790293693,-0.1047743931412696,0.0810971036553382,0.1025849506258964,0.1046097949147224,0.00242585176602,0.1020596176385879,0.0944101884961128,0.0015768175944685,0.079094149172306,-0.0830282494425773,0.0643078535795211,-0.0950614586472511,-0.1024343147873878,0.0903463587164878,0.1051409691572189,-0.1060513481497764,-0.0999407172203064,0.088275171816349,0.1060190796852111,0.1059600189328193,0.0389099530875682,-0.1044018790125846,-0.0052948486991226,-0.1029232293367385,-0.1053257584571838,0.0909993126988411,0.0950179696083068,0.0646861866116523,-0.1052314415574073,-0.1021938547492027,0.1060497239232063,-0.1039011999964714,-0.0029992931522428,-0.1046078652143478,0.1060623601078987,0.1033291667699813,-0.0584150217473506,0.1059583574533462,0.1060658544301986,0.0814403593540191,0.1034421324729919,-0.1028586700558662,-0.1057530045509338,0.0489242672920227,-0.1421273797750473,0.1369102001190185,0.095453567802906,-0.0037108208052814,0.0146299041807651,-0.0062972540035843,-0.0574552603065967,-0.0051379241049289,0.0859438478946685,0.0084666153416037,0.0117701366543769,-0.1659073829650879,0.0897557660937309,0.0436574220657348,-0.0479358807206153,-0.1097235381603241,-0.1089398637413978,0.0343022532761096,0.052886676043272,-0.0676682218909263,0.0327673628926277,-0.0209739916026592,-0.0340875312685966,0.0596772544085979,0.1822118014097213,0.0315377600491046,0.0242201667279005,0.0154118565842509,-0.0708201602101326,-0.190634474158287,-0.0226614382117986,0.0290746092796325,-0.1589480936527252,0.1247430592775344,0.0932741090655326,-0.0060216728597879,0.1368572264909744,0.0685097724199295,0.1877665817737579,0.2531584501266479,0.0706713646650314,-0.0412049070000648,0.0079166702926158,-0.1209772378206253,0.1252947151660919,-0.0209722891449928,-0.0849472731351852,-0.0782137364149093,0.0605770535767078,0.0324232541024684,-0.0042118369601666,0.0816953927278518,0.0095566557720303,-0.0217100698500871,0.1172182559967041,0.0556737370789051,0.0651781484484672,0.1455716043710708,0.1392153650522232,0.0150398230180144,-0.1021828651428222,-0.0989003255963325,0.05634605884552,0.0074279461987316,0.1115133836865425,-0.0260611549019813,-0.0112621281296014,-0.0366038754582405,-0.0489475280046463,0.0654623582959175,0.1642618775367736,-0.0711477100849151,-0.0179644562304019,-0.0577460452914238,-0.0455853156745433,0.0610159933567047,0.0105109885334968,-0.0669224336743354,-0.0270446296781301,0.0405957549810409,0.0327137559652328,0.0752595737576484,0.0454479195177555,-0.1149552911520004,0.060917280614376,0.0704621598124504,-0.1253704279661178,0.2039908468723297,0.1434812545776367,-0.1044562980532646,0.0372779108583927,0.169819101691246,0.010704324580729,-0.1054690033197403,-0.0917667150497436,0.0772571712732315,-0.0320298485457897,0.2193641364574432,-0.0967755690217018,-0.0113127045333385,0.0220644604414701,-0.0893720388412475,0.080219455063343,-0.1651269495487213,-0.0032895682379603,0.0979781523346901,0.0421844087541103,-0.0303219407796859,0.1426667273044586,-0.1014173105359077,0.0673021525144577,-0.0518247969448566,-0.0788976028561592,-0.0392436571419239,0.0107625797390937,0.0253485944122076,0.0796111896634101,0.0245594419538974,-0.0928340777754783,-0.1038272008299827,-0.0535944513976573,-0.0664833709597587,-0.0367427133023738,0.0663461089134216,0.0962234959006309,-0.0558866299688816,0.0728617385029792,-0.04838852211833,-0.1518136113882064,0.1463061422109604,0.0725277587771415,-0.105111040174961,0.0213078372180461,0.1192159876227378,0.1624897867441177,-0.0875141099095344,0.1032115444540977,0.0566738285124301,0.0817934870719909,0.0161264296621084,0.0213726386427879,0.0900777950882911,0.0095504773780703,-0.1252551823854446,0.0637615174055099,0.113807275891304,0.0111931571736931,0.1230541840195655,0.0634549930691719,0.0757204070687294,-0.1176224797964096,0.1206984668970108,-0.0637638792395591,0.1087796986103057,-0.0641148760914802,-0.0808173567056655,-0.1036354750394821,0.0460467375814914,0.1288336962461471,0.1177025735378265,0.005157524254173,-0.0055394363589584,-0.0924380421638488,-0.0801374837756156,0.1215539425611496,-0.1384555548429489,0.1244605928659439,-0.0435076355934143,0.0234053842723369,-0.0770308226346969,-0.0179538503289222,-0.0283064134418964,-0.0410140566527843,0.109501726925373,-0.0441960915923118,-0.146747350692749,0.0703055113554,-0.0314842797815799,-0.0008947403402999,-0.0779403746128082,0.0355123840272426,0.053530465811491,0.0504808276891708,-0.05617056787014,-0.1209961846470832,0.1253175288438797,0.1146751418709755,0.0478592552244663,0.0465568490326404,-0.0710363984107971,-0.0817833840847015,0.1200007274746894,-0.0951170176267623,0.0082946019247174,0.0700628831982612,0.0539471171796321,0.0825275853276252,-0.0539446137845516,0.1075176671147346,-0.0615994334220886,-0.1454807668924331,-0.0375946275889873,0.1533646136522293,-0.0790161788463592,0.0727885738015174,-0.0050942543894052,-0.0851641520857811,0.0586133934557437,0.1481717526912689,-0.0209312904626131,-0.1136996820569038,0.1612797826528549,-0.0731438919901847,-0.1202343478798866,0.0127710420638322,0.1188442185521125,-0.1051847264170646,0.0993865951895713,-0.0209254566580057,-0.0239404775202274,-0.1573944091796875,-0.0288876332342624,0.1320143043994903,0.0879939123988151,-0.0143706332892179,-0.0151455160230398,0.0739342048764228,0.0013207159936428,0.0184252560138702,0.0359823741018772,-0.0594907030463218,0.1045029535889625,-0.0414633192121982,0.110020525753498,-0.0759562849998474,0.0409072116017341,0.0084276087582111,0.0327282212674617,-0.1173426881432533,-0.0873333662748336,0.1682594865560531,-0.0805300623178482,0.0599636025726795,-0.0141716599464416,0.1602197885513305,-0.0893478617072105,0.1253402978181839,-0.0341963544487953,-0.1084404960274696,-0.140459656715393,-0.0066226017661392,-0.0312619656324386,-0.114319272339344,-0.0713816285133361,-0.0673877745866775,0.0965977758169174,-0.0618158057332038,0.010162292048335,-0.0113043161109089,0.1030392870306968,0.008880210109055,0.1483039259910583,0.1700568795204162,0.1482806652784347,0.0127320475876331,-0.0959895700216293,0.0914657488465309,0.024240106344223,-0.1143971011042594,-0.0229586362838745,0.0414084941148757,-0.0124806351959705,0.0873120799660682,-0.1355861127376556,-0.102754920721054,-0.1137784421443939,0.0832508951425552,0.0908053219318389,-0.0597239509224891,-0.0848515629768371,0.0017378738848492,0.0236672144383192,0.0034163766540586,0.0295412428677082,-0.0896544679999351,-0.0903372466564178,0.0736010745167732,0.0977980941534042,0.0919318050146102,0.0454972982406616,-0.0823627114295959,0.1215886175632476,0.1346798688173294,6.670151924481615e-05,0.0804963186383247,-0.0910919457674026,0.0865554437041282,-0.0683086439967155,-0.0452616959810256,-0.105546049773693,0.0762128457427024,-0.0606866180896759,0.1759548038244247,-0.033578522503376,-0.0626113340258598,-0.0129407458007335,-0.1034449934959411,0.1145958080887794,-0.1080300733447074,0.0786296054720878,0.0955080762505531,-0.1299027651548385,-0.1050286069512367,-0.0695764645934104,-0.0910901054739952,0.0804118141531944,0.0380817614495754,-0.0095898052677512,-0.0869791135191917,-0.0551222488284111,0.1002089455723762,-0.1009516492486,-0.0308840796351432,-0.0425588972866535,0.0745959728956222,-0.0204011928290128,-0.1550387442111969,-0.0878741592168808,0.0807316899299621,0.0501017309725284,-0.1322163641452789,-0.058969922363758,-0.1417721062898636,-0.0429564155638217,-0.081217847764492,0.0189593192189931,-0.0249435547739267,-0.133056953549385,-0.0075595094822347,-0.0931721329689025,-0.1175334900617599,0.115940622985363,0.013360240496695,-0.0461058616638183,-0.0981306284666061,-0.0238375551998615,0.1292786747217178,0.0176068916916847,-0.0534342303872108,0.0524923019111156,-0.1344693452119827,0.0372591614723205,-0.0553191155195236,0.0186341702938079,0.0545823872089386,-0.0420088283717632,-0.0106565272435545,0.1537114828824997,-0.0089034559205174,-0.08494533598423,-0.028740931302309,0.0937040224671363,-0.1320805251598358,-0.1095969900488853,0.1027290895581245,-0.1336750388145446,0.1024174988269805,-0.1403019875288009,0.1454273909330368,-0.0573237352073192,0.1200134679675102,-0.118754856288433,-0.0416262932121753,-0.118743397295475,-0.0527464412152767,-0.0893432945013046,0.0284893736243248,0.1435641050338745,0.1738959997892379,0.04121670499444,0.0797012075781822,-0.1278015077114105,0.0018159932224079,-0.0546552054584026,QCCNWMAOALKTPT-UHFFFAOYSA-N,Cn1cccc1CNCCNC(=O)c1ccn[nH]1
0.0785077512264251,-0.0842690616846084,0.0785012990236282,0.1027306541800499,-0.0146651556715369,0.0928103402256965,0.093656912446022,-0.1016856506466865,-0.102354884147644,-0.102618284523487,-0.0629703253507614,-0.1021210774779319,-0.1007992774248123,0.0417155176401138,0.102716788649559,-0.0477221496403217,0.0988014042377471,-0.1023617535829544,0.0398729369044303,0.1016064658761024,0.0845155715942382,-0.100843071937561,-0.0045933150686323,-0.1017359495162963,0.1015940234065055,-0.0569664686918258,-0.0550869703292846,-0.0848146602511406,0.0911157354712486,-0.0451752580702304,0.0644953250885009,-0.0898424163460731,-0.0944130793213844,-0.0531809516251087,-0.1027299538254737,-0.0884669348597526,0.1026733145117759,0.0747994929552078,0.1012353748083114,0.1027168706059455,-0.0536695346236228,-0.0020469608716666,-0.0694798901677131,0.1024165898561477,0.1024141535162925,0.1026576161384582,-0.1016608625650405,0.0509529411792755,-0.1024226695299148,-0.0952719151973724,0.026004197075963,-0.0379665493965148,-0.0603489018976688,-0.1001461744308471,-0.1026927903294563,0.0871815457940101,0.0951939150691032,-0.1024147570133209,-0.0966628789901733,-0.0986402481794357,-0.0823899954557418,-0.0803845301270484,0.0760648474097251,-0.0834583416581153,0.0995311737060546,-0.0003911550738848,-0.076904147863388,-0.100658431649208,0.0987277552485466,-0.1022999212145805,0.1002025306224823,0.1027290821075439,-0.0254789516329765,-0.085888497531414,0.1003495156764984,0.0998287349939346,-0.1006659939885139,0.1026646643877029,0.0958996936678886,-0.0958276242017746,0.1006529182195663,0.0940490290522575,-0.1021563932299614,0.1023230478167533,0.1025415733456611,0.1023397371172905,0.1026302427053451,0.1017343252897262,-0.1018972694873809,-0.1025125682353973,-0.0527629368007183,0.1024353951215744,0.1009292006492614,0.1027305349707603,-0.0971819013357162,-0.0757514163851738,-0.1027304157614708,0.0683218315243721,-0.0713016241788864,-0.0721235796809196,0.0120044639334082,0.0553781948983669,-0.0835826471447944,-0.009524199180305,-0.1015913859009742,-0.0811141803860664,-0.0129900313913822,0.0986980125308036,0.1019682511687278,0.0924411490559578,-0.1018316075205802,-0.1017257124185562,-0.101658672094345,-0.1003288254141807,0.1010016500949859,-0.1027291864156723,-0.0913045331835746,-0.1027288660407066,-0.0610654279589653,0.1027197912335395,-0.0946205854415893,0.097452662885189,-0.1027236133813858,0.1025263220071792,0.0965730771422386,0.0972245037555694,-0.0906641855835914,-0.0978510901331901,0.0998140051960945,0.037418182939291,0.0750571712851524,-0.0030466329772025,-0.0980786383152008,0.100282959640026,-0.086646519601345,0.0893977507948875,0.1007891148328781,-0.0827177986502647,0.1001282930374145,-0.1010130047798156,-0.1008443161845207,-0.0800765082240104,-0.0981069654226303,0.0973401591181755,0.0995742231607437,0.0993928983807563,-0.1010179072618484,0.0034268873278051,0.0678298100829124,-0.0980747491121292,-0.1010177433490753,-0.0663507133722305,0.1004266366362571,0.09784397482872,0.0980261489748954,-0.075494572520256,-0.1001776680350303,-0.099866546690464,-0.0551880113780498,0.0790276750922203,-0.1003724485635757,0.1009989976882934,0.0647061392664909,0.0854730829596519,0.0445414781570434,-0.1010176986455917,-0.0641884058713913,-0.0079631963744759,0.1008566468954086,0.1007880419492721,0.1010045930743217,-0.1010179072618484,-0.0997271388769149,0.0924066007137298,0.0021553833503276,0.1009359210729599,-0.1010177433490753,0.1010159850120544,0.1008808240294456,-0.1010177060961723,-0.1000302359461784,-0.1009903028607368,0.0929053574800491,-0.1009046658873558,0.1007792726159095,-0.1010174825787544,-0.1008155420422554,-0.0455744639039039,-0.0851531699299812,0.0488082095980644,-0.096892312169075,-0.0957381948828697,0.1010179445147514,-0.1004260629415512,-0.0935591906309127,0.1010052487254142,-0.100801944732666,0.076655313372612,0.0726866275072097,-0.1010179296135902,-0.1010100990533828,-0.1007541790604591,-0.099382184445858,0.1010112911462783,-0.1007716208696365,0.1009105965495109,0.096379205584526,-0.0996002182364463,-0.1003341376781463,-0.0346867218613624,0.1010138317942619,-0.0914445593953132,-0.1010112911462783,-0.0834224224090576,-0.0951217114925384,0.1003742069005966,0.0876084119081497,-0.0126270307227969,-0.0491978004574775,-0.0107391495257616,0.0150602981448173,0.1010144427418708,0.0445934757590293,0.1003012880682945,0.0998227670788765,-0.1007937639951706,-0.0899135917425155,0.0548863932490348,0.0925319567322731,0.1010176464915275,0.1003179177641868,0.052649475634098,0.1008329838514328,0.1010143235325813,0.0544827431440353,0.1002785935997963,-0.100918710231781,-0.1003961861133575,0.0483566708862781,0.0981181487441062,-0.1009651124477386,-0.1006024852395057,0.0277890339493751,-0.0783705934882164,-0.1009869128465652,-0.0945392921566963,0.0999725088477134,-0.0961532369256019,0.0644117519259452,-0.0336813479661941,-0.0134774493053555,0.0933277532458305,0.0732825472950935,-0.1010167747735977,0.1007070913910865,-0.099909484386444,-0.1048310622572898,0.0885785445570945,0.1043378785252571,0.0308754201978445,0.1049396842718124,-0.0657369494438171,-0.1047761440277099,-0.104946568608284,-0.0924105122685432,0.0985776111483573,-0.0525494664907455,0.1049132943153381,0.0878214165568351,0.1048394292593002,0.0754973664879798,0.0853560045361518,-0.0398873835802078,-0.0045600812882184,-0.1043072789907455,0.0789913386106491,-0.0916202440857887,-0.104892797768116,0.1023295149207115,0.0900557935237884,0.1047403961420059,0.1040909066796302,0.0565263852477073,0.1044083163142204,-0.0940478518605232,-0.1045954897999763,0.1049196198582649,-0.1028807908296585,0.1005119234323501,0.1043782010674476,-0.1033029705286026,-0.0865994319319725,0.0753786191344261,-0.019782243296504,-0.0948003381490707,0.1033350452780723,0.1014264672994613,0.1033060327172279,0.1001764237880706,-0.1044062152504921,-0.0963245034217834,0.0973151326179504,-0.0844644010066986,-0.1048962473869323,0.0859815627336502,-0.1008055582642555,0.0586544834077358,0.0484403893351554,0.0521253645420074,-0.0290417149662971,-0.0975540280342102,-0.1030158326029777,0.088616095483303,-0.090522326529026,-0.1040273383259773,-0.0251642111688852,0.0989375188946724,0.1048916280269622,0.1043960601091384,-0.0986616909503936,-0.0034067595843225,0.0990173667669296,0.1028832346200943,0.0938440188765525,-0.1044777482748031,0.0839297771453857,-0.0793376415967941,-0.0869698673486709,-0.0850298181176185,0.0740055367350578,0.1046220585703849,0.0520651899278163,-0.1042945683002471,-0.0892519056797027,-0.1048683077096939,-0.1042042821645736,-0.0165959279984235,0.1049408167600631,0.0254958216100931,0.101981408894062,-0.0699558183550834,-0.1031284779310226,0.1048623621463775,-0.1003407388925552,-0.1046486943960189,-0.0567948706448078,0.1041218414902687,-0.1021002382040023,0.1006408333778381,-0.0013961169170215,0.0150559712201356,-0.0929749459028244,-0.0356843993067741,-0.1040347889065742,-0.0954813510179519,-0.0428102351725101,-0.0717503130435943,-0.097485177218914,0.0250190254300832,-0.0434003993868827,0.0872546955943107,-0.0958994701504707,-0.1005943864583969,0.0566668882966041,-0.1046878769993782,0.1026990115642547,-0.102223627269268,-0.1049308255314827,0.1039830595254898,-0.1021763831377029,-0.033849649131298,-0.10469900816679,0.0170795992016792,0.0571694523096084,0.1047189012169838,0.0887007489800453,0.0988036021590232,-0.1048517152667045,-0.0194803867489099,-0.1003573089838028,-0.1042622774839401,-0.1043268516659736,-0.0333313606679439,0.1002209037542343,0.1223361268639564,-0.1362595111131668,0.1265116482973098,-0.1319290995597839,-0.0493899025022983,0.0290835816413164,0.0690944194793701,-0.0937909260392189,0.1020763218402862,-0.0573761090636253,-0.0888491719961166,-0.1270123571157455,-0.0748513713479042,0.0016304970486089,0.0028832955285906,-0.0038829762488603,-0.1401078999042511,-0.0740476846694946,0.1082087159156799,-0.0687862783670425,0.0687070190906524,-0.0329323001205921,0.103918470442295,0.0233654640614986,0.0714273154735565,-0.1253478676080703,-0.1189189478754997,0.1170581132173538,0.0489529781043529,-0.1011803671717643,0.1301610618829727,-0.0148297706618905,-0.0936806127429008,0.0641966164112091,0.0603558719158172,-0.0666044503450393,0.0760869309306144,-0.0403392910957336,0.1228964105248451,0.0960282087326049,0.1116437464952468,-0.0298803728073835,0.1369820237159729,-0.1130286082625389,-0.0566459484398365,-0.0514191314578056,0.0960919335484504,0.0827606841921806,0.1112849861383438,-0.080821119248867,0.0715884715318679,0.026073582470417,-0.0582306012511253,0.0620597526431083,-0.0217205248773098,-0.0682837218046188,-0.1077608093619346,0.0387360267341136,0.0706313028931617,0.1370078921318054,-0.0219845436513423,-0.045608002692461,0.1121917590498924,-0.0554715357720851,0.0311049539595842,-0.0778893008828163,0.1252194941043853,0.0411667563021183,0.1152171716094017,-0.0776401907205581,-0.0904004871845245,0.0873202160000801,-0.1135155707597732,-0.1233561933040618,-0.1362859010696411,0.0453541912138462,0.0009467021445743,0.1135816052556037,-0.0772877261042594,0.0796930789947509,-0.0085120126605033,0.0744218975305557,-0.0603755563497543,-0.1134710311889648,-0.0511758811771869,0.0817435160279274,-0.0303047578781843,0.136495292186737,-0.0223535578697919,0.0741181299090385,-0.0700033009052276,0.1085221692919731,-0.0550134107470512,-0.0838216096162796,0.001497701043263,0.1119295507669448,0.1151722371578216,0.0771340653300285,0.0238063354045152,-0.1023296415805816,-0.0821440517902374,0.1090075671672821,0.0460920482873916,-0.1368142217397689,-0.1233671903610229,0.0914796069264411,0.0336943641304969,-0.1264417171478271,0.1386055052280426,-0.0304046738892793,0.0150540964677929,-0.01194001827389,0.0950981751084327,0.1257442533969879,-0.1174733787775039,-0.0879424139857292,-0.0076699499040842,0.082366831600666,-0.1198130324482917,-0.1381589323282241,-0.128033846616745,0.1246981844305992,0.0601596012711524,0.0324487052857875,0.0913269892334938,-0.1300995200872421,0.1165524125099182,-0.0337842404842376,0.079096220433712,-0.0772355645895004,0.1652754098176956,-0.0244046039879322,0.1422899663448333,0.1481810212135315,-0.0157241094857454,0.0710396245121955,-0.0841361880302429,0.1203342601656913,-0.0061330376192927,0.1216321140527725,0.1658848524093628,0.03770038112998,0.1155399158596992,-0.1149233728647232,0.1092483550310134,0.0387632139027118,-0.1636661291122436,0.034072458744049,-0.0718767270445823,-0.1320731937885284,-0.0205484461039304,-0.0225054044276475,-0.0342501737177372,-0.0944280177354812,-0.0624259933829307,0.1329057365655899,-0.0085572097450494,0.1026815474033355,0.0738615170121193,0.0260752774775028,0.1153939440846443,-0.1262258142232895,0.0483462810516357,0.1324418485164642,0.053829152137041,-0.047995887696743,0.0670739859342575,-0.0576680488884449,0.0484792180359363,0.0742982476949691,-0.142595425248146,-0.0918489396572113,0.0861502513289451,0.1583689153194427,-0.1252342462539672,0.0629078298807144,-0.1340359449386596,-0.0785339400172233,-0.0943152531981468,0.0549454763531684,0.1349556148052215,-0.0199417993426322,0.1095427572727203,-0.0217835213989019,0.0222301874309778,-0.1037483736872673,0.0463791824877262,-0.1192096248269081,0.0253395363688468,0.1236623302102088,-0.1573472768068313,-0.1082814410328865,0.0157057512551546,0.00909124314785,-0.068678505718708,0.059987835586071,-0.1554852873086929,0.0938886925578117,-0.0913603827357292,-0.1364626735448837,-0.1563650667667389,-0.0824119076132774,0.0647733956575393,0.0945985168218612,0.0449272617697715,-0.0055817319080233,0.0351287648081779,0.0884967744350433,0.0932367369532585,-0.0819149166345596,-0.042778730392456,0.1188776865601539,0.1321828961372375,-0.0587613545358181,-0.007855880074203,-0.0205938555300235,-0.0231376867741346,0.0686959251761436,-0.0138513557612895,0.0243652779608964,-0.1182653978466987,0.020978208631277,0.1316679120063781,-0.0494108833372592,-0.0243343692272901,-0.0267769694328308,0.0523613765835762,0.0978333204984664,0.0700865760445594,-0.0171223692595958,-0.0325172841548919,0.0868391916155815,0.0261302310973405,0.0521367564797401,0.1458043754100799,0.038020797073841,-0.0861010625958442,0.0316085293889045,-0.0769156292080879,0.0031767201144248,0.1572507470846176,-0.1386252492666244,-0.0434577353298664,0.0496804341673851,0.0315921083092689,0.0150449648499488,0.0266285967081785,0.1602392345666885,-0.0784444287419319,-0.0706228390336036,-0.0668768584728241,-0.1312537193298339,-0.0839341059327125,0.0784706249833107,0.0457946136593818,-0.0001653416256885,-0.091322511434555,-0.0516796074807643,-0.0753103569149971,0.0898627713322639,0.0187513753771781,0.1032594889402389,0.1418529003858566,0.1661848723888397,-0.0354291461408138,-0.0904925540089607,0.1346266716718673,-0.0048852767795324,-0.1223306879401207,-0.1034822240471839,0.1032177880406379,0.0621441230177879,-0.0922785252332687,-0.1142796277999877,-0.1342927664518356,-0.1108991876244545,0.0970676243305206,0.111695758998394,-0.0472191460430622,-0.0773967504501342,0.0180037561804056,0.0659987404942512,0.0152460047975182,0.1232782527804374,-0.0322056859731674,-0.0711311995983123,0.0015876463148742,0.1064687967300415,0.064533032476902,0.0203164145350456,-0.1480118483304977,0.092402346432209,0.1511583179235458,-0.0416455566883087,0.0738063380122184,0.0004909473354928,0.1390300244092941,0.0242863874882459,-0.097602903842926,-0.1004794910550117,0.0789830163121223,0.0618822835385799,0.1670387834310531,-0.0566653423011302,-0.0605652779340744,0.1269383430480957,-0.0467709600925445,0.0321190059185028,-0.0517247654497623,-0.0398717187345027,-0.0394500195980072,0.0172204542905092,-0.1061628833413124,-0.0054787802509963,0.0365413911640644,0.0172765646129846,0.0187577288597822,0.0677269175648689,-0.005562616046518,-0.1097283586859703,0.1075171530246734,-0.0668197348713874,0.0694332346320152,-0.0872133448719978,0.1351584643125534,0.1194589063525199,-0.1577251851558685,-0.1314436346292495,-0.0899576917290687,-0.0124577414244413,-0.0199802070856094,0.025583965703845,-0.1477614194154739,0.0667444467544555,-0.122397743165493,-0.006046010646969,0.0868179872632026,-0.0917175635695457,0.0538321733474731,-0.0253189131617546,-0.0950365960597992,0.1159046217799186,0.0843708589673042,0.0502140223979949,-0.128270611166954,-0.1165651753544807,-0.02203462831676,0.0212347488850355,-0.0340825542807579,0.0534759052097797,-0.0771654546260833,0.0354741849005222,0.0761914327740669,0.0731797963380813,0.0367535650730133,-0.0495906881988048,0.1087216809391975,0.156036764383316,0.0741059780120849,0.0298259928822517,0.0780040994286537,-0.0461190640926361,-0.1370943039655685,-0.1058418080210685,0.0322626940906047,-0.1641735732555389,0.0644394904375076,-0.0939472392201423,0.1651932448148727,-0.0962975919246673,0.1057303845882415,-0.1275315433740615,-0.05462596565485,-0.1239596903324127,-0.0442003048956394,0.0524168163537979,0.0178135763853788,0.1201826781034469,0.1234048157930374,-0.0021595887374132,0.105421058833599,-0.1029084399342536,0.0237504243850708,0.0268164742738008,AQTIZCOEOGJLMO-UHFFFAOYSA-N,CCOCCn1cnn(C(C)(C)C)c1=O
-0.0264238789677619,-0.0235370881855487,0.0973032340407371,0.0950240865349769,0.0973025634884834,-0.0563300214707851,-0.0973032340407371,-0.0972924903035163,0.0962109938263893,0.0967928171157836,0.0973026901483535,-0.0954596027731895,0.0973020642995834,0.097303383052349,-0.0972973629832267,-0.0972776263952255,-0.0972329080104827,-0.0972410961985588,-0.0926018953323364,0.0973028466105461,0.0752404853701591,-0.03580242395401,0.0973017960786819,-0.097299076616764,-0.097207985818386,-0.0972951725125312,-0.0973032191395759,-0.0920059904456138,-0.0933452621102333,0.0960777029395103,0.0421273671090602,-0.094816654920578,0.0419619716703891,-0.0973033607006073,-0.0639491006731987,-0.0964680016040802,-0.0821703523397445,-0.0897750779986381,-0.0973025113344192,0.097097635269165,-0.0972881913185119,0.0931837186217308,-0.0961813032627105,0.0949558243155479,-0.0972418338060379,-0.0968323424458503,0.0973033457994461,-0.0966977402567863,-0.0201348662376403,0.0882275998592376,-0.0413074120879173,-0.0972457826137542,-0.0592964105308055,0.0972978696227073,0.0972032845020294,0.0965782105922699,0.089640162885189,0.0973033457994461,-0.0973030477762222,0.097303383052349,-0.0973031893372535,0.0973032638430595,0.084044374525547,-0.0354451164603233,-0.0943403169512748,0.0953224748373031,-0.0973033383488655,0.0851998403668403,0.0956958308815956,-0.0896404236555099,-0.0883147716522216,0.0972901284694671,0.0926233679056167,-0.0391998589038848,0.0939611569046974,-0.097303383052349,-0.0629860982298851,-0.097303383052349,-0.097208984196186,-0.07095917314291,-0.0768574625253677,0.0251948833465576,0.0973030850291252,0.0944548323750495,-0.0972937420010566,0.0964239090681076,0.0966790989041328,0.0972901582717895,-0.0773105323314666,0.0730971619486808,-0.0681680291891098,0.0969598591327667,0.0972570031881332,-0.0112308990210294,-0.0973022729158401,0.0972000807523727,0.0914955735206604,-0.0970985144376754,-0.0961534827947616,-0.0739581361413002,0.0970975533127784,0.0627556145191192,-0.0953144282102584,0.0969700142741203,0.0246441848576068,0.097049705684185,0.097302958369255,0.0971748903393745,0.0970775783061981,-0.0192256681621074,0.0972946658730506,0.0973033681511879,-0.0972231924533844,-0.0968274921178817,0.0961387008428573,0.0972939506173133,0.0819817185401916,-0.0888623744249343,0.0973030403256416,-0.0973033756017685,-0.0972372218966484,-0.0940940901637077,-0.09687240421772,0.0881893634796142,-0.0141647616401314,0.0916962847113609,0.0973017141222953,-0.0972678437829017,0.0936656147241592,-0.0459169596433639,-0.0937109664082527,0.0937109366059303,0.0937042385339737,0.0866267085075378,-0.0937109589576721,-0.0935033410787582,0.0830698013305664,0.0935743004083633,0.0937109664082527,0.0937101542949676,-0.0920350924134254,0.0923984721302986,0.0456015318632125,-0.0890107005834579,-0.0932063609361648,-0.0936172977089881,-0.087249256670475,-0.0937109664082527,-0.09323051571846,-0.0770906433463096,0.0874146968126297,0.092053934931755,-0.0916637480258941,0.0937109589576721,0.0937035381793975,0.0937109664082527,0.0892262831330299,-0.093693122267723,-0.0937016531825065,-0.0934009850025177,-0.0936715602874755,-0.0937109142541885,0.0867067947983741,0.0856180489063263,0.0497070550918579,0.0707892775535583,-0.0937078744173049,0.0936764776706695,-0.0936940163373947,-0.0937099903821945,-0.0937109664082527,0.0843961462378501,0.0877671018242836,-0.0937109664082527,0.0936698466539383,0.0081696212291717,0.018883379176259,0.093709722161293,-0.0917246043682098,-0.0935883969068527,-0.0936427265405654,0.0937107354402542,-0.0931003615260124,-0.0936714336276054,-0.0162386782467365,0.0807390585541725,0.0936640948057174,-0.0928485393524169,0.0936005413532257,-0.0937107726931572,0.0791814848780632,0.0937087088823318,0.0937109142541885,0.090908333659172,0.0937109664082527,-0.0937109664082527,-0.0921968892216682,-0.0924197882413864,0.0937007814645767,-0.0929455682635307,0.0937109664082527,-0.0894665196537971,-0.093697190284729,-0.0937107950448989,0.0187388639897108,0.0937074944376945,0.0932327061891555,0.0323914140462875,0.0936202481389045,0.0936415791511535,0.0934863463044166,-0.0933281332254409,-0.0937109142541885,0.0936905890703201,0.093709148466587,-0.0914235934615135,-0.0937109664082527,0.0759747400879859,-0.0936984792351722,0.0612850338220596,0.0935134962201118,0.09370968490839,0.0937109515070915,-0.0936406031250953,-0.0916345044970512,0.0937109664082527,-0.0935885086655616,0.0931292846798896,-0.0891347527503967,-0.0937102660536766,0.0755345374345779,0.0937109664082527,-0.0937108919024467,-0.0937098339200019,-0.0937109664082527,0.0937105268239975,-0.0937097072601318,-0.0936983227729797,-0.0393306836485862,-0.0918278843164444,-0.0937106683850288,-0.0841204449534416,-0.0937109664082527,-0.0936814844608306,-0.0937089025974273,0.0937100425362587,-0.0494060069322586,-0.0937109664082527,-0.0937095060944557,0.093685083091259,0.0898153185844421,0.0647466480731964,0.0937107875943183,-0.0937106907367706,-0.0937109589576721,0.0928937494754791,0.0947323516011238,-0.0937298089265823,-0.0850150734186172,0.0948428735136985,-0.0854505449533462,-0.0949258804321289,0.0780781358480453,0.0152409495785832,0.0869856178760528,0.0891099944710731,0.0886087641119957,-0.0947868898510932,-0.0949258804321289,-0.0949258804321289,-0.0143218338489532,-0.0893718749284744,0.0949243530631065,0.0949231386184692,-0.0949255898594856,0.0936317965388298,-0.0949258804321289,0.0948397293686866,-0.09422168135643,0.0946680232882499,0.010412030853331,-0.0737928971648216,0.0949237048625946,0.0949147343635559,-0.0949230343103408,0.0180434919893741,-0.0948767140507698,-0.0949222892522811,0.0949245169758796,-0.0949258804321289,0.0948817804455757,-0.0941304564476013,0.0275877434760332,-0.0912998989224433,0.0947903841733932,-0.0947995707392692,-0.0948783233761787,0.0949165672063827,0.087924025952816,0.0931713655591011,-0.0721807777881622,0.0949255749583244,0.093703381717205,0.0100849624723196,-0.0787604823708534,-0.094825379550457,-0.0851388946175575,0.0949257984757423,0.0638479962944984,-0.0947905033826828,-0.0826455578207969,-0.0949156656861305,0.0914968401193618,-0.0949221327900886,0.0625834539532661,0.0296197924762964,0.0724155157804489,-0.094854824244976,0.094923160970211,-0.0807994380593299,0.0949258133769035,0.0941621512174606,-0.094925582408905,-0.0943498238921165,0.0949207618832588,0.0949189290404319,-0.0948342382907867,-0.0949258804321289,-0.091978520154953,0.0949224680662155,0.0949257239699363,-0.0949258804321289,-0.0949079468846321,0.0949258804321289,-0.0947651788592338,-0.0948683321475982,-0.0945312157273292,0.0766077861189842,0.0945644751191139,-0.0949234962463378,0.0391198806464672,0.0919540375471115,0.0949258804321289,-0.0934984609484672,-0.0722906962037086,-0.0612554177641868,-0.0722209364175796,0.0949258282780647,-0.0949091985821724,0.094759464263916,0.094898521900177,-0.0866702646017074,0.0679605901241302,0.0949255153536796,0.0949246063828468,0.0892196074128151,-0.0949257016181945,-0.0838102772831916,-0.0890008062124252,-0.0949178114533424,-0.0949002802371978,0.0949258804321289,-0.0949254482984542,0.0689501464366912,-0.0947993174195289,0.0723353028297424,-0.0943705067038536,0.0934019088745117,0.0878132060170173,0.0949258804321289,0.0947826653718948,-0.0948824286460876,-0.0938285887241363,-0.0948903337121009,0.0949147269129753,0.0948937535285949,-0.0875706896185875,-0.0949251875281333,0.0949244350194931,-0.0949247851967811,0.0947970673441886,0.0949004888534545,0.0943455249071121,-0.0928987264633178,-0.0010831379331648,0.0871036723256111,-0.0636896714568138,0.0463091768324375,-0.0830761417746543,0.050953671336174,-0.0976469218730926,-0.0340998992323875,0.0244403462857007,-0.1156919300556182,0.0187880508601665,-0.1200301349163055,0.0963438600301742,-0.0547393374145031,-0.0746637359261512,-0.0642555579543113,-0.1141727045178413,-0.1225806400179863,0.1312023997306823,0.0920547842979431,-0.0865061059594154,0.0801821500062942,0.1259622871875763,-0.0061442400328814,0.1252792030572891,-0.0829874277114868,-0.1083124130964279,0.0640816017985344,0.0484746918082237,-0.1217654645442962,0.1115380972623825,0.0974015295505523,0.0212516896426677,0.0688115581870079,0.1096903532743454,-0.102524496614933,-0.0297507550567388,-0.048095017671585,0.0931024327874183,0.1182206496596336,0.1014368087053299,-0.114184983074665,0.0816191136837005,-0.1184863746166229,0.1201864331960678,0.0993234440684318,0.0142459208145737,0.0974134653806686,0.0701085552573204,-0.0071791955269873,-0.0189125686883926,0.0809889286756515,0.0384277142584323,-0.0696793645620346,-0.0882320553064346,-0.0528260432183742,0.0543567426502704,0.0865139663219451,0.0165860410779714,0.1309616267681121,0.07685486972332,0.0615644119679927,0.1274674236774444,-0.0276143793016672,0.1204561442136764,-0.0717273578047752,-0.0987719148397445,0.0616019628942012,-0.0764576196670532,0.1084967851638794,-0.0344834700226783,0.0793325379490852,-0.1045488491654396,-0.0336860343813896,-0.0997288227081298,-0.1160627678036689,0.0831781849265098,-0.0993284210562706,-0.1017015576362609,-0.0721810534596443,0.1196433454751968,0.100023441016674,0.0436652712523937,-0.1245380192995071,0.0299881417304277,0.1221146360039711,-0.1231771931052208,0.1309442818164825,0.1297480165958404,0.0229403544217348,0.1020735651254654,0.1066575050354003,-0.1141641288995742,-0.1082555726170539,-0.002817707369104,-0.0894900560379028,0.1099819242954254,0.121957778930664,-0.0311764739453792,-0.0585477910935878,-0.1177567318081855,0.0513674281537532,0.0555544905364513,0.0279968623071908,0.0775642171502113,0.0950910747051239,0.1007217019796371,-0.0917955636978149,0.1313769817352295,0.0279384329915046,-0.1172175928950309,0.0602191351354122,0.1247930452227592,0.0880831852555275,0.0322465747594833,0.0602862238883972,0.1175246015191078,-0.0863794684410095,-0.1179122254252433,0.0359056033194065,-0.1163739338517189,0.0340844392776489,-0.111806996166706,-0.1032464951276779,-0.1071802079677581,-0.1093630343675613,0.0590832345187664,0.0355025380849838,-0.1037208288908004,0.1305190026760101,0.1210138127207756,-0.1309685707092285,0.0652126148343086,0.0404047220945358,0.1310764253139495,-0.0101519962772727,0.1103872507810592,-0.0235660225152969,-0.0728471577167511,0.0405719056725502,0.0957570970058441,0.1304595619440078,-0.0820625722408294,-0.018155749887228,0.1145865991711616,-0.1075724884867668,-0.0266776643693447,-0.0122445560991764,-0.0081491312012076,-0.0677350163459777,-0.1048600152134895,0.1031958982348442,-0.1207271963357925,0.1264956593513488,-0.1237743571400642,0.1148956939578056,-0.1316174566745758,0.0557682886719703,0.1125113815069198,0.1108497902750969,0.086302526295185,-0.0674704313278198,-0.0558837465941906,0.0590293705463409,0.079836182296276,0.0892707109451294,0.023651024326682,0.1101722419261932,-0.0195567123591899,0.119234949350357,-0.1276117712259292,-0.0554284118115901,0.092099018394947,-0.0875686332583427,-0.1132033988833427,-0.082096017897129,-0.104253202676773,-0.0880418419837951,0.0719934701919555,0.1259156018495559,0.1175327375531196,-0.0496136210858821,0.1085446551442146,-0.0569541826844215,-0.0655704215168953,-0.095558151602745,0.1199628934264183,0.1024456918239593,-0.1103991717100143,0.0961164534091949,0.0986126810312271,0.1280554234981537,-0.0685752108693122,0.0685105547308921,-0.0443021729588508,0.0766296833753585,-0.0772502720355987,0.038848653435707,0.0096434513106942,-0.0703442022204399,0.0025256741791963,0.0731083303689956,0.1003174781799316,-0.1298709958791732,-0.0271660052239894,-0.0890812873840332,-0.0301139429211616,-0.0665247738361358,0.0633844584226608,0.0170510970056056,-0.0826090201735496,0.1008022055029869,-0.0874224975705146,-0.0096137775108218,-0.0398437827825546,-0.1197441518306732,0.0316408835351467,0.1304759085178375,-0.0532357022166252,0.0365105643868446,-0.1318212300539016,-0.0009541805484332,0.1249286904931068,0.0360188893973827,0.1185753718018531,-0.0699586495757103,-0.0052364505827426,0.0347893573343753,-0.0625747218728065,-0.0573871321976184,-0.1027986109256744,0.0599228776991367,0.0587659813463687,0.1258375793695449,0.1136376410722732,0.1011052727699279,-0.0642142817378044,-0.0826834291219711,-0.1270002424716949,0.0711331591010093,0.1222554519772529,-0.076357215642929,0.0098107736557722,-0.0287725534290075,0.1250747442245483,-0.1218637526035308,0.11309564858675,0.0671012476086616,-0.1205659508705139,0.0888359323143959,-0.1024189293384552,-0.0616014935076236,-0.1221362426877021,-0.0732582807540893,-0.0784079879522323,-0.0979163944721221,-0.0522712469100952,0.0823076590895652,-0.0050859809853136,-0.0489845722913742,0.0304018091410398,0.0624519139528274,0.15818652510643,0.1498923152685165,-0.1160160675644874,0.0427810065448284,-0.0076610315591096,-0.0598873011767864,-0.0158870872110128,-0.1339412927627563,0.1102720648050308,-0.027857307344675,0.0732596591114997,-0.1317204684019088,-0.0762037485837936,-0.161624789237976,-0.0117142871022224,0.0888878405094146,-0.1043574959039688,-0.0852419808506965,0.0375831499695777,-0.0145179759711027,-0.0120749501511454,0.0396211221814155,0.0383437164127826,-0.1664133071899414,0.0323477759957313,-0.0559142120182514,-0.0063661839812994,-0.0078293420374393,-0.0978786125779151,0.1131495386362075,0.0780737325549125,-0.0230602249503135,-0.0220996104180812,-0.1057535484433174,0.0721126720309257,0.0780722722411155,-0.1416523605585098,-0.1193823218345642,0.0509610138833522,-0.0699721798300743,0.0433433465659618,0.0382355190813541,0.0980070903897285,-0.0624532364308834,-0.1637234985828399,0.0913885459303855,-0.0830093771219253,0.1026374101638794,0.0880090445280075,-0.1387477666139602,-0.1364687234163284,-0.1170381978154182,0.0450659655034542,0.1205197274684906,0.0717103704810142,-0.0137519892305135,0.11724653840065,-0.0059824073687195,0.1455744355916977,-0.1139321029186248,-0.0468853488564491,-0.0801836624741554,0.1314479559659958,0.049908697605133,0.0069373091682791,0.0480755344033241,-0.0012920004082843,-0.0409760810434818,-0.1326020807027816,-0.0849052295088768,-0.020134774968028,-0.0482838116586208,-0.0311020072549581,-0.1244298294186592,0.0664883777499198,-0.1045748069882392,-0.0501136146485805,-0.0013121046358719,-0.1368156671524047,0.1451110541820526,-0.0947819873690605,-0.07718425989151,-0.0660794079303741,-0.0852021500468254,0.0269174221903085,0.0351750515401363,-0.033627700060606,-0.0049137119203805,-0.1404691040515899,0.098085731267929,0.120500236749649,0.1590297669172287,0.0372463390231132,0.0697162374854087,-0.0381830111145973,0.0138194132596254,0.0913012847304344,0.0958409830927848,-0.0300974529236555,0.1222885102033615,0.0832395255565643,0.0367420762777328,0.0894103497266769,-0.0335827320814132,0.0311918053776025,0.0478165298700332,0.148386150598526,-0.0681272521615028,0.0590937696397304,-0.0975896641612052,-0.0759472995996475,-0.149062380194664,0.0227950513362884,-0.0848591402173042,0.1042412668466568,0.1636103242635727,0.1468235105276107,-0.0836192369461059,-0.0069606103934347,-0.1040122136473655,0.1633957773447036,0.0413755476474761,GYHYYJKNPRDFOC-UHFFFAOYSA-N,CCc1noc(C)c1C(=O)Nc1cccnc1
0.1085506603121757,-0.0482110455632209,0.083316721022129,0.027565199881792,0.0944777429103851,-0.0400000363588333,-0.1139311864972114,-0.1103105843067169,-0.0456756353378295,0.1125270649790763,-0.0250726044178009,-0.0323868356645107,0.1129064187407493,0.1138344332575798,-0.1140283867716789,-0.0025771167129278,-0.019231105223298,-0.1112255826592445,-0.0900220796465873,0.0877164751291275,-0.1127887442708015,0.0576796308159828,0.114074021577835,-0.0926165506243705,-0.077430211007595,-0.1140330880880355,-0.1068997159600257,0.1069646403193473,0.1048734486103057,-0.1111961156129837,0.0984878465533256,-0.1123159974813461,0.008271743543446,-0.1139789149165153,0.101458691060543,-0.1096676886081695,-0.1091691106557846,-0.0901615917682647,-0.1085067614912986,-0.0849322378635406,-0.1128085479140281,0.0460002720355987,-0.1088052839040756,0.0843910202383995,-0.1126623004674911,-0.11393803358078,0.1129060164093971,-0.1099203526973724,-0.1126725673675537,0.0066716619767248,0.0221697501838207,-0.042885348200798,0.0715865343809127,0.106645181775093,0.1048812642693519,0.066771887242794,0.0641203299164772,0.0199126005172729,-0.1129704266786575,0.1115286871790885,-0.1139895170927047,0.1140573546290397,-0.1076912507414817,-0.0794039070606231,-0.1026991233229637,0.1140759959816932,-0.1134037226438522,-0.0373176001012325,-0.0253740884363651,-0.1109945997595787,0.0989862531423568,0.1060248985886573,-0.1091901585459709,0.113161452114582,0.0099025396630167,-0.114078901708126,-0.0996446013450622,-0.1117209866642952,-0.1061525121331214,0.098194345831871,0.0851279944181442,-0.0078273704275488,0.0771518051624298,0.1101220995187759,-0.1077529788017273,-0.0567887648940086,0.0701657980680465,0.1040448993444442,-0.064300499856472,0.0589294768869876,-0.093544878065586,-0.0639663711190223,0.1081764250993728,0.0519696287810802,-0.0993586555123329,-0.1048987954854965,0.1125622987747192,-0.0974035337567329,-0.0366978012025356,-0.0083815669640898,0.0746872425079345,-0.0463124439120292,0.0698652863502502,0.0163339544087648,0.072269968688488,0.1079383939504623,0.0870692878961563,0.0483781471848487,-0.0125640137121081,-0.0225898083299398,-0.0831241607666015,0.0667628943920135,-0.0089980661869049,-0.1129178777337074,0.0953386276960372,0.1131375133991241,0.0959011614322662,0.1137214973568916,0.1137295439839363,-0.114002950489521,-0.0895819962024688,-0.0990438982844352,-0.0442279577255249,0.0068639246746897,0.0058234641328454,-0.0562130138278007,-0.0142263751477003,-0.0912078469991684,0.0690824687480926,0.0671526491641998,0.040990125387907,0.1088388189673423,-0.1088313162326812,0.082646831870079,-0.097589373588562,-0.042436558753252,0.1074765622615814,0.0012353543424978,0.067930482327938,-0.0442098006606102,0.0448582023382186,0.0814627632498741,-0.0960804149508476,0.10594093054533,0.1041882559657096,-0.0475425571203231,0.1090571135282516,-0.0151383690536022,0.0302021913230419,0.0931596532464027,0.1087943390011787,0.1020183190703392,-0.1083858832716941,0.0678391605615615,-0.1091194003820419,0.0289430934935808,0.0094954269006848,-0.0921175330877304,0.0550838373601436,0.0195995327085256,0.0915840417146682,0.0488975159823894,-0.0580481626093387,-0.1054263412952423,0.102010540664196,0.1091303601861,0.0925385355949401,0.0727573931217193,-0.1002266258001327,-0.1037199646234512,-0.1088786944746971,-0.0027508325874805,-0.1068021804094314,0.1082456111907959,-0.1046980246901512,0.1057978570461273,0.1086537986993789,0.1054046303033828,-0.074099600315094,0.1090290918946266,-0.1080427393317222,0.1090958788990974,0.1047594249248504,-0.0579772591590881,-0.0219122022390365,0.1091270744800567,0.1041845753788948,0.1079585775732994,0.1040441915392875,0.0770773589611053,0.1031464785337448,-0.1054060012102127,-0.1086822673678398,-0.0948449522256851,0.0104627003893256,-0.0352814719080925,-0.0889020338654518,-0.0993720516562461,-0.0660096257925033,-0.0813526138663292,0.1077141240239143,0.1084026247262954,0.0728387385606765,-0.0998533740639686,-0.0427228659391403,0.0915158316493034,0.0749045833945274,-0.105999544262886,-0.1090315207839012,-0.0540586449205875,-0.0981649607419967,0.1073128208518028,-0.0199924036860466,0.1029578074812889,0.1032519340515136,-0.1086343452334404,-0.1090462580323219,0.0981682762503624,-0.0169102046638727,0.0053252172656357,0.1045291721820831,-0.0621283426880836,0.1090479716658592,0.1052829325199127,0.0955939590930938,0.1085585802793502,0.0092291831970214,0.027736272662878,-0.1083614602684974,0.0867477357387542,-0.1091172844171524,0.0779617130756378,0.1089421436190605,0.1089667826890945,-0.1069369465112686,-0.1090583428740501,0.1085040494799614,0.1088693812489509,0.1037432923913002,0.0780801996588707,-0.038149606436491,0.0818093568086624,-0.1086799427866935,0.0666454434394836,0.1005913913249969,-0.0978443548083305,-0.1067543253302574,-0.1084540635347366,-0.0304384026676416,-0.1012742444872856,-0.0256270598620176,0.1076200157403945,0.0684226006269455,0.1060598716139793,-0.0924727991223335,-0.0586897023022174,0.096132256090641,-0.1051079928874969,0.0416569449007511,0.0961500406265258,-0.0970543697476387,-0.095638170838356,-0.1046492233872413,0.0315796472132205,-0.1006058156490325,0.1077744513750076,0.1082854270935058,-0.1045295372605323,-0.1062323823571205,-0.1084735468029975,0.073560357093811,-0.0050454218871891,0.0596778579056263,0.1030567809939384,0.0771372392773628,0.1069056913256645,0.020831249654293,0.06201833486557,0.0968670547008514,0.0884424000978469,-0.0495358482003212,0.0594432614743709,-0.1012472435832023,-0.1080861091613769,0.1080417111515998,0.1038790047168731,-0.0093220919370651,0.0025933342985808,-0.1082835644483566,-0.0467666238546371,0.0234372969716787,0.1009451225399971,-0.0914308652281761,-0.1083253696560859,-0.0261777322739362,0.1082696318626403,0.1055467277765274,0.0047194142825901,0.0809380412101745,-0.0714837536215782,0.1075383275747299,0.0906040966510772,-0.0716943442821502,0.1073557287454605,0.1029019132256507,0.1025487706065177,-0.0266790203750133,-0.1021143347024917,-0.1013529449701309,0.1061296090483665,0.0887881740927696,-0.0145788677036762,0.0074263270944356,0.1081285551190376,0.1070387810468673,0.0754595398902893,-0.0847350880503654,-0.1020796969532966,0.1062492355704307,-0.0735230147838592,0.0824816897511482,0.1083900704979896,-0.0816232785582542,-0.0705716088414192,0.1076027825474739,0.0945454910397529,-0.0031409827060997,0.0478039868175983,-0.0891670137643814,0.1029731258749961,0.1070638969540596,0.1065645143389701,0.0541530176997184,0.1084896475076675,0.1014310047030448,-0.0926708579063415,-0.1048452481627464,-0.0529199093580246,0.1081189513206482,-0.0220139510929584,0.0424514152109622,-0.0949255749583244,0.1022086590528488,-0.1067676544189453,0.0686553195118904,-0.1084840819239616,-0.1085339188575744,-0.0330718085169792,0.0888522490859031,0.1082146614789962,-0.0548025034368038,-0.106206364929676,-0.0386135317385196,-0.1072007492184639,0.0912240594625473,-0.0605916641652584,0.0966147035360336,0.0502235256135463,0.103924348950386,-0.1085088774561882,-0.1009505316615104,0.1085164844989776,-0.0989078059792518,0.1049092188477516,0.1083672195672988,0.0568091943860054,-0.1028612703084945,0.1084172427654266,0.0933111682534217,0.1083114221692085,-0.1041523516178131,-0.0922055765986442,-0.0895059630274772,-0.0899053588509559,-0.0597561337053775,0.1034749448299408,0.1085105314850807,-0.1085207462310791,-0.0252752155065536,0.106878824532032,-0.0488321483135223,0.0843210965394973,-0.0643964782357215,-0.1077826768159866,-0.0261967070400714,0.0064889090135693,-0.0774806886911392,0.1059405133128166,-0.1118787005543708,0.1218075379729271,-0.1234793439507484,0.0391820631921291,-0.0212202426046133,-0.1210689321160316,0.0670845657587051,0.1120310574769973,0.0756958201527595,0.102728396654129,-0.0281205158680677,-0.0180903505533933,-0.0430584959685802,-0.0572109632194042,-0.0519032888114452,0.0723027288913726,-0.0768668875098228,0.0191801972687244,0.0039569842629134,-0.0444469414651393,-0.1063540950417518,0.1198443546891212,-0.088567167520523,-0.0846092849969863,0.0927107259631156,-0.1165051683783531,0.0918272584676742,0.0976035892963409,-0.0595751516520977,0.1050831377506256,0.075803168118,0.0140778832137584,-0.0776037648320198,-0.1256520450115203,-0.1250243782997131,0.0666697025299072,-0.0381637662649154,-0.0099162328988313,-0.0557873398065567,0.0893368571996688,-0.0560283400118351,0.1172179877758026,0.1059461012482643,0.1266093552112579,0.1076663509011268,-0.1170945465564727,-0.1112616211175918,0.0994224175810813,-0.1227858662605285,0.1207825914025306,0.0190890356898307,0.0551853328943252,0.1125075295567512,0.1256028562784195,0.0314197279512882,0.0883386954665184,0.0072776768356561,0.1116161197423935,0.1255060732364654,0.1118980273604393,0.119980476796627,-0.0735742375254631,-0.0861995741724968,0.0143489800393581,0.1111396476626396,0.0687906444072723,-0.0518217235803604,0.0939560160040855,-0.1125480979681015,0.1241343989968299,-0.1243689134716987,-0.0764322504401207,0.1007480472326278,-0.1200132444500923,0.020348485559225,0.049193512648344,0.1187527850270271,0.0183118544518947,-0.0815052911639213,-0.1160486564040184,-0.0945611968636512,-0.0784799382090568,-0.0991483405232429,0.0672566369175911,0.1205643489956855,0.1255683004856109,0.0617055594921112,0.1117240935564041,-0.0302712582051754,0.0646757632493972,0.0451580546796321,0.0350850336253643,0.0850357115268707,0.11988066136837,-0.0082859983667731,-0.0848922803997993,0.0763668790459632,0.0601665675640106,0.1041742861270904,0.1221784576773643,0.0683297365903854,-0.047630064189434,-0.123684786260128,0.1186428293585777,0.1242414712905883,0.120908997952938,-0.1205526068806648,0.0781784877181053,0.0998927727341651,-0.1224417239427566,-0.013572372496128,-0.0266940146684646,0.0484846383333206,-0.0502011254429817,-0.1217982545495033,-0.1150872334837913,0.0164341628551483,0.1043401136994361,0.0600855275988578,0.0093850810080766,-0.0851491019129753,-0.1220444291830062,0.0856887102127075,-0.0480599217116832,-0.0675030723214149,0.1376390755176544,0.1407735347747802,-0.0791740044951438,0.1376915723085403,0.0911105871200561,0.133350059390068,-0.1069076880812645,0.0541334263980388,0.1015451774001121,-0.1241824626922607,0.1086726114153862,-0.0324137695133686,-0.0175637099891901,-0.0365566536784172,-0.0604142360389232,-0.0839866399765014,0.1101186349987983,-0.1094429120421409,0.1155485734343528,-0.005599258467555,-0.081365205347538,-0.0875562652945518,-0.0195648483932018,-0.0012983651831746,0.023208163678646,-0.0287667252123355,-0.0110732922330498,0.0305705927312374,-0.036498736590147,0.1366071999073028,-0.1067624166607856,0.0950357690453529,0.0761039853096008,0.0625716745853424,-0.1214299350976944,0.1294253915548324,-0.1509032100439071,-0.018513299524784,-0.0462854653596878,0.0490251816809177,-0.078058511018753,-0.0979557111859321,-0.0480044893920421,0.0280208680778741,0.1266837269067764,-0.1392584443092346,-0.1248176246881485,-0.0481391511857509,-0.0294842738658189,-0.0269948430359363,-0.0535646006464958,-0.1111549213528633,-0.0929547846317291,-0.0898709073662757,-0.0964206531643867,-0.0465051867067813,0.0290951747447252,0.0572591014206409,-0.0683879032731056,-0.0533843711018562,0.0145770320668816,-0.045395977795124,0.0834205448627471,-0.1539874076843261,-0.101596713066101,0.0263114944100379,0.0936768278479576,0.0645089969038963,-0.0431399419903755,-0.058761928230524,-0.1393339335918426,-0.1596513837575912,-0.0715235546231269,0.1597500890493393,0.0022134757600724,-0.0119048561900854,0.1020290851593017,0.0360371954739093,0.1584086418151855,0.1344310492277145,-0.0295733828097581,-0.102811262011528,0.1655935794115066,0.0311023034155368,-0.1007391586899757,0.0784184858202934,0.1027154773473739,-0.1027651354670524,-0.0588456876575946,-0.1210659220814704,0.0310715399682521,-0.1578950881958007,-0.0697119832038879,0.1305316239595413,0.0152922123670578,0.1279490441083908,-0.0194693878293037,0.0145729053765535,-0.0659966394305229,0.0135122947394847,0.0128188142552971,-0.0134564545005559,0.1028822213411331,0.0026572868227958,0.1200834289193153,-0.05441764742136,-0.036602858453989,-0.0773900300264358,0.0827970579266548,-0.1103385463356971,-0.1178129464387893,0.1512574404478073,0.0334140099585056,-0.0809566080570221,0.131269171833992,0.1461255401372909,-0.0036048789042979,0.097693346440792,-0.0008011983591131,-0.1122322306036949,-0.0985313355922699,0.0294512771070003,0.0576730109751224,-0.093703843653202,0.0179438833147287,-0.0829527899622917,-0.0066524292342364,-0.111737847328186,0.0919608399271965,0.019188679754734,-0.1113520637154579,-0.1104056909680366,0.1136644706130027,0.1010387539863586,0.1066618636250495,-0.0621195994317531,-0.1089311689138412,-0.0796269625425338,-0.1130370199680328,-0.1088179424405098,-0.0987271666526794,0.0482970438897609,0.113513745367527,-0.1132449433207511,-0.1053724363446235,-0.0281111821532249,-0.1103435531258583,0.1127649173140525,0.0771833807229995,0.0218371804803609,-0.1008072048425674,0.112080305814743,0.014625278301537,-0.0206103641539812,0.0812150537967681,0.0141694396734237,-0.1143044307827949,0.0550210513174533,-0.0200671311467885,0.1136537194252014,-0.1124830543994903,-0.0569794736802578,0.0912133231759071,0.1145600751042366,-0.1082051321864128,0.0969021022319793,0.0272856503725051,0.0639534518122673,0.088588960468769,-0.1145903170108795,-0.111042246222496,-0.1031252592802047,0.0558699108660221,0.0931577757000923,0.1035077050328254,-0.0677908733487129,0.0583383105695247,-0.1145452857017517,-0.0756768211722374,-0.1127482801675796,-0.0212882794439792,0.0861449390649795,0.0817100331187248,0.0847061872482299,0.1059423312544822,0.0988554954528808,0.100724771618843,0.1135595589876174,0.111131265759468,-0.0402487628161907,0.0989968702197074,-0.0791355371475219,-0.0876068621873855,-0.0661352649331092,-0.0205223262310028,0.0904384851455688,0.1138492226600647,0.0973754599690437,0.0870842561125755,-0.0959793850779533,-0.114165686070919,0.1041116714477539,0.1083170101046562,-0.0298967231065034,0.1136673390865325,-0.0608728565275669,-0.0099297482520341,0.1140011996030807,0.0493626594543457,-0.0299489609897136,-0.0713307633996009,-0.0707402974367141,0.1063837856054306,0.1096227169036865,-0.0026238379068672,-0.0785912275314331,-0.1094502136111259,0.0372014939785003,0.0347431451082229,0.0040430324152112,0.0096513386815786,-0.0580308325588703,0.0978085473179817,2.3793014406692237e-05,0.0731700956821441,0.1104564294219017,-0.024367056787014,0.0950649976730346,0.0961702689528465,0.1054716408252716,0.1130161359906196,0.0806067138910293,-0.0956986248493194,-0.1129785627126693,-0.1052222698926925,0.0996001884341239,-0.1071023941040039,0.1090083420276641,0.0086350152269005,-0.1104085072875022,0.0353118181228637,-0.1139284372329711,-0.0871327742934227,-0.1132897734642028,-0.1138873025774955,0.0302388705313205,-0.1082038953900337,-0.0982793495059013,0.0423528775572776,0.1037616729736328,-0.0986980646848678,0.0918082669377327,0.0890519618988037,0.0709632784128189,0.1077642887830734,CEDOVDFAPKPYNH-CQSZACIVSA-N,Cc1[nH]c(C(=O)Nc2ccc(C(=O)N[C@H](C)C(=O)O)cc2OC2CCN(C(=O)OC(C)(C)C)CC2)c(Cl)c1Cl
-0.051017627120018,-0.0977974832057952,0.0984957441687583,0.0984956994652748,-0.0980771332979202,-0.0362424962222576,0.0742126181721687,-0.0981118157505989,-0.0984925329685211,-0.0984806343913078,-0.0983860567212104,-0.098495215177536,-0.097921185195446,0.0984700918197631,0.0984942093491554,-0.0605187229812145,-0.0912727266550064,-0.0915906727313995,0.0945887267589569,-0.0808729454874992,-0.0968277007341384,-0.0961895138025283,-0.0632274150848388,-0.0982717052102088,-0.0520615614950656,0.0031205455306917,0.0116081023588776,-0.0817201510071754,-0.0840848162770271,0.093508206307888,-0.0978984087705612,0.0772698745131492,-0.0984945893287658,0.0978899449110031,-0.0984639748930931,-0.0881386920809745,0.0982782617211341,0.0974675491452217,0.0984954237937927,0.0762971490621566,-0.0512028075754642,-0.0973844453692436,0.0930294096469879,0.0917950645089149,0.0984909534454345,0.0984917730093002,-0.0969824343919754,0.0984942689538002,0.07991873472929,-0.0922231450676918,0.0796831101179122,0.0893455892801284,-0.09842000156641,-0.0984863638877868,-0.0984957292675972,0.0868981182575225,0.0984956994652748,-0.0984863638877868,0.0908018052577972,-0.0984926968812942,-0.0984617918729782,-0.0984955132007598,-0.0903435423970222,-0.098495677113533,0.0969756767153739,0.0917111635208129,-0.0983766838908195,0.0783315896987915,0.0984957441687583,-0.0242505725473165,0.0961581394076347,0.0984957441687583,-0.0983407869935035,-0.0984559580683708,0.0984636917710304,0.095776617527008,-0.0937493667006492,0.0957742184400558,-0.0891233310103416,-0.0961633846163749,0.0118884602561593,0.080636091530323,0.0092306593433022,0.0976233929395675,-0.0211416259407997,0.0984956175088882,0.0984814912080764,0.0975189805030822,0.0934908986091613,-0.0972031727433204,0.002742638811469,-0.0951379165053367,0.097937487065792,0.0984545052051544,-0.0848679095506668,-0.0532173290848732,-0.0983975082635879,-0.0984956473112106,-0.0984549969434738,-0.0949486121535301,0.0426390431821346,0.0941486582159996,-0.0984957069158554,0.0623211488127708,-0.0984691232442855,-0.0955384150147438,-0.0980286300182342,-0.0984878987073898,0.0984547212719917,0.0963638052344322,-0.098473884165287,-0.0824693664908409,0.0440440811216831,-0.0527336448431015,-0.0984541550278663,-0.0984957292675972,0.0913883596658706,-0.0984957441687583,-0.096906803548336,0.098495677113533,-0.0772415548563003,0.0029096393845975,-0.0926051959395408,0.0978999584913253,0.0982896089553833,0.0569446384906768,0.0983373001217842,-0.0598113909363746,0.0966159924864769,0.0917522087693214,-0.0966413393616676,-0.0887460261583328,-0.0890602469444274,0.091917797923088,-0.0966429114341735,-0.0966046825051307,0.0966343805193901,-0.0774913504719734,0.0742648690938949,-0.0866933986544609,-0.0966405645012855,0.0954296961426734,-0.0966419950127601,0.0966356173157692,0.0966348424553871,0.044744350016117,-0.0966427996754646,-0.0114002795889973,-0.0914247632026672,-0.0953325852751731,-0.0966431125998497,0.0866673812270164,0.0966215208172798,0.0964555442333221,0.0966049954295158,-0.0949885472655296,-0.0966424122452735,-0.0907704755663871,0.0957866385579109,-0.089221216738224,-0.0636197552084922,0.0428225845098495,-0.0679722353816032,0.0921063795685768,-0.0966423824429512,-0.0966430678963661,-0.0345528721809387,0.0954544246196746,-0.0406841859221458,0.0965946391224861,0.0946631208062172,-0.0946606323122978,-0.0966406092047691,0.0592035613954067,0.0966352745890617,-0.001096308697015,-0.096642792224884,-0.0950896367430687,-0.0767836645245552,-0.0964495241641998,0.067792996764183,-0.0966428071260452,-0.0164488274604082,-0.0966313108801841,-0.0261068977415561,-0.096496544778347,0.0944028720259666,-0.0860128179192543,-0.0966431200504303,0.0386964902281761,0.0966149792075157,-0.0819843485951423,0.0966431125998497,-0.0966426059603691,0.0966158434748649,0.0936154574155807,-0.0897229611873626,-0.0963728502392768,0.0937400683760643,-0.0966153368353843,-0.0726327002048492,-0.0958250313997268,0.0834178477525711,0.0877314656972885,0.0954528003931045,0.0966330617666244,-0.0963306650519371,-0.0963075384497642,-0.0961251631379127,0.0965259596705436,0.09642294049263,-0.0961861684918403,-0.0964146628975868,-0.0813360288739204,-0.0956600233912468,0.0966289415955543,0.0960446968674659,0.0966251865029335,0.09645626693964,0.0966124981641769,0.0965526700019836,0.0133404973894357,0.0407942049205303,-0.0966417267918586,0.0728291347622871,-0.096621498465538,-0.0966340973973274,0.0966012701392173,-0.0962002724409103,0.0966429337859153,0.0966426357626915,0.0922675281763076,0.0964011773467063,0.0966394990682601,0.0156250800937414,0.0966431125998497,-0.0962220728397369,-0.0004605042922776,-0.0966290980577468,0.0965476185083389,-0.0961096137762069,-0.0930471941828727,-0.0900899916887283,-0.0966427847743034,-0.0958134084939956,0.0908239632844924,0.0966420546174049,0.0966139659285545,-0.0427062064409256,-0.0965882390737533,-0.0854992270469665,0.09654301404953,-0.0945417210459709,-0.0893306508660316,0.0966012403368949,-0.0966328307986259,-0.0918433517217636,-0.0939817950129509,0.0939801558852195,-0.0939325764775276,0.0939819887280464,-0.0939819887280464,-0.089232437312603,-0.0939819663763046,0.0936592519283294,0.0939465165138244,-0.0939816161990165,0.0862346515059471,0.0732253640890121,-0.0928169339895248,-0.0847608670592308,0.0938201174139976,0.093903936445713,0.0860830917954444,-0.0883611738681793,0.0922061875462532,-0.0939410030841827,-0.0939562544226646,0.0939258560538292,0.0439624786376953,-0.0663521066308021,0.0939642637968063,-0.0657064989209175,0.093981809914112,-0.0012758465018123,0.0583597831428051,0.0939819142222404,-0.0935804024338722,0.0891569703817367,-0.0939818695187568,-0.0939817354083061,0.0793785005807876,0.086199015378952,-0.0939585193991661,-0.0867860242724418,-0.0900472700595855,-0.0934135541319847,0.0939819365739822,-0.0756418406963348,-0.0911554396152496,-0.0427506603300571,0.0939708948135376,-0.0737255215644836,-0.0939815416932106,0.093981996178627,0.0937687680125236,0.0872162133455276,0.0939818918704986,0.0938684344291687,-0.093981884419918,-0.0939195677638053,0.0867848247289657,0.0939724370837211,-0.0939818620681762,-0.0939780548214912,0.0939818695187568,-0.0932818576693534,0.093981996178627,0.0937935784459114,-0.0614056140184402,0.079960711300373,-0.0936354026198387,0.0898556783795356,0.0939625725150108,-0.093971736729145,0.0936179682612419,0.0939702689647674,-0.0939815416932106,-0.0428306832909584,0.0939531102776527,0.0900143161416053,-0.0939819291234016,-0.0936892628669738,-0.0938263535499572,-0.0934577658772468,0.0939769074320793,-0.0939814895391464,0.0938751175999641,-0.0929046496748924,0.0934665575623512,0.0930023938417434,0.0888384729623794,0.093981996178627,-0.0938626080751419,-0.0938611775636673,0.0938880294561386,0.093981996178627,-0.0939817801117897,0.0939718708395958,-0.0870530530810356,-0.0859328582882881,-0.0931265354156494,0.0939793437719345,-0.0939277857542038,-0.0939810499548912,-0.0867680385708808,0.0159238092601299,0.0932051017880439,0.0939818173646926,-0.0939135700464248,0.0939816236495971,-0.0939509645104408,-0.0938928797841072,0.065783679485321,-0.093981996178627,-0.093688003718853,-0.0939819887280464,0.065421387553215,0.0939226821064949,-0.0939811691641807,0.093981996178627,-0.0716961771249771,-0.0718022584915161,-0.0939227491617202,0.0939705520868301,-0.0484242253005504,-0.0939818248152732,-0.0359627343714237,-0.0672026425600051,-0.0937166139483451,-0.0939803123474121,-0.0939809456467628,-0.0939806774258613,0.0937361344695091,-0.0134383318945765,-0.0913102626800537,0.1380798518657684,0.0843134298920631,-0.0938816368579864,0.1184720173478126,0.0952391177415847,0.1303079277276992,0.1401923596858978,-0.1031134575605392,0.0381588786840438,-0.1157065108418464,-0.1124347001314163,-0.0244072154164314,-0.0568321943283081,0.0497700348496437,-0.1397184282541275,-0.098387062549591,0.0269681215286254,-0.0877166017889976,0.027660759165883,-0.0340923406183719,-0.0067684068344533,-0.0492620430886745,-0.0450035482645034,-0.04606793820858,-0.0325811728835105,0.0310380086302757,0.0636585727334022,-0.1099880710244178,0.1068972051143646,0.0285645797848701,-0.1314632147550583,0.1018915772438049,0.1007921174168586,-0.0045027821324765,0.0628839656710624,-0.1286269426345825,0.1261222064495086,0.0679475143551826,-0.0312846004962921,-0.062157716602087,0.1309004426002502,-0.103702001273632,-0.0886354222893714,-0.0883484482765197,0.0052515240386128,-0.0087461192160844,0.1379508376121521,-0.1050123870372772,0.0590763315558433,0.0848440006375312,0.020107178017497,-0.0173647031188011,0.0738456323742866,0.0564807802438735,-0.0735979527235031,0.1096497699618339,0.1210279390215873,0.1200355365872383,-0.1295746564865112,-0.0889997035264968,0.101004809141159,-0.0634917020797729,-0.0084414472803473,-0.1271512955427169,0.0129352137446403,0.0299350954592227,0.0681001618504524,-0.0234206169843673,-0.0890921130776405,-0.0794319808483123,-0.1119826957583427,-0.1165281981229782,-0.0085884667932987,-0.0217396300286054,0.0853198245167732,-0.0024016092065721,0.0323892720043659,0.1062080413103103,-0.0088363299146294,0.0165168605744838,0.0728662014007568,-0.1360643953084945,0.1090608835220336,0.0981060042977333,0.049112681299448,0.1380268186330795,-0.0635433718562126,0.02748654037714,-0.0606698915362358,0.1117245703935623,0.037525251507759,0.1365304887294769,-0.0550627820193767,0.0646381005644798,0.1318113356828689,0.1087203845381736,-0.1224874481558799,-0.0257701091468334,-0.0394056029617786,0.0926320180296897,0.1265796273946762,-0.0381375588476657,-0.0924624651670456,-0.0940959826111793,0.0966396033763885,-0.080558955669403,0.139050081372261,-0.0926375910639762,0.1285177916288375,0.067628763616085,0.0114605212584137,-0.0818791538476944,-0.0459896549582481,-0.0488746501505374,0.0673260688781738,0.1211287379264831,-0.0289429426193237,-0.1327510774135589,-0.1207703649997711,0.122975118458271,0.0760839432477951,0.131040334701538,0.1136633902788162,-0.1088854297995567,0.1378262639045715,-0.1195923089981079,-0.1098025143146514,-0.0880141630768776,0.1098305806517601,-0.1025240570306778,0.0868299007415771,0.1036216020584106,0.0965059921145439,0.106143333017826,0.0855232402682304,-0.0800861194729805,0.1015310063958168,-0.1036229878664016,0.1100615859031677,0.0273947473615407,0.093162827193737,-0.1102040410041809,0.1099467054009437,-0.0922032296657562,-0.0914949774742126,-0.1069007590413093,-0.1059215143322944,-0.1102902665734291,-0.0289085023105144,-0.0963893383741378,-0.1048874035477638,0.110334038734436,-0.1073369458317756,-0.0898244306445121,-0.1087451949715614,0.1029310971498489,-0.0980339050292968,0.1103947907686233,0.046975590288639,-0.0262483563274145,0.0039479355327785,-0.0659005567431449,0.0054892944172024,-0.0071311886422336,-0.0719083920121193,-0.0568007752299308,-0.0031681049149483,0.1081672683358192,-0.0285586882382631,0.0561191253364086,-0.0623768232762813,0.0495765097439289,0.1076532155275344,0.0583321116864681,0.031348343938589,-0.1025420874357223,0.104476474225521,0.0951814278960228,0.10982446372509,-0.107004202902317,0.1058359146118164,-0.0084705082699656,0.0798518359661102,-0.0082895923405885,0.0953471958637237,-0.1043624058365821,0.0827099233865737,0.1019289046525955,-0.0805739089846611,-0.0859003588557243,-0.0636916607618331,-0.0874283239245414,-0.0766927599906921,-0.0514305531978607,-0.0261348523199558,0.0892182067036628,-0.1093912422657013,-0.1032291874289512,-0.1032045185565948,-0.1028569489717483,-0.0227642152458429,0.0841505005955696,0.098790667951107,0.1062018796801567,-0.0899834707379341,-0.0249851252883672,-0.1100032106041908,-0.0459167137742042,0.054976437240839,-0.10270656645298,-0.0720173344016075,-0.109899528324604,0.10515608638525,-0.034612201154232,-0.093311570584774,0.1103456392884254,0.1091990917921066,-0.1019823923707008,-0.0957304388284683,0.1018086597323417,0.107805497944355,-0.101597636938095,0.0924135744571685,-0.088630735874176,-0.0991101861000061,0.1043409332633018,0.0930745378136634,-0.072369210422039,-0.0850334614515304,0.040415059775114,-0.0805937275290489,0.1081000789999961,-0.0886502787470817,0.1088272407650947,-0.0526349917054176,0.0942780673503875,-0.0903631746768951,0.0735625848174095,0.0834990069270134,-0.100536823272705,0.1077890843152999,-0.107497714459896,0.1090239956974983,-0.094161108136177,-0.0408568792045116,0.0997301340103149,-0.1098126918077468,0.095788188278675,-0.0918758064508438,-0.108859471976757,0.0143014090135693,0.0926423072814941,-0.1050527840852737,0.0621627382934093,0.0507290288805961,0.0217579249292612,0.1122797131538391,0.0922215580940246,-0.0698806494474411,0.1305020600557327,0.1351209431886673,0.1101753190159797,-0.0103049920871853,-0.073165439069271,0.0771793350577354,0.0255765318870544,-0.1183023825287818,0.0336563885211944,-0.1128853261470794,-0.0268615651875734,0.0915839672088623,-0.1092584207653999,-0.0834118947386741,-0.0182175561785697,0.0933284759521484,0.1048492416739463,-0.0693748518824577,0.0111682275310158,-0.0475251078605651,0.1040764674544334,0.0509506314992904,0.0671799555420875,-0.1181952506303787,-0.0513151995837688,0.1060019209980964,0.1192687675356864,0.0596455931663513,0.0241004601120948,-0.0902192890644073,0.0135574042797088,0.0763156786561012,0.043746069073677,0.0737423300743103,-0.0136983338743448,0.0965808928012847,-0.0810673460364341,0.0716905742883682,-0.0803741142153739,0.1067735105752945,-0.0696140378713607,0.1344166398048401,-0.0896641686558723,-0.0833805799484252,-0.0790894106030464,-0.0135197099298238,0.1144882217049598,-0.1145515218377113,0.0449301712214946,0.1147179082036018,-0.1251895278692245,-0.099340796470642,-0.0326420851051807,-0.1155631095170974,0.0105686364695429,0.0402897968888282,-0.0957160964608192,-0.0779703855514526,-0.059289488941431,0.0960496142506599,-0.0644104704260826,0.0194548144936561,0.0428871475160121,-0.0490776114165782,-0.0934003815054893,-0.1345547884702682,-0.1164409071207046,0.0650620982050895,0.1300918757915496,-0.105402298271656,-0.0945281162858009,-0.1191445663571357,-0.0995761901140213,-0.0684821307659149,0.1156577840447425,-0.1057374030351638,-0.0682647302746772,-0.1023128479719162,-0.056448895484209,-0.1028483659029007,0.0577069409191608,0.0206742361187934,-0.0256340522319078,-0.0159893501549959,0.0144408214837312,0.1332490593194961,0.0458102039992809,-0.027361623942852,-0.0140370959416031,-0.0919428765773773,-0.0397519282996654,-0.0945347025990486,-0.084043301641941,0.1280857920646667,-0.0572686940431594,-0.0985435172915458,0.1288956999778747,-0.0019835194107145,-0.1241379976272583,-0.1041675359010696,0.1145527511835098,-0.1307032257318496,-0.1229047328233718,0.1073712185025215,-0.1074116677045822,0.0463209189474582,-0.1324740946292877,0.1063255071640014,-0.1034330576658248,0.1293147504329681,-0.1357159167528152,0.0610208623111248,-0.0621782429516315,-0.0812575668096542,-0.1068385541439056,-0.0250424109399318,0.10370334982872,0.1421076655387878,0.038189310580492,0.1175767332315445,-0.096041053533554,-0.1044702604413032,-0.1173451915383338,LEAGGQUUKCMBKB-UHFFFAOYSA-N,CCOc1ccccc1CSc1nnc(O)[nH]1
0.0987940281629562,-0.098967358469963,0.0892782881855964,0.0990383625030517,-0.0974583253264427,-0.0744284242391586,0.0990382358431816,-0.0987256094813346,-0.0892565920948982,-0.0980540961027145,-0.0989113450050354,0.0979096740484237,-0.0954070761799812,0.0990379527211189,0.0029414007440209,-0.0989419817924499,0.0319557674229145,-0.0814530849456787,-0.0990226566791534,0.0781801640987396,0.0986855998635292,-0.0232754703611135,-0.0950283929705619,0.099010519683361,-0.0934575870633125,0.0768990814685821,0.0981103852391243,-0.0990388095378875,-0.0128735965117812,-0.0984118655323982,0.086835853755474,-0.0203343443572521,-0.0980053097009658,-0.088154137134552,-0.0977276414632797,-0.0987652763724327,0.0989371389150619,-0.0911865904927253,0.0983271151781082,0.0793250277638435,0.0990389660000801,-0.0955011993646621,-0.0989663228392601,0.0990238636732101,-0.0937158986926078,0.099002681672573,-0.098900556564331,0.0989930629730224,-0.0984786823391914,-0.0873389542102813,0.0839182585477829,0.0894329696893692,0.098904974758625,-0.0412047430872917,-0.0988825261592865,-0.0894267931580543,0.0879100039601326,0.0847664773464202,0.0990335792303085,-0.0990390107035636,-0.097501054406166,0.0984362661838531,0.0983586907386779,-0.0908525362610817,-0.0990134477615356,0.0990389660000801,0.0915055051445961,-0.0987012013792991,-0.0902361720800399,-0.0905217006802558,-0.0858511254191398,0.0990077331662178,-0.0990163311362266,-0.0987826734781265,-0.0080607132986187,0.0964506492018699,-0.0023009860888123,-0.0562290586531162,0.0990369692444801,-0.0690108388662338,0.0885039642453193,-0.0378525257110595,0.0306095499545335,-0.0880495384335517,-0.0963662713766098,-0.0648149624466896,0.0989696681499481,0.0845572128891944,-0.0990226790308952,-0.0990374758839607,0.0985508859157562,0.0990389734506607,0.098897561430931,0.0990388318896293,0.0990389510989189,0.0982584506273269,-0.0582110248506069,-0.0217145550996065,-0.0341606177389621,-0.0920217558741569,0.0500040203332901,0.0136557035148143,-0.0719565078616142,0.0986996218562126,-0.0970944538712501,0.0990184843540191,-0.0990390032529831,0.0990384519100189,0.0899384692311286,0.0985907018184661,-0.0990148484706878,-0.0984566956758499,-0.0941795781254768,0.0843843445181846,-0.0486034862697124,-0.0628150179982185,0.075769804418087,-0.0989950224757194,-0.0988674908876419,0.0990389958024025,0.0989205688238143,0.0986097529530525,-0.0916188582777977,0.0866264924407005,-0.098742201924324,0.0990214049816131,0.0596287585794925,0.0971744507551193,-0.1011370047926902,-0.1007909178733825,-0.1011743247509002,-0.0991204380989074,0.0728207305073738,-0.100396879017353,-5.107995548314648e-06,-0.0528592467308044,0.1011552214622497,-0.0318818911910057,0.0581201277673244,-0.1002419367432594,-0.0843140035867691,0.1003371998667717,0.0167209561914205,-0.0614708475768566,0.0990629270672798,-0.101177304983139,-0.1011781021952629,0.1011703014373779,0.1010680645704269,-0.1011775732040405,-0.1011778265237808,0.101174846291542,0.1011694073677063,0.0546773821115493,0.1010069027543068,-0.1011776551604271,-0.1008703857660293,0.1011109799146652,-0.1011678948998451,0.1011781990528106,-0.0992258191108703,0.1011287122964859,-0.1011756584048271,0.1008499711751937,0.0157964974641799,-0.1011781096458435,-0.1011747196316719,-0.0367088019847869,0.1011190935969352,-0.0999836027622222,0.1001394987106323,-0.10117819160223,0.0991086810827255,0.1011539027094841,0.0958364009857177,0.0597925409674644,0.010402288287878,0.0180470142513513,0.1010931357741355,-0.1011660993099212,0.0861721187829971,0.0864600241184234,0.0086164707317948,-0.1011748686432838,0.0903193950653076,-0.10117819160223,-0.0969673097133636,0.1010987013578414,0.0652826875448226,-0.0134459789842367,0.0926346182823181,0.1002283096313476,0.1011780500411987,0.0175427291542291,0.0191665682941675,0.097097560763359,-0.1007393971085548,-0.1011705249547958,-0.0940703600645065,-0.1011782065033912,-0.0962968245148658,-0.0820850729942321,-0.1008645147085189,0.1011716052889823,0.0619374960660934,-0.0836373567581176,-0.1011630296707153,0.0477794595062732,-0.0827725157141685,-0.0282647181302309,-0.0742493644356727,-0.0360481925308704,-0.0988744273781776,-0.1002645045518875,0.100868135690689,0.1007840409874916,0.1011460721492767,0.0967389345169067,-0.0840758755803108,-0.1010637059807777,0.018369672819972,0.101177841424942,0.0538594275712966,0.0967210158705711,0.1011340096592903,0.0892921388149261,-0.1002708077430725,0.0983447432518005,0.0923887714743614,0.1010082811117172,0.1011724919080734,0.0886337384581565,0.1004969254136085,0.1011426374316215,0.099145770072937,-0.0924235507845878,-0.1010857820510864,-0.1010778993368148,-0.0313372574746608,-0.0594354458153247,-0.1007194221019744,-0.1011769846081733,-0.0813194960355758,-0.0999949276447296,-0.0043174028396606,0.1009256467223167,-0.0780758410692215,-0.100074402987957,-0.1011748686432838,-0.1005071401596069,0.0258193220943212,-0.0956277847290039,0.1011242941021919,-0.0043152933940291,0.1010819151997566,-0.1010496839880943,-0.0963395908474922,-0.0291872415691614,0.0961591899394989,0.0963402688503265,0.0963343456387519,-0.0898188948631286,0.0956296101212501,-0.0963403806090354,0.0257895346730947,0.0502553284168243,-0.0896792933344841,0.0879696235060691,0.0963115692138671,-0.0436135493218898,0.0962679907679557,0.0253816116601228,0.0958387777209281,0.0927911475300788,-0.0963344573974609,0.0883143693208694,-0.0618083104491233,-0.0962947756052017,-0.0766835212707519,-0.0658310055732727,-0.0951032564043998,-0.0937429741024971,-0.0963399782776832,0.0962796881794929,0.0955357328057289,-0.0963382869958877,0.0881942734122276,-0.0663788542151451,-0.096293106675148,0.0963315367698669,-0.0020298194140195,-0.0963367447257042,0.0949787721037864,-0.0961242243647575,-0.094268262386322,0.0963403806090354,0.0790276825428009,0.0963403657078743,0.0960321724414825,-0.096050389111042,0.0921127274632453,0.0963386893272399,-0.0963394120335578,-0.096318207681179,0.0963403433561325,-0.0959232375025749,-0.0963401421904563,-0.0958479568362236,0.0963393002748489,0.0424747690558433,-0.0963377803564071,-0.0963402464985847,-0.0030029886402189,0.0957944020628929,-0.0879206135869026,-0.0858432427048683,0.0961566492915153,0.0963403657078743,0.0963336825370788,-0.0900704264640808,-0.0962017402052879,-0.0878315940499305,0.094784528017044,-0.0766060426831245,-0.0963347852230072,-0.0032537109218537,0.0963397845625877,-0.0717561244964599,0.0952389538288116,-0.0944743677973747,0.0406473539769649,0.0950420126318931,-0.0897107794880867,-0.0891631320118904,0.0708635076880455,-0.0935218706727027,-0.0214363560080528,0.0940108373761177,0.0963060557842254,0.0962990000844001,0.0963400453329086,0.0796633437275886,0.0963401794433593,0.094646044075489,-0.0766968056559562,-0.0962496623396873,0.0934546887874603,-0.0963300988078117,0.0963334962725639,0.0963401198387146,-0.0915996953845024,-0.0963403806090354,-0.0962792783975601,-0.0810429602861404,-0.0963403806090354,0.0947829261422157,0.0963403806090354,-0.0949190482497215,0.0963403806090354,-0.0900750905275344,0.0963243693113327,-0.0961637198925018,-0.066116102039814,0.0831914544105529,-0.0963402986526489,0.0901948288083076,-0.09633469581604,-0.0963393300771713,0.096024677157402,-0.0962443649768829,-0.0963399708271026,-0.0963386669754982,0.0961060896515846,0.0963142961263656,0.0484059192240238,0.0924053564667701,0.096338927745819,-0.0940849557518959,0.0963388159871101,0.0829663947224617,0.0907519981265068,0.0622847788035869,-0.0963392257690429,-0.0784813836216926,0.1153288930654525,-0.131291314959526,0.0456788353621959,-0.130876362323761,-0.0080182226374745,-0.1056370511651039,0.0671507716178894,-0.1191613003611564,0.0103719830513,-0.015591662377119,-0.099020630121231,-0.0734466165304184,-0.0274150855839252,-0.0852630510926246,0.0274719111621379,-0.0440714955329895,-0.14612977206707,0.0305032990872859,0.0871026292443275,-0.0985519737005233,0.0770573914051055,0.0677374675869941,0.1080361232161521,0.0665808096528053,0.1155507341027259,-0.1250318139791488,-0.1132750585675239,0.0975725874304771,0.0303852185606956,-0.0627054199576377,0.1187581270933151,0.0771425738930702,0.0042851828038692,0.0146863600239157,0.0762567296624183,0.0010012483689934,0.011280357837677,0.1110751405358314,0.1142826825380325,0.0718537420034408,0.1206060647964477,0.0846901684999466,0.1344806998968124,-0.0750415697693824,-0.0044107800349593,-0.0610202960669994,0.0029022239614278,0.107424147427082,-0.0100250020623207,0.1021615862846374,0.0093224244192242,-0.052635908126831,0.1016789302229881,0.0102544287219643,-0.1121051609516143,-0.1079306751489639,-0.0600872226059436,0.0300866216421127,-0.0342208854854106,0.1445624381303787,-0.0063434317708015,-0.0139419417828321,0.0990544110536575,-0.0887377113103866,0.0855894014239311,0.0309849120676517,0.1066132634878158,-0.0447906143963336,0.1018631979823112,-0.0938319638371467,-0.1102813854813575,0.1028456836938858,-0.1065377816557884,-0.1171376407146453,-0.1020474135875701,0.0733074098825454,0.0221695583313703,0.0894680768251419,-0.1262080520391464,-0.1032745018601417,0.0047419411130249,0.0948366075754165,-0.1287899166345596,-0.1333866119384765,-0.0029688933864235,0.0704101398587226,-0.0559908784925937,0.1440702676773071,0.0534563064575195,0.1323226392269134,0.0051728971302509,0.1177142560482025,-0.0769760087132453,-0.1329783201217651,-0.0458984673023223,0.0547222942113876,0.1156399771571159,-0.0613264702260494,0.0442500002682209,-0.0936853215098381,-0.0780796632170677,0.1056822463870048,0.0030877352692186,-0.1410393267869949,-0.1148936599493026,0.1233759298920631,0.0982582569122314,-0.1333541274070739,0.1202605441212654,-0.0609149299561977,0.0105781238526105,-0.0211777202785015,0.0362714119255542,0.1392682790756225,-0.121599294245243,-0.0876613035798072,-0.0930801481008529,-0.0229802560061216,-0.1144214570522308,-0.1437643468379974,-0.1314980536699295,0.1212493777275085,0.0309996102005243,-0.0284278467297554,-0.0456040911376476,-0.1327493786811828,0.0762517675757408,0.0421520471572876,-0.0291324649006128,0.0222514197230339,0.1298375278711319,-0.1003782674670219,0.099490225315094,0.1201311498880386,0.1286454200744629,0.1411103904247284,-0.1250995844602584,0.1224611476063728,-0.0441752411425113,0.1261011809110641,0.0152408452704548,0.000456403940916,-0.0624164678156375,-0.0790955796837806,0.0318611115217208,-0.0475557669997215,-0.1084026619791984,0.1427247673273086,-0.1096534579992294,-0.113477349281311,0.0325285121798515,0.0495070293545722,-0.0848418399691581,-0.0080297589302062,0.0535644628107547,0.1298231035470962,0.0022069367114454,0.018009940162301,0.0452173091471195,0.0766491070389747,0.0037202639505267,0.0119690550491213,0.1069100424647331,-0.0386174581944942,0.0718728229403495,-0.0312354508787393,0.0889200419187545,-0.1085292100906372,0.0459812395274639,0.1069922968745231,-0.1292791813611984,-0.0036684649530798,-0.0456634163856506,0.1450900286436081,-0.1239402443170547,-0.072246566414833,-0.1276602894067764,0.0359428413212299,-0.0999124124646186,-0.0040627028793096,0.0874557495117187,0.0058630453422665,0.0603667758405208,0.1492687910795211,-0.1097980216145515,-0.0677152946591377,-0.0066823041997849,-0.1030805483460426,-0.0693020969629287,-0.0297365766018629,-0.1336309760808944,-0.0316372737288475,-0.0483078174293041,0.0224678702652454,0.1004741713404655,0.1080461367964744,-0.1139469370245933,-0.088093914091587,-0.1131380721926689,-0.0204055365175008,-0.1626875400543213,0.0752490758895874,0.10404834151268,-0.1010912284255027,0.0002038957318291,0.0088596185669302,-0.1053505688905716,0.0113069498911499,0.1433779895305633,-0.0596823953092098,-0.0246044099330902,0.1406203210353851,0.0851137042045593,-0.0377222746610641,-0.0223100539296865,-0.0547151640057563,0.0474132671952247,0.1062141582369804,-0.1509090363979339,-0.0900638923048973,-0.1733139902353286,0.133435919880867,0.0387675873935222,-0.0519864037632942,0.0376772359013557,0.1416793763637542,0.0570554621517658,0.0853614807128906,-0.0581082291901111,0.0746348425745964,-0.0823969990015029,-0.0367154255509376,-0.0779999420046806,0.0583686865866184,0.091940738260746,0.0816019624471664,-0.1359899342060089,0.0294444877654314,-0.0049996864981949,-0.0387770719826221,0.0826174095273017,-0.0029926490969955,0.123239554464817,-0.023518543690443,0.1061519905924797,0.1009810790419578,0.1215310841798782,0.1000507995486259,-0.0830018892884254,0.0190284289419651,-0.0306605380028486,-0.1219332963228225,-0.1290913969278335,-0.1479444056749344,0.0236295014619827,-0.1589673161506652,-0.0959630981087684,-0.0323511138558387,-0.0182527415454387,0.0465291403234005,-0.0073126940988004,0.0843550860881805,0.1533057540655136,0.1252085566520691,-0.0131373954936862,-0.1382429748773574,0.017059551551938,-0.0502960681915283,-0.1247607469558715,-0.1054574400186538,0.1302526742219925,-0.0135464165359735,0.0320648923516273,-0.1006969064474105,-0.1236796304583549,-0.1334735602140426,0.0788070857524871,0.1108223125338554,-0.0323799028992652,-0.1299812197685241,0.1268261671066284,-0.0390363708138465,0.0321541614830493,0.033975563943386,-0.0228089708834886,-0.1309666931629181,0.0283932425081729,0.0635457336902618,0.1368336975574493,0.0140617191791534,-0.0453771650791168,0.15652596950531,0.1262619197368621,-0.0348081104457378,0.0444376468658447,-0.0652676373720169,0.0906641706824302,0.0820486769080162,-0.107535995543003,-0.1381756365299224,-0.0254616793245077,0.0119933579117059,0.1595804244279861,-0.0424542017281055,-0.0446007885038852,0.0504870265722274,-0.106881245970726,0.1018993481993675,-0.0978201702237129,0.0941314324736595,0.0874875336885452,-0.0921000689268112,-0.0548472478985786,-0.0636168792843818,-0.0197737719863653,0.1428670883178711,0.1143380552530288,0.1246631145477294,-0.0389896854758262,-0.0173584949225187,0.0889900252223014,-0.1155729293823242,-0.0721921995282173,0.0022226970177143,0.1122678965330123,0.1049064099788665,-0.1474720984697342,0.0127389207482337,0.0309658534824848,-0.03340645134449,0.0059803337790071,0.0475203543901443,-0.1185661256313324,-0.0295191910117864,-0.144551545381546,-0.0305670071393251,0.07172292470932,-0.108386106789112,0.0157006196677684,-0.1047865524888038,-0.1118223145604133,0.0604919157922267,0.0970225855708122,-0.0220491141080856,-0.1034107729792594,0.0485356487333774,0.0972637981176376,0.0237582586705684,-0.0996904000639915,0.1068379878997802,-0.1034990698099136,0.0091185038909316,0.0177815966308116,0.096601165831089,-0.0474598556756973,-0.074836790561676,0.0610368885099887,0.1162163093686103,0.0416503772139549,-0.0593534559011459,0.0689189806580543,0.0564661249518394,-0.1434846073389053,-0.1137750297784805,0.0547957718372345,-0.1289347559213638,0.1196954697370529,-0.1442729085683822,0.1450975388288498,-0.0528504401445388,0.0058169141411781,-0.0849019140005111,-0.0691606700420379,-0.1393160670995712,-0.1080171465873718,-0.0682075843214988,0.0426716208457946,0.1062450036406517,0.1508409231901168,-0.0649128183722496,0.0807229802012443,-0.0561732649803161,0.0929939523339271,0.0376369692385196,GFKADPKWCIVAPO-UHFFFAOYSA-N,Nc1ncnc(N2CCCCC2)n1
0.0991414114832878,-0.1057630777359008,-0.0116483895108103,0.1063333824276924,-0.104079745709896,-0.0902247428894043,0.1062803193926811,-0.0930515751242637,0.0811087042093277,-0.1054825633764267,-0.021846953779459,0.0944917947053909,-0.0970552861690521,0.1052062362432479,0.100978098809719,-0.0881706774234771,0.0730141922831535,-0.1041407138109207,-0.1005730554461479,0.1017104685306549,0.1046016216278076,0.0071389898657798,-0.103927195072174,0.0986095517873764,-0.09661166369915,0.0544596202671527,0.0769824162125587,-0.1058101058006286,0.0381988063454628,-0.1030381619930267,0.0889438688755035,-0.069764532148838,-0.1047751903533935,-0.0149858444929122,-0.0982839167118072,-0.1045182794332504,0.0972811207175254,0.0416801869869232,0.1036183461546897,0.0368586666882038,0.1063320264220237,-0.0765190944075584,-0.1037957593798637,0.1015992388129234,0.0511424280703067,0.1047151908278465,-0.1062114238739013,0.1062293201684951,-0.1044777631759643,-0.1053848266601562,0.0650296360254287,-0.001548676053062,0.1007327958941459,0.0468026176095008,-0.1034778654575347,-0.0723961666226387,0.0400281213223934,-0.0087725948542356,0.106101170182228,-0.1063351854681968,-0.0635882094502449,-0.01018594391644,0.0722524002194404,-0.0486499778926372,-0.1053289920091629,0.1060896441340446,0.0989972949028015,-0.1036474481225013,0.0802185162901878,-0.0825388431549072,-0.0315672680735588,0.1048417091369628,-0.1043442711234092,-0.1020496264100074,0.0239815190434455,0.0922140777111053,-0.0081736985594034,0.0554288551211357,0.1054814681410789,-0.0442859977483749,-0.0870348364114761,-0.0953570455312728,-0.1010382026433944,-0.0838230848312377,-0.1059674024581909,-0.0838059931993484,0.1054379791021347,0.0800059586763382,-0.106226623058319,-0.1062977910041809,0.1058021932840347,0.1062991470098495,0.1062995120882988,0.1063287779688835,0.1063188314437866,0.0924431830644607,-0.0985216572880745,-0.0520013310015201,-0.0494747534394264,-0.0227463841438293,0.0969461500644683,-0.082560546696186,-0.0967712998390197,0.0978521257638931,-0.0879770666360855,0.1050808057188987,-0.1063248142600059,0.1053489968180656,0.0884222760796547,0.0984648168087005,-0.1042752489447593,-0.1029294431209564,-0.0697524696588516,-0.0204679202288389,0.0812393277883529,-0.1058136820793151,0.0296740531921386,-0.1045866757631301,-0.1044216975569725,0.1063265576958656,0.0582467950880527,0.0904158875346183,-0.1029620766639709,0.0945808142423629,-0.1023202016949653,0.0999845489859581,0.0349432043731212,0.0897962152957916,-0.0947432592511177,-0.099803440272808,-0.0993006378412246,-0.1007814109325409,-0.1007478237152099,-0.0947894155979156,0.1002001017332077,-0.0859423354268074,0.056285124272108,0.0986587777733802,-0.1007677316665649,0.0915840715169906,-0.0922514125704765,0.0994586050510406,-0.1007716804742813,-0.0191155411303043,0.0953914895653724,-0.1007754206657409,0.0691098719835281,0.1004678383469581,0.1007365211844444,-0.0988747775554657,-0.0951441973447799,-0.0928146466612815,0.0715766176581382,-0.0997222959995269,0.0468819066882133,-0.100756786763668,-0.1006557941436767,0.1007648631930351,-0.0815250799059867,-0.0539887212216854,0.0998642668128013,-0.0826437100768089,-0.0997640565037727,0.0997256934642791,-0.0964165404438972,-0.0424163043498992,-0.0998630449175834,0.093441255390644,-0.0547649003565311,-0.0464586839079856,0.0924586877226829,-0.0997208431363105,-0.0957654640078544,0.1007815897464752,-0.0096895154565572,0.0386250093579292,0.0629341751337051,-0.1007807403802871,-0.0994667410850524,0.0909444317221641,0.1007349267601966,-0.1007770523428917,0.0954604595899581,-0.0930978283286094,-0.1005975902080535,0.0564086735248565,0.1007249802350997,0.0990956425666809,-0.0996118485927581,-0.0607644952833652,0.1001699566841125,0.0970492511987686,-0.0119554623961448,0.0757914334535598,-0.1002031713724136,-0.0985014587640762,0.1007565706968307,-0.1007826775312423,-0.1006886735558509,-0.1002054587006568,0.098828949034214,-0.0462202429771423,0.0989437252283096,-0.0971497148275375,-0.099839262664318,-0.1006220802664756,-0.1003202125430107,-0.0899149253964424,-0.0903946533799171,0.0902751088142395,-0.0476393289864063,0.0018394342623651,-0.100644513964653,-0.0930007547140121,-0.0803223177790641,0.0991015434265136,0.1002983525395393,0.1007546633481979,0.1007362306118011,-0.0999733358621597,0.0929910987615585,0.0357257388532161,-0.0672785863280296,-0.1000170484185218,-0.1005978509783744,0.0461980774998664,-0.0992990061640739,-0.0306013356894254,-0.0923667922616005,-0.1003367155790329,-0.0180289819836616,0.0978792756795883,0.0557317100465297,0.0979853272438049,0.0997352674603462,0.0790743976831436,0.1007813140749931,0.0886032059788703,0.0404754541814327,0.1007731333374977,-0.0947063788771629,-0.0811020657420158,-0.1007214784622192,-0.1005412191152572,0.0638005658984184,0.1006265729665756,-0.0578483939170837,0.1007687970995903,-0.0998738035559654,-0.1007575914263725,0.0846866369247436,0.0499734655022621,-0.0981191992759704,0.0142042124643921,0.0995391905307769,-0.1006770879030227,-0.1076550409197807,-0.0478786416351795,0.1072803884744644,0.1035165712237358,0.1035528033971786,-0.1002305150032043,0.0481954365968704,-0.1107229441404342,0.0447829142212867,0.0056328834034502,0.0127126323059201,0.1024682596325874,0.1106113940477371,-0.0322867631912231,0.0825696289539337,0.0818352177739143,-0.0589655451476573,0.0847889706492424,-0.1103176996111869,0.0899210572242736,-0.0802868455648422,-0.1106612458825111,0.0360699333250522,0.072091095149517,0.0428594127297401,-0.0139877228066325,-0.0948070362210273,0.0906765162944793,0.077638454735279,-0.1066250205039978,0.1089282110333442,0.006892155855894,-0.1029122769832611,0.1055689826607704,-0.0661434009671211,-0.1097012534737587,-0.0170507617294788,-0.1055100336670875,-0.0823341459035873,0.1105281114578247,-0.0469569377601146,0.110580950975418,0.1075202673673629,-0.0828906521201133,0.0693990811705589,0.1103010699152946,-0.1062319949269294,-0.1005515977740287,0.1105716601014137,-0.0860994756221771,-0.093821994960308,-0.0461356565356254,0.1019072383642196,-0.0654831901192665,-0.1021971255540847,-0.1104147285223007,0.0952107682824134,-0.063758984208107,-0.0993506088852882,-0.025254862383008,0.0125752240419387,0.1106996461749076,0.1020050719380378,-0.1039968803524971,-0.0964569151401519,-0.0393524691462516,0.0823297500610351,-0.0198107175529003,-0.1104715764522552,0.103107213973999,0.0858150646090507,-0.0567192211747169,0.0799878686666488,0.0939614847302436,0.0904059633612632,0.0237965509295463,-0.1100652664899826,-0.1010398268699646,0.0521153956651687,-0.0938061773777008,-0.029974965378642,0.0580036826431751,0.050339076668024,0.1091759800910949,0.1086019203066825,-0.0960389822721481,0.1101750209927558,-0.0085711991414427,-0.0871369317173957,0.0500325858592987,0.1070114076137542,-0.1106659993529319,0.1099034994840622,0.106827862560749,-0.0070661935023963,-0.1099265441298484,-0.1094808652997016,-0.1018381267786026,-0.1105897799134254,-0.0220050681382417,0.1106767803430557,-0.0248698871582746,0.1107225716114044,-0.0586106106638908,0.1072677224874496,-0.1093782782554626,-0.104019895195961,0.0911801904439926,-0.1107095554471015,0.0897402763366699,-0.1087706163525581,-0.1101695299148559,0.1087779253721237,-0.1099744737148284,-0.0902476832270622,-0.1094401851296424,0.0720576122403144,0.1086896955966949,0.1088492646813392,0.0962075516581535,0.1080149859189987,-0.0853175073862075,0.1091354936361312,-0.0527207478880882,0.0529236234724521,0.0019561478402465,-0.1095609441399574,0.0877453535795211,0.1197820678353309,0.0900274068117141,0.0837651789188385,0.0770217254757881,-0.048699963837862,0.0194986835122108,0.0661584809422493,-0.0483166240155696,-0.0056031043641269,-0.1271236389875412,0.0306199882179498,-0.1692157685756683,-0.0792577341198921,0.0496985279023647,0.0092780105769634,-0.0196702107787132,-0.0406530983746051,-0.1509910076856613,0.1451873630285263,-0.0722339525818824,-0.1229735165834426,0.0020759971812367,0.0189126022160053,-0.1257871836423874,0.1269181817770004,-0.1352835446596145,-0.061657965183258,0.069987379014492,-0.0092173749580979,-0.0488779693841934,0.1456576436758041,-0.0056583206169307,-0.0503413267433643,0.0684009045362472,-0.026212727651,-0.1535918861627578,-0.0872241929173469,-0.0883766189217567,0.0608354657888412,0.1314323246479034,0.0266369730234146,-0.1097302809357643,0.0711850523948669,-0.1238135173916816,0.0560471527278423,0.1135935634374618,-0.0242137089371681,-0.0932215079665184,0.1262379735708236,0.0102725317701697,0.0392871499061584,0.0869938060641288,0.1172674372792244,-0.0759543776512146,-0.1249106153845787,0.0209317058324813,-0.1060511246323585,-0.0688011348247528,0.0804884731769561,0.1550287455320358,-0.1339184045791626,0.0392045676708221,0.1281362771987915,0.0915859267115593,0.1120850518345832,-0.0652431100606918,-0.106482945382595,0.1174754798412323,-0.1003036946058273,0.1582326143980026,-0.0017896034987643,0.0359189584851264,-0.1211532950401306,-0.0806748270988464,-0.1002093181014061,0.0729136690497398,0.1341360360383987,-0.0255379267036914,-0.0082165049389004,0.0642891302704811,0.0272675659507513,-0.0060105212032794,0.1278836876153946,-0.0409736707806587,0.0088951485231518,0.0723981037735939,-0.0261826310306787,0.1542259454727172,0.0697465017437934,-0.0561066381633281,-0.09763965010643,0.1059255376458168,-0.0098679438233375,0.0060124578885734,0.1017306596040725,0.018573060631752,0.0455346032977104,0.1472246646881103,-0.0138694541528821,0.1322788298130035,-0.1167172789573669,-0.0303137879818677,0.0712552145123481,-0.0732348933815956,0.013189485296607,0.0193590205162763,-0.0013798397267237,-0.0394929200410842,0.1287315040826797,-0.0141110075637698,-0.1115152686834335,0.0601481609046459,0.1482152491807937,0.1149753183126449,-0.0916769802570343,-0.0603734143078327,0.1589765101671219,0.0554385781288147,-0.111831821501255,0.0602573901414871,-0.0936256349086761,0.0879634097218513,-0.0414799489080905,-0.0903773382306099,0.0521898455917835,-0.0415021292865276,0.0932699963450431,-0.12193563580513,-0.0621415227651596,0.002841121982783,0.1293634474277496,-0.0998719930648803,0.0797081887722015,0.0622533448040485,0.1329955458641052,0.1210786253213882,-0.0324506238102912,0.0007481092470698,-0.0226865727454423,0.0059479940682649,0.1298259645700454,0.0824172496795654,-0.1268039643764495,-0.13397116959095,0.1096791550517082,0.0236579794436693,-0.1380895674228668,-0.0524434000253677,-0.1090218052268028,-0.1341260373592376,-0.1187090054154396,-0.0183869283646345,-0.1383593827486038,0.1001740545034408,-0.1306353062391281,0.1350931972265243,-0.1314358562231063,0.1005069017410278,-0.0599580034613609,0.1345483064651489,0.0588137805461883,-0.0362545475363731,0.1287317723035812,-0.0042261774651706,-0.0103015452623367,0.0093941558152437,-0.1076098680496215,0.0719512104988098,0.1035547107458114,0.1396107226610183,-0.137363389134407,0.0017609515925869,-0.0239035077393054,-0.0235150288790464,-0.115298330783844,0.0395677499473094,0.0385034568607807,-0.0807627514004707,0.0575136579573154,0.0969973877072334,0.0955230742692947,-0.00201499578543,0.1252996921539306,0.0491355322301387,-0.0825963467359542,-0.0707870051264762,0.0753017291426658,-0.0901824161410331,-0.1101624369621276,0.0293183326721191,-0.0740842670202255,-0.0340201333165168,-0.0372073240578174,0.0106707885861396,-0.0133734680712223,0.0783360451459884,-0.1129962727427482,0.1287625283002853,-0.1314607262611389,-0.0414698719978332,-0.1234293356537818,0.0255476664751768,0.1047727912664413,-0.126028835773468,0.1041800677776336,0.0097424518316984,0.067949503660202,0.0528392791748046,-0.0990040823817253,-0.0472633093595504,0.0313900113105773,0.0483642406761646,0.0209837984293699,-0.0748224183917045,0.0760174766182899,-0.1414808481931686,0.0489704236388206,0.1376806199550628,0.0150766689330339,-0.0792355686426162,-0.142775297164917,0.0849935561418533,0.087943248450756,-0.0609051212668418,0.1198526844382286,-0.1001109629869461,0.0272967405617237,0.0496158450841903,-0.05052075907588,0.0373144336044788,-0.0408569648861885,0.0167258568108081,-0.057600624859333,0.1019665002822876,0.1289003640413284,0.0884399190545082,-0.0456450432538986,-0.0055827335454523,-0.1122828051447868,0.0859004631638526,0.1050648093223571,-0.0690551698207855,0.1194474548101425,0.0466755032539367,0.150329127907753,-0.1350764632225036,0.0319953560829162,0.0966334640979766,-0.1133835390210151,0.1104073747992515,-0.0868407189846038,-0.1271383017301559,-0.0740694478154182,0.0305397436022758,-0.0179070886224508,-0.1207923293113708,0.0970323234796524,-0.1372690200805664,-0.052849743515253,0.0406990759074687,0.1366908550262451,-0.1725468933582306,0.0292432624846696,-0.0380216464400291,-0.0598657839000225,-0.0334013998508453,-0.0794477835297584,0.0264524705708026,-0.1352787166833877,-0.1405211091041565,0.2076588422060012,-0.0152171934023499,0.0150873139500617,-0.1084757074713707,-0.1253799945116043,-0.1634257733821869,-0.0147077562287449,0.0311540216207504,-0.0907284766435623,-0.0124943014234304,0.0806246474385261,0.0464714504778385,0.0713830739259719,-0.176375463604927,0.0493171289563179,-0.0269276555627584,-0.0443501360714435,0.0661881640553474,0.1420331001281738,0.0662704855203628,-0.0737409144639968,0.0160317979753017,0.1041181236505508,-0.0839759707450866,-0.0537874698638916,-0.1779455691576004,-0.0192984100431203,0.1583915650844574,-0.0972831696271896,-0.158042162656784,0.0048487824387848,0.0131823495030403,0.0473654083907604,-0.0501481518149375,-0.0495907217264175,0.1322861462831497,-0.0350677110254764,0.1002287194132804,-0.0145570281893014,0.046521857380867,-0.0756892040371894,0.0330183058977127,0.0614080131053924,-0.157244399189949,0.1059803813695907,0.0476032309234142,0.0229883380234241,0.113239586353302,-0.0251150112599134,-0.0065163811668753,0.1143189072608947,0.0136377969756722,-0.1203282922506332,0.0374469310045242,0.0244214162230491,0.0932967141270637,-0.1336989998817443,0.0056462227366864,0.0685390308499336,-0.0204938631504774,-0.0085505899041891,-0.0041127791628241,-0.1480406075716018,-0.1664970070123672,-0.1354501694440841,-0.1077206879854202,0.0338116288185119,-0.0678407102823257,-0.0458722859621048,0.0437302105128765,0.0077645680867135,-0.0866240784525871,0.0837880447506904,0.0851000696420669,0.0376915298402309,0.0049163443036377,-0.020545246079564,0.052303209900856,-0.0397131256759166,-0.0172242801636457,-0.1136731654405593,-0.0427703820168972,-0.0668959766626358,0.0496725067496299,-0.135074183344841,-0.0871763378381729,0.0754468962550163,-0.0105372061952948,0.0997354462742805,-0.0783260911703109,0.0408928319811821,0.0613523535430431,-0.1598489582538604,-0.1098018363118171,0.098261684179306,-0.0245556775480508,0.0708672031760215,-0.1292930394411087,0.1538913249969482,-0.1296305358409881,-0.1210959404706955,0.1502033621072769,-0.05349937453866,-0.1481590569019317,-0.0884012281894683,-0.0619335658848285,0.0461465865373611,0.0272654891014099,-0.0328857414424419,0.0080325454473495,0.0028684483841061,0.0928616896271705,0.088219940662384,0.0525544546544551,VEGBDAOILQOTKT-UHFFFAOYSA-N,N#Cc1c(N)nc(N2CCC(Cc3ccccc3)CC2)c(C#N)c1-c1ccccc1
0.0427580475807189,0.1033292338252067,0.1034622266888618,-0.1024030148983001,0.1006056368350982,0.0863458216190338,-0.1034258008003234,0.0993775278329849,0.0969175621867179,-0.1031479090452194,0.1030659601092338,-0.0582100190222263,-0.083680011332035,-0.0620485134422779,0.0725446864962577,0.0616843029856681,-0.1034902483224868,0.1032801494002342,-0.1019822657108306,0.1027409806847572,0.0134581159800291,0.0549764521420002,0.1034519672393798,-0.0501194782555103,0.0675997510552406,-0.005715933162719,-0.0721318945288658,-0.0016814476111903,0.1029628440737724,0.1034850254654884,0.103364273905754,-0.094948261976242,0.1000803485512733,-0.1014934554696083,0.1028357967734336,0.1034898087382316,0.1034658551216125,-0.0696796923875808,-0.1034848242998123,-0.1000649482011795,-0.1034853309392929,-0.1031937599182128,-0.0160706844180822,-0.103092573583126,0.0019410128006711,-0.101913072168827,0.1034325361251831,-0.0592239797115325,0.1016143411397934,-0.1010280922055244,0.1027138233184814,-0.1009436771273613,-0.102103516459465,0.1033789739012718,0.0925243198871612,0.1031495407223701,0.1034771278500557,-0.0972910523414611,0.0975233539938926,-0.0177062340080738,0.0961781665682792,0.1020294427871704,-0.0993583351373672,0.0863613411784172,-0.1034893244504928,0.1002813279628753,0.1014106497168541,-0.1015702411532402,-0.1014066115021705,-0.0986520126461982,-0.0529219545423984,-0.0773352086544036,0.0901465862989425,0.0642017796635627,0.1033901274204254,-0.1023088991641998,0.099072940647602,0.015174651518464,0.0818049982190132,0.0262609533965587,0.0003624842793215,0.1034857109189033,0.1034886464476585,0.0775985047221183,0.0922894477844238,-0.1019463837146759,-0.0014092023484408,-0.0306698344647884,-0.1034362018108367,-0.0800094380974769,0.1026645749807357,0.1033287346363067,-0.0997740104794502,-0.0978572890162468,-0.1017284095287323,0.102594219148159,-0.0407889112830162,0.1007789596915245,0.0565337426960468,0.103162869811058,0.0855684280395507,-0.1019300296902656,-0.000449097395176,0.1034902036190033,0.050705749541521,-0.0841216072440147,0.02085966989398,0.0546012111008167,-0.1034483239054679,0.1014333069324493,0.103454977273941,-0.0607597604393959,-0.103345938026905,-0.1022753119468689,-0.1026383861899375,-0.1014740914106369,-0.1034370884299278,-0.1014510840177536,0.1021309122443199,0.0871426612138748,0.0912890955805778,-0.0900735184550285,0.1032409444451332,0.0410728529095649,0.0574505031108856,0.1021990776062011,0.0636863335967063,-0.0647992268204689,0.1009441539645195,-0.0940710082650184,-0.0896127596497535,0.1009213253855705,0.1001837104558944,-0.0914211273193359,-0.1009262055158615,0.0421181619167327,0.092714287340641,0.0864892303943634,0.0977156460285186,0.0910677462816238,0.0101757645606994,0.047385174781084,0.0946549996733665,-0.0967927798628807,0.0990184396505355,0.1005234196782112,-0.1009260192513465,0.018159981817007,-0.0950749367475509,0.0708686113357544,-0.1009396687150001,0.0283170659095048,-0.0730485841631889,0.0997392311692237,-0.1009009703993797,-0.0992334708571434,0.0666853561997413,0.0777184069156646,0.0882514491677284,-0.0690666437149047,-0.1008710414171218,0.100903607904911,0.0898913145065307,0.0985758304595947,-0.1009400263428688,-0.0997563377022743,-0.0792480111122131,-0.0880127698183059,0.0996551439166069,0.0673615708947181,-0.1009323373436927,-0.0949330031871795,0.0330480970442295,-0.1004753783345222,0.0277824960649013,0.0705685019493103,-0.0870978534221649,0.100933089852333,0.1007913798093795,-0.0705612823367118,-0.1007845029234886,0.0791735127568245,0.0987483933568,-0.0952795594930648,-0.0973084941506385,-0.0902747362852096,-0.1009277924895286,-0.0998525917530059,0.0553579218685627,-0.0977631360292434,-0.0704527199268341,0.1008289530873298,0.1009091362357139,0.0922214239835739,0.0927588641643524,0.1008074581623077,-0.1001911163330078,0.1009434536099433,0.0235420763492584,-0.1008695363998413,0.0979950875043869,0.0046989950351417,-0.091511569917202,0.1002685576677322,0.0093881161883473,0.1003500521183013,-0.0987265110015869,-0.0976459830999374,-0.1007726043462753,-0.0892280712723732,-0.0635330155491828,-0.0670912936329841,0.0810512006282806,0.0487102642655372,0.0997228622436523,0.0953750163316726,-0.0921073779463768,0.1007692962884903,-0.0809236988425254,-0.1008486971259117,-0.1006187349557876,-0.100103922188282,-0.100461758673191,0.086366519331932,0.0974625572562217,-0.0795512199401855,-0.0658835992217063,0.1008253619074821,0.1004374399781227,0.0905472636222839,0.0971158072352409,-0.0658060982823371,-0.0984032824635505,0.0103896390646696,-0.1006699353456497,0.1001254245638847,-0.1007524877786636,-0.1007123738527298,-0.0992678999900817,0.1004463881254196,0.0679826885461807,-0.0961270108819007,-0.0973022952675819,0.1008124202489852,-0.0872833952307701,0.1008459404110908,0.1009426712989807,-0.0454819090664386,0.1009281873703002,-0.1009441167116165,0.0857874304056167,0.1006077006459236,0.0216058399528265,-0.1006034091114997,-0.0019048106623813,0.0958271250128746,0.0549354441463947,0.1015177220106124,-0.1073338463902473,0.0975708216428756,0.1020118296146392,-0.0946254432201385,-0.1072388738393783,-0.0648138299584388,0.1079974994063377,0.0958021059632301,-0.0999136567115783,-0.1082565858960151,-0.1082131937146186,-0.0797549560666084,0.1087329909205436,0.0968888625502586,-0.0505028665065765,-0.077689379453659,0.0213208645582199,-0.0648423358798027,0.1072011142969131,0.108775794506073,0.1087840944528579,0.1087344884872436,-0.0391311980783939,-0.0562100559473037,0.1026761010289192,-0.101059153676033,-0.0252932980656623,-0.1070684716105461,0.0926307141780853,0.0967173725366592,-0.076528251171112,0.0381776951253414,0.1046541184186935,0.1056156158447265,-0.1077792942523956,-0.0708425939083099,-0.1081335693597793,-0.0639385804533958,0.0911808162927627,-0.1063825339078903,0.0798421427607536,-0.1083501949906349,0.1083406656980514,-0.0173026230186224,0.1075135394930839,0.028388088569045,-0.0895538702607154,-0.0367582403123378,0.0582247599959373,-0.0651920661330223,0.1043514907360076,0.108572132885456,-0.1064854115247726,0.0735274255275726,0.107823796570301,-0.038433164358139,-0.0684051141142845,-0.107989378273487,0.0372460670769214,-0.0610396042466163,0.0572221241891384,-0.1068527847528457,0.0495654307305812,-0.0958187282085418,0.1044808179140091,0.1057244911789894,0.1088155061006546,0.1087440997362136,-0.0534640699625015,-0.1070801168680191,-0.1025378406047821,-0.0037858278956264,0.1032136902213096,0.1023063883185386,0.1075430139899253,-0.0953953936696052,0.1077910214662551,0.01523301564157,-0.1002599671483039,0.1083056777715683,0.0906783640384674,-0.0064068702049553,-0.0624498650431633,-0.0821916237473487,0.0496474727988243,-0.0986176431179046,-0.0182093922048807,-0.0873167142271995,-0.0023731121327728,0.0046844370663166,0.0831754207611084,0.0520198345184326,-0.108369842171669,-0.1087741926312446,-0.1083842292428016,-0.1068606451153755,-0.0292132142931222,0.1074131876230239,-0.0973346158862114,0.1004031002521514,-0.0889107510447502,-0.1065752282738685,-0.1087981089949607,0.1019399836659431,-0.1082399934530258,0.0827915072441101,0.1087191104888916,-0.0722548961639404,-0.0900791361927986,0.0207542814314365,0.105759710073471,0.1072609648108482,-0.1086644008755683,-0.1033704578876495,0.1084817945957183,-0.0592695362865924,0.1050193011760711,0.1048857867717742,-0.1053821817040443,0.0063978754915297,-0.0945729911327362,0.1076124459505081,0.0116728749126195,-0.092396467924118,0.0989172384142875,0.0049235145561397,0.0702425986528396,-0.0857838913798332,-0.0483610965311527,0.0676406323909759,0.0282124560326337,0.1354649066925048,-0.0135593293234705,0.1216797232627868,0.1405083835124969,-0.1038614362478256,0.1282644271850586,0.078317105770111,0.0575037710368633,-0.1104237362742424,-0.0884107053279876,0.0030147980432957,-0.1301665753126144,-0.036322645843029,0.0593270175158977,-0.1144829019904136,-0.1254896521568298,0.1201204881072044,0.0502923056483268,0.0707247108221054,-0.0774631351232528,-0.03322684019804,-0.1123402789235115,0.0074195573106408,-0.0189940351992845,0.0444583483040332,0.0526150353252887,0.1576862931251526,0.1236518025398254,-0.0921256765723228,0.0318479612469673,0.0430523827672004,0.0813120454549789,-0.0059934360906481,0.0520312897861003,0.0091707548126578,-0.0732047706842422,0.0680814385414123,0.1281245797872543,0.1148097962141037,0.0602477863430976,0.0828563794493675,0.1130968257784843,-0.0876085311174392,0.09605123847723,-0.0153905684128403,-0.0662672743201255,-0.0505651794373989,0.1389771848917007,0.0954958647489547,-0.0565888173878192,0.1064939796924591,-0.043211318552494,0.1373207420110702,-0.0199568066745996,0.1567943394184112,-0.1134102717041969,-0.1137322336435318,0.0735960155725479,-0.0746726393699646,0.1319418549537658,-0.0114751560613513,-0.0755381733179092,0.0701562687754631,0.0833440721035003,-0.0596180744469165,0.0762380585074424,0.0227414723485708,-0.0476025342941284,-0.1227805539965629,-0.1471596211194992,-0.0530343204736709,0.1016940772533416,-0.0027076380793005,0.0848754122853279,-0.0457278750836849,-0.1166080459952354,-0.1050472781062126,-0.0773769542574882,-0.145329549908638,-0.0863054543733596,0.1143285557627677,-0.0265056602656841,0.1584722399711609,-0.0041548879817128,0.1212449222803115,0.0679808929562568,-0.0153176235035061,0.0433103293180465,0.0974034368991851,0.0081778699532151,-0.122267447412014,0.1444925665855407,-0.0650769546627998,0.0943668633699417,-0.0413873009383678,-0.0713704451918602,0.0007105562253855,0.1103674545884132,-0.0176728554069995,0.1072021648287773,-0.1071276515722274,-0.0642435178160667,-0.0044704116880893,0.1298776715993881,0.0280122216790914,-0.1037221401929855,0.1491524130105972,0.1413241326808929,-0.0101506290957331,-0.0634861886501312,0.0774768814444542,-0.0959443002939224,0.1168793216347694,-0.004698705393821,0.0096565913408994,-0.0871525630354881,0.0665889754891395,0.0700508877635002,-0.0361208505928516,0.098619595170021,-0.0588797107338905,0.149731308221817,0.1040754318237304,-0.1051528304815292,-0.0846633315086364,0.1273293048143386,-0.1153905242681503,0.1024768054485321,0.1121739298105239,0.0851396322250366,0.1002048999071121,0.0221404992043972,0.0075104916468262,0.0145617518573999,-0.0862088873982429,0.1275013387203216,0.1137488484382629,-0.0546839796006679,-0.118030160665512,0.1246494501829147,-0.0089163407683372,-0.125743880867958,-0.1183633133769035,-0.1087564155459404,-0.1258951276540756,-0.1102372109889984,-0.1105800122022628,-0.1028501316905021,0.1216056421399116,-0.118792250752449,0.0776632949709892,-0.1246330663561821,0.0918692946434021,-0.1039575561881065,0.1271868348121643,0.0867756679654121,-0.0415196381509304,0.0941738113760948,0.0557337552309036,-0.0361950099468231,0.0758493542671203,-0.1021640822291374,0.0879934504628181,0.0714398697018623,0.1183007657527923,-0.0241365283727645,0.0968948230147361,0.051693819463253,-0.0693021938204765,0.0819242522120475,0.1003480181097984,0.0201712250709533,-0.1177119612693786,0.0238349735736846,0.1133443638682365,0.1192833706736564,-0.0894141718745231,0.110646016895771,0.0183194782584905,-0.0395026057958602,-0.101208247244358,0.0747141689062118,-0.0939446166157722,0.0429706312716007,0.1006228104233741,-0.0885373353958129,-0.0115233436226844,-0.0569644495844841,-0.0606114603579044,-0.1144663989543914,-0.0276516862213611,-0.1195320859551429,0.121110588312149,-0.1187792941927909,-0.0845377296209335,-0.0893605574965477,-0.0822502002120018,0.0141574284061789,-0.0375781655311584,0.0855661407113075,0.0547713451087474,0.0682959258556366,0.0635284930467605,-0.1241717860102653,0.0409343503415584,0.0841015428304672,-0.0358800813555717,0.0713154673576355,-0.1210945472121238,0.0981916189193725,-0.1133072823286056,-0.0729582831263542,0.1263301968574524,0.1049737185239791,-0.0956716537475586,-0.0790880024433136,0.025659617036581,0.0949432030320167,-0.0480446219444274,0.106717936694622,-0.1105062365531921,0.0435830652713775,0.0330276452004909,0.0354554317891597,0.028184151276946,-0.0017751122359186,0.0813613086938858,-0.0700881853699684,0.1003360301256179,0.0784631371498107,0.100196436047554,-0.0518030412495136,-0.0059094494208693,-0.1107921823859214,0.0848942920565605,0.1002407893538475,-0.0845531448721885,0.117561899125576,-0.0460536405444145,0.1237614899873733,-0.1241379156708717,-0.0806910470128059,0.0564344264566898,-0.0715987905859947,0.1138449311256408,-0.0801781415939331,-0.1258571147918701,-0.0400867313146591,0.1242042556405067,-0.042472168803215,0.0042115016840398,0.0447529293596744,0.0819175690412521,-0.0371868088841438,0.1186964139342308,-0.0174686443060636,0.1404732018709182,0.1348706781864166,0.0024297898635268,-0.0381314046680927,-0.0494873933494091,0.0982137992978096,0.0549550391733646,-0.0524301752448082,-0.042545098811388,0.0521425977349281,-0.0518602728843688,0.1227070242166519,0.0608716420829296,0.0841042771935463,-0.1441946178674698,0.1129168793559074,0.1017155274748802,-0.0395525842905044,-0.1235959380865097,0.057959821075201,0.0001831319677876,0.0295063331723213,0.0374229699373245,-0.1226700618863105,-0.000858292216435,0.1522969156503677,-0.0450852178037166,0.0992001220583915,0.051161840558052,-0.0925599783658981,0.0866863280534744,0.0950285717844963,-0.0778161808848381,0.0106916455551981,-0.1232246086001396,0.1059518083930015,-0.0716846287250518,0.0666225254535675,-0.1231625750660896,0.0370170995593071,-0.0233249310404062,0.1620377004146576,-0.0100078396499156,0.0806973129510879,-0.1334006041288375,-0.0695847198367118,0.1081378608942031,0.00043434422696,0.0177647676318883,0.1555053442716598,-0.1436585187911987,-0.0587777011096477,-0.1121721193194389,-0.154601976275444,0.0179772339761257,0.0469274222850799,-0.0481728129088878,-0.1244937777519226,-0.0981398820877075,0.134402796626091,-0.0854806900024414,-0.0655458122491836,0.0066716871224343,0.055301733314991,-0.1171891614794731,-0.1317569762468338,-0.0811013802886009,0.0694193840026855,0.0304797738790512,-0.1000184938311576,0.0157755445688962,-0.0309635680168867,0.0513456016778945,-0.0794840604066848,-0.0620229244232177,-0.122887909412384,-0.1205995604395866,-0.0119023350998759,-0.086534135043621,0.0358757451176643,0.065446600317955,0.0456879846751689,-0.0216978061944246,0.0771930292248725,-0.0326239578425884,0.1586745232343673,0.0606059208512306,-0.1029518991708755,0.074244700372219,-0.0839307755231857,0.0387735366821289,-0.1260016858577728,-0.0041904659010469,0.0475236512720584,-0.0868527740240097,-0.100993312895298,0.1596525013446808,-0.010859522037208,-0.1240669935941696,-0.025455730035901,0.0972480550408363,-0.0954293385148048,-0.1313613206148147,0.1213363930583,-0.0475240275263786,0.0375089831650257,-0.1430477946996688,0.1400475353002548,-0.0195903051644563,0.1348207741975784,-0.1252101361751556,-0.0819345116615295,0.0227811951190233,-0.0513417571783065,-0.1570604145526886,0.0231385380029678,0.045804888010025,0.161920741200447,0.0147733343765139,0.036965012550354,-0.0585483759641647,0.0457125008106231,-0.1296902447938919,WUJYVXNXPCXHNO-UHFFFAOYSA-N,CCN1CCCCC1C(=O)NCCc1ccco1
-0.0904697254300117,-0.0785516873002052,-0.0976789444684982,0.0975061506032943,-0.0976378321647644,-0.0976761877536773,-0.0968897342681884,-0.0939738750457763,0.0928935185074806,-0.0364479050040245,0.0959930792450904,0.0890277177095413,-0.0950712636113166,0.05579699203372,0.0976600423455238,0.0533552691340446,-0.097676895558834,0.0976620391011238,0.0885096043348312,-0.0976463630795478,-0.0975050181150436,0.0916680917143821,0.0975573807954788,0.0281261820346117,0.068975955247879,0.0975627154111862,0.0976540967822074,0.0974050983786583,0.0817683264613151,0.0820908024907112,-0.0968363359570503,-0.0974879562854766,0.0976191088557243,0.0976778045296669,0.0926891639828682,-0.0754471570253372,0.0288394819945096,0.0975996255874633,-0.0972725376486778,-0.0976566150784492,-0.077523723244667,-0.0976484045386314,-0.0976195558905601,-0.0729224905371666,0.0886256918311119,0.0946621149778366,-0.0976789146661758,0.0976369082927703,-0.0492393970489501,-0.0423859320580959,-0.0976789742708206,-0.0976694524288177,0.0976627394556999,0.0976707711815834,-0.0391980335116386,0.0896422713994979,-0.0948630645871162,-0.0954485386610031,0.0976769551634788,-0.0973085463047027,0.0965711697936058,0.0969431772828102,0.0734409764409065,-0.0832657814025878,0.0965279340744018,0.096066229045391,0.0951880365610122,-0.0571815259754657,0.097616896033287,-0.0891321748495101,-0.097667746245861,-0.0976557806134224,0.0849142298102378,0.0367515496909618,-0.0841575488448143,-0.09710244089365,-0.0976789519190788,0.0976789444684982,0.0976674333214759,-0.0976754873991012,0.0600391216576099,-0.0210867505520582,0.0948312878608703,-0.0976208075881004,-0.0975046530365943,-0.0976788103580474,0.0976282134652137,-0.0976271107792854,-0.0975812301039695,0.0975672751665115,0.0974848866462707,0.0976766198873519,0.0976780951023101,0.0976582840085029,0.0966396331787109,-0.0967706367373466,-0.0976789519190788,0.0976789742708206,0.0837561264634132,-0.0768656283617019,-0.0888503417372703,-0.0364060290157794,-0.0975628420710563,-0.0508864969015121,0.087718091905117,-0.09767896682024,0.0931376665830612,0.0976547747850418,-0.0976718440651893,-0.0976764410734176,0.0176654700189828,0.0014052392216399,-0.0715227425098419,0.0976781472563743,0.0975311920046806,-0.0885214209556579,-0.0208672117441892,-0.0975604802370071,-0.0976483821868896,0.097677856683731,-0.0884182304143905,0.0972918942570686,-0.0840278565883636,-0.0965056419372558,0.0975565388798713,0.0972301810979843,0.0942300930619239,-0.018859589472413,0.0945815294981002,-0.0956329032778739,0.0956427454948425,0.0956424325704574,-0.0935419574379921,0.0956406816840171,-0.0935232117772102,-0.0956427454948425,-0.095640130341053,0.0956427454948425,-0.0956427454948425,-0.0647155493497848,0.0946571230888366,-0.0956427380442619,0.0956425666809082,-0.0956246852874755,0.0158805269747972,-0.0954183042049408,-0.09492177516222,0.0956425294280052,-0.0956427454948425,-0.0956397801637649,0.0951577126979827,0.0956427454948425,0.0956408977508544,0.0351355411112308,0.0949480831623077,0.0834704339504242,0.0956424996256828,0.0956427380442619,-0.0951685532927513,-0.0827182382345199,0.0482050441205501,-0.0933289155364036,0.0944771841168403,-0.0956427305936813,0.0956422761082649,-0.0956293568015098,0.0955786556005477,-0.093563787639141,0.095642402768135,0.0956404954195022,0.0956426188349723,0.0940641164779663,0.0956040695309639,-0.0956426486372947,0.0820892676711082,-0.0956427454948425,-0.0721678733825683,0.083273746073246,0.0955401808023452,-0.0955901816487312,0.0930168479681015,0.0956427454948425,-0.0956198349595069,0.0860003903508186,0.09238862991333,0.0918004736304283,0.0297202318906784,-0.0517407432198524,0.0500584952533245,0.0952621847391128,-0.0956426858901977,0.0902080163359642,-0.0954205021262168,-0.095582440495491,0.0955735519528389,0.0956427380442619,-0.0956427454948425,0.0939584150910377,-0.0947625041007995,-0.0956318080425262,-0.0950192958116531,0.0956427305936813,0.0591311007738113,0.0927600115537643,-0.0956427305936813,0.004006034694612,-0.0951445996761322,-0.0955339670181274,0.0950342565774917,0.0956318154931068,-0.0875753238797187,0.0789597183465957,0.0884222164750099,-0.0814373940229415,0.0949754118919372,0.0956427454948425,0.0956427380442619,0.0949526578187942,-0.0688357502222061,0.0955794379115104,0.0956427156925201,-0.0955222621560096,0.0956427305936813,-0.0545684695243835,0.0956427454948425,-0.0472183860838413,-0.0913912579417228,-0.0956427305936813,0.0950659736990928,-0.0956426113843917,0.0956427454948425,0.0945901125669479,-0.0379057303071022,-0.0955310314893722,0.0768444910645484,0.0911180675029754,-0.0955394655466079,0.0956427454948425,-0.0375364944338798,-0.0888723954558372,0.0001212919814861,-0.0104107083752751,0.0946012884378433,-0.0668166279792785,0.0956427380442619,-0.0956427454948425,0.027753859758377,0.0956427380442619,0.0956427007913589,0.0956427454948425,-0.0690923109650611,-0.0956305488944053,-0.0954363569617271,0.0956427454948425,0.0956364795565605,-0.0953631177544593,0.0975318476557731,-0.0975345149636268,0.0968631356954574,0.0974744334816932,0.0966159626841545,0.097534529864788,0.0975303724408149,0.0484534800052642,0.0975216403603553,0.0928578302264213,0.0963189154863357,0.0970397144556045,0.0975277721881866,0.0500943660736084,0.07277462631464,0.0972860604524612,-0.097534529864788,0.0975345224142074,0.0973993316292762,0.0905281156301498,0.0045351879671216,-0.0968378558754921,-0.0944464951753616,-0.0975327491760253,-0.097525417804718,-0.0693344175815582,0.0969094410538673,0.093645229935646,-0.0164649598300457,0.0618583559989929,-0.0971537753939628,0.097534529864788,0.0242735892534255,-0.045509222894907,0.0672220736742019,0.0889849737286567,0.0968613103032112,0.0975343510508537,0.0970175936818122,-0.0965651199221611,0.0892696678638458,-0.0663636997342109,-0.095588244497776,-0.097178466618061,-0.0975120291113853,0.0245616864413023,0.09752157330513,-0.0881149172782898,-0.0960780680179596,-0.0923152118921279,-0.0798661112785339,0.0974784567952156,-0.0975269079208374,0.0975345149636268,0.0858636647462844,0.0897844135761261,0.0975312367081642,0.0975345224142074,-0.0926738083362579,-0.095589779317379,0.097534529864788,0.0975345224142074,-0.097534529864788,-0.0974580198526382,-0.0971751064062118,-0.0973234921693801,-0.0215386226773262,-0.0975211858749389,0.0311485193669796,0.0975012257695198,0.0840878561139106,0.097534529864788,-0.0279067996889352,0.0958849787712097,0.0968589857220649,-0.0973478779196739,0.0584915950894355,-0.0774895846843719,0.097534529864788,0.0975149571895599,-0.0974839255213737,-0.0975186452269554,0.0542011111974716,-0.0970526337623596,-0.097534529864788,0.0974762812256813,0.0968008488416671,-0.097533643245697,-0.0968552827835083,0.0974554568529129,-0.0975266620516777,-0.007747568655759,0.0974370166659355,-0.0683229342103004,0.0514023713767528,-0.0926628857851028,-0.0968991443514823,0.0963314324617385,0.0975321531295776,-0.0918517336249351,0.0968246310949325,0.0975313931703567,0.0974878445267677,0.0764765739440918,-0.0975216552615165,0.0920404121279716,0.0333722047507762,0.0975194126367569,0.0970056504011154,-0.093132808804512,0.0970881953835487,-0.097534529864788,0.071736454963684,0.0064086494967341,0.0969968661665916,0.0761779621243476,-0.0975282490253448,-0.0909021198749542,0.0975336134433746,0.0965882539749145,-0.0971803292632103,0.097534529864788,-0.0975315943360328,0.097534529864788,0.0944387391209602,0.0851813629269599,-0.0157089699059724,0.0975334644317627,-0.0526052638888359,-0.087306447327137,0.0227671694010496,0.0567600540816783,0.1448143124580383,-0.0358219631016254,-0.0765281841158866,0.0364632420241832,-0.069774754345417,-0.0855392962694168,-0.0944269523024559,-0.0159858334809541,0.1163792461156845,0.0016958264168351,0.102752111852169,-0.0508114732801914,-0.109621912240982,-0.0111729158088564,-0.0291637387126684,-0.0768989324569702,0.0823094621300697,0.1634993702173233,-0.143603965640068,0.0613491535186767,0.0348767302930355,0.1468883901834488,0.0106992600485682,-0.05993078276515,-0.0211905278265476,0.0131375193595886,-0.0185910742729902,-0.074581354856491,-0.1268244683742523,0.0659617036581039,-0.053134948015213,-0.0843173339962959,-0.0669942423701286,0.1011863648891449,0.1627667993307113,0.125839963555336,0.1691545993089676,-0.0694145560264587,-0.0462565496563911,-0.0049922238104045,0.0437278673052787,0.1469383984804153,-0.1336246877908706,0.013848933391273,-0.0768649205565452,0.136401742696762,-3.85788080166094e-05,-0.0735860168933868,0.1674126982688903,0.1359062790870666,-0.1027784049510955,-0.0892344787716865,-0.1234183385968208,0.0082814106717705,0.0807080417871475,0.0927918851375579,-0.1713664531707763,0.0874484553933143,0.0230206791311502,0.1227847933769226,0.0710803568363189,0.0650208070874214,-0.0665306225419044,-0.0673893839120864,-0.0506579130887985,-0.0472412221133708,0.0781421065330505,-0.0759358927607536,0.0052138054743409,0.1522403955459594,0.0100234411656856,0.102357730269432,0.0281458999961614,-0.0681448429822921,0.0836716890335083,-0.1474636048078537,-0.0095966821536421,0.0213427562266588,-0.0521662309765815,-0.1696427911520004,0.1384748518466949,0.0784003287553787,0.021892849355936,0.1399435997009277,0.0494205765426158,0.0590233318507671,0.1274623274803161,0.0209879223257303,-0.0621849671006202,-0.0646519586443901,0.09254851937294,-0.1069803833961486,0.0201497878879308,-0.1394565999507904,-0.0853547304868698,0.0355501025915145,0.1433880925178527,0.0936712473630905,-0.0704028457403183,0.0267712753266096,-0.1250570267438888,-0.0734547674655914,-0.0185154061764478,0.0430166870355606,-0.0305630825459957,-0.0534084029495716,-0.0976834818720817,-0.0396866090595722,-0.1383133679628372,0.1622107774019241,-0.0696044564247131,0.0131579525768756,0.154882475733757,0.0630465075373649,-0.0872694179415702,-0.0583700276911258,0.0477480664849281,-0.1064357608556747,-0.0229380838572978,0.0833409056067466,-0.0323748774826526,0.085345447063446,0.0367240384221077,0.0570494979619979,0.0221993010491132,-0.1316664516925811,0.117689773440361,0.0327212959527969,0.076456069946289,0.0233636125922203,0.0037261326797306,0.0715000107884407,-0.0206565707921981,0.0223651379346847,0.0421722866594791,-0.1025562658905983,0.1120597571134567,0.0699788928031921,-0.1145244017243385,0.0224973410367965,0.0397382527589798,0.130647212266922,-0.1294050365686416,-0.090605542063713,-0.0472774282097816,-0.0561658851802349,-0.1501264572143554,-0.0649641305208206,-0.084881767630577,-0.0565872676670551,-0.0595115721225738,0.1544512808322906,-0.1210729479789733,0.0812939554452896,-0.0011657197028398,0.048287745565176,-0.059608981013298,0.1099811345338821,0.0539335645735263,0.0353512540459632,-0.0049869245849549,-0.0379745289683342,-0.1414025276899337,0.098525084555149,0.0517010167241096,0.068340815603733,-0.1293453574180603,0.0922383666038513,-0.0833707228302955,0.0378962233662605,-0.1264451295137405,0.1482266783714294,0.0718089118599891,-0.1056042313575744,0.0750206038355827,0.0524182133376598,-0.0068387892097234,0.0309092607349157,-0.001224166015163,0.035545464605093,-0.059801522642374,-0.0408146269619464,0.0669236555695533,-0.1188806369900703,-0.0897205621004104,0.0939914807677269,-0.0461063683032989,0.0166839677840471,-0.0638969987630844,0.1189551427960395,0.0408756136894226,0.0526625104248523,-0.1429106891155243,0.1486138552427292,-0.0229094512760639,-0.0625785514712333,-0.1360068023204803,0.051157608628273,0.1138048022985458,-0.1404493898153305,0.1314860731363296,0.0058892513625323,0.112295888364315,0.0590047761797905,-0.1020554974675178,-0.0418663471937179,-0.0034347036853432,0.1255339831113815,-0.0905253067612648,-0.056798119097948,0.0069330972619354,-0.1330708265304565,-0.1063882559537887,0.1432161629199981,0.1295657753944397,-0.0019406208302825,-0.1292827278375625,0.1157877072691917,0.0648615658283233,-0.0690482556819915,-0.0122932130470871,-0.1412609219551086,0.0773619636893272,-0.0977827012538909,-0.0565021634101867,0.0700129494071006,0.0716897621750831,0.1106883808970451,-0.1365884393453598,-0.0247199889272451,0.058067038655281,-0.1127806305885315,0.0945692360401153,-0.1373616755008697,-0.12997567653656,0.0467263348400592,0.1217262670397758,0.04016600176692,0.1172535270452499,-0.0041704098694026,0.1468416899442672,-0.1479174941778183,-0.0573255680501461,-0.0242079831659793,-0.0216145645827054,0.1238515004515647,0.0167332105338573,-0.0510086081922054,-0.1140586659312248,0.0996905863285064,0.0979786813259124,0.0219385344535112,0.056932907551527,0.0982128456234932,-0.0446990355849266,0.1338922828435897,-0.0601251758635044,0.13699471950531,0.1385244578123092,0.0576871149241924,-0.0943801626563072,-0.1113164722919464,0.0363265089690685,0.0654827430844307,-0.0963001549243927,0.0330632291734218,-0.041479256004095,-0.0234811827540397,0.0817049592733383,-0.1551309078931808,-0.0929529219865799,-0.0229429267346858,-0.0389044880867004,0.0344238728284835,-0.1013051867485046,-0.1075603365898132,-0.0586872696876525,0.0751998573541641,0.0403206460177898,-0.0751672387123107,0.0030322044622153,0.0745906829833984,0.0049358545802533,0.0481624417006969,0.0518869832158088,-0.0114541901275515,0.0292546283453702,0.0527346581220626,0.1257684826850891,-0.0036004406865686,-0.043600495904684,-0.1401986181735992,-0.0958034917712211,-0.1523011922836303,-0.1095124185085296,0.0523730777204036,0.1277080774307251,-0.1503787338733673,0.1679629832506179,-0.0123674115166068,0.0124549753963947,0.0360461138188838,-0.1075988486409187,0.1062214002013206,0.0005035566864535,0.1320044249296188,0.1173371374607086,-0.1500758230686187,0.1115472763776779,0.0305262003093957,-0.0946416556835174,0.0413536876440048,-0.1083795577287674,-0.1153729707002639,-0.0937530174851417,-0.0633569434285163,0.0396671704947948,-0.0777126029133796,-0.1185538917779922,0.0549333468079566,0.0336325280368328,-0.1339249461889267,-0.0908331200480461,0.0201697889715433,0.1458438038825988,-0.0075637800619006,-0.1374262422323227,-0.1511810719966888,-0.1522672027349472,-0.0098339542746543,0.0870679467916488,-0.0562245473265647,0.0048643583431839,-0.0494294427335262,0.066453218460083,-0.0991974100470542,-0.0815681815147399,0.0634588226675987,0.0300877802073955,-0.0648699775338172,-0.0834892764687538,0.0811935067176818,0.1584845781326294,-0.077467456459999,-0.0158291608095169,-0.0112767433747649,-0.0653905421495437,0.108713649213314,-0.1437330394983291,-0.0510682165622711,-0.1373439133167266,-0.0005084812873974,-0.1341675519943237,0.0934442430734634,-0.0344802066683769,-0.1192728281021118,-0.0344655029475688,-0.0870898514986038,-0.061566524207592,0.0076583358459174,0.1446740329265594,-0.0498524531722068,0.1622325778007507,-0.0577687732875347,-0.0385594852268695,0.0721466317772865,-0.0430252701044082,0.0134868435561656,-0.0653999000787735,-0.0805110484361648,-0.0193306989967823,-0.105045810341835,-0.0499436482787132,-0.001020566560328,0.1563547998666763,0.143321618437767,0.0757038816809654,-0.0951288118958473,0.0025155795738101,0.0975929349660873,RHUYCSDNRLNNNO-UHFFFAOYSA-N,OC(COc1ccc(Cl)cc1)CN1CCN(c2cccc(Cl)c2)CC1
0.0799109861254692,-0.0998454540967941,0.0974721610546112,-0.1001426875591278,-0.0941763892769813,-0.0133294397965073,-0.0991922616958618,-0.0865131169557571,0.0021349722519516,-0.0986788794398307,0.0663746148347854,0.0973556861281395,0.0990260392427444,-0.1000485271215438,0.096850536763668,0.1000956669449806,0.0806489139795303,0.0995552763342857,0.0553913787007331,0.0979037508368492,0.0744189023971557,0.086605429649353,-0.1001426875591278,0.100141704082489,0.0836475268006324,-0.0561593659222126,0.0257252883166074,-0.0582192912697792,-0.0996483042836189,-0.1000768467783927,-0.0989788249135017,0.1001426801085472,-0.0762318223714828,0.1001426875591278,-0.0986147299408912,-0.0798900574445724,-0.1001199036836624,-0.0933789238333702,0.0527920350432395,-0.0862816870212555,0.1000820621848106,0.0901322737336158,0.1001426875591278,-0.1001426428556442,0.0765969902276992,-0.0839680731296539,0.0850932300090789,-0.0481325909495353,0.1001239344477653,0.1001426205039024,0.092279277741909,-0.0961257591843605,0.100136287510395,0.1000648140907287,-0.088567703962326,-0.0914354622364044,-0.1001414135098457,0.1000371351838111,-0.0910088717937469,-0.052538875490427,0.0965014100074768,-0.0906016752123832,-0.1000562980771064,0.0945307463407516,-0.0995923057198524,-0.1001424789428711,-0.0649543181061744,-0.1001425832509994,0.0983741208910942,-0.078036718070507,0.1000948399305343,-0.0655904561281204,-0.0974026769399643,-0.0999988615512847,-0.0958392471075058,-0.1001348569989204,0.0991239473223686,0.0967751890420913,0.0947740748524665,-0.1001426726579666,-0.1001424714922905,0.0937473401427269,0.1001426801085472,0.0912910252809524,0.097876913845539,-0.0210793633013963,-0.1001426801085472,-0.0580916441977024,-0.0742993801832199,-0.1001417711377143,-0.0743403360247612,-0.0965603590011596,0.0956479310989379,-0.1001426875591278,0.030685530975461,-0.0921760350465774,-0.0602490529417991,-0.0972461327910423,-0.0992811843752861,0.0405885130167007,0.0509459488093853,-0.0989003777503967,0.0849189385771751,-0.1001378893852233,-0.1001411899924278,-0.0622200928628444,0.0852237716317176,0.0930596068501472,0.0961511507630348,0.1001426875591278,0.1001426801085472,-0.0994413793087005,-0.0193359516561031,0.0997623652219772,0.0999425426125526,0.0884433835744857,0.0706628635525703,0.0812255591154098,-0.1001426801085472,-0.0221420656889677,0.0818284228444099,0.0845834985375404,-0.0898742601275444,0.0952910929918289,-0.1000313237309455,0.0496421940624713,0.1001423075795173,-0.0882730185985565,-0.0379044935107231,0.1056262180209159,-0.0413338094949722,0.1066738218069076,0.1058107614517211,0.1070090606808662,-0.1003244295716285,0.0949211344122886,0.0992209315299987,-0.0672735348343849,0.0638510584831237,0.1066949591040611,-0.0808547884225845,-0.0987176522612571,0.1070081740617752,-0.107009083032608,0.1034495830535888,0.0506393685936927,0.1070090755820274,0.0620430558919906,0.107009083032608,0.1029496788978576,-0.0768291354179382,0.106602743268013,-0.0280219223350286,0.0848840251564979,0.0036988384090363,0.0923488363623619,0.0964757576584816,-0.0748088136315345,-0.1063179224729538,0.0921799838542938,0.0497456900775432,0.1064551621675491,0.1070090755820274,0.0725399032235145,-0.0246228836476802,-0.1053162440657615,0.107009083032608,0.0479055754840374,0.0950867757201194,0.0974359884858131,0.1044479608535766,0.107009083032608,0.0791894197463989,-0.1069583445787429,0.1065148115158081,-0.0938627868890762,0.0703382343053817,-0.0401423647999763,0.096587099134922,0.0766485407948494,-0.0942881256341934,-0.0976302102208137,-0.1049815341830253,0.1069775819778442,0.1070090755820274,-0.1067977249622345,-0.107009083032608,-0.0530161038041114,-0.1062843203544616,-0.1070084944367408,0.0101474625989794,0.106971763074398,-0.107009083032608,-0.107009083032608,-0.107009083032608,-0.0848695188760757,-0.1066441386938095,-0.0148868653923273,0.1070090755820274,0.0969372168183326,0.1068417504429817,-0.1042913049459457,-0.1065694913268089,-0.0817869305610656,0.107009083032608,-0.107009083032608,0.0730376318097114,-0.1027303114533424,0.107009083032608,0.0289681442081928,0.0072609107010066,-0.107009083032608,0.0948192328214645,0.1069033667445182,-0.1070090606808662,-0.0967345759272575,0.0838242024183273,-0.0826342478394508,-0.1054301112890243,0.0493949502706527,-0.0636968910694122,0.0978171750903129,-0.1031786203384399,-0.0342477485537529,-0.096797190606594,-0.1048487648367881,0.0887116342782974,0.1067537143826484,0.0227827075868845,-0.0101687535643577,-0.0269152242690324,-0.0819155871868133,0.0068577541969716,-0.107009083032608,0.0567541643977165,-0.0316196791827678,-0.1046292930841445,0.0340875908732414,0.1052565574645996,-0.0587065033614635,-0.0311719086021184,-0.0977169498801231,0.1029209420084953,0.1003824844956398,-0.0629560127854347,0.0779037848114967,0.0953307449817657,0.1050254181027412,-0.107009083032608,0.0172878876328468,-0.1070089265704155,0.0492381080985069,-0.0392127484083175,0.1069729402661323,-0.0944752544164657,0.0758946165442466,-0.0901041477918624,0.0066096251830458,-0.10379458963871,-0.1015308052301406,0.0997563451528549,-0.1027664467692375,0.1031500995159149,-0.0957676172256469,-0.0765388682484626,-0.103794053196907,0.0125857349485158,0.0825381204485893,0.1026597842574119,-0.0891153365373611,0.0981616228818893,0.0587078854441642,0.1037791669368743,0.0980843752622604,0.1037525758147239,-0.0005647966172546,-0.089361771941185,0.0084991557523608,0.1036435961723327,-0.0194856896996498,0.0515961050987243,-0.1036466360092163,0.0521418489515781,-0.0088048940524458,0.1023553609848022,0.075493037700653,-0.0791554972529411,0.0839249864220619,0.1020114421844482,-0.1023936197161674,0.0792895406484603,-0.1037937626242637,-0.0939487442374229,0.0377337113022804,0.0983713641762733,-0.1037946939468383,0.0957247167825698,0.0543449819087982,-0.1037946939468383,0.0230641774833202,-0.0514645166695117,-0.0776243433356285,-0.0999837443232536,-0.0941051319241523,0.102879375219345,-0.1036378368735313,0.1037130802869796,-0.0870468467473983,-0.0477623827755451,0.096542127430439,0.092409461736679,0.1032484471797943,-0.1037943810224533,-0.1025393158197403,0.0693152993917465,0.1031021401286125,-0.0057866792194545,0.0897776708006858,0.1037738993763923,0.1025434508919715,0.1037927418947219,-0.0981558188796043,0.0419060066342353,-0.1037946939468383,0.0767010301351547,-0.1034444943070411,0.1037946864962577,0.1036561653017997,0.0506817996501922,0.1037750542163848,-0.0873226374387741,-0.062927022576332,0.1037946939468383,-0.1037946939468383,-0.0581690296530723,-0.1009553000330925,0.1002385690808296,-0.1037945374846458,-0.0880237966775894,0.0220016110688447,-0.0689559429883956,0.1037946790456771,-0.1034861654043197,0.1035542711615562,0.1037946939468383,-0.0746536254882812,0.1000419482588768,-0.0984256863594055,-0.0440469868481159,-0.0948426574468612,-0.1009497418999672,-0.0568804927170276,0.0739138573408126,-0.0068545979447662,-0.1014101281762123,-0.0259185452014207,-0.1034781858325004,0.0675921812653541,0.0838386639952659,0.0095977364107966,0.1037142425775528,-0.081735759973526,0.0945369526743888,-0.1035264432430267,-0.099396526813507,-0.1037946939468383,-0.0987542942166328,0.1017846316099166,0.1037163063883781,-0.1033630669116973,0.1037942394614219,0.1014134883880615,-0.1032489091157913,-0.10367963463068,0.0257185660302639,0.0812023282051086,-0.1037946790456771,-0.1033065691590309,0.1035022512078285,-0.1037946939468383,-0.1034964323043823,-0.0699235424399375,-0.0979058519005775,-0.0978791192173957,0.1306610703468322,0.0635320171713829,-0.0660890787839889,-0.0409966185688972,0.0639640390872955,0.1016442775726318,-0.045423250645399,0.1254162490367889,0.1240922957658767,-0.1012608855962753,0.1302114725112915,0.1081354841589927,0.0599293112754821,-0.0932162404060363,-0.115435741841793,-0.0653629153966903,-0.1075647622346878,-0.0415862724184989,0.0344341471791267,-0.1001272574067115,-0.0670829638838768,0.1409022808074951,-0.1281243860721588,-0.0916662588715553,-0.0369166806340217,-0.0338138230144977,-0.1136831864714622,0.1165657192468643,-0.118477925658226,-0.0313069261610507,-0.0002753018925432,0.1248067542910575,-0.0383179523050785,0.059524443000555,0.0682062059640884,0.0871087610721588,0.1152794584631919,-0.1054830402135849,0.1091464534401893,-0.0552260875701904,-0.1032221838831901,-0.0305919200181961,0.0852335542440414,0.1194456666707992,-0.0481371656060218,0.0682547688484191,0.0537855513393878,-0.1149689927697181,-0.0293667614459991,0.0103829046711325,0.1018838062882423,-0.1122166812419891,0.0987756550312042,0.0928327217698097,0.049010269343853,0.037471204996109,-0.0909001901745796,0.1310418844223022,0.045442096889019,0.1161767616868019,-0.1411108523607254,-0.1229227483272552,0.0617716386914253,-0.1019722819328308,0.0998483821749687,-0.0963659062981605,-0.1356480568647384,0.0160179696977138,-0.0903251394629478,0.0693687349557876,0.0948164239525795,-0.0621366687119007,0.0056455587036907,-0.0467125661671161,-0.1228875815868377,0.0457922220230102,0.1228602156043052,-0.081990472972393,0.0877145901322364,-0.0416799746453762,-0.0920618772506713,-0.0242065414786338,-0.0808571949601173,-0.1441197395324707,-0.0780944898724556,0.0977563485503196,0.1275707930326461,0.1264827698469162,-0.0733961313962936,0.1313907504081726,-0.0507388077676296,-0.0224789194762706,-0.0336376279592514,0.1092708483338356,0.0279962662607431,-0.0710929557681083,0.1075400412082672,-0.0172606278210878,0.0802119225263595,0.0938322022557258,-0.0390496738255023,-0.0452907308936119,0.1319633871316909,-0.0018975421553477,0.0993637368083,-0.0722216665744781,-0.1009370982646942,-0.00384665816091,0.0999410301446914,0.1079182177782058,-0.0702479481697082,0.1021900624036789,0.1098135188221931,-0.1087397709488868,-0.011801035143435,0.1177823543548584,-0.051586627960205,0.1350790411233902,-0.0337763763964176,0.0517291463911533,0.0226305220276117,0.071004569530487,0.1086520031094551,-0.108508825302124,0.0301738958805799,0.0498423464596271,0.1267821788787841,0.0948886051774025,-0.1315423846244812,-0.0974645018577575,-0.0001363174233119,-0.1061665415763855,0.075579859316349,-0.0542213134467601,-0.0103061674162745,0.1266286224126815,0.1024686321616172,-0.0929306298494339,0.0859687328338623,-0.1304242610931396,0.0280621666461229,0.0362981185317039,0.0245840139687061,-0.0560308098793029,0.1181885600090026,-0.0651048123836517,-0.0044872630387544,0.0291993040591478,0.1049522832036018,-0.1347473859786987,-0.0665438994765281,0.0132174901664257,0.104438692331314,0.1407127380371093,-0.1357245147228241,-0.0594090186059474,-0.1451826244592666,-0.1307851821184158,-0.0835084542632103,0.133114606142044,-0.0408893153071403,0.1317698359489441,-0.0112244607880711,-0.0654659867286682,-0.0980474725365638,-0.1284920871257782,-0.0353489629924297,0.0617670901119709,0.0278416220098733,0.0223692376166582,-0.0023667581845074,0.1332090497016906,-0.1246659457683563,-0.1318123638629913,0.0658141002058982,0.0013875715667381,-0.0597408823668956,0.0062223905697464,0.1415947079658508,0.0509435646235942,0.0517386347055435,-0.0640038549900055,-0.129048615694046,-0.0822270363569259,0.0890915468335151,0.0726682990789413,0.1280035078525543,0.0357360132038593,0.1264564096927642,0.0456498675048351,0.0793733149766922,0.1017334535717964,-0.0629428178071975,0.0240983832627534,0.0179633554071187,-0.0636466145515441,-0.0403407029807567,0.1209520623087883,-0.0287223476916551,-0.1112804189324379,-0.1366607695817947,-0.0633880048990249,-0.0697466433048248,-0.0613133944571018,-0.1076658591628074,0.1028779149055481,-0.1093983873724937,-0.1189016848802566,-0.1315626800060272,0.0974913537502288,0.1146339997649192,-0.069182738661766,-0.0543391779065132,-0.1379074156284332,0.0048990966752171,0.0688695907592773,0.0687862187623977,0.1490390449762344,0.135452851653099,-0.0204459484666585,-0.1393525749444961,-0.0123203853145241,0.097887136042118,-0.1034797206521034,0.112457662820816,0.0517692565917968,-0.0325905010104179,0.1037077233195304,0.0724469646811485,-0.0215377490967512,0.1113163009285926,0.0501518212258815,-0.0693090185523033,0.0699488595128059,-0.1348486244678497,0.0966524332761764,0.0157864764332771,0.0410203263163566,-0.077364481985569,-0.0242377538233995,0.038389902561903,0.0621246099472045,0.0615448169410228,-0.1268152445554733,0.1332702934741974,-0.0679764971137046,0.0078826304525136,0.0399187579751014,-0.1362284272909164,0.0703715682029724,0.1059554666280746,-0.0280244760215282,-0.014679942280054,0.1425510942935943,-0.1120001226663589,0.0062543153762817,0.0288235805928707,-0.0298044569790363,0.0394178256392478,0.1051563471555709,0.114561341702938,0.1235557720065116,0.0633998066186904,0.082305833697319,0.0908634662628173,0.0845986306667327,0.1073707491159439,0.145648568868637,-0.1012104973196983,0.0028165378607809,0.0045079546980559,0.0699205473065376,-0.036923486739397,0.0120402090251445,0.025524454191327,0.0327349826693534,-0.1434119939804077,-0.1547838002443313,-0.086704596877098,-0.1162317767739296,-0.0264081694185733,0.0446315072476863,0.1162489503622055,-0.0350907556712627,-0.1528381556272506,0.0524220913648605,-0.1140361726284027,0.0831493288278579,-0.0512957274913787,0.0417428351938724,-0.102571852505207,-0.1235903650522232,0.1226499378681182,0.0278394855558872,0.1398041248321533,-0.1171962618827819,0.0354915894567966,-0.0217593181878328,-0.0175846703350543,0.0795220211148262,-0.0402770303189754,-0.0501620508730411,0.1571402549743652,0.1628480553627014,-0.0736858993768692,0.0758625343441963,0.0548992119729518,0.051096849143505,0.0441856756806373,0.0231892336159944,-0.0859751924872398,0.0614044182002544,-0.0694403797388076,-0.0431889034807682,-0.1039784923195838,0.0586558245122432,-0.0858003720641136,-0.0753724798560142,-0.0786282792687416,0.044452890753746,-0.1424079686403274,-0.0744797885417938,-0.0216054525226354,-0.0984613597393035,-0.0314674191176891,-0.0152032878249883,-0.0923721268773078,-0.1247029900550842,0.0062737297266721,0.0680094957351684,-0.149969071149826,-0.0462432838976383,-0.146628588438034,-0.0145329628139734,0.0124207818880677,0.0821907445788383,0.0266358647495508,-0.0366907529532909,0.0972434431314468,0.1422015279531479,-0.0770405381917953,0.005324971396476,-0.0772687941789627,-0.1411872655153274,-0.0380307585000991,-0.1330611705780029,0.0444991663098335,-0.0140539975836873,0.1174926236271858,0.0460034869611263,-0.1143488138914108,0.1033872291445732,-0.1535678505897522,0.0334828272461891,0.0794288143515586,0.1457737535238266,0.0615395344793796,0.0675915256142616,-0.0986721217632293,-0.0129858739674091,0.1167836859822273,0.0919900834560394,-0.0617072470486164,-0.0554930157959461,0.1487799435853958,-0.1321982741355896,0.0653833821415901,0.0656331703066825,0.1238440945744514,-0.0808679535984993,0.1727308928966522,-0.0669731646776199,0.1365034282207489,-0.0686134696006774,-0.0290477629750967,0.0288799833506345,-0.034203715622425,0.0743356794118881,0.1169354766607284,-0.0762722268700599,0.0818643718957901,-0.1158245429396629,-0.123883306980133,0.0306575130671262,OEQXQKXYMZVSPG-UHFFFAOYSA-N,Cc1noc(C)c1S(=O)(=O)NC(C)c1cccnc1
0.0866024196147918,-0.0951694473624229,-0.0951566249132156,0.0951700061559677,-0.0946685746312141,0.0946617573499679,0.0949415490031242,-0.0850407481193542,-0.0951491445302963,-0.0945102795958519,-0.0951241105794906,-0.0859281420707702,-0.0657466128468513,0.0943314880132675,0.086459644138813,0.0541152618825435,0.0951686725020408,-0.0934509113430976,-0.0951700359582901,0.0950341820716857,0.0171732939779758,0.0769443362951278,-0.0950811877846717,-0.094810739159584,0.0944911688566207,0.095158077776432,0.0951699465513229,-0.0812412351369857,0.0911459252238273,-0.089172288775444,-0.0951341167092323,0.0951695814728736,-0.0297037810087203,-0.0875870734453201,-0.0951700285077095,-0.0951689481735229,0.095026671886444,0.0951700285077095,0.0506728887557983,0.0951408147811889,-0.0951696559786796,-0.0951145067811012,0.0946039035916328,-0.0950673073530197,0.0951600670814514,-0.045530442148447,-0.0951679125428199,0.0898315384984016,-0.0951693058013916,-0.094697505235672,-0.0951588153839111,0.0851244777441024,0.0951684191823005,-0.0948388278484344,-0.0951698124408721,0.0929865688085556,-0.0951525792479515,-0.093532383441925,-0.0951535403728485,0.0394433736801147,-0.0951409563422203,0.0903717726469039,0.0946838781237602,0.0951568260788917,0.0936365351080894,0.0369233042001724,-0.0301627237349748,0.0947657898068428,-0.093564786016941,0.0951580703258514,0.0715715587139129,0.0951700136065483,0.092539332807064,-0.0951692685484886,-0.0905513390898704,-0.0946340337395668,-0.0951695069670677,0.0944339781999588,-0.0875261947512626,-0.0871229693293571,0.0949701964855194,0.0938505008816719,0.0951679125428199,0.092391736805439,0.0398078225553035,0.0951577946543693,-0.0791511386632919,0.0951430276036262,0.0726733952760696,-0.0951698049902916,-0.0951678529381752,-0.0949820131063461,0.0951070711016655,0.0951699167490005,-0.094860702753067,-0.0951493009924888,-0.0951700434088707,0.095169298350811,-0.0944990664720535,0.0400103367865085,-0.094262346625328,0.0951699092984199,-0.0776001960039138,-0.0950385555624961,0.0951200649142265,-0.0951022207736969,-0.095164768397808,0.0913397744297981,0.0841639935970306,0.0759001672267913,-0.0659184083342552,-0.0935330167412757,-0.0950200036168098,0.0587988309562206,0.086413487792015,-0.0951571241021156,-0.0125696128234267,0.0604972243309021,-0.0951695814728736,0.0951505154371261,-0.0941896811127662,0.0652836337685585,-0.0947524309158325,0.0928855165839195,0.0951648503541946,0.095149740576744,-0.0932424515485763,-0.0949678048491478,-0.0887963399291038,-0.0937710180878639,-0.0937710180878639,-0.0525051765143871,-0.093721866607666,-0.0837057456374168,0.0937708020210266,-0.0937663614749908,0.0937710031867027,-0.0936353132128715,0.0937689393758773,-0.0885365754365921,-0.0934140980243682,0.0556457079946994,-0.0810798183083534,0.0924952551722526,-0.0937535986304283,-0.0937710180878639,-0.0937709659337997,-0.0936378315091133,0.0937710180878639,-0.093766376376152,-0.0916372612118721,-0.0937708914279937,0.0820765942335128,0.0937218070030212,0.0934517681598663,-0.0937710180878639,-0.0937710180878639,0.0937710106372833,-0.0936606675386428,-0.0936739072203636,0.0876780077815055,-0.0937710180878639,-0.0889660567045211,0.0835139602422714,0.090456299483776,-0.0937709584832191,0.093770146369934,-0.0917199477553367,0.0937408134341239,-0.0918049812316894,0.0937554910778999,-0.0937710180878639,-0.0937709361314773,0.0936191901564598,-0.0937710180878639,-0.0937710106372833,-0.0937710180878639,-0.0936166644096374,0.0937706008553505,-0.0937709659337997,0.0937710180878639,-0.0935026258230209,-0.0937344208359718,0.0937710180878639,-0.0937710180878639,-0.0937710180878639,-0.0937520712614059,-0.0937536433339119,0.0159219820052385,-0.0937710180878639,-0.0936471223831176,-0.0937710180878639,0.0937571823596954,-0.031715027987957,-0.0822602212429046,0.0930596143007278,-0.0933130756020546,-0.0937705338001251,0.093768835067749,-0.0937709063291549,0.0937710180878639,-0.093761920928955,0.0937710106372833,-0.0761811360716819,-0.0910201072692871,-0.0937691032886505,-0.0937706530094146,-0.0691839382052421,-0.091020219027996,-0.093301735818386,0.0937681198120117,0.0937710180878639,-0.0937517657876014,-0.0937700867652893,-0.0937710031867027,0.0300432760268449,0.0937152504920959,-0.0918979719281196,0.0937709137797355,-0.0937710180878639,-0.0132378423586487,0.0937689393758773,0.0847099125385284,0.0937252789735794,-0.0937710180878639,-0.0937662869691848,0.0799715295433998,0.0930328890681266,0.0871304273605346,-0.0298542026430368,-0.0642125010490417,0.0937710180878639,0.0936932265758514,0.0937652662396431,0.0913496166467666,-0.0910401567816734,0.0937710180878639,-0.0937704592943191,-0.0874380394816398,-0.0937398895621299,0.0937710106372833,-0.0125168357044458,-0.092318519949913,-0.0937710180878639,0.0931064933538436,0.0101131564006209,-0.0359166860580444,0.0936368629336357,-0.0894142612814903,0.0937710180878639,-0.0937709957361221,-0.0937710106372833,0.0438494496047496,0.0937076956033706,0.0752681568264961,-0.0937710180878639,-0.013821774162352,0.0820333212614059,0.0978183522820472,-0.090299367904663,0.0457472167909145,-0.1009437441825866,-0.0923413708806037,-0.1009868308901786,-0.0998356640338897,-0.088160865008831,-0.0521216243505477,0.0964974388480186,0.0990332588553428,-0.0592747293412685,-0.0981387495994567,0.1008330658078193,-0.1000304147601127,-0.0941250100731849,-0.1009733080863952,0.0999955311417579,-0.10098747164011,-0.10097486525774,-0.0937122404575347,0.0092101050540804,0.1007876470685005,0.100648358464241,0.0795681774616241,0.1005516871809959,-0.092227891087532,0.0535124614834785,0.1009315997362136,-0.1006751433014869,0.089252769947052,-0.0818529650568962,-0.0741561576724052,-0.1009374409914016,0.0070526823401451,0.040467869490385,-0.0929626077413559,0.0496844463050365,-0.0998597294092178,0.0951235219836235,-0.0626326128840446,0.0820817425847053,-0.0970071330666542,0.0949064940214157,-0.1009848788380622,-0.0941741541028022,0.0919423475861549,0.0879366472363472,0.1006844490766525,-0.064769372344017,-0.0973621681332588,0.0085065132007002,-0.0875028520822525,-0.1000848487019538,0.0762950181961059,0.0952445045113563,0.0458949618041515,-0.1004370152950286,0.0469639971852302,0.0983716174960136,0.0806560143828392,0.012439701706171,-0.0970510691404342,0.0849183499813079,0.100321739912033,0.0739451423287391,-0.10092643648386,0.0961523950099945,0.0719489455223083,0.0390059128403663,0.0912170708179473,0.1009875461459159,0.0623609870672225,-0.1008358299732208,-0.100933626294136,0.1007686257362365,0.053442258387804,-0.1003808453679084,-0.1006677746772766,0.0624288655817508,0.0814569219946861,0.0999262928962707,0.0994364768266677,-0.1009639799594879,0.0999251306056976,-0.0929787680506706,-0.0971104949712753,0.0980603992938995,0.0760072693228721,-0.1009734272956848,-0.1007716804742813,-0.0974418446421623,0.1004465818405151,-0.0961587354540824,-0.0955720916390419,-0.0999796167016029,0.0706299394369125,-0.0980173274874687,-0.100775122642517,-0.0888582989573478,0.0981794074177742,0.1002286300063133,0.0863674059510231,0.0556890033185482,-0.0941631197929382,0.1005962863564491,-0.1009871363639831,0.100046694278717,-0.0991873815655708,-0.1009873077273368,-0.0871708244085311,-0.0996816381812095,0.0931487902998924,-0.1007663831114769,-0.0723127126693725,0.0986781567335128,0.1009859964251518,-0.0948000326752662,0.0215805452316999,-0.0938539803028106,0.097644068300724,0.0154163874685764,-0.0677268728613853,-0.0890498757362365,-0.0999396294355392,0.1009760349988937,0.054474838078022,0.1053276434540748,-0.0165700614452362,-0.0855413302779197,0.0317304655909538,0.1004912257194519,0.1005819141864776,0.1097291186451911,0.1085140034556388,-0.0399491377174854,0.1107211858034133,0.0998922362923622,0.066133826971054,-0.0452431365847587,-0.1099362149834632,-0.0899806693196296,0.0794876813888549,0.0737205669283866,-0.1023574024438858,-0.1068382188677787,-0.1016181036829948,0.1105954125523567,-0.1019694954156875,0.0900612398982048,-0.1018048226833343,-0.1088518649339675,-0.1007830798625946,0.1017718687653541,-0.0928431376814842,0.0380135178565979,-0.0858407244086265,0.1097818240523338,0.0964332744479179,-0.0978469252586364,-0.0683148801326751,0.1091363206505775,0.1089357584714889,-0.0462111867964267,-0.0041122543625533,0.0987881794571876,-0.1100936904549598,0.0976558774709701,-0.0039320485666394,0.1071091070771217,-0.0874489322304725,-0.036246083676815,0.0626797899603843,-0.0708533003926277,0.0526657029986381,0.0728856399655342,0.1004778817296028,0.0266802739351987,0.1100465804338455,0.0988534688949585,-0.0906524136662483,0.1094679087400436,0.0404652096331119,0.1104911938309669,-0.0976882874965667,0.1098473295569419,-0.1103862002491951,-0.1056776493787765,0.0210845097899436,-0.0916860699653625,0.1013401374220848,0.0918853655457496,-0.1105206608772277,0.0842229500412941,-0.0267982557415962,0.0978453382849693,0.1085505411028862,-0.0088809989392757,-0.0454897210001945,-0.0880993008613586,-0.0835493728518486,0.0850353389978408,0.1001758798956871,-0.1069164425134658,0.0845628976821899,0.0892732292413711,-0.1026962026953697,0.0914508402347564,0.0879292264580726,-0.1107412576675415,-0.101998746395111,-0.0387692600488662,0.1093295067548751,0.1100053265690803,-0.1010327041149139,0.1086529195308685,0.0810713842511177,-0.0718268230557441,0.072077102959156,0.1012459397315979,0.0873203575611114,-0.0085353003814816,0.1084285229444503,-0.0804705470800399,0.0299209523946046,-0.0605378448963165,-0.1084411367774009,-0.1084788143634796,0.1106765419244766,0.0577131956815719,0.1106388717889785,-0.1001099199056625,-0.0783970057964325,0.0829801186919212,-0.02546994574368,0.1031946241855621,-0.0899353101849556,0.1077360734343528,0.1051057577133178,-0.1102631464600563,-0.0931570306420326,-0.0449848212301731,-0.0990592017769813,0.1103176325559616,-0.0816811099648475,0.1065163761377334,-0.0135190272703766,0.0900450721383094,-0.0463253557682037,-0.068817026913166,0.0939575061202049,-0.0278775189071893,0.1103266924619674,0.0736499577760696,-0.0873427167534828,0.0692073255777359,0.1102297157049179,-0.1092530861496925,0.1049235612154007,0.1072151213884353,0.1048178300261497,0.0760306641459465,0.1061968505382537,0.0961571037769317,-0.1064084842801094,-0.0382932499051094,0.1084138751029968,0.1032672971487045,0.0080904550850391,-0.0931556522846221,0.1089981198310852,-0.1045280247926712,-0.104663148522377,-0.1006144657731056,0.006381913088262,-0.1101074069738388,-0.1075790971517562,-0.1051939278841018,-0.1099115163087844,0.1079137772321701,-0.1025341525673866,0.0923770666122436,-0.106251947581768,0.097150906920433,-0.0013422489864751,0.1093771681189537,0.1064803153276443,-0.1009968966245651,0.018892316147685,0.1058338582515716,0.0867999941110611,0.1033834069967269,-0.0476493202149868,0.0608334131538867,0.0354833155870437,0.1093610748648643,-0.0908761620521545,0.0713945180177688,0.0943636894226074,-0.0994436368346214,0.0636244043707847,0.0942928716540336,-0.1085158959031105,-0.1099138632416725,0.0463711246848106,0.1100224703550338,0.1100609526038169,-0.1079662814736366,0.1047779321670532,-0.0972044393420219,0.0517401024699211,-0.1061804071068763,0.0475103594362735,-0.1052227467298507,-0.1080472022294998,0.0664031356573104,-0.0030562609899789,0.1020015403628349,-0.0895989313721656,-0.0810965001583099,-0.1100093424320221,-0.0216249413788318,-0.0942132174968719,0.1097107604146003,-0.1042416915297508,-0.1088814064860344,0.1056183651089668,-0.1072879359126091,-0.0878817588090896,-0.0985829755663871,0.0882301554083824,0.0293961949646472,-0.0612171068787574,0.0787163078784942,-0.1089470311999321,-0.0640658289194107,0.0689343512058258,-0.0965862795710563,-0.0576647520065307,-0.0296666473150253,0.0819202736020088,-0.1072694137692451,0.0898637250065803,0.1004998087882995,-0.0421691909432411,-0.1001561880111694,0.0142420139163732,-0.078184075653553,0.0121800284832715,0.0814114958047866,0.0644970759749412,-0.0856512263417244,0.0843863040208816,-0.0059752566739916,0.0867003053426742,0.0360914468765258,-0.0967888906598091,-0.0715304166078567,0.0898755639791488,0.1048592403531074,0.1086952835321426,0.1059013754129409,-0.0574513785541057,0.0891068577766418,-0.1088102832436561,0.0502965040504932,0.1034492924809455,-0.0762378200888633,0.0759702995419502,0.0130285425111651,0.1052171513438224,-0.109467975795269,0.0841692462563514,0.1082904636859893,-0.0139711033552885,0.1067041531205177,-0.1066866740584373,-0.1074356213212013,-0.081500694155693,0.0838179886341095,-0.040517296642065,0.0710163637995719,-0.0651531368494033,0.0562266707420349,-0.0230380296707153,0.0267152767628431,0.0013741378206759,0.1235552653670311,0.1244660168886184,0.1167990490794181,-0.0244952216744422,-0.0353024117648601,-0.0719289258122444,0.0625340268015861,-0.0952694788575172,0.0895297080278396,-0.0685262382030487,-0.0890344530344009,0.1214662715792656,-0.1236919686198234,-0.0415032505989074,-0.1072417497634887,0.0653336867690086,-0.0626124441623687,-0.1127718016505241,0.0565201342105865,-0.1158768013119697,0.0270389448851346,-0.103229708969593,0.0479884631931781,-0.0306982118636369,-0.0755654349923133,0.1199840530753135,0.0029796813614666,0.0350424833595752,0.0714875981211662,-0.0988775640726089,0.0505103543400764,-0.0154384365305304,0.0326540954411029,0.0217230580747127,-0.0942330658435821,-0.0372725091874599,-0.1102288886904716,-0.0051829922012984,-0.0267790630459785,0.1206070706248283,-0.1012018546462059,0.1197130754590034,-0.0832897275686264,0.0011316154850646,-0.1140232607722282,-0.1218455806374549,0.1103449165821075,-0.0838215053081512,0.0854634046554565,0.1186468452215194,-0.1232106536626815,-0.1217423379421234,-0.0988007932901382,-0.1177532374858856,-0.0418939925730228,-0.0877241194248199,-0.1165838241577148,-0.0472563803195953,0.0012934998376294,0.1059510186314582,-0.0505507476627826,-0.0700204372406005,-0.1102623865008354,0.0909536629915237,-0.1100008711218833,-0.0878112614154815,-0.0960039794445037,0.103063017129898,0.1178916841745376,-0.1209650635719299,-0.1219831705093383,-0.1107656955718994,-0.0888561680912971,0.0333252623677253,0.0856642872095108,-0.1199036613106727,-0.0787898674607276,-0.0598643161356449,-0.0948885530233383,-0.0974526926875114,0.1193762868642807,-0.1178163364529609,-0.1170274689793586,-0.0689013004302978,-0.0529754273593425,0.1172458678483963,-0.0841033607721328,-0.0447615534067153,-0.0345966666936874,-0.1232852712273597,0.0037339613772928,-0.0597808696329593,-0.0198823064565658,0.0884181857109069,0.0262064188718795,-0.1156541779637336,0.1206770986318588,-0.057948712259531,-0.1074148043990135,-0.1185621246695518,0.1090960428118705,-0.0283727552741765,0.0382487140595912,0.1115209907293319,-0.0595917403697967,0.113593578338623,-0.1019061058759689,0.1141142398118972,-0.0935046970844268,0.119035467505455,-0.1230806484818458,0.0662186294794082,-0.0490634180605411,-0.0279490817338228,-0.1013222634792327,0.1084418222308158,0.1234614178538322,0.1246085166931152,0.0891709253191948,0.0415415875613689,-0.1210465207695961,0.0145333800464868,-0.1134475320577621,WJOHCSADJQUMCX-UHFFFAOYSA-N,O=[N+]([O-])c1cc(F)c2cccnc2c1O
-0.0942472741007804,0.0490980371832847,0.1016968041658401,-0.1015893518924713,0.0901991575956344,0.0661293119192123,-0.1002275049686431,0.0441965498030185,0.0588491335511207,-0.1003989875316619,0.0896085202693939,-0.0998691767454147,0.0180995967239141,0.1016499251127243,0.0977093279361724,-0.0817658528685569,-0.1016894727945327,0.1016500890254974,-0.1016847789287567,0.0615496449172496,-0.1008086577057838,-0.0944463610649108,-0.0380333252251148,-0.1009028404951095,0.0914668515324592,-0.0847631767392158,0.0740727111697197,-0.084474004805088,-0.0239877793937921,0.0960373431444168,-0.1011990830302238,0.1015653684735298,-0.1013401374220848,0.1016525700688362,-0.1016740947961807,0.0702917873859405,0.0403092056512832,0.1016270294785499,-0.101101666688919,0.1011913642287254,-0.1016763150691986,0.0851716622710228,0.1016459241509437,-0.0139003824442625,-0.032592374831438,0.1016915664076805,0.1010383293032646,-0.1003401950001716,-0.0676618814468383,0.0491349063813686,0.1013461500406265,-0.0936271026730537,0.0970519334077835,0.0397120639681816,-0.1003899127244949,0.1016250923275947,0.1015935838222503,0.0520929284393787,-0.079142078757286,-0.0952548161149025,-0.1011469438672065,0.097282089293003,0.1015302166342735,-0.0825290083885192,-0.0662578791379928,-0.0041993930935859,-0.0717424526810646,-0.0899403467774391,0.1000882089138031,-0.1008522063493728,0.1000068560242652,0.1016968041658401,-0.0600666180253028,-0.1016777455806732,0.1016307473182678,-0.1016265079379081,0.0724446102976799,-0.1016813516616821,0.0997391045093536,-0.1014449894428253,-0.1016765236854553,0.101695716381073,0.1016968041658401,0.068475067615509,-0.0736788362264633,0.1001580879092216,0.0235621724277734,-0.1003897860646247,-0.0260045658797025,-0.1016219481825828,-0.1004960387945175,0.0575175285339355,0.0197657495737075,-0.1016937941312789,-0.1016962379217147,0.0792156010866165,-0.1000306904315948,-0.1016950085759162,-0.0772632509469986,-0.0897764861583709,0.1016800180077552,-0.0548423416912555,-0.0908766612410545,0.1014428809285163,-0.1008404418826103,0.0950202494859695,0.0965279266238212,-0.0379266776144504,-0.0989156812429428,0.1016665995121002,0.1011223867535591,0.1016680225729942,-0.1014575809240341,0.1005986630916595,-0.0867223739624023,0.0554706640541553,-0.1007293984293937,-0.1016877517104148,0.0010590963065624,0.1008319407701492,0.0842156633734703,-0.0635453537106514,-0.0928288698196411,0.1016044244170188,0.098730057477951,0.0958528593182563,0.1015610545873642,0.1013750210404396,0.1015026047825813,0.038363441824913,-0.1022627726197242,0.1022359803318977,-0.0542237907648086,0.1023255214095115,-0.1022631227970123,-0.1010403707623481,0.1020549908280372,0.0962003767490387,0.1022600531578064,0.056612204760313,-0.0991561934351921,0.0882167220115661,0.1022798642516136,-0.1022830531001091,0.0612286925315856,-0.0584300532937049,0.1023240685462951,-0.1012405306100845,0.1023305878043174,0.0026825082022696,-0.1016562134027481,-0.0979483127593994,-0.0378348045051097,0.1022870987653732,0.0950558260083198,-0.0792741999030113,-0.0999784544110298,0.0801708325743675,-0.0940483286976814,-0.0830241292715072,-0.0729944631457328,-0.1009692028164863,0.1021220311522483,0.1012015491724014,-0.0993888452649116,0.0528970435261726,0.1023260056972503,0.0307355988770723,-0.0425191074609756,0.0917008593678474,-0.1021336913108825,0.1023230403661727,-0.1012814342975616,-0.1018010303378105,-0.0735654011368751,-0.0164941158145666,-0.0996061637997627,0.080965556204319,-0.1012253314256668,-0.0758310630917549,0.0698903650045394,-0.0932295694947242,-0.0934083312749862,0.0993088781833648,0.1020006462931633,-0.1005125343799591,-0.1023284196853637,-0.1012300252914428,-0.0925820842385292,-0.1023291647434234,0.0935829132795333,0.101566232740879,-0.1023180037736892,-0.1023305058479309,-0.102330170571804,-0.0805060565471649,-0.0399217382073402,-0.0159875899553298,0.102330170571804,-0.0959509760141372,0.1023305729031562,-0.1017296612262725,-0.0982977226376533,-0.1017448753118515,0.1023297160863876,-0.102322369813919,-0.0657905042171478,0.0259289611130952,0.1022727042436599,0.0041953451000154,0.1022044122219085,-0.102330558001995,-0.1014238595962524,0.0868483707308769,-0.1023156195878982,-0.0504381321370601,-0.1017471700906753,0.0810566246509552,0.0972197279334068,0.001059366390109,-0.0311379618942737,-0.053714495152235,0.1001050546765327,-0.0447325743734836,-0.1020066291093826,0.0938650444149971,-0.0341902635991573,0.1009934693574905,-0.1001470610499382,-0.1005026251077652,0.079633429646492,0.10167196393013,-0.0573187582194805,-0.1023286655545234,-0.1022739857435226,0.099870391190052,-0.0242085251957178,-0.1020019054412841,0.0981727018952369,0.0963188782334327,-0.099978432059288,-0.0982110276818275,-0.1023250594735145,-0.1006814911961555,-0.1022257581353187,0.1001761257648468,0.0980907678604126,-0.0824625492095947,-0.102330595254898,0.0524789132177829,-0.1021623760461807,0.0797056406736373,0.0026695725973695,-0.0167388580739498,-0.0936547964811325,0.0600866675376892,-0.0637764930725097,-0.0995775386691093,-0.1021033376455307,-0.0601111985743045,0.0745591819286346,-0.1067163273692131,0.08054119348526,-0.1034675687551498,0.0795772597193718,-0.0605806037783622,-0.0703757256269455,-0.0829376280307769,-0.1066722497344017,-0.106202945113182,0.0927359759807586,0.0859220549464225,0.1067234724760055,0.1058334931731224,-0.1027463525533676,-0.0940561741590499,-0.0639647096395492,0.106082797050476,0.1055225506424903,0.1063900366425514,0.0319218896329402,-0.0744286850094795,-0.0185409039258956,0.1062045246362686,-0.0083875367417931,-0.0779309049248695,-0.029250755906105,-0.1064027771353721,0.1046008840203285,-0.1066651418805122,-0.0881489068269729,-0.1001302897930145,-0.1064102873206138,-0.0554565228521823,0.0385672524571418,-0.106711208820343,-0.0971187651157379,0.1042970418930053,-0.0602919422090053,0.0283877085894346,0.0914170444011688,0.0926465764641761,0.0950374603271484,-0.1047054976224899,0.106690838932991,-0.011176741681993,-0.0359532088041305,0.104629099369049,0.0990414544939994,0.0892238616943359,-0.1057001128792762,0.1020122617483139,-0.01130489166826,-0.1062620803713798,-0.1038856208324432,0.1066435053944587,-0.0951413437724113,0.0467515178024768,0.1067216917872428,-0.0494783595204353,0.1065755188465118,-0.0997794792056083,0.1040701270103454,-0.106556162238121,0.1038224175572395,0.0947847515344619,0.0901211127638816,-0.1037346199154853,0.0187136512249708,0.1043420061469078,0.1019372940063476,-0.1063022017478942,0.1066742315888404,-0.1064398363232612,-0.0938849672675132,-0.0536448769271373,0.0636677891016006,0.0105722341686487,-0.1045001223683357,-0.104286327958107,-0.0969375371932983,0.1063796579837799,0.1065011173486709,0.0998156815767288,0.105666771531105,0.0671727135777473,0.1064998060464859,0.0626010969281196,0.0997653678059578,0.0333413109183311,-0.1044180318713188,-0.1037575528025627,-0.0797618702054023,0.0839078575372695,-0.0790280178189277,-0.0768108367919921,-0.1066989824175834,-0.063348464667797,0.1044110730290412,-0.0795685648918151,0.021119562909007,-0.0972396731376648,-0.0316113717854023,0.0979695320129394,-0.0986698418855667,-0.1065894961357116,-0.0862382277846336,0.1052081063389778,0.1033654063940048,0.0206254292279481,0.1065451428294181,-0.0874320790171623,0.0271526500582695,-0.1067021042108535,0.1066881865262985,0.021340437233448,-0.1067249104380607,0.082131490111351,0.1038707941770553,-0.1066702455282211,0.0112844826653599,-0.0781398862600326,-0.0791226550936698,-0.0629741102457046,0.0787429362535476,0.085511140525341,-0.1033729687333107,-0.0396533459424972,0.0375147610902786,0.0833402052521705,0.0636464059352874,0.1182148605585098,0.1177259311079979,-0.0058920928277075,0.1455116420984268,0.1162920445203781,0.0457443967461586,0.0265801474452018,-0.1451596319675445,-0.0451944209635257,-0.0678432211279869,0.0452147647738456,0.0337816849350929,-0.0932865217328071,-0.0492535270750522,0.1718130409717559,-0.1006133630871772,-0.0481037236750125,-0.0553161837160587,-0.0914633348584175,-0.019987303763628,0.0538123995065689,-0.0499034114181995,-0.0661872997879982,-0.0614587813615798,0.1572886109352111,0.0092835435643792,-0.072984978556633,0.0692059025168418,0.0826140865683555,0.0902909636497497,-0.1467277854681015,0.0291722137480974,0.0993052795529365,-0.121556781232357,0.0113557698205113,0.1122831478714943,0.1054280996322631,-0.1339950859546661,-0.0406989976763725,-0.0674360916018486,-0.0632273331284523,-0.0951342731714248,0.0656929761171341,0.110080674290657,-0.0947299897670745,0.1401109844446182,0.0453242398798465,-0.0391210317611694,-0.0049346308223903,-0.0007931405561976,0.1170866265892982,-0.0326119326055049,0.15948586165905,-0.1617047637701034,-0.1032531782984733,0.059925727546215,-0.0812175273895263,0.1070821657776832,-0.0599406510591506,-0.1438303142786026,0.0416661687195301,-0.0411133840680122,0.1066982150077819,0.1064235717058181,-0.0181687120348215,0.0956157445907592,-0.0455817729234695,-0.0258119422942399,0.0780273750424385,0.1219541504979133,-0.1267473101615905,-0.0617126375436782,-0.0183063577860593,-0.1248320788145065,0.0388440787792205,-0.0285222604870796,-0.1466248482465744,-0.0444718971848487,-0.0395678058266639,0.1073624417185783,0.1127587556838989,-0.0221010074019432,0.1462959200143814,0.0352004058659076,-0.0570185519754886,0.0702022016048431,0.0653343424201011,0.0492882169783115,-0.1062861084938049,0.0543853975832462,0.0174519903957843,-0.0149395568296313,0.0657615289092063,-0.080178216099739,-0.1173159256577491,0.1401073336601257,-0.051489520817995,0.1181263700127601,-0.0707862898707389,-0.0197852738201618,0.1210897266864776,0.0923424363136291,0.107694961130619,-0.0668775588274002,0.0186975598335266,0.136745810508728,-0.1425755620002746,-0.125508040189743,-0.0923566818237304,-6.89044754835777e-05,0.1516050696372985,-0.0830615237355232,0.1044450998306274,0.0884928703308105,0.0617314428091049,0.041642278432846,-0.1195886880159378,-0.0136198969557881,-0.0432936698198318,0.1340136677026748,-0.0210855565965175,-0.1316279619932174,0.0222271140664815,0.1673397868871688,-0.1111879721283912,0.1332059055566787,0.1662798523902893,0.172861561179161,-0.0208666175603866,0.0805091336369514,0.0223383102566003,0.0383374504745006,0.0232694316655397,0.0747152864933013,0.0717029199004173,0.0152772590517997,-0.1733416765928268,0.1150845289230346,0.007131868507713,-0.0791636407375335,0.0534506626427173,-0.0879151970148086,-0.069965049624443,-0.0254849959164857,-0.0444348976016044,-0.0586935728788375,0.1708210855722427,-0.0331853777170181,-0.095913179218769,-0.0153031414374709,0.1162009090185165,0.0661476179957389,0.1525315791368484,0.0792122632265091,-0.0380250513553619,-0.0427350774407386,-0.0631193071603775,0.0916427001357078,-0.1337134689092636,-0.0082199769094586,-0.0623263977468013,-0.0116704022511839,0.118595190346241,-0.0176408849656581,-0.0194109678268432,-0.0295262038707733,0.0826241970062255,-0.0098114991560578,-0.0863594934344291,0.0040869354270398,-0.037387553602457,-0.0285563711076974,-0.0465477146208286,0.1467384845018386,-0.109286144375801,0.0651149749755859,0.0299304164946079,-0.0422528721392154,-0.018720231950283,0.1350437700748443,-0.0762464478611946,0.0211038030683994,0.0776896849274635,-0.1117846295237541,-0.0296406932175159,-0.1400962471961975,-0.1159776970744133,0.0358637161552906,0.0128330057486891,0.0216334015130996,-0.0563560053706169,-0.0461307317018508,-0.1350336521863937,-0.1495435237884521,-0.114471711218357,0.0721335858106613,0.0395273305475711,0.1381286084651947,0.0727210342884063,-0.0417103394865989,0.0767363682389259,0.0215123035013675,-0.046977698802948,-0.0619371272623539,0.0908908322453498,0.0058180592022836,-0.1200663596391677,0.0709516108036041,0.0561571195721626,-0.1272694766521453,0.116557091474533,0.088915579020977,-0.0995223373174667,-0.1691070050001144,0.0323315784335136,0.1699554324150085,-0.0441350936889648,0.0512958988547325,0.0253658611327409,0.0147034162655472,0.0049916626885533,-4.40306612290442e-05,0.05272913351655,-0.0808447450399398,0.1045208349823951,0.0033599140588194,0.1179332584142685,-0.1087734326720237,0.1104260385036468,-0.0764731615781784,0.1044890433549881,-0.022152641788125,-0.0512273460626602,0.1757566183805465,-0.1221328675746917,0.1059058681130409,-0.0980096608400344,0.1682157963514328,-0.0351900942623615,0.0661953538656234,0.0842048823833465,-0.1650905013084411,-0.0827600285410881,0.0031332201324403,-0.0939196124672889,-0.0244134776294231,0.0570178478956222,-0.1292378604412078,0.0156766660511493,-0.052676498889923,0.0827682316303253,-0.0242582391947507,0.1203045397996902,0.0893178358674049,0.136654645204544,0.1466527730226516,0.1239307224750518,-0.0997918099164962,0.0227183159440755,0.0961834117770195,0.0110011911019682,-0.1143683195114135,-0.0667903795838356,0.0662857592105865,-0.0660168305039405,0.1182036772370338,-0.0938210785388946,-0.0634893774986267,-0.1454280465841293,0.0264681577682495,0.0866289660334587,-0.0917726755142211,-0.0843048617243766,-0.073166623711586,0.0712388977408409,-0.0772272422909736,0.0893110707402229,-0.0126413758844137,-0.0722872167825698,0.137533888220787,0.0400668680667877,0.0040218867361545,0.0343171097338199,-0.0624904073774814,0.1073730736970901,0.0134408185258507,-0.048551008105278,0.0573241338133811,-0.114886574447155,0.0516314469277858,-0.1082375049591064,0.0151949357241392,-0.082230806350708,0.1092042401432991,-0.0946510806679725,0.1500461250543594,7.928480772534385e-05,0.0748472288250923,-0.09769769012928,-0.0966726839542388,0.0921678841114044,0.0005082332645542,0.0580839850008487,0.1186625212430954,-0.1383059918880462,-0.1177549585700035,-0.0669028982520103,-0.1188941299915313,0.0060318047180771,-0.0477096587419509,-0.1131161600351333,-0.1122946143150329,-0.0800508931279182,0.1076360791921615,-0.0147081604227423,-0.0970379561185836,-0.0071562905795872,-0.0003103280614595,-0.112878531217575,-0.1190302148461341,-0.0625893473625183,0.0883325487375259,0.0146147534251213,-0.1271805614233017,-0.128623828291893,-0.1223897859454155,-0.0502065792679786,-0.0112460292875766,-0.0445315763354301,-0.0655737593770027,-0.1405313462018966,-0.0577136687934398,-0.0574103258550167,-0.0604713559150695,0.1435218155384063,-0.0222668386995792,-0.1106182336807251,0.0101828789338469,-0.0701644122600555,0.1244779452681541,0.024562295526266,-0.0682720690965652,0.0688396468758583,-0.1369667798280716,0.0946074947714805,-0.0566150657832622,-0.0146683976054191,-0.0116835478693246,-0.0430185608565807,-0.1045077070593833,0.1435391306877136,-0.051729928702116,-0.0841137468814849,-0.118481770157814,0.0988858938217163,-0.07080939412117,-0.0558656640350818,0.0776493698358535,-0.0772885382175445,0.1200926527380943,-0.1267681717872619,0.1427255123853683,-0.0420175082981586,0.0878055691719055,-0.0841154232621193,-0.1114890128374099,-0.0003468070935923,-0.0933724045753479,-0.1229817122220993,0.0983563140034675,0.135203868150711,0.1504283845424652,0.0407095067203044,0.0403607711195945,-0.1246950402855873,0.0189473833888769,-0.0681981742382049,CLDDUBDKOWVUPC-UHFFFAOYSA-N,CS(=O)(=O)CCC(=O)Nc1cccc(F)c1C#N
-0.0510630123317241,0.0942344218492508,0.1064108461141586,0.105602279305458,-0.1005027219653129,0.1014399826526641,-0.1059038639068603,0.1062192991375923,-0.0083525953814387,-0.1053931340575218,0.1052534207701683,-0.1059154942631721,0.1053210794925689,-0.1051120460033416,0.1063615679740905,0.0956398397684097,0.0884931683540344,0.1062634214758873,-0.1062021851539611,0.106296569108963,-0.0630653202533721,-0.0970279276371002,0.1001885458827018,-0.040932860225439,0.1061930134892463,-0.0022450808901339,-0.1063539832830429,0.1057430356740951,-0.0052878949791193,0.1042392924427986,-0.0936900228261947,-0.0996401980519294,-0.0167492162436246,0.0529688745737075,-0.1063952445983886,0.1063383147120475,0.1055311113595962,0.1062157526612281,-0.0756396129727363,0.0362111367285251,-0.1064112558960914,-0.0982840210199356,-0.001300036907196,0.0906596481800079,0.1063686162233352,0.1049562990665435,0.0065747187472879,-0.106397695839405,0.0746847838163375,-0.0965872481465339,0.0980803295969963,0.0514400228857994,-0.1056296601891517,0.0400548465549945,0.0827634111046791,0.1033543050289154,0.1053768098354339,0.0830120965838432,-0.101758986711502,-0.0179958529770374,-0.0912991985678672,0.1003745570778846,0.0105550289154052,0.066513106226921,0.1063935160636901,-0.1055552661418914,-0.0513401553034782,0.0690352916717529,0.0603611208498477,-0.0830573290586471,-0.058120023459196,0.1064100638031959,0.10577954351902,-0.1064106896519661,0.106073260307312,-0.0206618197262287,-0.0770235136151313,-0.1033398732542991,-0.0647320300340652,0.0929784849286079,0.0121190026402473,0.1063754335045814,0.0464937649667263,0.0651065558195114,0.1062842905521392,0.037965890020132,0.1055085957050323,-0.0753291323781013,-0.0972736924886703,0.0984124019742012,-0.1055298671126365,0.0937651097774505,-0.1062685325741767,0.082788772881031,-0.1064113229513168,0.1060169488191604,-0.1064055040478706,0.105891428887844,0.1021601855754852,0.0560457669198513,0.0052486457861959,-0.1002165079116821,0.1022446826100349,0.106411300599575,-0.073365069925785,-0.0762117877602577,0.1064090207219123,0.060122262686491,-0.104823999106884,-0.0392064750194549,0.0909441858530044,0.1061142310500145,0.0340809039771556,0.0520491041243076,0.10477314889431,-0.093815378844738,-0.106344923377037,-0.1064069345593452,-0.0633619204163551,0.106343999505043,-0.0898333266377449,0.0270512215793132,0.0144429085776209,0.106404609978199,0.0853199437260627,0.0914674028754234,-0.0955026671290397,-0.1046763956546783,0.1005997359752655,0.0783056914806366,0.0909003838896751,0.0995985940098762,-0.0994302779436111,0.1004834249615669,-0.0902341976761818,0.0994125306606292,0.1005984917283058,-0.0188375189900398,0.1002014949917793,-0.1005931571125984,-0.0990670025348663,-0.1003540381789207,0.0411727465689182,-0.0517110601067543,0.097966082394123,0.1005891188979148,-0.1006036475300788,-0.091627798974514,0.0760311931371688,-0.0652470886707305,-0.1005944609642028,-0.0991465076804161,0.0761094912886619,0.0888640210032463,-0.0641252323985099,0.0306657422333955,-0.1002933531999588,-0.0995296910405159,-0.033780101686716,-0.035741988569498,-0.1000458896160125,0.1006030887365341,0.0979913398623466,0.0555517747998237,0.0593953877687454,-0.1006031781435012,-0.0057415915653109,0.0401749536395072,0.0998687222599983,0.1004368811845779,0.1001593023538589,-0.1006037965416908,-0.0987883061170578,0.0115594007074832,-0.0972959101200103,0.0996685773134231,-0.1006034538149833,0.1006037592887878,0.0994836241006851,-0.1005723923444747,-0.1003950908780098,-0.100560113787651,0.0634789392352104,-0.0982541292905807,0.0662152916193008,-0.1006031483411789,-0.1006029695272445,-0.1003947779536247,-0.0671590566635131,-0.0672013163566589,-0.1004566997289657,-0.0906829833984375,0.100603848695755,-0.1001978442072868,-0.0989256128668785,0.1005867794156074,-0.100500114262104,0.1004631593823432,0.0632915496826171,-0.1006035953760147,-0.1005678847432136,-0.1003670319914817,-0.1002699211239814,0.0959145799279213,-0.1005080416798591,0.1006022989749908,0.094963438808918,-0.0862616524100303,-0.100589320063591,0.0214388519525527,0.1006005182862281,-0.0173627287149429,-0.1000765636563301,-0.0982838571071624,-0.0967706739902496,0.0842718183994293,0.001529635163024,0.0754590481519699,-0.0405332073569297,-0.0944859534502029,-0.098287247121334,0.1005473136901855,-0.0265628043562173,0.1005762070417404,0.0951913520693779,-0.1004106327891349,0.0779504776000976,-0.0549205020070076,0.0999585911631584,0.1006018593907356,0.0983252748847007,-0.0057640611194074,0.0977230444550514,0.0990397632122039,-0.0974553301930427,0.1003742516040802,-0.1005089581012725,-0.1000435426831245,-0.0881270766258239,0.0993398949503898,-0.0994285717606544,-0.0837837681174278,0.050597183406353,0.037301916629076,-0.1006022244691848,-0.097021073102951,0.0930700227618217,-0.0988916233181953,0.1004987955093383,-0.0816628634929657,0.0674529448151588,0.0911350324749946,-0.0957264974713325,-0.1006038263440132,0.093297578394413,-0.0620160512626171,-0.1025814488530159,-0.0671503245830535,0.0970210060477256,-0.0962807610630989,0.1034273728728294,-0.0919678658246994,0.1034192666411399,-0.1017013415694236,-0.0999750792980194,0.0518814735114574,0.0443978905677795,-0.0508487895131111,-0.1033308580517768,0.0402645952999591,-0.0482604876160621,0.1033825203776359,0.103152759373188,0.101011261343956,0.1030862554907798,0.0803805887699127,0.099657729268074,0.1033971682190895,0.1033051535487175,0.0613129436969757,0.1015725806355476,0.0983765050768852,0.02077367156744,0.1034284010529518,0.0855680629611015,-0.0783319547772407,0.1032208576798439,-0.1034151017665863,0.103139504790306,-0.0406779795885086,-0.1012544333934784,0.0223971903324127,-0.1020335182547569,-0.0918403565883636,-0.0887782722711563,0.0472865998744964,0.1033107191324234,0.0996910035610199,0.0421595312654972,-0.1034248992800712,0.1029697582125663,-0.0094048017635941,0.0338972695171833,-0.1034270152449607,0.102918691933155,0.1030714809894561,-0.0850242897868156,0.0522060766816139,-0.1032833084464073,0.103186547756195,-0.0996292382478714,0.103369265794754,0.1032991111278534,0.0628588870167732,-0.1034142300486564,0.1030286997556686,0.0981137380003929,0.0629928484559059,0.10342837870121,-0.0332433022558689,0.1016293838620185,-0.1014695912599563,0.1008647978305816,0.1001090034842491,0.1021443307399749,-0.1013348996639251,-0.1032201945781707,0.087542213499546,-0.058622270822525,0.0323363803327083,-0.0519387647509574,-0.1022683382034301,0.082592599093914,-0.0460371673107147,-0.1023157984018325,-0.0977349281311035,0.0511860661208629,0.103427343070507,-0.0853164419531822,-0.0991364568471908,-0.1034279987215995,-0.1015393435955047,0.1031117588281631,0.1027029752731323,-0.103042259812355,0.0606967881321907,0.1034271493554115,-0.0476153753697872,-0.0651556774973869,-0.1021012067794799,-0.097750149667263,-0.1034195497632026,0.0491867735981941,0.1025084406137466,0.1032409146428108,-0.0971836075186729,-0.1034230664372444,0.0087765101343393,-0.0774761140346527,0.0959928333759307,0.0036367063876241,-0.0990698263049125,0.0996781140565872,0.0987564995884895,0.0959344953298568,-0.0837458446621894,0.1032905131578445,0.0935719832777977,0.0482517406344413,0.0182656664401292,0.1034148186445236,0.0509654283523559,-0.0996185168623924,-0.1034275814890861,0.1034284085035324,-0.0006627145921811,-0.1026182994246482,0.092020109295845,-0.0982256978750228,0.0787528902292251,-0.1014806479215622,-0.0878214538097381,0.0854083597660064,0.0985517501831054,0.1357059776782989,-0.0057866391725838,-0.0406083762645721,-0.0452339835464954,0.1023375764489173,-0.0345430262386798,0.0740416347980499,0.0759741961956024,0.155875027179718,-0.0527781620621681,0.0753992795944213,0.0222507212311029,-0.0199952200055122,-0.1056735068559646,0.04310292750597,-0.097576804459095,-0.2028560191392898,0.0183013752102851,0.1166306361556053,0.0637914910912513,0.1110315322875976,0.1210137084126472,0.0336764305830001,0.0021822704002261,0.1805885583162307,0.0455141812562942,-0.0841254517436027,0.0503016710281372,0.0841028094291687,-0.1540408730506897,0.0812741741538047,0.092869684100151,-0.1899515837430954,0.0546620227396488,-0.0104826157912611,0.087924800813198,0.0224884245544672,-0.0444772616028785,0.2300816029310226,0.0426112748682498,0.149370938539505,-0.0704783797264099,0.1376616954803466,-0.0015549078816547,0.0347464568912982,-0.0553802475333213,-0.0261880028992891,-0.0570222400128841,0.107278935611248,0.0820047706365585,0.020783195272088,-0.1088370680809021,0.0869938284158706,0.081041507422924,0.024617426097393,-0.0738649368286132,0.0111822942271828,0.0574652478098869,0.0296008307486772,0.1532084792852401,-0.0586503818631172,-0.0962684154510498,-0.036491721868515,-0.1701733320951461,0.0487928017973899,-0.0289646051824092,0.0228968858718872,-0.1362544447183609,0.0239767376333475,0.0390046127140522,0.0072183418087661,-0.0624107643961906,0.0295236315578222,-0.0920623019337654,-0.0387303829193115,0.1292039155960083,-0.0109788291156291,-0.0496018677949905,-0.0717740133404731,-0.0099143562838435,-0.0002928701578639,0.099942959845066,-0.0072804242372512,-0.176103726029396,0.0651373118162155,0.1449406892061233,-0.0837607830762863,0.2004567980766296,0.0553692169487476,-0.0055376687087118,-0.0115995621308684,0.0955336838960647,-0.0886176899075508,0.0058833765797317,-0.0300568286329507,0.0358474552631378,0.1533214151859283,0.1135739535093307,-0.098956674337387,-0.1145967543125152,-0.0676251351833343,0.0415351726114749,0.1063868850469589,-0.0722968354821205,-0.1143936440348625,0.086096167564392,0.0843058302998542,-0.1190864443778991,0.0706375166773796,-0.0407489277422428,0.0267086811363697,0.0660437196493148,-0.0355788208544254,-0.002226100070402,-0.112708568572998,0.0612373389303684,-0.0852558389306068,0.0614444725215435,-0.030501190572977,-0.0297817923128604,-0.1119282469153404,-0.0466999486088752,-0.0677414238452911,-0.0342043675482273,-0.1464029103517532,-0.1493587046861648,0.1005417257547378,0.0284154471009969,-0.052678432315588,-0.0963858589529991,0.1162540093064308,-0.046805091202259,0.0979948788881301,0.1362957209348678,0.1139658614993095,-0.0105307912454009,0.1144256070256233,-0.0612574592232704,0.0980555564165115,-0.109282486140728,0.0824469998478889,0.040414098650217,0.1084987670183181,-0.1514877825975418,0.0541137494146823,-0.0535858906805515,0.083595260977745,0.04465963691473,-0.0613743476569652,-0.1252149939537048,-0.0431415438652038,-0.0829126611351966,-0.0746260359883308,0.1602728962898254,-0.0181367844343185,-0.1551142185926437,0.0527583360671997,0.0628560557961463,0.0283112097531557,0.0963901281356811,-0.0332416705787181,0.0476021096110343,-0.1345027685165405,-0.0255598369985818,0.0915745347738266,-0.1500677466392517,0.0728612095117569,-0.0903209745883941,-0.0921779572963714,0.0641231536865234,0.1304598152637481,0.003659734968096,-0.1174674481153488,-0.0859003514051437,0.037982802838087,-0.1026473343372345,-0.0608796402812004,-0.0841554477810859,0.1271104216575622,-0.0340654142200946,0.1323137432336807,-0.0906236693263053,-0.0137782646343112,-0.0293418522924184,-0.0014131346251815,0.0438943281769752,0.1095601692795753,-0.0699985176324844,0.0387074165046215,-0.0080721033737063,0.0571770705282688,0.0464315339922905,-0.1054708510637283,-0.1312496215105056,-0.0615616291761398,-0.0176558159291744,0.0886651650071144,-0.0294964779168367,0.0533669106662273,-0.0814032480120658,-0.0590526908636093,-0.1296274662017822,-0.1290629506111145,0.1100708469748497,0.098121553659439,0.1009826809167862,-0.0882417634129524,-0.0698101744055748,-0.1237897872924804,-0.1165654435753822,0.0006824800511822,-0.092064768075943,-0.1102123782038688,0.013272127136588,-0.0919592604041099,0.114405520260334,0.0138418301939964,0.0970539599657058,0.1184876263141632,-0.1051960065960884,-0.1024631485342979,-0.0382018126547336,0.1631608009338379,-0.0148985162377357,-0.036529179662466,0.0882594063878059,-0.0712973847985267,-0.0845008343458175,0.0997075662016868,0.0115289026871323,-0.017807824537158,-0.0575787909328937,0.0916174501180648,0.0413017533719539,-0.1328965574502945,0.0821548551321029,-0.0451489761471748,0.1329983323812484,0.0460354201495647,-0.0003661950468085,0.1392089873552322,-0.0819310173392295,0.0792675912380218,-0.158149853348732,0.1221308186650276,0.0334808528423309,0.0014744515065103,0.1202528476715087,-0.1451358199119568,-0.090495266020298,0.0354415066540241,-0.0642100796103477,0.0998064205050468,0.0606445930898189,-0.1159405186772346,0.0773501023650169,-0.0426617003977298,-0.1027009263634681,0.0484769754111766,-0.0579567588865757,-0.0971282571554184,0.0595085211098194,0.1276759356260299,0.1299721449613571,0.0322126671671867,-0.0722503587603569,0.0912286564707756,-0.0930847972631454,0.0001416147279087,-0.0207000486552715,-0.0936728790402412,0.0087202088907361,0.0140591319650411,-0.1273296922445297,-0.126863345503807,0.0850985273718833,0.0449934303760528,0.1155267134308815,0.0090323714539408,0.0245676171034574,0.0213601514697074,0.0756675451993942,0.0827451348304748,0.0645594373345375,-0.0568016581237316,-0.1055104508996009,-0.0843800380825996,0.127648577094078,-0.0457908883690834,0.0010539051145315,-0.1248681992292404,0.0838548094034195,0.0938007608056068,0.1175469607114791,0.1158689185976982,0.1268570125102996,0.1134416162967681,0.0145326061174273,-0.0218152124434709,-0.090542547404766,0.1284395158290863,0.0304720811545848,0.0294141080230474,-0.1180468648672103,-0.1127770990133285,0.0765129625797271,-0.0404899567365646,0.0414598546922206,-0.1221878603100776,0.0729536935687065,-0.0127035174518823,-0.0123062143102288,-0.1250732690095901,-0.0784404203295707,0.103685051202774,0.0840427130460739,0.0407896898686885,0.0765875577926635,0.1277268081903457,-0.1136226579546928,0.1223910525441169,-0.1192698255181312,0.1201202273368835,-0.0652932673692703,0.0970376506447792,0.1145847365260124,-0.1301373839378357,-0.1155820786952972,-0.0505902059376239,0.1309690326452255,-0.0768377482891082,-0.0118324225768446,-0.0850408300757408,-0.10743298381567,-0.0616301782429218,0.0769864991307258,-0.0095232892781496,0.0352979190647602,-0.0980732217431068,-0.1034495681524276,-0.1157284826040268,-0.0723945051431655,0.0015136841684579,0.1062735840678215,-0.1223806366324424,-0.0088309114798903,-0.0029527572914958,0.1185322031378746,-0.0792176276445388,-0.0832921937108039,0.0316977724432945,-0.1123466417193412,0.118571937084198,0.0069361855275928,0.1213334798812866,0.0490121208131313,0.0744982212781906,-0.0404518395662307,0.0352630615234375,-0.0682751461863517,0.0781168788671493,0.0678543895483017,-0.0405065678060054,-0.0492836348712444,-0.0853763967752456,-0.1250960230827331,-0.1057097166776657,-0.0691125243902206,0.1226839944720268,-0.1080442145466804,0.1272647678852081,-0.1362243443727493,0.1087113469839096,-0.1259153187274933,0.0902584418654441,0.1087943613529205,-0.0466471649706363,0.1207915022969245,0.1322094500064849,0.0321394763886928,0.1109870821237564,-0.1091261431574821,0.0193514227867126,-0.1150088831782341,ZYWFKKMLEHGHRC-UHFFFAOYSA-N,Cc1cccc(CCC(=O)OC(C)C(N)=O)c1
0.0430713593959808,-0.1256135106086731,-0.1266060918569564,0.0696114003658294,0.0051079685799777,0.0170693956315517,0.0551177412271499,0.0607069618999958,0.0036320043727755,0.0346108451485633,0.0450454130768775,0.0983064323663711,-0.0295688603073358,-0.1077445149421691,-0.0460268184542655,-0.0946232229471206,0.1216909438371658,-0.1256971210241317,-0.0940359458327293,0.0078424718230962,0.1164645180106163,-0.077687107026577,-0.0257636588066816,0.0325299799442291,-0.0882728546857833,0.1042747274041175,0.0592801608145237,0.0797469392418861,0.0776440203189849,-0.1219933182001113,0.1242153197526931,-0.0359810777008533,-0.0890096127986908,-0.054704375565052,0.0794224441051483,-0.0811030268669128,0.0062578776851296,0.1146876960992813,-0.1226881742477417,0.1119027137756347,-0.0158414207398891,-0.1251831650733947,0.1254249662160873,0.1204864755272865,-0.0065780556760728,0.0712026432156562,-0.0211705025285482,0.0971646010875701,-0.1266521960496902,-0.0744551867246627,-0.1219002977013588,0.0394851528108119,0.1266003996133804,0.1225640773773193,0.1234186366200447,0.0361140333116054,-0.1095713973045349,0.1180972754955291,-0.1228232309222221,0.0113546224310994,-0.01363171543926,0.0094123259186744,0.1231997311115264,0.126077800989151,-0.0976690724492073,0.1208817735314369,0.0864724591374397,0.0107099693268537,-0.1174265816807746,0.0729687586426734,0.0783665031194686,-0.1249754130840301,-0.0778466090559959,0.10123772919178,0.0036353254690766,-0.0362901352345943,0.0202024448662996,-0.1064835041761398,0.0911755114793777,0.122517853975296,-0.1207494661211967,-0.0855632051825523,-0.1149764358997345,-0.0721810236573219,-0.0411102697253227,-0.1257631480693817,0.0861417576670646,-0.1202631741762161,0.1136458069086074,-0.1243862360715866,-0.018667072057724,0.0720262676477432,0.12388476729393,0.1194778233766555,0.1269975006580352,0.0620005466043949,-0.111423559486866,0.1239827200770378,-0.093735359609127,-0.1072046011686325,0.1043483838438987,-0.0348223969340324,0.1030369624495506,-0.0327392779290676,0.119683064520359,0.0304687526077032,-0.1141709610819816,0.0659044906497001,-0.0716075897216796,-0.0484865270555019,0.1072703674435615,-0.0930742472410202,0.0080661261454224,0.1234092116355896,0.0845677703619003,-0.1133740991353988,-0.0895170867443084,0.1029449626803398,-0.0414544865489006,0.0212683826684951,0.1147211343050003,0.0718893557786941,-0.0344648174941539,-0.0222309436649084,0.0153565853834152,-0.1002864390611648,-0.0069568720646202,0.0012038791319355,-0.1049141213297844,-0.1003591939806938,0.0088948737829923,-0.0982446074485778,-0.0562433823943138,0.071449689567089,-0.0977215394377708,0.0998121052980423,-0.1041513979434967,-0.0935718193650245,-0.1050514131784439,-0.1007805466651916,-0.100948542356491,0.1049691289663314,0.0716539472341537,0.1050384417176246,0.1031235083937645,-0.0475056916475296,0.0979304686188697,0.0847526043653488,0.0744313970208168,0.1020459979772567,-0.1010315269231796,0.1051495745778083,0.0962793603539466,0.0403936691582202,0.0476875267922878,-0.104105956852436,0.1050871759653091,0.0322857685387134,-0.0407284684479236,0.1045599952340126,0.1047378107905387,0.1014972329139709,-0.0466650836169719,-0.1048826798796653,0.1046259030699729,0.0900706201791763,-0.055492915213108,0.1007018014788627,0.0933441594243049,-0.1013524830341339,0.1032832637429237,-0.1007919386029243,-0.0997098386287689,0.1002926900982856,-0.0331649519503116,0.1039383187890052,0.1051646992564201,0.0987066328525543,-0.0664021521806716,0.1031588092446327,-0.0289584007114171,0.1049065589904785,0.0998261049389839,-0.0559056140482425,0.1041451320052146,0.1050268039107322,0.1037180498242378,0.1051852479577064,0.0908307060599327,0.0821748524904251,-0.0438143834471702,0.0954693332314491,0.0794084817171096,0.0010431215632706,0.1030264943838119,0.1026415899395942,-0.1051530912518501,-0.0596771501004695,-0.0640365183353424,-0.1011047437787056,-0.0984542891383171,0.1051844879984855,-0.1025259643793106,0.1051899045705795,0.0025497744791209,-0.0757086873054504,0.1041078120470047,0.0302156545221805,-0.0825301632285118,-0.0926184877753257,0.0669987946748733,0.0870648175477981,-0.104950837790966,0.1051232814788818,0.0847575515508651,-0.0806586667895317,-0.102695532143116,-0.104861706495285,0.0668272376060485,-0.0989777222275734,-0.0622193813323974,-0.1050593554973602,0.0640530660748481,-0.0548977293074131,0.0965259224176406,0.1036291792988777,-0.1043988019227981,0.0983072146773338,-0.1023558601737022,-0.1037873178720474,-0.1042287871241569,0.0304754059761762,0.1043023318052291,0.0912932828068733,0.1048846393823623,-0.1011285260319709,0.0935625433921814,-0.0314088724553585,0.1045562773942947,-0.1011098623275756,0.1026352792978286,-0.1029628440737724,-0.0076921712607145,0.0569093115627765,-0.0046236608177423,-0.1012417301535606,0.1044070497155189,-0.0913963541388511,-0.027747742831707,-0.096739687025547,0.0391354002058506,-0.0219077486544847,0.0151646584272384,0.105145663022995,0.1050583943724632,0.0895111784338951,0.1019823104143142,0.1019215807318687,-0.097501203417778,0.0763754993677139,-0.1024154350161552,0.1023396700620651,-0.0104259131476283,-0.1023814156651496,-0.1007986962795257,0.0178372077643871,0.1015298664569854,-0.0907263159751892,0.093871884047985,0.1009908840060234,-0.0996180549263954,0.0959751680493354,-0.1024086847901344,0.101765252649784,-0.1024049818515777,0.0770460218191146,-0.0994888544082641,-0.1023945435881614,-0.1023594513535499,0.0627628043293953,0.1021748706698417,-0.0957658737897872,-0.1012593582272529,-0.0928736627101898,0.0614663958549499,0.094296209514141,-0.1003736853599548,0.0838042348623275,-0.0917190387845039,-0.0459918603301048,-0.101681612432003,0.0884533002972602,-0.0465171448886394,0.1020841673016548,0.1021950989961624,0.074898175895214,0.0720303431153297,0.0194929186254739,0.1011988073587417,0.0213066842406988,-0.102415457367897,0.0997047498822212,-0.069673478603363,0.0814424455165863,-0.0587628297507762,0.0902649238705635,0.0946604311466217,-0.0886508226394653,-0.0743847489356994,0.1023613065481185,0.0987687483429908,-0.0957299843430519,0.1009036675095558,0.1021565347909927,-0.1010358408093452,0.0893135964870452,0.1024033427238464,0.1007648929953575,-0.1018037274479866,0.0258336029946804,0.099631167948246,0.0996560454368591,0.1022952198982238,-0.1022302433848381,-0.1000060513615608,0.0989084616303443,-0.091244600713253,0.1024163514375686,0.1014934107661247,0.0319420844316482,0.1016647666692733,0.0913305357098579,0.0866268575191497,0.0711730271577835,0.1021055802702903,-0.0991532132029533,0.0947196334600448,-0.0847526043653488,-0.0966894254088401,-0.0277159102261066,0.0817557275295257,-0.0067690224386751,0.0996202230453491,0.0506575405597686,0.0959207564592361,0.1004875749349594,-0.1023852825164794,-0.102294810116291,0.0526482537388801,0.0023701610043644,-0.0957466214895248,0.1005038917064666,-0.082783430814743,-0.102076232433319,-0.091947853565216,-0.0450963862240314,0.037932202219963,-0.1019429489970207,0.0997252985835075,0.0908386707305908,-0.098535306751728,-0.0079410634934902,0.0099266255274415,0.1024161800742149,-0.098237358033657,0.0593276247382164,-0.0996080636978149,-0.1021815165877342,0.0555731579661369,0.0697121620178222,-0.0770259499549865,0.0832786634564399,0.0684327259659767,0.1006141006946563,0.0881973505020141,-0.0997885763645172,0.1023070439696312,0.0983689799904823,-0.0980854630470275,0.1007094457745552,0.0954662039875984,0.0720511823892593,0.1010859832167625,0.0777500122785568,0.0917442962527275,-0.037409022450447,-0.088599719107151,-0.0915127620100975,0.0914744734764099,0.0915014892816543,-0.0916408896446228,-0.0847374647855758,-0.0917880833148956,-0.0913638994097709,-0.0913844257593154,0.0916545167565345,0.0898483470082283,0.0918196067214012,0.0917157307267189,-0.0918479710817337,0.0457790717482566,0.0918443128466606,-0.0918280556797981,0.0918326452374458,0.0898895114660263,0.091779813170433,-0.0918111056089401,-0.091846078634262,-0.0918477848172187,0.0912470370531082,-0.0872818902134895,0.0918509066104888,0.0918509289622306,-0.0889770910143852,0.0855224952101707,-0.0917085856199264,0.0909561514854431,0.0917949378490448,-0.0839380770921707,0.0914971977472305,0.0905726626515388,-0.0779496878385543,-0.0918418616056442,0.0911099091172218,0.0918325185775756,0.090813860297203,0.0873661115765571,0.0887520015239715,0.0868824198842048,0.0918434262275695,0.0905434042215347,0.0917759463191032,0.0898276567459106,-0.088264100253582,-0.0754389986395835,0.0912684127688407,-0.0918320044875145,0.0918487831950187,-0.084145501255989,0.0916342213749885,-0.0917882323265075,0.0918447747826576,-0.0918403565883636,-0.0914647951722145,-0.0674154013395309,0.0915822014212608,-0.0918058604001998,0.0894887149333953,0.0918479040265083,-0.086463913321495,-0.0913362130522728,0.0576558262109756,0.0890551432967186,0.0753678753972053,-0.091826893389225,0.0917408987879753,0.0886986851692199,0.0917399376630783,-0.0918286144733429,0.0918292254209518,0.091850534081459,0.079832337796688,-0.0917068123817443,0.0907165110111236,0.0918507948517799,-0.0817645862698555,-0.0881448909640312,-0.0911257714033126,-0.0913309529423713,0.0916987359523773,0.0897230803966522,-0.0918493568897247,-0.0489396639168262,0.0867491215467453,0.090254969894886,0.0906960517168045,-0.0918310061097145,-0.0913547202944755,0.0905112847685813,0.0918468981981277,0.09159667044878,0.0782527551054954,0.089214026927948,0.0918359011411666,-0.0909858420491218,0.0881241932511329,-0.0803905501961708,-0.0914832726120948,0.0917291864752769,0.0896582081913948,-0.09184380620718,0.0918472409248352,0.0911639854311943,0.0905808061361312,-0.0912980437278747,0.0918352231383323,0.0628821477293968,-0.0846752524375915,-0.0918373167514801,0.0917247161269187,0.0915031805634498,0.0915980786085128,-0.0918510109186172,-0.091851033270359,0.0903285965323448,-0.0907915979623794,-0.09042389690876,0.032388299703598,0.09098881483078,0.0917546227574348,0.0917471870779991,-0.0917117595672607,-0.0222404412925243,0.0602599680423736,0.0961894169449806,-0.0701100975275039,0.1608609557151794,0.1631728708744049,0.1533481925725937,-0.1017515063285827,-0.0106103681027889,0.1532010734081268,0.0417712032794952,0.1695163249969482,0.0281812977045774,0.0418832190334796,0.0293450132012367,-0.1225787699222564,0.0559445992112159,-0.0044527268037199,-0.1209316402673721,0.159696027636528,-0.0372482389211654,0.0258084814995527,-0.0269951485097408,-0.0037024680059403,0.0664556249976158,0.0761965662240982,0.0294158514589071,-0.0269453916698694,0.0955924540758133,0.088744543492794,0.0853042975068092,0.0484343208372592,0.0560429655015468,-0.0720563381910324,0.0186512842774391,-0.0226517412811517,0.0611543990671634,-0.1433641612529754,0.0969360172748565,-0.1041190326213836,-0.0215114522725343,0.0358601175248622,-0.0531333424150943,-0.0500160939991474,0.07155092805624,0.1125096380710601,-0.125150054693222,-0.134323701262474,-0.0507878623902797,0.0699971243739128,-0.1478870213031768,-0.0344765931367874,0.1138447970151901,0.0018480017315596,-0.0165056698024272,0.0022176874335855,-0.1457471996545791,-0.051012746989727,0.1168558076024055,-0.104719765484333,0.0810452550649643,0.0420724228024482,-0.1520773023366928,-0.0786417201161384,-0.1460695117712021,-0.0712972581386566,0.0113110207021236,0.0645594075322151,-0.0758332833647728,-0.0873149037361145,0.032675664871931,-0.0845574513077735,-0.1683692038059234,-0.1235392764210701,0.063880555331707,0.0433161295950412,0.0823655053973198,0.0459284484386444,0.0592944547533988,0.1213879957795143,0.1594374477863311,0.0071769300848245,-0.032916497439146,0.1842441111803054,0.1401322782039642,-0.0467251800000667,-0.0403344891965389,0.0877827852964401,-0.108793631196022,-0.0464181713759899,0.0241132229566574,-0.0139917666092515,-0.1704895943403244,-0.064800426363945,0.1653254479169845,0.0407949574291706,0.0066725937649607,0.0991648808121681,0.0859753191471099,-0.0434308126568794,-0.0435685701668262,0.0866373479366302,0.0018585119396448,0.1055434420704841,0.070970706641674,0.0862399339675903,-0.0748033300042152,0.0369360633194446,-0.135353073477745,0.028767492622137,0.0398851744830608,-0.0509060807526111,0.1659696698188781,-0.0783758386969566,0.0882517769932746,-0.0372914373874664,0.0923222675919532,0.0011364448582753,0.0364823304116725,0.1012371778488159,-0.1096328571438789,-0.1496428251266479,0.0767952650785446,-0.0930667743086814,-0.053578745573759,-0.0035341940820217,-0.0076171141117811,-0.0328717194497585,-0.0842490047216415,-0.0128174489364027,-0.0901515483856201,-0.0102462610229849,0.0591403543949127,0.0531435832381248,0.1290259808301925,0.1054726243019104,-0.0216109957545995,-0.0853785127401351,0.0489851683378219,-0.0364305488765239,-0.1155233681201934,-0.1275961101055145,0.1690382212400436,0.062744453549385,-0.0234864242374897,-0.0663540214300155,-0.0922602713108062,-0.1933126598596573,0.1023697331547737,0.051116045564413,-0.0039731035940349,-0.0951698198914527,0.1197570711374282,0.0358766317367553,0.0489297732710838,0.0340940915048122,-0.0062504806555807,-0.1519155651330948,0.0154619105160236,0.0357794947922229,0.168996199965477,-0.0789283961057663,-0.131938099861145,0.1030404642224311,0.1497462391853332,-0.0470325462520122,0.0871295630931854,-0.061426606029272,0.1400551050901413,0.124919980764389,-0.1154227927327156,-0.1741567999124527,0.0026347530074417,0.058429330587387,0.1185702309012413,0.007226247806102,-0.0096041075885295,0.0505468994379043,-0.1373610943555832,0.0314848721027374,-0.0904414504766464,-0.037791684269905,-0.0277890693396329,0.0285550840198993,-0.0146427070721983,-0.088622085750103,0.0444250144064426,0.1015761494636535,0.0868870466947555,0.1118159815669059,-0.0465199425816535,-0.0004445863596629,0.100911907851696,-0.0294473897665739,-0.0651683136820793,-0.0343839302659034,0.1296658515930175,0.134370282292366,-0.1197787895798683,-0.0232282597571611,-0.0294181052595376,-0.1373283118009567,0.0064330147579312,0.0607874952256679,-0.1186864823102951,0.0382599420845508,-0.1413516402244568,-0.0705559104681015,0.1230772137641906,-0.1147561818361282,0.0998083800077438,-0.0086186546832323,-0.04257507994771,0.124784916639328,0.0739045739173889,0.0102446991950273,-0.0374171510338783,-0.0868527069687843,0.0144844567403197,-0.0050755720585584,-0.0884881466627121,0.0668011158704757,-0.1160397827625274,0.0265502221882343,0.0130627425387501,0.1322434842586517,-0.0518126972019672,-0.0277301054447889,0.0709702894091606,0.1109439581632614,0.0620920695364475,0.0417299568653106,0.0469997003674507,-0.0211043767631053,-0.1368279457092285,-0.1350781023502349,0.0912854000926017,-0.0918624699115753,0.1302610635757446,-0.0786398351192474,0.1380249857902526,-0.0506211929023265,-0.0607395656406879,-0.02220712415874,-0.1305140554904937,-0.1533281952142715,-0.0769618451595306,-0.1133644357323646,0.0142082795500755,0.10255017131567,0.1201920062303543,-0.0762653425335884,0.0458189807832241,0.0516328401863575,0.1278975009918213,0.0223534982651472,HIAVSOCUXQRDJL-UHFFFAOYSA-N,O=C(O)c1cn(C2CC2)c2cc(-n3cc(CNC4CC4)nn3)c(F)cc2c1=O
-0.0403413847088813,-0.0947836712002754,0.1030886396765708,0.1020358577370643,-0.0942568108439445,0.055139310657978,-0.0624030493199825,0.0372525677084922,-0.1030263006687164,-0.0878483727574348,-0.0992722436785698,-0.1030838191509246,-0.0988701805472374,0.1024924516677856,0.1028918921947479,-0.0861552357673645,-0.102868877351284,0.043308675289154,0.0408742688596248,-0.0651295930147171,-0.0974868685007095,-0.1026138216257095,0.1000868827104568,-0.1028929725289344,0.0122730797156691,-0.0101160733029246,-0.0780724585056305,-0.0370627120137214,-0.0559871830046176,0.1027485281229019,-0.102836400270462,-0.0175310783088207,-0.1030530557036399,0.1011269390583038,-0.1025782078504562,0.0958015471696853,0.0978345498442649,0.1026277169585228,0.1027597337961196,0.0908835157752037,-0.1028965339064598,-0.1024454534053802,0.1022305712103843,0.1016198992729187,0.1028318777680397,0.1030782386660575,0.0437450967729091,0.1026804149150848,0.1018750146031379,-0.0872187837958335,0.0918088555335998,0.0647437945008277,-0.1030277907848358,-0.1016774028539657,-0.1030365452170372,0.0958983749151229,0.1030886396765708,-0.099988654255867,-0.0367339514195919,-0.1029247269034385,-0.103086806833744,-0.1030594259500503,0.08527372777462,-0.10308738052845,0.1007348746061325,0.0850697979331016,-0.0912791341543197,0.1027621328830719,0.1030886396765708,0.0945301800966262,0.091087982058525,0.1030886396765708,-0.088314265012741,-0.1030651703476905,0.103077620267868,-0.0438960269093513,0.0305897705256938,-0.1011934876441955,-0.0117435939610004,-0.0305586531758308,-0.092773787677288,0.1002526432275772,0.1028098464012146,0.0572318248450756,0.0824488699436187,0.1030736342072486,0.1024611666798591,-0.05100579559803,0.1029082015156745,-0.0685306936502456,-0.0519652962684631,-0.1020967736840248,-0.0533865764737129,0.0158176757395267,-0.1028885394334793,0.102131113409996,-0.0998317822813987,-0.1030885875225067,-0.1028129383921623,-0.1022928580641746,0.0754200592637062,0.0993575826287269,-0.1030852794647216,0.1013499200344085,-0.1028936505317688,-0.0985579416155815,0.0246562100946903,-0.1030693054199218,0.0994414016604423,0.0553711652755737,-0.0596622936427593,0.1020394042134285,0.0386886186897754,0.1023799553513526,-0.1030602306127548,-0.1030865907669067,-0.0525446496903896,-0.1030886396765708,-0.0897318497300148,0.1030616983771324,-0.0947877466678619,-0.0803607404232025,-0.0231895092874765,0.1020442470908165,0.1026901975274086,-0.019901156425476,0.0978448241949081,0.0488223396241664,0.103579506278038,0.0989503636956214,-0.1035675406455993,0.097707912325859,0.0755238980054855,-0.0307541768997907,-0.1035823076963424,-0.0990390703082084,0.1021741181612014,-0.0136432759463787,0.1005629822611808,-0.0997165888547897,-0.1022035107016563,0.1001539826393127,-0.0892883613705635,0.1020121425390243,0.103180892765522,0.1007584929466247,-0.1033422499895095,-0.0470752194523811,-0.0941613540053367,-0.1011107042431831,-0.1035798639059066,0.0160965137183666,0.1032312959432601,0.1026921868324279,0.0884646251797676,-0.0663639083504676,-0.1035403162240982,-0.0947494581341743,0.1030185669660568,-0.0569781027734279,-0.0995147451758384,-0.0719982534646987,-0.0755662098526954,0.0197835210710763,-0.1035631671547889,-0.1034510359168052,0.0117180198431015,0.0808131024241447,-0.0737101063132286,0.1034972742199897,-0.0833867490291595,0.0712721794843673,-0.1035620644688606,-0.1007276326417923,0.0869231820106506,-0.0697741955518722,-0.1033078879117965,-0.0368703640997409,-0.1024881526827812,0.0038080313242971,-0.0287992004305124,-0.1027062907814979,-0.0342134125530719,-0.1017029136419296,-0.0852411910891532,-0.1018823608756065,-0.0700775608420372,-0.1033321842551231,-0.1035770624876022,0.0058975694701075,0.1033744066953659,-0.0231272242963314,0.103577509522438,-0.10357466340065,0.1035637259483337,0.0980777814984321,-0.0936377942562103,0.1024191230535507,0.1009022817015647,-0.0727549493312835,0.0676899030804634,-0.061884868890047,0.0825315788388252,0.0804068222641944,0.1020889952778816,0.1035820394754409,-0.1028596758842468,0.0338654182851314,-0.102730356156826,0.1012703254818916,0.1008207201957702,-0.1014615595340728,-0.0806977599859237,-0.0768125504255294,-0.0748911276459693,0.1028450280427932,0.0353544428944587,0.1018736511468887,0.1032425984740257,0.1003146320581436,0.0194035656750202,-0.1008755564689636,0.0448070168495178,-0.1035514920949935,0.06722392141819,-0.1033162996172905,-0.1015942096710205,0.1032056584954261,-0.0815490037202835,0.1034472063183784,0.1035478636622428,0.0617473013699054,0.0533199273049831,0.0941837430000305,-0.0911459475755691,0.1035824790596962,-0.1031897142529487,-0.0903219282627105,-0.1035652682185173,0.1026929169893264,-0.057207241654396,-0.0472926460206508,-0.0820530503988266,-0.10343749076128,-0.1035615280270576,0.1002379432320594,0.1035786122083664,0.0726383998990058,0.0975094363093376,-0.1021887511014938,-0.0304642971605062,0.0976713970303535,-0.1025471314787864,-0.102148450911045,0.0961722880601883,-0.066970556974411,-0.0740352794528007,-0.0957030653953552,0.0951690524816513,-0.0956960171461105,0.0956840738654136,-0.0956823155283927,-0.0886666253209114,0.0132878171280026,0.0956859439611435,0.0950608327984809,-0.0957032367587089,-0.0953932479023933,-0.0957005247473716,-0.0742407664656639,-0.0956754460930824,0.0935683995485305,0.0957025066018104,0.0709408670663833,-0.0290266219526529,-0.0677653476595878,-0.0813967809081077,0.0521121546626091,0.0916942209005355,0.0927045941352844,-0.005675041116774,0.0900359898805618,-0.0920645296573638,0.095688410103321,0.0799848213791847,0.0947565957903862,0.0957030653953552,-0.0956007242202758,0.0938919261097908,-0.0957032442092895,-0.0957029908895492,0.0956878587603569,0.0840439572930336,-0.0932720452547073,-0.0166064519435167,0.0316527783870697,-0.0956742465496063,0.0949433073401451,-0.0950860679149627,-0.0956398919224739,-0.0877746120095253,0.0953624919056892,0.0804197266697883,-0.0955903381109237,0.0957026705145835,0.0957019180059433,-0.0909516364336013,0.0957032442092895,0.095702014863491,-0.095701552927494,-0.0863370969891548,0.0955759659409523,0.0957031846046447,-0.0957027897238731,-0.0957032442092895,0.0957032442092895,-0.0913247466087341,0.0957028567790985,0.0270181093364954,-0.0557280555367469,0.0916315093636512,-0.0901062861084938,0.0955248400568962,0.0956834778189659,-0.0956427752971649,0.0921868234872818,0.0913324430584907,-0.0957031548023223,0.0858705714344978,0.0728168934583664,0.0950427800416946,-0.09565369784832,0.0897108763456344,-0.0945457071065902,0.0793306902050972,0.0957032367587089,-0.0951737016439437,0.0759714543819427,-0.0957005321979522,-0.0881978496909141,-0.0941499397158622,0.0940754041075706,0.0957032442092895,-0.0950271263718605,-0.0871544182300567,0.0914331898093223,0.0957032442092895,-0.0956830158829689,0.0954413712024688,0.0925066843628883,-0.0905932784080505,-0.0934364572167396,0.095678225159645,-0.0956439897418022,-0.0955768153071403,-0.0442357659339904,-0.0954453349113464,0.0536652021110057,0.091703675687313,-0.0956931784749031,0.0953741297125816,-0.0938659831881523,-0.0900972262024879,0.0950972437858581,-0.0956869721412658,-0.0946467146277427,-0.0956416279077529,0.0956580191850662,0.0950337946414947,-0.0955063104629516,0.0957032442092895,-0.0279127787798643,-0.0161422826349735,-0.0955334678292274,0.0953238010406494,-0.0955046638846397,-0.0957032442092895,0.0950156301259994,-0.0957020372152328,0.0573145374655723,-0.0942674279212951,-0.0949679836630821,-0.0710973292589187,-0.0783590450882911,-0.0176580008119344,0.0350994542241096,0.0661529824137687,0.1094941645860672,0.0387708842754364,0.158926784992218,-0.0270709637552499,0.1765169948339462,0.1781493425369262,-0.0662308111786842,0.1614660769701004,0.0916640982031822,0.0151012884452939,-0.0924884006381034,-0.1138041540980339,-0.050361655652523,-0.1075892820954322,-0.0331275127828121,-0.0151562122628092,-0.0917383059859275,-0.0880810841917991,0.1675287932157516,-0.0397352240979671,-0.0047573624178767,-0.0931631550192833,-0.0130580151453614,-0.0441295839846134,0.0130855273455381,-0.0061649088747799,-0.0897819474339485,0.0108598489314317,0.1378019899129867,0.0078351376578211,-0.0133184250444173,0.0793240591883659,0.1067307665944099,0.1289513558149337,-0.1096735373139381,0.0855086594820022,0.069192536175251,-0.1515925526618957,0.0352235771715641,0.1329224407672882,0.0583089105784893,-0.0416347533464431,-0.0444391928613185,0.0020144174341112,-0.060640312731266,0.1313359886407852,-0.0288266818970441,0.0457273684442043,-0.022853622213006,0.134716510772705,0.0183030590415,-0.0082988729700446,0.0647759512066841,-0.009324986487627,0.1662855297327041,-0.0244534630328416,0.1445483565330505,-0.1430131494998932,-0.1024990752339363,0.0151024274528026,-0.1344311535358429,0.0048515005037188,-0.0379560627043247,-0.1546161770820617,0.057849071919918,-0.0539492778480052,0.039564125239849,0.0683047175407409,-0.0981702655553817,-0.0291241202503442,-0.1098791733384132,0.025052573531866,-0.042286217212677,0.1032530516386032,-0.1450527310371399,0.0170975998044013,0.0637085065245628,-0.0844252035021781,0.0183627493679523,-0.0047706528566777,-0.1753725558519363,0.016804065555334,0.0724966153502464,0.1217219084501266,0.165658950805664,-0.0777399912476539,0.1055381670594215,0.0982947573065757,-0.0333587937057018,0.0232827682048082,0.1690757870674133,-0.0028423988260328,-0.0706771239638328,0.1572952717542648,0.0049685058183968,-0.0812043473124504,-0.0464005693793296,-0.0606316663324832,-0.0434612594544887,0.1723396927118301,0.067212238907814,0.072619117796421,-0.1040347665548324,0.0746838375926017,0.0428145378828048,0.1247116178274154,0.0392310097813606,-0.0027553515974432,0.1416866034269333,0.0519672483205795,-0.1493912488222122,-0.0363841168582439,-0.0151460692286491,-0.012127049267292,0.1382536590099334,0.004946616012603,-0.0281243491917848,-0.0965654850006103,0.0834609195590019,-0.015446682460606,0.0292203407734632,0.0499017313122749,-0.0571291446685791,0.1655525714159011,-0.0133571987971663,-0.0970062464475631,-0.0433748923242092,0.1246490404009819,-0.0917006134986877,0.0784336999058723,0.0901913121342659,0.1092923954129219,0.1175434216856956,0.0125731406733393,-0.0398692227900028,-0.045574203133583,-0.1123888418078422,0.1243322640657424,0.1175238862633705,-0.1136574521660804,-0.1165211424231529,0.1167764589190483,0.0204291157424449,-0.1243329420685768,-0.1148089170455932,-0.1032649204134941,-0.1252866089344024,-0.1212110966444015,-0.0790116265416145,-0.1146322637796402,0.1119382083415985,-0.1236372143030166,0.1090055927634239,-0.1251396536827087,0.0933014824986457,-0.0974120050668716,0.1202405393123626,0.0929127484560012,0.0026527754962444,0.1224901378154754,0.049730684608221,-0.0866819396615028,0.1003194227814674,-0.1116093844175338,0.1185293868184089,0.112366497516632,0.1165681630373001,-0.0857428461313247,0.0934857577085495,0.0241978168487548,-0.0626302286982536,-0.0048992601223289,0.0992862805724144,0.0377844013273716,-0.1202190294861793,0.0858028978109359,0.1204046234488487,0.0827097594738006,-0.0591778233647346,0.1151443645358085,-0.0279524698853492,-0.0509388707578182,-0.0860669091343879,0.0811958312988281,-0.0811942741274833,-0.0147152869030833,0.0791468620300293,-0.0163985788822174,0.0565585605800151,-0.0275600440800189,-0.0028517779428511,-0.1128328070044517,0.0578604973852634,-0.1173406913876533,0.1250217705965042,-0.1238730102777481,0.0151043152436614,-0.0728868544101715,0.0113383987918496,0.0654467195272445,-0.1076326146721839,0.0472412072122097,0.0330841466784477,0.0928134694695472,0.0500406995415687,-0.1226194351911544,-0.0007201572880148,0.0900811702013015,-0.0322225354611873,0.0573528259992599,-0.1131990030407905,0.0565844140946865,-0.1240753754973411,-0.0206547118723392,0.1247892752289772,0.0572563558816909,-0.0667916238307952,-0.1204374879598617,0.0442145429551601,0.0852099582552909,-0.0780232921242713,0.1175382360816001,-0.1203618273139,0.0351590849459171,0.0267028994858264,-0.040849220007658,0.0076355994679033,0.0592399947345256,0.0222204066812992,-0.1023725718259811,0.061507511883974,0.1154371723532676,0.1018783599138259,-0.0067058610729873,-0.0574051663279533,-0.1218557506799697,0.0927619263529777,0.0834884941577911,-0.0442371033132076,0.1158730834722518,-0.0451369769871234,0.1245926544070243,-0.1247191950678825,-0.0691233202815055,0.0309632699936628,-0.0341702066361904,0.1216810494661331,-0.1032165139913559,-0.1226532906293869,-0.0667430534958839,0.1172599419951438,0.0372268334031105,-0.0773196294903755,-0.023025332018733,0.0790051370859146,-0.0476861521601676,0.0713841319084167,0.0240787547081708,0.1655071079730987,0.1575379371643066,0.0830254778265953,-0.0743183493614196,-0.0116553260013461,0.0511316880583763,0.0140167539939284,-0.0881190225481987,0.0205927100032567,-0.0183474812656641,-0.0681618675589561,0.1330446451902389,-0.0962294861674308,0.0033938684500753,-0.1471337229013443,0.075181670486927,0.0418705567717552,-0.1162480488419532,-0.0325230807065963,-0.0781145617365837,0.0502099767327308,-0.0713993310928344,0.0464256927371025,-0.0334935002028942,-0.0018267871346324,0.1568357348442077,-0.0429955460131168,0.0442704260349273,0.0706788972020149,-0.09217020124197,0.0621543154120445,0.0225617159157991,-0.0447688065469265,-0.0149020636454224,-0.1150729730725288,0.0310632642358541,-0.0895611941814422,0.0004406224179547,-0.058364775031805,0.1204193532466888,-0.0789450705051422,0.1467326134443283,-0.0418696478009223,0.0575921609997749,-0.1324845403432846,-0.114282801747322,0.1091204434633255,-0.0055021001026034,0.0294166877865791,0.1549426317214965,-0.1588152647018432,-0.1012970581650734,-0.0441276505589485,-0.1537954807281494,-0.0409554131329059,-0.0207913853228092,-0.1037632524967193,-0.0848393812775611,-0.0849918574094772,0.1180237159132957,-0.0217357035726308,-0.0768203437328338,-0.0275651291012763,0.0320582576096057,-0.1262853741645813,-0.0805267989635467,-0.0840262472629547,0.0641174390912056,0.0824543461203575,-0.1238693296909332,-0.0979631319642067,-0.0672166347503662,-0.0083411894738674,-0.0318699069321155,-0.002513566520065,-0.1364754736423492,-0.1179210618138313,-0.0617361553013324,-0.0897189527750015,-0.0273440517485141,0.1113064661622047,-0.0535960756242275,-0.1107342839241027,0.0159918554127216,-0.0670661255717277,0.164033904671669,-0.0174910053610801,-0.0832402557134628,0.0120211979374289,-0.1307834982872009,0.0344845242798328,-0.1058538705110549,-0.0469364672899246,0.035966008901596,-0.0792594626545906,-0.1369719952344894,0.1667599976062774,-0.0131157403811812,-0.1175978183746337,-0.110390119254589,0.0841121822595596,-0.0609962008893489,-0.0529664009809494,0.1182354912161827,-0.022673524916172,0.0939433202147483,-0.1222570538520813,0.1308652013540268,-0.0686873719096183,0.1258233785629272,-0.1391319781541824,-0.0463748164474964,0.0132985170930624,-0.0381604023277759,-0.1520330607891082,0.0943916738033294,0.1121219545602798,0.1764819920063018,0.0656874328851699,0.0481785349547863,-0.1082742512226104,0.0398919098079204,-0.1204550042748451,JRHQHTPOCLXQTL-UHFFFAOYSA-N,CC(=O)NCc1ccc(C(=O)CSc2ccccn2)s1
-0.0992068126797676,-0.0996811389923095,-0.0996831580996513,-0.099641352891922,-0.0752469971776008,0.0947616174817085,-0.0730984434485435,0.0295181702822446,-0.0979650765657424,0.0947737246751785,0.0978140085935592,0.0912032127380371,-0.0186652150005102,-0.0993482992053031,-0.0990357846021652,-0.0967059955000877,0.0990056842565536,-0.099681943655014,-0.0391608364880085,-0.099444568157196,0.0996746644377708,-0.0994732901453971,0.0767228230834007,0.0319371446967124,-0.0754549354314804,0.0996715277433395,0.0982115492224693,0.0810126066207885,0.0924407616257667,-0.0996696278452873,0.099672257900238,0.0607547871768474,-0.0992101356387138,0.0882845148444175,0.0984452441334724,-0.0969307124614715,-0.0899208709597587,0.0993888974189758,-0.0996831431984901,0.0963682681322097,-0.0093971099704504,-0.0996831580996513,0.0996831580996513,0.0994382575154304,0.0151499193161726,-0.0639017894864082,0.0598255768418312,0.0956415981054306,-0.0996827334165573,0.0907490476965904,-0.0996831580996513,-0.0528678335249424,0.0996831580996513,0.099555417895317,0.0995951145887374,0.0917817279696464,-0.099676676094532,0.099517822265625,-0.0996703281998634,0.0884387642145156,0.0678619444370269,0.0099515039473772,0.0990950167179107,0.0996812060475349,-0.0996550992131233,0.0995168089866638,-0.066359132528305,0.0944015458226203,-0.0990811586380004,0.0996506884694099,0.0816077515482902,-0.0996829941868782,-0.0957125723361969,0.099397987127304,0.0110988169908523,-0.097946211695671,0.0662131533026695,-0.0981837511062622,0.0857535451650619,0.0995314121246337,-0.0996587350964546,-0.0753272846341133,0.0244963150471448,0.0347719006240367,0.096529871225357,-0.0996830835938453,0.0536852404475212,-0.0996771603822708,0.0996778681874275,-0.0991233214735984,0.0471411235630512,-0.0297828167676925,0.0996175035834312,0.0520208068192005,0.0996831580996513,0.0974088981747627,-0.0994942784309387,0.0996830984950065,-0.0996085479855537,-0.0442725345492363,0.0921979770064354,-0.0976694226264953,0.0919632837176323,-0.0996099188923835,0.0996148586273193,-0.0917488038539886,-0.0996792092919349,0.0648158639669418,-0.0672433972358703,-0.0755189731717109,0.0993470698595047,-0.0984818041324615,0.0968362987041473,0.09968301653862,0.079093649983406,-0.0995619967579841,-0.098784364759922,0.0984086915850639,-0.099677599966526,0.0007831786060705,0.0996649786829948,0.0906087756156921,0.0707253143191337,-0.0989604815840721,-0.0956949368119239,-0.0942314863204956,0.0986911132931709,-0.0996649265289306,-0.0971508771181106,-0.0971141681075096,-0.0950849428772926,-0.0630498528480529,0.0187250785529613,0.097114473581314,-0.0918825790286064,0.0966894254088401,-0.0968266874551773,-0.0389478951692581,-0.0971508994698524,-0.0971126183867454,0.0623501054942607,0.0971492901444435,0.0971354320645332,0.0971322059631347,0.096074067056179,-0.097148947417736,0.0862414762377739,0.0971504300832748,0.0970217436552047,0.0954592898488044,-0.0700882151722908,0.0971509665250778,0.0970929712057113,0.0821076929569244,0.0839140713214874,-0.0971386581659317,0.096646673977375,0.096938632428646,-0.0971457883715629,0.0971504598855972,0.0971509516239166,0.0906893238425254,-0.0813948661088943,-0.0971463546156883,0.0971502214670181,-0.0913790315389633,-0.0592615716159343,0.0971508994698524,0.0970854833722114,-0.0971443206071853,0.0952550694346427,-0.0971497297286987,-0.0960455760359764,0.0960558354854583,0.0877659395337104,0.0514575652778148,0.0971507281064987,0.0938003808259964,0.0554718971252441,0.0970894545316696,0.0880289822816848,0.0971509516239166,0.0104611460119485,-0.096342846751213,0.0970621928572654,0.0873640030622482,0.097062662243843,0.0971509665250778,0.0970102399587631,-0.0015438307309523,0.0341758020222187,0.0966998785734176,0.0877451077103614,-0.0856200903654098,0.0971499159932136,0.0966771095991134,-0.0971509665250778,-0.0942787155508995,0.0877236723899841,-0.0971138924360275,-0.0966724157333374,0.0971509665250778,-0.0971492230892181,0.0971509590744972,0.0278142634779214,-0.094909131526947,0.0970273911952972,-0.0938110277056694,-0.0006663571693934,0.0905462950468063,-0.0092837288975715,0.0913875773549079,-0.0971508249640464,0.0971456244587898,0.0969254821538925,-0.0465831831097602,-0.0836722031235694,-0.0971235781908035,0.0961965546011924,-0.0959479808807373,-0.0430709980428218,-0.0971190333366394,0.0913037210702896,0.062870979309082,0.0971390008926391,0.0971484407782554,-0.0971490666270256,0.0964697897434234,-0.0858264341950416,-0.0971302092075347,0.0203703641891479,0.0971032530069351,0.0971090197563171,-0.0864414647221565,0.096521221101284,-0.0958854258060455,0.0908979550004005,-0.0911615714430809,0.0966001227498054,-0.0963438525795936,0.0954627990722656,-0.0971508249640464,-0.0756078362464904,-0.0970361232757568,0.0363016799092292,-0.0969100818037986,0.0971451923251152,-0.0970494449138641,-0.0878590270876884,-0.0960328131914138,0.096868947148323,-0.0459764823317527,-0.0941497981548309,0.0971509665250778,0.0971509143710136,0.03657041862607,0.095105692744255,0.0951603129506111,-0.0951458886265754,0.09515942633152,-0.0951603949069976,0.095160387456417,0.09436796605587,-0.0951603651046752,-0.0951587036252021,0.0438601151108741,0.0951450914144516,-0.0951255485415458,0.0944356918334961,0.0951558500528335,-0.0935073271393776,0.0950577184557914,-0.0951603949069976,0.0951603278517723,-0.0951603725552558,0.0131737058982253,-0.0951412096619606,-0.095098540186882,-0.0951603949069976,-0.0915222391486167,0.0947240740060806,-0.0950668603181839,-0.0951602980494499,-0.0524179227650165,-0.0722823068499565,0.0951533913612365,-0.0951603949069976,0.093352310359478,-0.0951603427529335,-0.0946699380874633,-0.0951533839106559,-0.0300630405545234,0.0838391557335853,0.0951577872037887,0.0951600074768066,0.0890080407261848,-0.0428880788385868,-0.0315632037818431,0.0951541364192962,-0.0950862243771553,-0.0951603949069976,0.0951486155390739,-0.0950966030359268,-0.0396947935223579,-0.0950576737523078,0.0947390869259834,0.0948227122426033,-0.0951013341546058,0.0077170077711343,0.0951595976948738,0.070748746395111,-0.0951598584651947,0.0951585546135902,0.0951603949069976,-0.0927865877747535,0.0950567051768302,0.0951603949069976,0.0951588824391365,-0.0950187593698501,0.0943537652492523,0.0950555354356765,0.0950801745057106,0.0946574583649635,-0.095160074532032,-0.0817210152745246,0.094446562230587,0.0477485209703445,0.0951603949069976,0.0949786379933357,-0.0951579064130783,0.0951602384448051,0.0934697166085243,0.0951603949069976,0.0034506663214415,0.095160387456417,-0.088568776845932,0.0918271392583847,-0.0951603651046752,-0.088171549141407,-0.0163165424019098,0.0949466302990913,0.095160387456417,0.0951603800058364,0.0910756289958953,0.0950359031558036,0.0951193124055862,-0.0951603949069976,-0.0951599851250648,0.0529398024082183,0.0950389802455902,-0.0951602458953857,0.0949548259377479,-0.0941864922642707,-0.0944337174296379,-0.0951591655611991,0.0760884955525398,0.0950019657611846,-0.095157653093338,0.0951511412858963,0.0899801328778266,-0.0950189232826232,-0.0479129068553447,0.0620528496801853,0.0951603949069976,-0.0948716104030609,-0.0815902352333068,-0.0760244876146316,-0.095159113407135,-0.0880065858364105,0.0861144289374351,-0.081012025475502,0.0951602756977081,-0.033936858177185,0.0951603129506111,-0.0949398204684257,0.0002183263131882,0.0949408337473869,0.0951568707823753,-0.0951527208089828,0.0951603055000305,0.0951603800058364,0.0928473323583602,0.0950594171881675,0.0951600596308708,0.0898715779185295,-0.083749733865261,-0.0886727273464202,-0.0898648500442504,0.0898699760437011,0.0898430198431015,-0.0898719057440757,-0.0892486423254013,-0.0898726731538772,-0.0898573249578476,-0.0898697897791862,0.0898711085319519,0.0897109508514404,0.0898729711771011,0.0898729190230369,-0.0898730978369712,0.0611535422503948,0.0898730978369712,-0.0898730903863906,0.0898729711771011,0.0897912755608558,0.0898716822266578,-0.0898729264736175,-0.0898730903863906,-0.0898730978369712,0.0898717045783996,-0.0883440673351287,0.0898730978369712,0.0898730978369712,-0.0896682143211364,0.0896734669804573,-0.0898726508021354,0.0898451581597328,0.0898730754852294,-0.0881664678454399,0.0898639410734176,0.0898241028189659,-0.0875292494893074,-0.0898730680346489,0.0898641496896743,0.08987308293581,0.0897131636738777,0.088196188211441,0.0895022302865982,0.0893072038888931,0.0898730903863906,0.0898520946502685,0.0898730084300041,0.089861199259758,-0.0887301638722419,-0.086754061281681,0.0898605436086654,-0.0898730680346489,0.0898730978369712,-0.0884512513875961,0.0898709818720817,-0.089872732758522,0.08987308293581,-0.0898730531334877,-0.0898724943399429,-0.0855988040566444,0.0898536294698715,-0.0898729115724563,0.0896110907196998,0.0898730978369712,-0.0886362642049789,-0.0898561775684356,0.0308074876666069,0.0898389369249343,0.0762615129351615,-0.0898730531334877,0.0898725390434265,0.0895692706108093,0.0898727625608444,-0.0898730009794235,0.08987308293581,0.0898730978369712,0.0807246640324592,-0.0898721143603324,0.0897785574197769,0.0898730978369712,-0.0834807455539703,-0.0896338298916816,-0.0898539051413536,-0.0898204818367958,0.0898709371685981,0.0892336219549179,-0.0898730978369712,-0.0762350261211395,0.0876174196600914,0.0895402207970619,0.0898624882102012,-0.0898730382323265,-0.0898513495922088,0.0898289456963539,0.0898730978369712,0.0898633003234863,0.0890498012304306,0.0893280357122421,0.0898730531334877,-0.0898397788405418,0.0893853157758712,-0.0890485718846321,-0.0898684337735176,0.0898708403110504,0.0896584689617157,-0.0898730680346489,0.0898730903863906,0.0898048430681228,0.0897037014365196,-0.0898554548621177,0.0898730158805847,0.0134495180100202,-0.0885241329669952,-0.0898730531334877,0.0898714512586593,0.0898588523268699,0.0898685529828071,-0.0898730978369712,-0.0898730978369712,0.0898425728082656,-0.0898604691028595,-0.0897438079118728,0.0859911069273948,0.0898614227771759,0.0898726359009742,0.0898713991045951,-0.0898729935288429,0.115558810532093,-0.1159413158893585,0.0209758318960666,0.0908238962292671,0.125698983669281,0.1134477108716964,0.0795758292078971,-0.0499627254903316,-0.0716037154197692,0.1264968663454055,0.1101864948868751,0.1348930597305297,0.1102907955646514,-0.0322796367108821,0.131949245929718,0.0402711182832717,-0.1074619144201278,-0.0680783540010452,-0.1209299117326736,0.0636801943182945,-0.0135640557855367,0.0211406499147415,0.0080965841189026,0.1062090620398521,0.0771423205733299,-0.1228560432791709,-0.0787781476974487,0.135980486869812,-0.0116895912215113,0.0920552313327789,-0.00104459177237,-0.1356396973133087,0.0277417600154876,-0.1057701930403709,0.0028341028373688,0.0789205655455589,0.1057593524456024,-0.1153919547796249,0.1097599044442176,-0.1159424409270286,-0.0386115126311779,-0.0535748749971389,-0.1339935660362243,-0.0621625892817974,0.1253103166818618,0.1372447609901428,-0.1150660142302513,-0.0810911506414413,-0.0772503316402435,0.0157534349709749,-0.065448097884655,-0.1207076162099838,0.0998543724417686,-0.1095898076891899,-0.1170238479971885,0.0042498027905821,-0.1174595430493354,-0.0602894648909568,0.0636727735400199,-0.0744519010186195,0.0980659276247024,0.1092197149991989,-0.1280964165925979,-0.105419673025608,0.086366206407547,0.0959040746092796,0.0879946127533912,0.1031479761004448,-0.1169604733586311,-0.0250540059059858,-0.0510287545621395,-0.0628654882311821,-0.1287553012371063,-0.1225267723202705,0.1144538149237632,0.0944530814886093,0.0193067286163568,-0.0353779010474681,-0.0570844858884811,-0.0534636788070201,0.1312656253576278,-0.0056065013632178,-0.0620852708816528,0.136846661567688,0.1225582286715507,0.1147999763488769,-0.1262722760438919,-0.024993835017085,-0.0989867150783538,-0.0669494420289993,-0.0559716932475566,0.0754814818501472,-0.1169830113649368,-0.0014018815709277,0.1364976614713668,-0.0318433530628681,-0.0173827204853296,0.0922464281320571,-0.0068712094798684,0.0465671233832836,0.0912513732910156,0.121425487101078,0.132124975323677,-0.0700837895274162,-0.0435558222234249,-0.1174955070018768,0.0862130224704742,-0.064816914498806,-0.088190384209156,-0.0645558610558509,-0.0089157428592443,0.1000903099775314,0.1091672480106353,0.0260914210230112,-0.0230363961309194,-0.0292704813182353,-0.0175663381814956,0.0469746328890323,-0.0415068380534648,0.0340423434972763,-0.0017164445016533,-0.1348915249109268,0.087235189974308,0.012285322882235,-0.0862320512533187,-0.0620502568781375,0.1030584499239921,-0.0820760652422905,0.0754945948719978,-0.0208553932607173,-0.0832159221172332,0.0908014699816703,0.1220313161611557,0.0630411729216575,0.0919479504227638,0.0695246756076812,0.0828125923871994,0.0019705893937498,0.0463488660752773,0.111861377954483,-0.0147628812119364,0.033307135105133,0.1682635694742202,0.0054325805976986,0.0640752613544464,-0.005723803769797,0.0125068090856075,-0.1635109484195709,0.1305752098560333,-0.0938281491398811,-0.0055088163353502,-0.0084933945909142,-0.0182845387607812,-0.0422858111560344,0.0478651486337184,-0.0359637029469013,-0.1690719574689865,-0.1458521336317062,-0.0088351890444755,0.0720170736312866,0.1669006198644638,-0.0442565791308879,-0.1188437938690185,-0.0330117940902709,0.1306677162647247,0.1180187538266182,0.1314713060855865,-0.040774468332529,0.1646618992090225,0.0706808269023895,0.0375083088874816,-0.1897491067647934,-0.0427953004837036,-0.0357297621667385,0.0268269758671522,0.0846625864505767,-0.0015139756724238,-0.0919481143355369,-0.0015569428214803,0.0276574175804853,-0.1297717243432998,0.0512732230126857,-0.0218564420938491,0.0245299935340881,-0.116328090429306,-0.1418212801218032,-0.1300603151321411,0.0498556531965732,0.0850444510579109,0.0121171502396464,-0.1089723482728004,0.0355834849178791,0.1655602157115936,-0.0301497355103492,0.0057044052518904,-0.1779478937387466,0.0061938767321407,0.0522642955183982,-0.1476779580116272,-0.1097445785999298,0.0818242877721786,0.0426253005862236,-0.1602707207202911,0.0106990560889244,-0.1452639698982238,0.0369836203753948,-0.0072735059075057,0.0012638692278414,-0.036245297640562,-0.1194616183638572,0.0947758629918098,0.1208800449967384,-0.0287617575377225,0.0742983520030975,-0.0708341300487518,0.0346083268523216,0.0722513347864151,-0.0182616710662841,0.1361220926046371,-0.0769110918045044,-0.1040164902806282,-0.0009790019830688,-0.17319156229496,0.1148695796728134,-0.0037857794668525,0.1224218159914016,0.0774605795741081,0.0239918883889913,0.0219936221837997,0.0033185135107487,-0.0578220896422863,-0.0764973312616348,0.0529567003250122,0.159926563501358,0.0048813889734447,-0.1272905766963958,0.0662961304187774,0.0090130819007754,-0.0145273637026548,-0.1129862964153289,0.010900454595685,-0.0397389642894268,0.0402679033577442,0.011124680750072,-0.0954417958855629,-0.1041444763541221,-0.0023378750775009,-0.1846391856670379,-0.0236217398196458,0.1723635047674179,0.0177182741463184,-0.0476762801408767,0.035869438201189,0.0179682578891515,0.1204985305666923,-0.0983020439743995,DIOIOSKKIYDRIQ-UHFFFAOYSA-N,Cl.O=C(O)c1cn(C2CC2)c2cc(N3CCNCC3)c(F)cc2c1=O
0.1038389131426811,-0.1044146120548248,0.0578785501420497,0.1042941138148307,0.0603960081934928,0.1029702723026275,-0.0644547566771507,-0.0939209535717964,-0.1045358628034591,-0.0535426437854766,-0.0662916079163551,-0.0213953610509634,-0.0982119515538215,0.1004853472113609,0.0500292889773845,-0.1047919914126396,-0.1039649695158004,-0.0596014335751533,-0.1045907214283943,0.1046953946352005,0.0968461632728576,0.0697115808725357,-0.1035405248403549,0.1010960415005683,0.1021616607904434,0.1036519110202789,0.0104546640068292,-0.0013780371518805,0.0838344469666481,-0.1028874441981315,-0.0941129550337791,0.0841557383537292,-0.0997726246714592,-0.1018003225326538,-0.1042073220014572,-0.1038029640913009,0.078286588191986,0.0783730372786521,-0.0701259300112724,0.0926232561469078,0.0853459611535072,-0.0720327794551849,-0.1012997329235076,-0.0059676836244761,-0.0754919350147247,0.1018148213624954,-0.0990457385778427,0.0929625853896141,-0.1035136803984642,-0.0842068269848823,-0.1035011783242225,0.1047142893075943,0.0729803368449211,0.104670725762844,-0.0455462597310543,0.104647472500801,-0.103151798248291,0.0947350114583969,-0.0328535363078117,-0.0657933428883552,0.1028743237257003,0.1048428937792778,0.1048317924141883,0.1033141463994979,-0.1048409417271614,0.104801595211029,-0.0960788205265998,0.1047093048691749,-0.0978755876421928,0.100076824426651,-0.0582582093775272,0.0696766525506973,-0.101172350347042,-0.0755429416894912,-0.1047877371311187,-0.1033521965146064,-0.1044221743941307,0.0001680073910392,0.0980053022503852,0.035779770463705,-0.0959633514285087,0.0898888930678367,0.1043464988470077,0.089979663491249,-0.0936226099729538,-0.0791975110769271,0.104132667183876,0.0797818377614021,-0.0811367183923721,-0.0997498109936714,0.1002949997782707,0.092757448554039,0.104843258857727,-0.0188316125422716,0.1013873368501663,-0.0904973074793815,-0.1045149341225624,0.0875921621918678,-0.0059182317927479,0.1025414988398552,-0.0921570658683776,0.0476621575653553,-0.0961068496108055,-0.1011619716882705,-0.0879048183560371,0.0796993151307106,-0.0935932919383049,0.0990238860249519,0.0940177366137504,0.0771340206265449,0.1046483442187309,-0.1040150821208953,-0.0957415252923965,-0.1045091450214386,-0.00077859434532,0.1041207909584045,-0.0628307685256004,-0.0726134479045867,-0.103963479399681,-0.0546511858701705,0.0875594019889831,0.0772636011242866,-0.097577765583992,-0.1004255339503288,0.0810682326555252,0.103737473487854,0.0196379516273736,0.0144318910315632,-0.1006542965769767,-0.1004570201039314,-0.1010543182492256,0.0992661863565445,0.0447055287659168,0.100581981241703,-0.0533668845891952,0.100809060037136,0.0942710638046264,0.0854184925556182,-0.0317582674324512,-0.0425319820642471,0.1005324199795723,0.0592008978128433,0.0851090922951698,-0.0990177169442176,-0.0988004654645919,-0.1010704189538955,-0.1010667830705642,0.100900113582611,-0.0953243523836135,-0.0910997912287712,0.0627045035362243,0.1010704040527343,0.101069338619709,0.0995536893606185,0.0791206806898117,-0.0748135522007942,-0.1004001349210739,0.0746111720800399,-0.1010704189538955,0.1010547056794166,0.1004269272089004,0.1006177738308906,-0.0571873784065246,-0.0574706494808197,0.1008992493152618,-0.101069800555706,-0.0489639826118946,0.1009208187460899,0.1010555103421211,-0.1009745076298713,0.1010530889034271,-0.0999493524432182,0.0996018499135971,-0.0955776646733284,0.1007860824465751,-0.0214135088026523,0.0887429043650627,0.0999864637851715,0.1009656935930252,0.0240107141435146,0.10105861723423,0.1010084152221679,-0.101029634475708,-0.0975091606378555,0.0984791815280914,-0.1010661721229553,-0.0661591216921806,0.0870358273386955,-0.0137713383883237,0.0828562676906585,0.0482652224600315,0.0336944609880447,0.101058542728424,-0.0988826379179954,0.1001653969287872,0.0996469780802726,-0.1010704189538955,-0.1009639725089073,0.0441361553966999,-0.1010652706027031,-0.0865789130330085,0.1010674685239791,-0.1010381206870079,-0.0630573034286499,-0.0763403996825218,0.0971704572439193,-0.0887054279446601,-0.1008768081665039,0.0883994624018669,0.1008669659495353,-0.1007345244288444,0.1005951017141342,-0.1005122065544128,0.0712154954671859,0.100960299372673,-0.0629403516650199,0.0889215394854545,-0.0780464708805084,-0.099696047604084,-0.0905734971165657,-0.0141369104385375,0.1009452119469642,-0.0990679487586021,0.1006535142660141,0.0486102178692817,0.1006026044487953,-0.1010580658912658,0.0895288437604904,0.0600077882409095,-0.0014949573669582,0.1009194254875183,0.1009622812271118,0.1010140180587768,0.089011326432228,0.0947624668478965,-0.0899164751172065,0.0840146094560623,-0.0794199779629707,-0.0888735651969909,-0.1009681597352027,-0.1001162901520729,-0.1010665073990821,0.0924671366810798,-0.1010439246892929,0.0976465046405792,0.0787103548645973,0.0885927155613899,-0.0611609853804111,-0.1004263684153556,-0.0544378906488418,0.0570254623889923,0.0358843393623828,-0.0857473611831665,0.1010663956403732,0.0756732374429702,-0.0861571729183197,0.0682290270924568,0.1009287238121032,0.00128531223163,0.1008656397461891,0.0955898165702819,-0.0996707379817962,-0.0446151234209537,-0.0983020663261413,-0.1006381288170814,0.0520776771008968,0.0100831296294927,-0.0650124475359916,0.097770981490612,-0.0437439195811748,0.0994171872735023,0.0894288122653961,-0.1009638085961341,-0.035580888390541,-0.1009557768702507,-0.0716548040509224,-0.1009643226861953,-0.0961149930953979,-0.1007107570767402,-0.0965903848409652,0.0966279283165931,0.0358920246362686,-0.1008866503834724,-0.0528122968971729,0.081672228872776,0.0933129340410232,-0.0251644756644964,-0.1000992506742477,-0.1009620949625969,-0.1002071574330329,-0.0999233126640319,-0.1005016267299652,0.1009584367275238,0.100688062608242,-0.0983406454324722,0.1005112081766128,-0.0818428844213485,0.100266121327877,-0.0982585102319717,-0.1009580045938491,-0.0821806117892265,0.0796945467591285,-0.1009626612067222,-0.1002712622284889,-0.100484624505043,-0.0965405106544494,0.0739849507808685,-0.1009436175227165,-0.0977267101407051,0.0819312110543251,-0.0980254337191581,-0.100957877933979,0.1009571924805641,0.1009151190519332,0.0993443429470062,-0.0768342167139053,0.1009640321135521,0.1008229628205299,0.1004721075296402,-0.0661568269133567,-0.1005347669124603,0.1009635403752327,0.1001231372356414,-0.0978076830506324,0.1002799198031425,0.0992980897426605,-0.0588975213468074,0.0142537290230393,0.0826964601874351,0.0917621180415153,0.0866078957915306,0.100510723888874,0.1007297709584236,0.1006333231925964,0.100629910826683,-0.0992002710700035,-0.1004213988780975,-0.0124230301007628,0.0238641314208507,0.1009178608655929,0.0794404447078704,0.1009616181254386,0.1009643375873565,-0.0052686957642436,-0.0925289466977119,0.0980152711272239,-0.1008951738476753,-0.0992341935634613,-0.0968766510486602,0.1006752774119377,-0.0618784390389919,-0.1008840799331665,-0.0994801148772239,-0.00098429818172,-0.0999140813946724,0.0485833585262298,-0.0511370524764061,-0.0937633216381073,0.0733733028173446,0.0740181654691696,0.1009379252791404,-0.0859195962548255,0.0956873968243599,0.0802120715379715,0.068319171667099,0.0993375778198242,-0.0769620314240455,-0.1009628921747207,-0.0921277701854705,-0.1004123538732528,-0.1006715148687362,0.0998546481132507,0.1003386676311492,0.1009642928838729,-0.0993895605206489,0.0489512532949447,-0.0090522551909089,-0.09878771007061,0.0393691807985305,0.1008650958538055,0.0772468447685241,0.0945113599300384,0.0879949033260345,0.1007722914218902,-0.0212698020040988,-0.0464310422539711,-0.0794270560145378,0.0342727899551391,0.0408286266028881,-0.103003516793251,-0.0162986442446708,-0.1088906899094581,0.0085796006023883,-0.1163524016737937,-0.0056667188182473,-0.0342295356094837,-0.0747600719332695,-0.0268267858773469,-0.1442586481571197,-0.0072430013678967,0.0372747294604778,0.0214330870658159,0.0100131016224622,0.0618006847798824,-0.0959562212228775,0.0663698762655258,0.0162017699331045,0.0156973302364349,0.0124700851738452,0.09075528383255,-0.0878117308020591,-0.1293225437402725,-0.0809635296463966,-0.0649908110499382,-0.1333355605602264,-0.0603562518954277,-0.0654332861304283,0.1226128563284874,0.1538683027029037,0.0220417361706495,-0.0966405570507049,-0.0796805247664451,0.1316682547330856,-0.0231526549905538,0.1040787994861602,-0.0861669406294822,-0.1191744059324264,-0.1579329520463943,0.1694992035627365,-0.0218046549707651,0.0297250114381313,0.0210032742470502,-0.1401604562997818,-0.0089383935555815,-0.0768668800592422,-0.0543374270200729,-0.0822944343090057,0.0980939343571662,0.1068171039223671,-0.096631035208702,0.025064893066883,0.0320383124053478,0.0311406571418046,0.1429437398910522,-0.0456332862377166,-0.0907554849982261,0.0122808115556836,-0.1350603997707367,0.0283845104277133,-0.035284224897623,-0.0814973562955856,-0.1648146361112594,-0.0742700397968292,0.0724696069955825,0.1023546531796455,-0.1609851419925689,0.0555357486009597,0.0480622760951519,0.0056617734953761,0.0354712009429931,0.0525489635765552,-0.1012138724327087,-0.0810977146029472,-0.0656729117035865,0.1540105044841766,0.1737411767244339,0.1011651009321212,-0.1456280201673507,0.0641216114163398,-0.1354748606681823,0.0349063202738761,0.0807853192090988,-0.0392976477742195,-0.1170016974210739,-0.0962939113378524,-0.0540774166584014,-0.0708667337894439,-0.0385930426418781,0.0362798422574996,0.06085642054677,0.0575797446072101,0.0894446894526481,0.1192309334874153,-0.1087349653244018,0.0743712931871414,-0.0795369520783424,-0.011195627041161,0.0646300688385963,-0.1507100164890289,-0.0515059381723403,-0.1041314750909805,-0.0675797238945961,0.0511923395097255,0.0006012622616253,-0.1143302619457244,0.0447442941367626,0.0562805831432342,0.0363355055451393,0.1447251290082931,-0.0158025864511728,0.0952911302447319,0.142007365822792,-0.0551495663821697,0.0873529538512229,0.1060398966073989,-0.1288044601678848,0.1549620181322097,0.0601211674511432,-0.0899669378995895,0.1607783734798431,-0.1222264692187309,-0.0780321732163429,-0.0931318551301956,0.0608451291918754,0.1544738113880157,-0.0888694301247596,0.1013704761862754,0.1235562711954116,0.1490431576967239,0.0354129709303379,0.1084724217653274,-0.0730380043387413,0.0276464223861694,-0.0163014102727174,0.1541048139333725,0.1139745190739631,0.032397735863924,-0.1405609846115112,0.0831734389066696,0.0147959534078836,-0.0987730100750923,-0.0393691211938858,-0.1330812722444534,-0.1185247302055358,-0.0944048538804054,0.0380805693566799,-0.146443173289299,0.1471678465604782,-0.1437032520771026,0.0825618803501129,-0.1442894786596298,0.1358709931373596,0.0392184369266033,0.1159282028675079,0.1030436977744102,-0.0819776728749275,0.046239998191595,-0.0272716116160154,0.0301316082477569,-0.022327845916152,-0.0052634729072451,0.0353408865630626,0.0149686504155397,0.1009915843605995,-0.1292533725500106,-0.0848419368267059,0.0171446837484836,0.0894291251897811,-0.0711061507463455,0.0207097493112087,0.004589423071593,-0.1240432187914848,0.0771721452474594,0.1113292723894119,0.1358609646558761,-0.1017041280865669,0.1215997412800788,-0.0403174422681331,-0.0593226328492164,-0.0266092680394649,0.1074571311473846,-0.0468872115015983,-0.0474815480411052,0.1142577081918716,-0.0895096063613891,0.0684229359030723,-0.0465744547545909,-0.0720464885234832,-0.0655933544039726,0.0707429945468902,-0.0607371293008327,0.0881092548370361,-0.1072989851236343,-0.1015539765357971,-0.0718348175287246,-0.008576238527894,0.1052654460072517,-0.0751823857426643,0.0972329750657081,0.0126182222738862,0.0061070681549608,0.0444989912211895,-0.0533832013607025,-0.0789682045578956,-0.0646785274147987,0.066207006573677,-0.0159865468740463,-0.1095516383647918,0.0893149226903915,-0.0851296931505203,-0.0702825114130973,0.1346142590045929,0.0581782683730125,-0.0839234143495559,-0.1497809588909149,0.0310664772987365,0.1422019749879837,-0.0720928758382797,0.1212335079908371,-0.1224181652069091,-0.0464205220341682,0.0450513698160648,0.0398330129683017,-0.0239500664174556,-0.0772038325667381,0.05807376652956,-0.0307873860001564,0.1069201678037643,0.0751913338899612,0.1158688813447952,0.0029899657238274,0.0688327997922897,-0.1130251884460449,0.0624881274998188,0.1307839006185531,-0.1188381016254425,0.0574386231601238,-0.0060020675882697,0.1571973264217376,-0.1234002411365509,0.019879775121808,0.0854657515883445,-0.1365808099508285,-0.0280821956694126,-0.0957430303096771,-0.0939550846815109,-0.1078506484627723,0.0037026847712695,-0.0964064747095108,0.0047184512950479,0.0261567402631044,0.0755646377801895,-0.0579109340906143,0.1092285141348838,0.0163948033004999,0.0971072986721992,0.175992876291275,0.0563282743096351,-0.1263156533241272,-0.0463646128773689,0.0584557838737964,0.0288938749581575,-0.128086656332016,-0.0561847276985645,0.0237320642918348,-0.000712162523996,0.1201228126883506,-0.0667190700769424,-0.0580803118646144,-0.1581214517354965,0.0408828593790531,0.0836993977427482,-0.0950044468045234,-0.0860856622457504,0.0173807088285684,0.0669640526175499,0.0133541785180568,-0.0121615482494235,-0.0296920705586671,0.0277592055499553,0.0882686451077461,0.011295479722321,0.0293126832693815,0.0049430946819484,-0.0603284537792205,0.1022285521030426,0.1038588881492614,-0.0848991125822067,0.0136282257735729,-0.1407355070114135,0.0260402765125036,-0.12317506223917,-0.0429952628910541,-0.073759950697422,0.1022538915276527,-0.1331250518560409,0.1719494760036468,0.0221114624291658,0.0978647246956825,-0.100675418972969,-0.1000725105404853,0.1130319535732269,-0.0083645964041352,0.0185171347111463,0.1538937985897064,-0.167313814163208,-0.0070028197951614,-0.0188415292650461,-0.0646901279687881,0.0393903292715549,-0.0024134428240358,-0.0797660648822784,-0.0920088663697242,-0.1361151188611984,0.1484463661909103,-0.0423097237944603,-0.1112604290246963,0.0436307974159717,0.089046224951744,-0.1253190785646438,-0.1265438646078109,-0.0768809542059898,0.1047776490449905,-0.0043196817860007,-0.1527827829122543,-0.0798634961247444,-0.1301827132701873,0.0500822514295578,-0.0582048781216144,-0.1119517087936401,-0.1016009971499443,-0.1041404232382774,0.0108034219592809,-0.0970774069428443,-0.0451256111264228,0.1060929149389267,0.0222402475774288,-0.0478518307209014,0.034523606300354,-0.0100893415510654,0.1643515974283218,0.0103695932775735,-0.0738855078816413,0.0100944899022579,-0.1029263362288475,0.0829478204250335,-0.1109535470604896,0.0416356027126312,-0.1108962967991828,-0.0189397055655717,-0.1077779904007911,0.1575244069099426,0.0435148924589157,-0.1004383042454719,-0.0662272870540618,0.093809500336647,-0.0676497519016265,-0.0641664564609527,0.1313930600881576,-0.0012954882113263,0.117114245891571,-0.1589708775281906,0.1245303377509117,-0.0001080283545888,0.0549047626554966,-0.0538670793175697,-0.0887352153658866,-0.0798619613051414,0.0349278263747692,-0.1392509788274765,0.0945989117026329,0.0778339132666587,0.1737545877695083,0.0445405170321464,0.0599738843739032,-0.10263142734766,0.059713739901781,-0.0640677586197853,ZSILPVRSVMCFGX-UHFFFAOYSA-N,Cc1cc(CO)ccc1N1CCOCC1
0.0985152944922447,0.1096378564834594,0.1095005720853805,-0.06997811794281,-0.1073271259665489,0.1096656545996666,-0.0385132059454917,-0.0505142509937286,0.1020504161715507,-0.1065749451518058,0.0943031534552574,0.0699931606650352,0.0875555202364921,-0.0053319223225116,0.0677947774529457,0.1089454889297485,-0.1083211228251457,0.0369008667767047,-0.1013432890176773,-0.0425529778003692,-0.0956862345337867,0.0643120780587196,0.1059714630246162,0.0458013340830802,0.1093201860785484,0.0783491060137748,-0.1097559034824371,-0.06742674857378,0.0356320030987262,-0.0233618151396513,0.1064320728182792,-0.0994127988815307,0.1067631468176841,-0.066339299082756,0.1090897545218467,0.1088572293519973,-0.094403937458992,-0.0918633937835693,-0.1088549271225929,-0.1077631488442421,-0.0633334442973136,-0.0963717103004455,-0.108849823474884,-0.0699171870946884,0.0959168374538421,0.1080119013786315,-0.0386110059916973,0.0677582994103431,0.0319281928241252,-0.109121561050415,0.1018141433596611,0.1096684411168098,-0.1097461581230163,-0.0717897862195968,0.07476606965065,-0.0490794032812118,-0.1061389446258544,-0.0705800354480743,-0.1048397198319435,-0.103503905236721,0.1089484542608261,0.1097760498523712,-0.0232535991817712,0.0499606020748615,0.0757392719388008,0.1078531220555305,0.107204757630825,-0.0880093947052955,0.0339470617473125,-0.0633249133825302,0.0370804481208324,0.0136499479413032,-0.1016286462545394,-0.0090339500457048,-0.1090827956795692,0.1028394028544426,0.0780541524291038,0.1096261888742446,0.0991394966840744,0.1072751283645629,0.1085068359971046,0.1038460657000541,-0.0921720042824745,0.1093276813626289,-0.0477374568581581,0.0952288210391998,-0.1088534742593765,-0.1088822707533836,0.0994402542710304,0.1018494740128517,0.1091594919562339,0.1084663942456245,-0.109774574637413,-0.0906377956271171,-0.1097258180379867,-0.0924265459179878,0.1095938608050346,0.0702476724982261,-0.0559528768062591,0.0080376202240586,-0.0614233464002609,0.0727857425808906,-0.0830040872097015,0.0749229490756988,0.1094979047775268,0.1024267822504043,0.1087246984243393,-0.1096035167574882,-0.0828548967838287,0.1044030711054802,-0.109727956354618,-0.0727095305919647,-0.0775316357612609,-0.0983229801058769,-0.0789486691355705,0.0161086078733205,-0.0975827872753143,0.1028361395001411,0.1089602783322334,0.1028323397040367,0.0305136628448963,0.033226940780878,0.0492536164820194,0.0491024889051914,0.098389483988285,-0.1034181043505668,0.0426169708371162,0.0799555256962776,0.1032868027687072,-0.0459195151925087,-0.0899074673652648,0.0584627576172351,-0.0968668907880783,-0.0900259241461753,-0.1033920720219612,0.0982497036457061,0.0556884855031967,0.0614159293472766,-0.0823641270399093,0.0905354246497154,0.1026519387960434,0.0680458769202232,-0.1025339365005493,-0.1036031022667884,0.0352123603224754,0.1036460995674133,0.1036926731467247,0.101872369647026,-0.09134391695261,0.1017578393220901,0.0109677230939269,-0.1036773696541786,-0.1031223833560943,0.0439510196447372,-0.1036937534809112,-0.09110077470541,-0.1036209315061569,-0.1028318181633949,0.103626936674118,-0.0645185187458992,-0.1005559489130973,0.1033636927604675,-0.0083542419597506,0.1026872172951698,-0.0805827155709266,0.1036918982863426,-0.0406441912055015,-0.0891485959291458,-0.0989655032753944,-0.1033578366041183,-0.1033249497413635,0.0808406397700309,-0.1005967035889625,0.1036822870373725,-0.1036519631743431,0.1036379337310791,0.0713231340050697,0.1011115759611129,-0.063441976904869,0.1036180406808853,0.0057891039177775,0.0173758305609226,0.1035053059458732,-0.0588246770203113,-0.0129251256585121,0.1036617010831832,0.0871193036437034,0.1027509793639183,-0.1013829708099365,0.0838358774781227,0.0532247796654701,-0.102969579398632,-0.1036253497004509,-0.0725294798612594,-0.0881009623408317,0.0911745056509971,0.1026337966322898,0.0845661014318466,-0.1025502234697341,-0.0995723828673362,0.1025580540299415,0.1031197980046272,-0.0071969651617109,-0.0919253230094909,0.1014668568968772,0.0894139483571052,-0.0973654314875602,-0.1021485328674316,-0.1036314964294433,0.0983527898788452,-0.0947851464152336,-0.0416399575769901,0.1030415892601013,0.0672356039285659,0.103424571454525,-0.0938396826386451,0.0711893513798713,0.1036575064063072,0.1036786660552024,-0.0882530361413955,0.0380533076822757,-0.0745364651083946,0.0989383310079574,0.0965795367956161,-0.0140431486070156,-0.1032320111989975,-0.0053703822195529,-0.0790133103728294,-0.0987700149416923,0.1035665571689605,-0.1036800891160965,-0.1036667823791503,0.1007786989212036,0.0931121855974197,0.0234939120709896,-0.103328637778759,0.1036912873387336,0.1033408492803573,0.0990573018789291,0.1035960093140602,-0.0943172723054885,0.1012631803750991,-0.0934230163693428,0.092396005988121,0.1031460613012313,0.05106732994318,0.0908357053995132,0.1034821569919586,0.0974211320281028,-0.1036773473024368,-0.0983429327607154,0.099415548145771,0.0420025661587715,0.0270030945539474,-0.0004034787125419,0.0097876917570829,-0.0311976894736289,0.0904103145003318,-0.1142453253269195,0.0653114393353462,0.0454265139997005,-0.1245063468813896,-0.11579480022192,-0.1188248097896575,0.1123020648956298,0.0504635721445083,-0.1141600906848907,-0.0701100006699562,-0.0341638661921024,-0.0356382094323635,0.0097288200631737,-0.0085173211991786,0.0898130536079406,0.0289883352816104,0.0026588295586407,-0.0995311811566352,0.1234754100441932,0.0943320617079734,0.1238798201084137,0.0980330631136894,-0.1003388315439224,0.0425152145326137,0.0172059293836355,-0.0871656239032745,-0.0510672479867935,-0.0690725520253181,0.0715076550841331,0.0217620469629764,-0.0606470294296741,-0.0909192487597465,-0.0236636418849229,0.1249026283621788,-0.004925400018692,0.1136337593197822,0.0068236589431762,-0.0087257344275712,0.0623907893896102,-0.0907740294933319,0.0889305472373962,-0.0289743300527334,0.1231602281332016,0.1061440333724021,0.1241857260465622,0.1145991757512092,0.074714757502079,0.1192191243171691,-0.0333338156342506,-0.0891292914748191,0.1033916622400283,-0.0924692675471305,-0.1036561354994773,0.0465204641222953,0.0989420264959335,-0.1200421154499054,0.0690658688545227,0.001347528072074,-0.123568870127201,0.0201946962624788,0.1175020039081573,-0.1234485656023025,0.0921382084488868,-0.1055598855018615,0.1198426857590675,0.0795156359672546,0.1243765130639076,0.1173463836312294,-0.0727797076106071,-0.0427462384104728,-0.0230716038495302,-0.1095912903547287,-0.0443878211081028,0.1230443641543388,0.1028461679816246,-0.0105633093044161,0.0372331440448761,-0.0018414119258522,-0.1186291500926017,-0.1037742123007774,-0.1230319291353225,-0.1023962870240211,-0.0734041929244995,-0.0352333337068557,-0.1115258112549781,-0.0497399792075157,0.0121112028136849,0.0665323287248611,0.121697798371315,-0.119136556982994,-0.0200169943273067,0.1195197775959968,0.0006570501136593,0.0406632050871849,-0.123563528060913,-0.0951404497027397,-0.0926761552691459,0.0982111170887947,-0.0625588297843933,-0.1060247272253036,-0.1198597401380539,-0.0631547719240188,0.0877093821763992,-0.0734529271721839,-0.1146154627203941,-0.1036036610603332,0.117594875395298,0.1030908524990081,-0.0346523188054561,0.1245165541768074,0.0375099293887615,0.1195979341864585,-0.0732696801424026,0.0832861140370369,0.1181881427764892,-0.1101366654038429,0.1119557246565818,0.087983064353466,-0.0885498374700546,-0.1158621162176132,-0.0986185818910598,0.077859878540039,0.0956743061542511,0.1136744245886802,0.098770797252655,-0.0505213290452957,-0.0964404195547103,0.0963480770587921,0.0846353396773338,0.0891409888863563,-0.0964081436395645,0.0964453220367431,-0.0805820897221565,0.0963893830776214,0.0963623896241188,-0.0916995480656623,0.0963974222540855,0.0180515609681606,0.0929929837584495,0.0926754400134086,-0.0689402595162391,0.0727207362651825,0.0957780927419662,-0.0841955244541168,-0.0947752967476844,0.0895195007324218,-0.0963762328028678,0.0810939818620681,0.0959940254688263,0.0964443236589431,-0.0964339897036552,-0.094018816947937,-0.0822787582874298,-0.0964045375585556,0.0964363291859626,-0.0956439897418022,-0.0897023454308509,0.0958462581038475,0.0963639318943023,-0.0964241474866867,-0.0921520888805389,0.0963365584611892,0.0961634591221809,-0.0960677787661552,-0.0964245721697807,0.096444085240364,-0.0964369997382164,0.0928303077816963,0.0958888903260231,-0.0589881464838981,-0.0066132121719419,-0.0955014824867248,0.0766267254948616,0.0938857868313789,0.0964230597019195,0.0801160782575607,-0.0963796004652977,0.0955170914530754,0.0964132845401763,0.0713138207793235,-0.0963272899389267,0.0963392183184623,0.0964149832725524,0.0749490782618522,-0.0185327176004648,0.0964418649673461,-0.0963556244969368,0.0932503342628479,-0.0736843645572662,0.0382513813674449,0.0945431515574455,0.0964357331395149,-0.0930108726024627,0.0963810160756111,0.041788063943386,0.0960383862257003,-0.0756067335605621,0.0962070301175117,-0.0960738733410835,0.0358425267040729,-0.0078492015600204,-0.0961931049823761,-0.0945015549659729,0.08378466963768,-0.0936292633414268,0.0964179411530494,0.0627244040369987,-0.0961759015917778,0.0959721133112907,-0.0348881296813488,-0.0959073007106781,-0.0963368713855743,0.0869261622428894,0.096436858177185,0.0873402282595634,0.0924298539757728,0.0964425802230835,-0.0945594906806945,0.0964403748512268,0.0964341089129448,-0.0224140025675296,0.0690010860562324,0.0963094905018806,-0.0715523958206176,-0.0959869548678398,-0.0960189327597618,-0.0961242392659187,0.0313259810209274,0.0963622480630874,0.0964336842298507,0.0964159741997718,-0.0962770581245422,-0.0896726474165916,0.0951547846198082,0.0949596315622329,-0.043005783110857,-0.0925759822130203,0.0876193568110466,0.0715792775154113,-0.0963881611824035,-0.0963285639882087,-0.096423402428627,-0.0962151288986206,0.0952592566609382,-0.0894706100225448,-0.0664207264780998,-0.0964415818452835,0.0964086726307869,-0.0961204543709755,0.0956718102097511,0.0964133068919181,-0.0964447557926178,0.0964390560984611,-0.0959983393549919,0.004500841256231,-0.0050857849419116,-0.0035943074617534,0.0309108458459377,0.1294970214366912,0.1278617829084396,0.0959622412919998,-0.0993750989437103,0.1003112122416496,0.105647400021553,0.0640671104192733,0.106073684990406,0.0444585718214511,0.0429133996367454,0.0515641793608665,-0.1129205822944641,0.0687233284115791,-0.0693327784538269,0.0022739523556083,0.101567268371582,-0.1187090054154396,0.081741988658905,-0.1094104573130607,-0.0858841612935066,-0.0275784227997064,0.1394116580486297,0.0311107095330953,-0.1323078870773315,0.094786986708641,0.0878427475690841,-0.0590202845633029,0.1018996760249137,-0.0498242042958736,-0.0322196222841739,0.0291484966874122,-0.0499707609415054,-0.0600486956536769,-0.0594840608537197,0.0788762271404266,-0.0402576960623264,-0.0824048295617103,0.0899660736322403,0.1297566890716552,0.061347346752882,0.1187980398535728,-0.1266879290342331,-0.012397282756865,-0.11271683126688,-0.0058825290761888,0.0742599368095398,-0.1028485596179962,0.0384084992110729,0.0800550505518913,0.0598270371556282,-0.0186889562755823,0.0597160644829273,-0.1319690197706222,-0.0684730783104896,0.1079620495438575,-0.042439442127943,0.105391725897789,-0.0703236162662506,-0.0581860579550266,-0.0878813192248344,-0.1433464139699936,-0.1230354681611061,-0.1272887587547302,-0.0449011325836181,-0.0966944098472595,-0.0769932121038436,0.1160539165139198,-0.0186683386564254,-0.0599497891962528,-0.1088951826095581,-0.1224027648568153,0.0914705693721771,0.0841164961457252,0.1098304390907287,0.1300309896469116,0.1205279678106308,-0.0022975888568907,0.0564193539321422,0.0426664911210536,0.1110901460051536,0.1179695352911949,-0.0441361479461193,-0.0967899411916732,0.01581153832376,0.0075661144219338,-0.0939523801207542,0.1146332398056984,-0.0353501476347446,-0.0598274059593677,-0.1126825660467147,0.1427419334650039,0.1291321069002151,0.0489249341189861,0.1184971928596496,-0.0064205918461084,-0.1368058025836944,-0.0832765474915504,0.0984392240643501,0.0634207651019096,0.100342258810997,0.1026208847761154,0.1270335167646408,-0.1239669173955917,-0.0457089021801948,-0.1078460365533828,0.0001783952029654,0.098509095609188,0.0624510534107685,0.0433956123888492,-0.0802905559539794,0.1166554763913154,-0.1118164882063865,0.096614770591259,-0.0932313054800033,-0.1207818463444709,0.0588299259543418,-0.1259245872497558,-0.1023774594068527,0.1260142624378204,-0.0946195870637893,0.0579057745635509,0.0593951903283596,-0.0678905844688415,0.0832046493887901,-0.111893855035305,-0.0041430601850152,0.0492083504796028,-0.0151726771146059,-0.0301178656518459,0.0904668644070625,-0.1416927427053451,0.1518117040395736,0.0271504428237676,-0.0198526121675968,0.0592752136290073,0.1132077872753143,-0.0141702694818377,0.0523186549544334,0.0734349638223648,0.0132624404504895,-0.0668874084949493,0.021936422213912,-0.1193907558917999,0.0347771160304546,0.0310569461435079,-0.029470445588231,-0.0639945045113563,-0.1171663701534271,0.0625987350940704,-0.0898709893226623,0.1550459861755371,0.17238350212574,-0.1174214258790016,-0.0102831535041332,-0.111559122800827,0.0895729064941406,0.111238308250904,0.0045341462828218,-0.1364347785711288,-0.0320428684353828,0.1583134531974792,0.0755956619977951,0.0736695304512977,0.0109315067529678,0.1439148783683776,0.0735397636890411,0.0654664188623428,-0.1629324257373809,-0.0449365563690662,0.1712704002857208,0.1188536062836647,0.0195926986634731,0.0065850303508341,0.1137209311127662,-0.0231405328959226,-0.1022094935178756,-0.0019050969276577,0.0484222210943698,-0.0082067530602216,0.1198009848594665,-0.0875755548477172,0.0173340681940317,-0.157468780875206,0.0778711438179016,0.0935918167233467,0.144030213356018,0.0423324406147003,0.0849917903542518,-0.0253188703209161,-0.0965576469898223,0.1463669538497924,0.0130770755931735,-0.0260293707251548,0.1409835964441299,-0.0951532572507858,-0.0065990812145173,-0.0385797433555126,-0.0284388568252325,-0.0423961505293846,0.0869727656245231,0.0197029579430818,-0.0049274880439043,-0.1091011092066764,0.0405879728496074,0.1342219412326812,0.0487298779189586,0.1169557645916938,0.0309520792216062,-0.1020219698548317,-0.0549099966883659,0.1108141988515853,0.0484280288219451,-0.0296907480806112,-0.0166472140699625,0.1770500242710113,-0.0125147104263305,-0.1366651505231857,0.0137465540319681,-0.0795299932360649,0.1200800761580467,-0.0301731824874877,0.1006305143237114,0.0692065134644508,-0.0078922109678387,0.0918465182185173,0.0961725190281868,-0.0126115223392844,-0.0102954041212797,0.1287388950586319,-0.0063548870384693,-0.1155983060598373,-0.1143423691391944,-0.1002322137355804,-0.1425122171640396,0.0458270050585269,0.0351984016597271,0.1041433736681938,-0.0927976891398429,0.105626679956913,-0.1395092755556106,0.0320762246847152,0.0217235144227743,-0.1371188163757324,-0.116342045366764,-0.0763206258416175,0.0675342306494712,0.0577542409300804,-0.1305189877748489,0.1402439624071121,-0.0365361534059047,0.087412878870964,-0.0332832373678684,BKPWVBVFGRYCBH-FMDKYWOUSA-N,Nc1nc(/C(=N/OC2(C(=O)O)CCCC2)C(=O)N[C@@H]2C(=O)N(S(=O)(=O)O)[C@@H]2CNC(=O)NCc2cc(=O)c(O)cn2O)cs1
0.0944054201245307,-0.1008433550596237,0.1023168116807937,0.10220717638731,0.0757516250014305,-0.0319665633141994,0.0792015716433525,-0.1022799983620643,-0.0922563299536705,-0.1019818037748336,-0.1026301458477974,0.0929835960268974,-0.0989617705345153,0.1026933640241622,-0.100878857076168,-0.1026116535067558,0.0152593739330768,0.0385523475706577,-0.1004669740796089,0.0811081454157829,0.0902325883507728,-0.0608068481087684,0.0388197563588619,0.0955967754125595,0.040370874106884,-0.0879444405436515,0.1021791398525238,-0.1026302352547645,-0.1010617017745971,-0.1012312918901443,0.0853738710284233,0.102433331310749,-0.0868856087327003,-0.1026156097650528,-0.0752055943012237,-0.1026826426386833,0.1021610349416732,-0.0903467163443565,0.0783417001366615,0.1013931259512901,-0.058612622320652,-0.0984854400157928,-0.0824518874287605,0.0979395657777786,-0.0818174630403518,0.100379854440689,0.0892056971788406,0.0999629348516464,-0.1023731976747512,0.0987816900014877,-0.0898317620158195,0.0655836313962936,0.1025316640734672,-0.0817411318421363,-0.1009729504585266,0.0413575731217861,0.0998726859688758,0.0826151296496391,0.0819300413131713,-0.079185627400875,-0.1026712283492088,0.1016868278384208,0.0594234280288219,-0.0955193787813186,-0.0811332464218139,0.1026888117194175,-0.1025917530059814,0.002484125085175,-0.100667804479599,0.0990265980362892,-0.0937819853425026,0.1025948151946067,-0.0992541015148162,-0.0816677957773208,0.0169576611369848,-0.1026140004396438,-0.1000598669052124,-0.0967344641685485,-0.0501419864594936,0.0054088560864329,0.1017190665006637,0.022811934351921,0.1023749560117721,-0.0413960553705692,-0.0359039790928363,0.1020857244729995,0.0274865999817848,0.1016775593161583,0.0882062017917633,-0.1025608777999877,-0.1008233055472374,0.0905998051166534,0.1023452877998352,0.1026301532983779,0.0686327815055847,-0.0778660848736763,-0.0997032672166824,-0.0991175994277,0.0987977981567382,-0.0652641579508781,0.0876304432749748,0.0805172994732856,-0.1017977446317672,0.0868251472711563,-0.0738089755177497,0.098698504269123,-0.1026090756058693,0.0990180447697639,0.1011595278978347,0.0699528977274894,-0.0941405966877937,-0.0895853862166404,-0.1026831492781639,0.1003620699048042,-0.1015797555446624,0.0998646840453147,0.0885687842965126,-0.0986808314919471,-0.0437100678682327,0.1025054082274437,0.0851348415017128,0.102418340742588,-0.0782015174627304,-0.0244231298565864,0.0890654250979423,0.1025889739394187,0.0674467235803604,0.084296591579914,0.0653863847255706,-0.1015920042991638,-0.1046149656176567,0.0929755568504333,-0.0196149796247482,-0.0992126315832138,-0.0709739327430725,-0.0857301130890846,0.1046789810061454,-0.1007082983851432,0.104702778160572,-0.0359314940869808,-0.1019822657108306,0.0866590291261673,-0.045796513557434,0.0892621949315071,-0.0944214388728141,-0.104420281946659,-0.1047058627009391,-0.0683848932385444,0.0004845298826694,-0.1026449427008628,-0.1046589091420173,0.0985432639718055,0.1042765080928802,0.0948170572519302,0.1041468754410743,-0.104218989610672,-0.10008055716753,-0.0070582614280283,-0.0986035764217376,0.097595989704132,-0.104702316224575,0.0922611504793167,-0.103012278676033,0.0882635116577148,-0.0438162758946418,-0.1045829504728317,-0.1045716702938079,-0.040160909295082,0.0992455631494522,-0.1017850264906883,0.0786152333021164,-0.1047042235732078,0.10115996748209,-0.0494277700781822,0.0569523014128208,0.0682717636227607,-0.1040413230657577,0.0316973514854908,0.0995329022407531,-0.104688636958599,0.1034013628959655,-0.0132818268612027,0.0979574173688888,-0.104276955127716,-0.0489871241152286,-0.104697398841381,-0.1000749915838241,-0.0921048000454902,-0.0485308207571506,-0.0398832447826862,0.0927132070064544,0.0995031520724296,0.1047057434916496,0.0129457116127014,-0.0015404692385345,0.1036027893424034,-0.1003822535276413,-0.1023966968059539,-0.0983076840639114,-0.1046985015273094,0.0915480926632881,-0.0959051921963691,-0.0770548060536384,0.0861093550920486,0.102439671754837,0.0967403501272201,-0.0985610857605934,0.1026367992162704,-0.0990657955408096,-0.1019984483718872,0.0313772186636924,-0.0231338366866111,-0.0980281755328178,-0.1040642037987709,0.0983136147260665,-0.0864147618412971,0.0607997775077819,0.1043896004557609,-0.1046777665615081,-0.1034570410847663,-0.0847313031554222,0.1046315059065818,-0.0030959418509155,-0.0535715967416763,0.0498684085905551,0.1012601479887962,0.0069769681431353,0.1044709905982017,-0.1012545004487037,0.104437805712223,0.1043042242527008,0.1043369397521019,0.0955214649438858,0.1046803221106529,-0.0258769113570451,-0.0789593011140823,-0.1036755144596099,-0.1046465709805488,0.0504957400262355,0.0192134585231542,-0.1040664836764335,-0.1046140938997268,-0.103904977440834,-0.0561021044850349,-0.0381764732301235,0.1045234873890876,-0.0951158106327056,-0.1009680330753326,-0.1035537421703338,-0.0703431293368339,-0.1011009216308593,0.0545757710933685,0.1033978015184402,-0.1010528653860092,-0.1016514375805854,-0.0918365940451622,-0.0989966616034507,0.0900255888700485,0.1006272733211517,0.1013840809464454,0.1038572713732719,-0.1048252806067466,-0.0927544608712196,-0.1038710698485374,0.0611595027148723,0.1017072573304176,-0.1038328260183334,0.0991353616118431,-0.1037694066762924,-0.1044235602021217,0.1001527309417724,-0.0960096940398216,0.1000081375241279,0.0834535360336303,-0.1047699600458145,0.0679048150777816,-0.1048238575458526,-0.0753236040472984,-0.1041184142231941,0.0152335697785019,-0.1035423129796981,0.1034470796585083,-0.0446260496973991,0.1047643199563026,-0.1046787947416305,-0.104213073849678,0.0813494473695755,-0.104027934372425,0.1042158082127571,-0.0382436104118824,-0.0273881051689386,0.0632995590567588,0.1046990603208541,0.0792785435914993,0.0120677109807729,-0.004355477169156,-0.0731489360332489,0.1043144986033439,-0.0698209330439567,0.0551949776709079,-0.1011716350913047,0.0894699692726135,-0.1025755628943443,-0.0574356876313686,-0.0562212616205215,-0.0996264740824699,-0.1037113592028617,0.0159554295241832,0.0666675120592117,0.0762632563710212,-0.1040456369519233,-0.1047104150056839,-0.0883812606334686,0.095708429813385,0.0074905012734234,-0.1021599248051643,0.1018529832363128,0.0998109802603721,0.0955272987484932,-0.104018822312355,0.0993300899863243,-0.1001696363091468,0.0299887266010046,0.0701612159609794,-0.0577694959938526,-0.0754835233092308,0.0981262996792793,-0.103868544101715,-0.0064744246192276,0.1024258881807327,0.0337986536324024,-0.1040686666965484,-0.043379608541727,0.1048245429992675,-0.1033091992139816,-0.0905164554715156,-0.1046580523252487,0.1046331375837326,0.1048069298267364,-0.0976358130574226,0.1042177453637123,0.0042255888693034,0.1048250496387481,-0.099486656486988,-0.1043719202280044,-0.104056179523468,-0.0566122718155384,-0.0687734261155128,-0.1037497520446777,0.1018537655472755,0.1044259443879127,-0.1048150360584259,0.0600271970033645,0.0925147756934166,-0.0949374660849571,0.0992934629321098,-0.1042411848902702,-0.0975025668740272,0.0223221890628337,-0.0255381371825933,-0.0798709020018577,0.1037486121058464,-0.0955385491251945,-0.0902655199170112,-0.1039419621229171,0.1041036695241928,-0.1047825813293457,-0.1048241481184959,-0.0636900663375854,0.1020000055432319,-0.0873982012271881,-0.0461223199963569,0.1036384031176567,-0.0865121707320213,0.1032951772212982,-0.0316476635634899,0.0990276709198951,-0.1042405813932418,0.1028885692358017,-0.0260675493627786,0.095130369067192,0.0185024738311767,-0.1035654172301292,0.0576490722596645,0.0312183313071727,0.0283626560121774,0.111221969127655,0.0248837806284427,-0.0006214948953129,-0.0739557817578315,0.0654118582606315,-0.0114198001101613,0.1376461684703827,-0.0446855314075946,0.0194884035736322,-0.1289554834365844,-0.1086342185735702,-0.0093469284474849,-0.0984305441379547,-0.0090157259255647,-0.1442220509052276,-0.1022306159138679,0.1000727340579032,-0.1063325703144073,0.0880437195301055,0.0293825268745422,-0.1014793738722801,-0.1096039786934852,0.1105313152074813,-0.0176257360726594,0.0072293244302272,0.103690855205059,-0.043738380074501,-0.1442931592464447,0.0377622246742248,-0.0520455278456211,-0.1405550688505172,0.1281147897243499,0.1186103299260139,-0.0543462671339511,0.0037949657998979,-0.059246577322483,0.1432337313890457,0.1274569481611251,0.1150856539607048,-0.0928821489214897,0.1256030350923538,-0.131072849035263,-0.0659252405166626,-0.0344969369471073,-0.0961993932723999,-0.0584391839802265,0.0474715121090412,-0.0077382707968354,0.1317522823810577,-0.0062097716145217,-0.0221896655857563,-0.0814384594559669,0.051239613443613,-0.0848828852176666,-0.0993967205286026,0.1004298627376556,0.1340528726577758,0.1268689781427383,-0.1308598220348358,-0.0209337975829839,0.1025784239172935,0.020696485415101,0.0606676824390888,-0.1477147787809372,-0.0892064571380615,0.0075932806357741,-0.0110554080456495,0.0564997494220733,-0.0530630312860012,-0.0509791076183319,0.0294443052262067,-0.0933253839612007,0.0320363417267799,0.0395008474588394,0.1216271817684173,-0.0411979593336582,-0.0061558689922094,-0.0064210481941699,0.0016355885891243,0.1164099499583244,0.0782541036605835,-0.1387195140123367,0.1106670275330543,0.0048181731253862,0.0527969561517238,0.1377306282520294,-0.0241980347782373,0.0283088944852352,-0.1027078852057457,0.1272363513708114,-0.0857124775648117,-0.0173364244401454,0.054020270705223,0.1168709099292755,0.1190894693136215,0.1325311660766601,-0.1076733618974685,0.0696161463856697,-0.0313973762094974,-0.0375940389931201,0.0830430686473846,-0.1034651175141334,-0.1220036447048187,0.00524448370561,0.12437604367733,-0.0400454215705394,0.1491012722253799,-0.1245041266083717,0.1111831963062286,-0.0688025131821632,0.0517482981085777,0.0043513234704732,-0.0752945393323898,-0.0518974438309669,0.13291797041893,0.1281251162290573,-0.1213659942150116,-0.1204035505652427,-0.0849986523389816,0.1315521001815796,0.070149652659893,0.05392761901021,0.0737334415316581,-0.0079138120636343,0.1310956627130508,-0.125025525689125,-0.0296392068266868,0.1098914369940757,0.12629334628582,-0.1203947812318801,0.0715752393007278,0.0900512635707855,0.1230576485395431,0.0293798893690109,0.1178213208913803,-0.0177588425576686,-0.1061877980828285,0.0055489623919129,0.1249173581600189,0.1189778745174408,-0.0174511708319187,-0.0270341672003269,0.1210522875189781,-0.1064111217856407,-0.0850080102682113,-0.1027317717671394,-0.0854056179523468,-0.1228484362363815,-0.1129045709967613,-0.0331014357507228,-0.1252033114433288,0.1231084465980529,-0.1214520409703254,0.1158625110983848,-0.1266271919012069,0.0787524804472923,0.0461440905928611,0.1152948141098022,0.1050596162676811,-0.1069715917110443,0.0432710610330104,0.1045778319239616,0.0890100598335266,0.1041805818676948,0.0185137260705232,0.0587632805109024,0.0122279385104775,0.1222926825284957,-0.118196003139019,-0.0060337330214679,0.0855129137635231,-0.0797145068645477,-0.066355712711811,0.0911518633365631,-0.0927280262112617,-0.1214156597852706,0.0309403520077466,0.1268886029720306,0.1232723295688629,-0.1152813807129859,0.1156361624598503,-0.032077956944704,-0.0624641366302967,-0.1186654940247535,0.0365358777344226,0.0204757172614336,-0.1171352118253707,0.1082186251878738,0.0557450614869594,0.1210831925272941,-0.0458561219274997,-0.0381501168012619,-0.1160923019051551,0.0073152906261384,-0.1140559613704681,0.1188704296946525,-0.1064641699194908,-0.0968429818749427,0.0842756852507591,-0.0150913028046488,0.0273869074881076,-0.1097653284668922,0.0962025076150894,-0.0527277179062366,0.0303802192211151,0.0184158347547054,-0.1039981618523597,-0.0596159435808658,0.0377234145998954,-0.0215132348239421,-0.0830482840538024,-0.0609301440417766,0.0492276288568973,-0.1103494614362716,0.0879661068320274,0.122932955622673,-0.0689156726002693,-0.0993269383907318,-0.1014923527836799,0.0028889942914247,0.0725146010518074,0.052279133349657,0.1100063621997833,-0.1066768243908882,0.0334962978959083,-0.0063876421190798,0.0605157949030399,0.005298810545355,-0.1122011095285415,-0.0318446084856987,0.0300717260688543,0.1021524593234062,0.1231503933668136,0.1191390007734298,-0.0516104400157928,-0.0309612527489662,-0.1247695237398147,0.0503339059650898,0.1080639436841011,-0.0863077566027641,-0.0096161169931292,0.0524757429957389,0.1211173459887504,-0.1229214966297149,0.0799945667386055,0.0966067984700203,-0.0886498689651489,0.0925796031951904,-0.1217734664678573,-0.1189329326152801,-0.1088593155145645,-0.0078136045485734,-0.090002104640007,-0.0444758869707584,-0.0008499480900354,0.0593871064484119,0.0372361280024051,0.0971308797597885,0.0098203234374523,0.1462201476097107,0.1546741276979446,0.1215738505125045,0.0325415506958961,-0.074841983616352,0.0710780322551727,0.0531328096985816,-0.1058325171470642,-0.0068786144256591,0.0316170416772365,-0.0587876290082931,0.1245124712586402,-0.1229620575904846,-0.0823462381958961,-0.110847994685173,0.051220666617155,0.0553447008132934,-0.0418399348855018,-0.0678592845797538,0.0126570556312799,-0.006464600097388,0.0406304188072681,0.0289586521685123,-0.0863590762019157,-0.117672361433506,0.100178837776184,0.101957269012928,0.091592825949192,0.00367789901793,-0.0326254516839981,0.1085421964526176,0.1167996227741241,0.0451893098652362,0.1003212332725524,-0.0863706469535827,0.0909779593348503,-0.0873314812779426,0.0073908697813749,-0.1044889166951179,0.0512485541403293,-0.1038248762488365,0.1566346585750579,0.0003695667255669,-0.0760067850351333,-0.0804254412651062,-0.0944892093539238,0.1236914470791816,-0.1266665458679199,0.1177980601787567,0.1096923351287841,-0.1412986665964126,-0.1241025254130363,-0.088272675871849,-0.1247870847582817,0.0921642929315567,0.0178662948310375,-0.0656583532691001,-0.1128046140074729,0.0122796958312392,0.0714095011353492,-0.0823907703161239,-0.0638303160667419,-0.0327041819691658,0.0283907335251569,-0.0481396652758121,-0.140879601240158,-0.0654509961605072,0.1169295832514762,0.0664909482002258,-0.1241608038544654,-0.0911268889904022,-0.1301435381174087,-0.0836297795176506,-0.0368611440062522,0.0602451562881469,-0.0513429418206214,-0.1263995915651321,-0.0478029027581214,-0.0475622527301311,-0.1069959104061126,0.1267748922109604,-0.0119355162605643,-0.0881662741303443,-0.0293197818100452,0.027459604665637,0.131880298256874,0.0026620186399668,-0.0455458760261535,0.0591456368565559,-0.1393153667449951,0.0371811911463737,-0.0830594003200531,0.0092380093410611,0.0909183695912361,-0.012254623696208,-0.0803042650222778,0.1295192688703537,-0.0561587214469909,-0.1008089333772659,-0.0559978745877742,0.1235989406704902,-0.1190922558307647,-0.1181567087769508,0.120184987783432,-0.109324924647808,0.1167636588215828,-0.1322273910045623,0.0968666076660156,-0.0232139956206083,0.0895791873335838,-0.1009100079536438,-0.0394380278885364,-0.099362276494503,-0.0951050072908401,-0.111167274415493,-0.0102206021547317,0.1408056169748306,0.1573298275470733,0.0394501723349094,0.08029555529356,-0.1105326116085052,-0.0415240675210952,-0.0636181458830833,GYHPIJXFPKXVPT-MWMYENNMSA-N,Br.CN(C)c1n/c(=N/c2cccc(Cl)c2)ss1
0.1077290475368499,-0.048957236111164,-0.1045101955533027,0.0035266827326267,0.1057899817824363,0.1051720529794693,-0.1076567023992538,0.0566622242331504,-0.0909112989902496,0.103505328297615,-0.0687081962823867,-0.0864868387579917,-0.1048136800527572,-0.065708503127098,0.0989298522472381,-0.1077871620655059,-0.1070333048701286,-0.0532088465988636,0.0873575955629348,0.0994669497013092,0.0055506876669824,-0.0563941411674022,-0.1050343737006187,0.1070063188672065,-0.0853425338864326,0.1077333763241767,-0.0375926904380321,0.1046920418739318,0.107705220580101,-0.039047185331583,-0.1077483892440795,-0.0669280886650085,0.0922181904315948,0.0798170268535614,0.0076093864627182,0.0582941435277462,-0.0231712870299816,-0.1077696979045867,0.0149146523326635,-0.0217007342725992,0.0393992364406585,0.0904559344053268,-0.0993515327572822,0.0553686805069446,-0.0509555041790008,-0.0203182641416788,-0.1074157655239105,-0.0974930077791214,-0.0587171465158462,0.088010199368,-0.1058128774166107,-0.0921035557985305,0.0985849052667617,0.1070811301469802,-0.0657582208514213,-0.0745745524764061,-0.1039232611656189,0.0994499325752258,-0.1001306399703025,0.1050912961363792,0.107780635356903,0.107700414955616,0.1035671234130859,0.0908994004130363,-0.1077835336327552,0.008723066188395,-0.1076825708150863,0.1065389737486839,-0.1011216714978218,-0.0087511083111166,0.1077503338456153,-0.0489799045026302,0.1065838634967804,-0.0725269392132759,-0.1077878177165985,0.0675157532095909,-0.1075058877468109,0.1048419475555419,0.1074128597974777,-0.1064042374491691,-0.1022843644022941,0.1056649386882782,0.1075547486543655,0.0586001053452491,0.0809190869331359,-0.1011904552578926,-0.0978174358606338,-0.0786309912800788,0.0691527426242828,-0.0830072909593582,0.0833223685622215,0.0996435731649398,0.1076470762491226,-0.1077423021197319,0.0105630345642566,-0.0640744715929031,-0.1076673716306686,0.1077708303928375,-0.0734247416257858,0.1058980599045753,-0.1073969826102256,0.0429606772959232,0.0935420468449592,-0.1057675778865814,-0.0562190972268581,-0.1068357452750206,-0.0151812992990016,0.0391789376735687,0.1077049598097801,0.1016285941004753,0.1077882722020149,-0.1038751155138015,0.0879492461681366,-0.1014495864510536,-0.0810010135173797,0.1077879592776298,0.0191479511559009,0.0923909693956375,-0.1072174459695816,-0.1077078282833099,0.1003982797265052,-0.1006643325090408,-0.0897473320364952,-0.107787974178791,0.0770848840475082,0.1076720878481864,-0.0393924452364444,-0.0711594298481941,0.0971602201461792,-0.0829319879412651,-0.081977866590023,0.0901933759450912,0.0800679251551628,0.0970471203327179,-0.0264830514788627,0.0974329710006713,0.0974079668521881,0.0972269251942634,0.0974467620253562,0.0970289781689643,0.0970940440893173,-0.0946236029267311,0.0928914546966552,-0.0587373115122318,-0.0970893204212188,-0.0973345562815666,-0.0974644720554351,-0.0974496379494667,-0.087922103703022,-0.0850784480571746,-0.094994731247425,0.0845235735177993,0.0974644869565963,0.0967840999364852,0.0812555700540542,-0.0965637490153312,-0.097332514822483,-0.0971977636218071,-0.0974645614624023,0.0925153270363807,0.0945212990045547,0.0974599570035934,0.0971893444657325,0.0210563261061906,0.0974526554346084,-0.0974645763635635,0.0736876502633094,0.0866677612066268,0.0974643900990486,-0.0517920963466167,0.097463846206665,-0.0973995327949523,0.0974627137184143,-0.0966874808073043,-0.0794142037630081,0.0321432501077652,-0.0928545594215393,0.0974366068840026,0.0970962643623352,-0.0958912074565887,0.0974622070789337,-0.0966867431998252,-0.0926307439804077,-0.0974191725254058,-0.0113988956436514,-0.0974645763635635,-0.0966787189245224,-0.0973343923687934,0.0569811575114727,0.0974641740322113,-0.0973982363939285,-0.0969201028347015,0.0974645763635635,-0.0973215922713279,-0.052984319627285,0.097360074520111,-0.0974644720554351,-0.0973976328969001,-0.0852798447012901,-0.0938361510634422,-0.0972256958484649,-0.0649661868810653,-0.0974589437246322,-0.0974542498588562,-0.0974600091576576,0.060334026813507,-0.0948842018842697,-0.0960927084088325,0.0662079602479934,-0.0888545662164688,0.0894334390759468,0.0970444157719612,-0.0973580181598663,0.0973175913095474,0.0889269858598709,-0.0967624187469482,0.0935472100973129,-0.0692310482263565,-0.0974636599421501,-0.0967543497681617,-0.0804986432194709,0.0974645093083381,-0.0973207131028175,0.0974066630005836,-0.0974518209695816,-0.0020784088410437,-0.0862291455268859,0.0974533483386039,-0.0964633896946907,-0.0746847838163375,0.0775733068585395,0.0959705635905265,0.096672423183918,0.096423327922821,0.0915948525071144,0.049146644771099,-0.0899127721786499,-0.0974500030279159,0.0716931298375129,-0.0963610857725143,-0.0974089205265045,-0.0974575281143188,0.0973495915532112,0.0401393473148345,0.059738103300333,0.0311718862503767,-0.095750980079174,-0.0576241575181484,-0.0616903379559516,-0.0844981893897056,-0.0758526027202606,0.0972471237182617,-0.0971877574920654,-0.090526133775711,-0.097456507384777,-0.0178418606519699,-0.0961429476737976,0.0961426198482513,-0.0960641726851463,-0.0704316720366478,0.0961348414421081,0.0961057767271995,-0.0961430072784423,-0.0960309281945228,-0.0961420834064483,0.0158826373517513,-0.0934336706995964,0.0959545597434043,0.0943268984556198,0.0961430072784423,0.0297432783991098,-0.0961263850331306,-0.0956646353006362,-0.0961062461137771,-0.0810883045196533,-0.0957206562161445,-0.0961426496505737,-0.0961345732212066,-0.0823146700859069,0.0957949012517929,-0.0954246148467063,0.0949625968933105,-0.0042357202619314,0.0672278180718422,-0.0901346132159233,0.0942838415503501,0.0960994660854339,-0.0961371064186096,-0.0654100999236106,0.0961360707879066,0.0826224312186241,-0.0715343430638313,0.0961430072784423,0.0948341265320777,0.036164566874504,-0.094092920422554,0.0961424261331558,0.0587159320712089,-0.0897705256938934,-0.0961429476737976,-0.0961028337478637,-0.0961416959762573,0.0163088664412498,-0.0880560353398323,-0.0961430072784423,-0.0961429178714752,0.0961412265896797,-0.0961368754506111,-0.0961031392216682,0.0961329564452171,0.047463335096836,0.0953665301203727,0.040021501481533,-0.0103034367784857,0.094821035861969,0.0480448640882968,0.0961429849267005,0.0961429253220558,0.0960303619503974,0.087930828332901,0.0546275489032268,0.0956400409340858,0.0960456132888794,0.0739189609885215,0.0953682661056518,-0.0921873524785041,-0.0958268940448761,0.0961429178714752,-0.0960953086614608,-0.0847262144088745,0.0961150228977203,0.0961430072784423,0.096139907836914,-0.0931129828095436,-0.0897200480103492,-0.09611526876688,-0.0931504890322685,-0.0794943571090698,-0.0958020463585853,-0.0952730104327201,-0.09573695063591,0.0960911884903907,0.0961430072784423,-0.0961383357644081,-0.0960983783006668,0.095292255282402,-0.0935399457812309,-0.0955315977334976,0.095686100423336,0.0961429551243782,-0.0961088389158248,-0.0573866367340087,-0.0924866870045661,-0.0150854038074612,-0.0948635339736938,0.0732577890157699,-0.0961430072784423,-0.0961424708366394,-0.0961430072784423,0.0258542913943529,0.0950511246919632,-0.0961339324712753,-0.0945878997445106,-0.0961385816335678,0.0961430072784423,-0.0943088009953498,-0.0961406081914901,-0.0961430072784423,0.0952836126089096,-0.0961402580142021,-0.0961175039410591,-0.0899330377578735,0.0960599333047866,0.0961429253220558,-0.0961353033781051,0.0961192548274993,-0.0040239249356091,-0.0961429700255394,-0.096139870584011,-0.0035227213520556,0.0953842550516128,-0.0950078815221786,0.0951655581593513,0.0961325466632843,0.1208650469779968,0.1013810783624649,-0.0638697743415832,-0.0679708495736122,-0.0223057679831981,-0.0308077242225408,-0.0980173796415329,-0.1015506237745285,-0.0336758568882942,-0.0575142987072467,-0.0122989676892757,-0.0252141822129488,0.0117319421842694,0.1178806945681572,-0.1183953210711479,0.0995258465409278,-0.1044783815741539,-0.0998996198177337,0.1301586925983429,0.1147759333252906,-0.1165456399321556,0.0452024452388286,0.0459408015012741,-0.1103050336241722,0.0702568367123603,-0.0981332585215568,-0.1082428023219108,0.0109423892572522,-0.0624384209513664,-0.1206167563796043,-0.0907899811863899,0.0662883967161178,-0.0786527171730995,0.0826886892318725,0.1245573833584785,-0.0655165463685989,0.0267988014966249,-0.1288997530937194,0.0919850915670394,0.1240197941660881,0.096325859427452,-0.10359887778759,0.1226918473839759,-0.0356459580361843,-0.0281149372458457,-0.0715630576014518,-0.1190205886960029,-0.0907414481043815,-0.1289718598127365,-0.1174620687961578,0.0788935646414756,-0.0915682315826416,-0.0499529838562011,0.018617482855916,0.1016853079199791,-0.1170267611742019,0.0632154867053031,0.076374664902687,0.0264956522732973,0.1309995353221893,-0.0170625150203704,-0.0124324550852179,0.0817669779062271,-0.0850606262683868,0.1228072121739387,-0.1146612986922264,-0.0924210473895073,0.0823880136013031,-0.0900269821286201,0.1240302175283432,0.1008720323443412,-0.016162471845746,0.123873770236969,0.0767517164349556,-0.1026707366108894,-0.0484783947467803,0.095681220293045,0.0398471541702747,-0.0688870623707771,-0.0588065162301063,0.0302771925926208,0.0333479158580303,-0.0014597203116863,-0.074056938290596,-0.1047414317727088,0.0345482490956783,-0.0166506804525852,0.0827715396881103,0.128985047340393,0.0295278821140527,-0.0478700809180736,0.0300201419740915,-0.0190788749605417,-0.1198670715093612,0.0444155223667621,-0.0862472504377365,-0.1127066388726234,0.1297454088926315,0.1189422607421875,0.0449179224669933,-0.0358908921480178,-0.1038898453116417,0.0861791893839836,-0.0835201889276504,-0.0032868538983166,0.0799303874373436,-0.068730928003788,0.0691677704453468,0.1314729303121566,0.0824298337101936,-0.0925736203789711,-0.1228687465190887,0.1306385099887848,-0.117486834526062,-0.0428529269993305,-0.065415009856224,0.129624143242836,0.119677260518074,-0.1301329582929611,0.099755197763443,0.118785485625267,0.0680452212691307,0.0860221832990646,-0.1103125438094139,-0.1208275482058525,-0.0527845546603202,0.1023439392447471,-0.107790432870388,-0.109661117196083,0.0784764289855957,0.1131988689303398,-0.109547883272171,-0.0384655781090259,0.1144792661070823,0.1349341124296188,0.0156632382422685,0.0935844704508781,-0.1332650482654571,-0.0012815094087272,-0.0767423138022422,0.1359017938375473,0.1295905411243438,0.1009604707360267,-0.1362056881189346,0.0801425278186798,-0.0539979115128517,-0.0451452881097793,-0.0834885686635971,-0.1338411569595337,-0.0095071755349636,-0.0568405501544475,0.1209702044725418,-0.1314788609743118,0.1326004564762115,-0.1277887523174286,0.0619296394288539,-0.1270834803581237,0.1046225577592849,-0.0007996046333573,0.0979178473353385,-0.0320662669837474,-0.0980678349733352,-0.093132346868515,-0.046939268708229,-0.0603067688643932,0.0060276687145233,-0.0301189087331295,0.094594232738018,-0.0507900714874267,0.0568006671965122,-0.0153888240456581,-0.1128167137503624,-0.0485379099845886,0.0409907437860965,-0.04856863245368,-0.0672527626156807,0.0544814355671405,-0.1303067356348037,0.1173426583409309,0.0450952276587486,0.1374618858098983,-0.0562406778335571,0.1046812608838081,-0.0092668151482939,-0.0168411247432231,-0.0534589700400829,0.1319015175104141,0.1047407388687133,0.0425623543560504,0.1077494174242019,-0.0742807909846305,0.1064596250653266,0.0791408345103263,-0.0786436349153518,0.0568516105413436,0.1199745237827301,-0.0944526270031929,-0.018389219418168,-0.0951806977391243,-0.0529188103973865,-0.0116280373185873,0.1138410419225692,0.0978709235787391,-0.0993635952472686,-0.0528984777629375,-0.0756674781441688,-0.1115668416023254,-0.108465738594532,-0.0569356977939605,-0.0927637293934822,-0.11346185952425,-0.0477666929364204,0.0062517425976693,-0.0861143767833709,0.0270557031035423,-0.0054087950848042,-0.0203892216086387,0.1353630125522613,0.0777234956622123,-0.1235228180885315,-0.1316305696964264,0.1089146584272384,0.1233160272240638,-0.1126356869935989,0.1277072429656982,-0.0851837843656539,-0.0865923836827278,0.1167655512690544,0.076514646410942,-0.018413895741105,-0.0795993506908416,0.0259932223707437,-0.0405349545180797,0.112887255847454,0.0180346872657537,0.1178453415632247,-0.0475562214851379,0.122418038547039,0.0213923100382089,0.1115590184926986,0.0631056651473045,-0.1169114485383033,0.0411257855594158,-0.1092194989323616,0.1393761932849884,-0.1056151092052459,0.0484082214534282,-0.0775477215647697,-0.1275860071182251,-0.0019038823666051,-0.0057813534513115,-0.0060781557112932,-0.1238520592451095,0.0642338097095489,-0.1212628856301307,0.0061559085734188,-0.0159910749644041,-0.0684688910841941,0.1119884252548217,0.075078584253788,-0.071636326611042,0.0022926155943423,0.1011392399668693,0.1317503452301025,0.1262571811676025,0.017335033044219,0.021473865956068,0.0182750150561332,0.1111115217208862,-0.0027607916854321,-0.0519930310547351,-0.0208927039057016,0.0931174233555793,-0.1236031949520111,-0.0727426633238792,0.1128200441598892,-0.0901704654097557,0.0179501362144947,-0.0724557265639305,-0.1236250549554824,0.0307773891836404,-0.0225403625518083,0.08097904920578,-0.0808069109916687,-0.0649783611297607,-0.113961711525917,-0.1248556748032569,0.0704602152109146,-0.087714098393917,0.0335440896451473,0.0284880958497524,0.0698907300829887,0.1413737088441848,0.1364062428474426,0.1240825727581977,-0.0227957684546709,-0.0246223267167806,-0.0892838016152381,0.0188295245170593,-0.111120581626892,0.0181938242167234,-0.0606652796268463,0.0815979391336441,0.0715712234377861,-0.0869525820016861,0.0136852320283651,-0.0180758461356163,0.1099156960844993,-0.1495652794837951,0.154088482260704,-0.0606076642870903,-0.0879621803760528,-0.1286885738372802,-0.1289492696523666,0.0062369685620069,0.1687388569116592,0.1004836484789848,0.0499071553349494,0.0679064765572547,0.0641657635569572,0.0328132063150405,-0.1607007533311844,0.0709378197789192,-0.0834295526146888,0.0115195056423544,-0.0123598268255591,-0.0370243042707443,-0.0826235488057136,0.1554269939661026,0.1512077897787094,-0.1640631109476089,0.002208748832345,-0.0563504882156848,-0.1429065316915512,0.0371600016951561,-0.1054091081023216,0.0853529497981071,-0.0074207466095685,-0.0981417000293731,-0.0202315263450145,-0.1366173177957534,-0.0889908447861671,-0.1084028705954551,0.0672876164317131,-0.102251648902893,0.0361427441239357,0.054769217967987,0.1061582416296005,0.028447363525629,-0.0912122204899787,-0.0466032475233078,-0.0512554980814456,0.0231223236769437,0.123921625316143,0.0948467254638671,0.118017204105854,0.1231044605374336,-0.110112652182579,-0.0363386049866676,0.0044855773448944,0.1418331414461136,0.1350972652435302,0.0865367352962493,-0.0271327476948499,0.0384665206074714,-0.0474411249160766,-0.1232777684926986,0.0335840210318565,0.0281585026532411,-0.0306212827563285,0.1468873620033264,-0.0890546515583992,0.074510745704174,-0.1589776277542114,0.0460238307714462,0.0063036144711077,-0.0323990397155284,0.1327365189790725,0.1191534325480461,0.0163879599422216,-0.0348332524299621,-0.1492067128419876,0.0940982177853584,-0.0137447509914636,BCUZEZZKMXBBCT-UHFFFAOYSA-N,CC(=O)c1ccc2c(c1)CCC(=O)N2C
0.005419289227575,-0.0380803756415843,0.0814978927373886,-0.0125359119847416,0.096803605556488,0.0890051126480102,-0.104525901377201,-0.1062047928571701,-0.0538875497877597,0.0959234610199928,-0.0571409948170185,0.0972505733370781,-0.0845025926828384,0.1000746488571167,-0.1049181148409843,-0.1053428873419761,-0.0262866392731666,-0.1042857021093368,-0.1034431383013725,0.106423445045948,-0.0396390967071056,-0.1042664125561714,0.1066862121224403,-0.1038642972707748,0.0992772728204727,-0.1061033755540847,0.0592485927045345,-0.0934065654873848,0.0685032531619072,-0.1025860160589218,0.1003800705075264,-0.0888470858335495,0.077490895986557,-0.1067206636071205,-0.0765296593308448,-0.0880671218037605,0.0294978450983762,-0.0337300151586532,-0.0953091755509376,0.1066196709871292,-0.1064778566360473,-0.1067009419202804,0.1053339317440986,0.094875693321228,-0.0680675953626632,-0.0850632265210151,0.1063696816563606,0.0883196517825126,-0.0872517973184585,0.1053316965699195,-0.1066143214702606,-0.1014705449342727,0.1065058782696724,0.0667316615581512,0.0987758636474609,0.1053391769528389,0.1033899188041687,0.1043783500790596,-0.1054615452885627,0.1044891849160194,-0.1067235916852951,0.1059511005878448,-0.0754604712128639,0.0142782898619771,-0.0799746662378311,0.1037490740418434,-0.1050145626068115,0.1043378189206123,-0.1030795723199844,0.1032009348273277,0.0330105535686016,0.1054464429616928,-0.0626696273684501,0.0499709993600845,0.1037162989377975,-0.1067238822579383,-0.1022321954369545,-0.1059144511818885,-0.0983387157320976,-0.0832081586122512,0.1024454981088638,-0.0618967600166797,0.1066789180040359,0.1026235297322273,0.0517278537154197,0.059775847941637,-0.0571656003594398,0.0671281144022941,0.1038201078772544,-0.0885733589529991,-0.1034708395600318,0.0742339491844177,0.0812485292553901,0.1048324555158615,0.0928868129849433,0.1012070327997207,-0.1064658463001251,0.1027895361185073,0.0941288545727729,0.0665842518210411,0.0282961651682853,0.1028380841016769,0.0543019101023674,0.0687511786818504,-0.0769959539175033,-0.0735106468200683,0.0932550579309463,0.1062491908669471,0.0196571219712495,0.0791822522878646,0.0965620204806327,0.0730523541569709,-0.1066146790981292,0.1050492450594902,0.0775143131613731,0.060254193842411,-0.0062171919271349,-0.0736106038093566,0.082573801279068,-0.1043176501989364,-0.1026318967342376,0.0905765295028686,0.0138189671561121,0.0974458679556846,0.0474325865507125,0.1065917164087295,0.0239448137581348,-0.1063953191041946,0.1015278995037078,0.0553885921835899,-0.1014423742890358,0.1015186607837677,0.0884742140769958,0.0902444422245025,-0.1015310138463974,-0.0965250954031944,0.0862723812460899,0.0139639787375926,0.1015318855643272,-0.0783695504069328,-0.1011327654123306,-0.0089020216837525,0.0947011038661003,0.0998702570796012,-0.0981185510754585,0.0879203602671623,-0.1015320792794227,-0.0463472306728363,-0.0828283950686454,-0.0994196087121963,-0.1015227437019348,0.0601346157491207,0.0596786960959434,0.0987933576107025,0.0996955707669258,-0.0969333052635192,0.0790033191442489,-0.0470769479870796,0.0855932831764221,-0.031557410955429,-0.1015330702066421,-0.053530465811491,-0.0978417992591857,-0.0023569716140627,-0.1001902446150779,0.0269185490906238,-0.1013101860880851,-0.0100860642269253,0.0438303276896476,0.0568474717438221,-0.1014726385474205,-0.1010885909199714,-0.0785479247570037,-0.1015221402049064,0.0987122282385826,0.0645747110247612,-0.1014892607927322,0.1013571098446846,0.0195068027824163,-0.101165123283863,-0.0708963423967361,0.0880827009677887,0.1014023646712303,-0.0922519639134407,-0.0865211263298988,-0.0991795137524604,-0.1000122502446174,-0.098294548690319,0.0698734819889068,-0.1007642373442649,0.100777618587017,0.1012397706508636,0.1015329286456108,-0.0933245718479156,0.1011146381497383,0.1013171300292015,-0.100419670343399,0.1010859832167625,-0.0151640744879841,-0.0997842773795127,0.1005582362413406,0.0823132395744323,0.0948583036661148,0.0981916859745979,0.0549453049898147,0.1014907881617546,0.0793050304055213,0.0945713222026825,-0.0966118052601814,-0.0975876301527023,0.0987709090113639,-0.1014249175786972,-0.0638042986392974,-0.0885030999779701,0.0997564941644668,0.0859708040952682,-0.1009793505072593,0.1015202179551124,-0.0997612997889518,-0.1001501232385635,-0.0975096449255943,-0.0947275534272193,0.0986797884106636,-0.1015018001198768,0.1009836941957473,0.0948792546987533,0.0914707779884338,0.100966602563858,-0.0213470645248889,0.1012114211916923,0.1015314608812332,0.1014462932944297,-0.0683124884963035,0.0722537636756897,-0.1014126539230346,0.1006547063589096,-0.1015187799930572,-0.1014390438795089,-0.0567695833742618,0.0470908321440219,-0.0973473414778709,-0.1014466732740402,-0.101293608546257,-0.0939210951328277,-0.1013905853033065,0.1012267917394638,0.0977585241198539,-0.1012021601200103,0.0535387173295021,-0.0819083452224731,0.0592211112380027,0.099268615245819,0.0762532129883766,-0.1013219580054283,-0.0488064847886562,0.0695343166589737,0.035896211862564,0.1045746207237243,-0.0010363243054598,0.0692751184105873,-0.104398176074028,-0.1009120047092437,-0.0964529737830162,-0.1048323735594749,0.0398576483130455,0.0355619080364704,-0.0820163786411285,0.1040715277194976,-0.0823332145810127,-0.0092567764222621,-0.102757528424263,0.1046981886029243,-0.1027168333530426,0.0895417183637619,-0.1048303097486496,-0.0199783500283956,-0.1048425287008285,-0.1026347652077674,-0.1048178896307945,0.0814223736524581,0.1042455285787582,0.0697164684534072,-0.0636688768863678,0.1039001941680908,-0.10463497787714,0.0909831896424293,0.091883048415184,-0.0851328894495964,0.0572590231895446,0.0851656347513198,0.0252827610820531,-0.1032129451632499,0.0142955724149942,0.1043823286890983,0.0412044152617454,0.1019327715039253,-0.1042835861444473,-0.0193516984581947,0.0914694666862487,0.104791410267353,-0.1047998517751693,0.0212585143744945,-0.1047066301107406,-0.0160224046558141,0.0951730832457542,0.0997388362884521,0.0971795693039894,-0.0822196751832962,0.0375536158680915,0.1043567508459091,-0.0119270980358123,-0.1048278659582138,0.0956848338246345,0.1047650575637817,-0.0209300201386213,-0.1046855077147483,0.1043010056018829,0.0692381858825683,-0.1047819480299949,0.1030489280819892,-0.0177677683532238,-0.0337471775710582,0.0991384610533714,-0.0585068278014659,-0.1048425883054733,-0.0206490624696016,0.1020966172218322,0.1024611219763755,0.0819757729768753,0.1048059538006782,0.101630762219429,-0.1044277548789978,-0.1030162572860717,0.1048154383897781,0.1037870720028877,-0.0826358795166015,-0.0957937836647033,-0.089497409760952,0.1041095703840255,-0.0440790094435215,0.1048052012920379,-0.1048257276415824,0.1013027727603912,-0.098176784813404,-0.0923777967691421,-0.0739936232566833,-0.1010481864213943,-0.1048184484243393,-0.1048296093940734,-0.0822338163852691,0.084704615175724,-0.1040352657437324,0.0321920216083526,-0.1039414331316948,0.0677532255649566,-0.0300938878208398,-0.1046549305319786,-0.0976851433515548,0.1047362610697746,0.1035935655236244,-0.1048291772603988,0.1010423749685287,-0.0674469619989395,0.1048382073640823,-0.1048409268260002,0.0925542190670967,-0.1044766902923584,-0.1048429161310195,-0.1045080125331878,0.0819189101457595,-0.0662712827324867,-0.0503124110400676,0.0836056992411613,0.0887990817427635,0.104840263724327,-0.1048402860760688,0.1045250296592712,-0.0290176849812269,-0.0004974586772732,0.1026362478733062,0.1040273234248161,-0.101639874279499,-0.1047507151961326,0.1046285927295684,-0.0905246138572692,0.0531713888049125,0.0988555699586868,-0.0932295843958854,-0.0982945412397384,0.093993566930294,-0.0988316982984542,-0.0254860986024141,-0.0704461559653282,-0.0987213775515556,-0.0986987799406051,0.0980721265077591,0.097580961883068,0.0988078787922859,0.0988181009888649,0.0529432371258735,0.0972134619951248,0.0944891721010208,0.0874771699309349,-0.0766258463263511,-0.098362036049366,-0.095167189836502,-0.0915946140885353,-0.0975377708673477,-0.0984860137104988,0.0102266976609826,0.0969646424055099,0.0301358178257942,0.0960754305124282,-0.0982089042663574,-0.0639434978365898,0.0964744761586189,-0.096580371260643,0.0978199541568756,0.0986394211649894,0.0985458195209503,0.0987130999565124,-0.098411351442337,-0.096266932785511,0.0987923368811607,-0.0987760201096534,0.0958923026919364,0.0267687775194644,0.0918464362621307,-0.0986163392663002,-0.0978199541568756,-0.0988529026508331,0.0988221392035484,-0.0148665057495236,-0.0902204662561416,-0.0644647702574729,0.0979056507349014,-0.0950022712349891,0.0936205461621284,0.0987782701849937,0.0601905025541782,0.0988508611917495,0.09881392121315,-0.0893683731555938,-0.0942033156752586,-0.0987362638115882,-0.0972249880433082,0.0985031053423881,-0.09694554656744,0.091116078197956,0.0987883955240249,0.0979734882712364,-0.0893562361598014,-0.0937770903110504,0.0987856984138488,0.0963711366057396,-0.0342441797256469,-0.098160907626152,0.0987560823559761,0.0558864474296569,0.0968115329742431,0.094159796833992,-0.0986959412693977,-0.0981796756386756,0.0958612784743309,0.0987031534314155,0.0978193879127502,-0.0970807522535324,-0.0984799116849899,0.0987449958920478,0.0363379977643489,0.0323359370231628,-0.052371509373188,0.0981442779302597,-0.0881947055459022,-0.0984931737184524,0.0986165404319763,0.0982446521520614,0.046037308871746,-0.0296914093196392,-0.0965490117669105,-0.0987773239612579,0.0988916903734207,-0.0886348709464073,0.0972626805305481,0.0938652157783508,-0.0501537099480629,0.0986613556742668,-0.096726007759571,0.096930056810379,0.0222506783902645,-0.0438715480268001,0.0975417792797088,-0.0971586033701896,0.0983022078871727,0.0888694450259208,-0.0552902482450008,-0.0987183451652526,-0.0987812280654907,-0.0389002785086631,-0.0988454073667526,-0.0981681942939758,0.086813636124134,0.0420601665973663,-0.0966048017144203,0.0986534878611564,-0.0979886725544929,0.0971135050058364,-0.0920588225126266,0.0137251242995262,-0.0988337099552154,-0.0478023961186409,-0.0988538861274719,-0.0946557968854904,0.0940491706132888,0.0947883054614067,-0.0956721976399421,-0.0804571285843849,-0.0199641082435846,0.0954662784934043,0.0822866335511207,-0.0905694812536239,0.0928051993250846,-0.0938919782638549,0.0951500609517097,-0.0955308228731155,-0.0839930698275566,-0.0956108123064041,-0.0888094380497932,-0.0945224463939666,-0.0895220190286636,-0.0935563519597053,0.0951627865433693,-0.094716802239418,-0.0945291072130203,0.0956145599484443,-0.0316336192190647,-0.0779648646712303,0.0954469963908195,0.0952616110444068,0.0911542102694511,-0.0951667949557304,0.0950386971235275,-0.0113821933045983,0.0950536876916885,-0.0937720909714698,0.0939307212829589,0.0941128358244896,-0.0956455394625663,0.0645622685551643,0.0915524363517761,0.0787412449717521,-0.0938392207026481,-0.0926828607916832,0.095331959426403,-0.0923373773694038,-0.0901712328195571,-0.0930080786347389,-0.0852430164813995,-0.0946930423378944,-0.0956231132149696,-0.0933512151241302,0.094214491546154,0.0945568159222602,0.094354048371315,-0.033769242465496,0.0915392488241195,-0.093363769352436,0.0931641459465026,-0.02013267762959,-0.0919180810451507,-0.0940208882093429,-0.0949086546897888,-0.0956401079893112,-0.0809281170368194,0.0952621027827262,0.0943486168980598,-0.0330600403249263,0.0947365835309028,0.0931410044431686,0.09413393586874,-0.0903150364756584,-0.0897911489009857,-0.0623877234756946,-0.0945286154747009,-0.0948348045349121,0.0955564454197883,-0.0944289937615394,-0.0947784036397934,0.0598565265536308,0.0048274546861648,-0.0945271551609039,-0.0929577574133873,0.0919244885444641,-0.0902120769023895,-0.0866541415452957,-0.0904336646199226,-0.0947360768914222,-0.0944790616631507,0.0933257415890693,-0.0953990146517753,0.0921898782253265,0.0944761112332344,-0.0946452990174293,0.0900894552469253,-0.0955931097269058,0.0945061296224594,0.0092040318995714,-0.0954855158925056,0.0233790446072816,0.0872755870223045,-0.0956324562430381,0.0951080024242401,-0.0857813954353332,-0.0871576219797134,-0.0955924689769744,-0.0931142345070838,-0.0930248349905014,0.0955604538321495,-0.0952197387814521,0.095570221543312,-0.0916813015937805,-0.0883241891860961,-0.0781850144267082,-0.0246853344142436,0.0771839171648025,0.095520444214344,-0.0927350595593452,0.0932010635733604,0.0952092260122299,0.0912070348858833,-0.0733829513192176,0.0955016687512397,-0.0953197479248046,0.0951950848102569,-0.0926842093467712,0.0904828459024429,-0.095217764377594,-0.0956684425473213,-0.0926165282726287,-0.0942267626523971,-0.0302639864385128,-0.0591632053256034,-0.0943258628249168,-0.0852370336651802,0.1179994866251945,-0.0809981450438499,0.1627470105886459,0.1141017600893974,-0.1098625287413597,-0.0106889540329575,-0.0060928822495043,-0.084657497704029,-0.0404840148985385,0.0099166296422481,0.1392252445220947,-0.058281771838665,0.1323395371437072,-0.036816768348217,-0.1649230271577835,-0.1378443390130996,-0.0403385013341903,-0.0392263233661651,-0.0537544973194599,-0.0540953613817691,0.0456589050590992,-0.0274193212389946,-0.0809547528624534,0.0756754428148269,0.0874401181936264,-0.07647305727005,-0.0505398176610469,0.0886334553360939,-0.048155665397644,-0.1202081888914108,0.0106563298031687,0.1136834174394607,0.0618747137486934,0.1025960743427276,0.1039083823561668,0.1214241161942482,0.0422550849616527,-0.0493500456213951,0.048531387001276,-0.1378988623619079,0.102344274520874,-0.111684113740921,-0.1255451440811157,0.0653864592313766,0.1094300225377082,-0.1327054947614669,0.0212310869246721,-0.124696210026741,-0.0853792205452919,-0.0826523229479789,-0.0647950321435928,-0.1135303676128387,-0.1444626599550247,-0.0494969487190246,0.1376034170389175,0.1050972491502761,0.0859069004654884,0.0380139239132404,0.0526278801262378,-0.1382285505533218,0.1418462097644806,0.065406709909439,0.0361505970358848,-0.0799977034330368,0.0697177872061729,0.1012676060199737,-0.0377933271229267,-0.0700118169188499,0.0637485831975936,0.0618148446083068,-0.1342135667800903,0.0887835025787353,-0.1032829731702804,-0.0320661514997482,-0.0946485847234726,-0.1005231067538261,0.0439272783696651,-0.0194563996046781,0.0875375866889953,-0.0365371853113174,-0.0675993636250495,0.0653595477342605,-0.0010180956451222,-0.0904498100280761,-0.0403304956853389,0.0752991661429405,0.0149741154164075,-0.0953223928809166,-0.1487090140581131,-0.0457468777894973,-0.0315894223749637,0.0159537848085165,0.106662817299366,0.1275766193866729,-0.1232600659132003,-0.0602860376238822,-0.0362502597272396,-0.0756253972649574,0.0479328967630863,-0.0744060948491096,0.0227687265723943,0.0710609778761863,0.0879309102892875,0.0089655611664056,-0.1007577404379844,0.1139640286564827,-0.0312452185899019,-0.166463017463684,-0.0504174493253231,0.0501246973872184,-0.1275070607662201,-0.0340806767344474,-0.1016955599188804,-0.1108767539262771,0.051874604076147,-0.0876467227935791,0.1518650650978088,0.1319338232278823,-0.1428574323654174,-0.0973245427012443,0.0935022979974746,-0.0152529571205377,0.0888533443212509,-0.0750682428479194,RURAZZMDMNRXMI-UHFFFAOYSA-N,CN(C)CC(=O)Nc1ccc2[nH]c(=O)c3ccccc3c2c1.Cl
0.0910291448235511,-0.1020483449101448,-0.0463615544140338,0.103788636624813,0.0918001979589462,0.0976172089576721,0.0210017301142215,0.0172664411365985,-0.1024724543094635,-0.1028676703572273,-0.0864998400211334,-0.0876779481768608,-0.0818559005856514,0.0996490120887756,0.1021027341485023,-0.1019908487796783,0.0966527387499809,-0.0947307869791984,-0.0907473862171173,0.1036875918507576,0.0828278809785842,-0.0887751802802085,-0.0969606414437294,-0.0951794311404228,0.099250815808773,0.0946696549654007,0.0825636014342308,-0.0781397521495819,0.1031348556280136,0.0065518110059201,-0.0829048901796341,0.0910933166742324,-0.0939895883202552,-0.0916120260953903,-0.1037865653634071,-0.1023593917489051,0.1028956174850463,0.1022697836160659,0.1027268022298812,0.1036983504891395,-0.0980159789323806,0.0492977760732173,-0.0670145824551582,0.0935008451342582,0.1035413667559623,0.098252885043621,-0.0991865992546081,-0.0753083005547523,-0.1037407293915748,-0.099955067038536,0.0296736937016248,0.0069687440991401,0.0548910871148109,-0.085614189505577,-0.1037750765681266,0.0969737544655799,-0.0885071754455566,-0.103551410138607,-0.1030993536114692,0.0358068197965621,0.0254783164709806,0.0978440269827842,0.1027241200208664,0.088186427950859,0.0751292631030082,0.0653307288885116,-0.1022865921258926,0.052785251289606,-0.0901803597807884,-0.0377114862203598,0.0976626798510551,0.1037860214710235,0.0952721461653709,-0.1035463809967041,-0.0469027124345302,0.080643281340599,-0.1033199876546859,0.1033394858241081,0.051146499812603,-0.0958136767148971,0.0994360595941543,0.1021957173943519,0.0833825170993805,0.0946434065699577,0.0957479700446128,0.1036623045802116,0.0905909910798072,0.1025273129343986,-0.0925579592585563,-0.1033529564738273,-0.0755931958556175,0.0391019359230995,0.1033012494444847,0.1037395372986793,-0.1022096872329711,-0.1010590940713882,-0.1037905886769294,0.0819785967469215,-0.0681716650724411,0.0960494354367256,0.0491989627480506,0.101037748157978,0.0453099273145198,-0.0578959733247756,-0.090360976755619,-0.0817911773920059,-0.0948086306452751,0.0699732825160026,0.102001205086708,0.0130222123116254,-0.009070704691112,-0.0968843922019004,-0.1008833274245262,-0.1015257462859153,0.0829674005508422,-0.0848656445741653,-0.0666670873761177,-0.0594621039927005,-0.1007897406816482,0.1035281643271446,-0.0758960545063018,0.1019533574581146,-0.1031500175595283,0.0934127941727638,0.096529982984066,0.1034489721059799,-0.1001459509134292,-0.0967781469225883,0.0914087146520614,-0.0717568844556808,-0.0972120612859726,-0.0473041385412216,-0.0884097293019294,0.0820120796561241,0.0613285899162292,0.0819821804761886,0.1008455753326416,-0.0840410962700843,0.1008545979857444,-0.100139744579792,-0.0999177023768425,-0.0949330404400825,-0.089029848575592,-0.0440010018646717,0.020934684202075,-0.0991515219211578,-0.1008840650320053,-0.0993970558047294,0.095133900642395,-0.0999050810933113,-0.1008109003305435,0.0694742947816848,0.1008725613355636,0.0994495078921318,0.0965754613280296,-0.0998518988490104,-0.1008738130331039,-0.099282756447792,-0.1007531881332397,0.0826990455389022,-0.09903234988451,0.1008640155196189,0.0842868536710739,0.0895968750119209,0.0991155430674552,-0.1008840650320053,-0.0935160517692565,0.088356114923954,0.1008317247033119,0.0021999746095389,0.1008806824684143,-0.1008840650320053,0.077396348118782,0.0799664556980133,-0.0323388427495956,0.1003628373146057,-0.1008414402604103,0.1007729843258857,0.1008603051304817,-0.1008832305669784,0.0935354679822921,-0.1007668375968933,0.0904007032513618,-0.1008781567215919,0.099425122141838,-0.1008840799331665,-0.0997448116540908,-0.0994045212864875,-0.0950635001063346,0.0972801744937896,-0.0932766497135162,-0.0926501303911209,0.1008840799331665,-0.0994715616106987,-0.1003632918000221,0.0995784401893615,-0.1008726879954338,-0.1003533378243446,0.0431729294359684,-0.1008838415145874,-0.1005421504378318,-0.0987302958965301,-0.100701667368412,0.0945862978696823,-0.0960448905825614,0.0869169309735298,-0.0078823016956448,-0.0919343009591102,-0.0716091021895408,-0.020247409120202,0.1006373986601829,0.0596078746020793,-0.1008363887667656,-0.061857808381319,0.0657958760857582,0.0875272080302238,0.0995780229568481,-0.0015148445963859,-0.1007589772343635,-0.0965749323368072,0.0713834315538406,0.1008840128779411,-0.0807436406612396,0.1008046045899391,0.0568741783499717,0.0208471454679965,-0.0860680788755416,0.0947226360440254,-0.0677957758307457,0.1008668690919876,0.0990901663899421,0.0935898423194885,0.1008237972855568,0.1008835807442665,-0.0017931368201971,-0.0710732862353324,-0.1000854074954986,-0.1006628349423408,0.0485822781920433,0.0845718383789062,-0.1008833795785904,-0.1005884706974029,-0.0934350192546844,-0.008512302301824,-0.0998823493719101,0.0195170901715755,-0.084947645664215,-0.0984612852334976,-0.0313424579799175,-0.0695818588137626,-0.1006256788969039,0.0977781489491462,0.0962603166699409,-0.1008680015802383,-0.0284963902086019,-0.0986499115824699,-0.1068383529782295,0.0905478373169899,0.0987114235758781,0.0438126176595687,0.1068749874830246,-0.0272518116980791,-0.1067643538117408,-0.1068750470876693,-0.1031171381473541,0.1043696478009224,-0.0900864601135253,0.1068351417779922,-0.0638582408428192,0.1067035049200058,0.0933413207530975,0.1051933020353317,0.0829479023814201,-0.0631538107991218,-0.1038693711161613,0.0700084567070007,-0.0912414193153381,-0.1062640324234962,0.1059065610170364,0.1021192148327827,0.1048691794276237,0.0930793061852455,-0.0835246220231056,0.1068423837423324,-0.1053465083241462,-0.1053883135318756,0.1067358255386352,-0.1065297797322273,0.1059214025735855,0.1048624962568283,-0.1052801236510276,-0.0975767746567726,0.1039256304502487,-0.0320735573768615,-0.0637417063117027,0.0884346738457679,0.1000841483473777,0.0844593942165374,0.0702117756009101,-0.1037213131785392,-0.100813090801239,0.1004305630922317,0.0359012596309185,-0.1068548560142517,0.1061983779072761,-0.1055582240223884,-0.025024875998497,-0.0107252802699804,0.0730564445257186,-0.0148864202201366,-0.1065564155578613,-0.0811493620276451,-0.0511741116642952,0.0118355387821793,-0.101086251437664,0.037656120955944,0.1019909456372261,0.1067605763673782,0.1067967861890792,-0.0679028332233429,-0.0379217341542243,0.0714442655444145,0.1052196025848388,0.0739561691880226,-0.1065039783716201,-0.0858500078320503,0.0751157850027084,-0.0008917220402508,-0.077380746603012,-0.0660766065120697,0.1048986911773681,-0.0105114979669451,-0.0540015213191509,0.0247799474745988,-0.1068597361445427,-0.1038101688027381,0.0763967409729957,0.1068538203835487,0.0852599143981933,0.093897745013237,-0.0580964982509613,-0.1062873154878616,0.1068413704633712,-0.0948737189173698,-0.1068230867385864,-0.099436417222023,0.096560925245285,-0.0974591374397277,0.0974007695913314,-0.0331801623106002,-0.0140437092632055,-0.0846729800105094,0.1003301590681076,-0.1062566041946411,-0.0960334911942482,0.0392898209393024,-0.0913456305861473,-0.1030944287776947,0.0107068261131644,-0.0728035569190979,0.0622881054878234,-0.0975253358483314,-0.0731230601668357,0.0981997475028038,-0.1065599545836448,0.0780695453286171,-0.1042898967862129,-0.1068201288580894,0.0992278531193733,-0.1056785807013511,-0.0833562836050987,-0.0978310629725456,0.0821066573262214,-0.0497201085090637,0.1065003648400306,0.0570144020020961,0.1062656119465828,-0.1066943854093551,0.0182771626859903,-0.1052465811371803,-0.106225699186325,-0.1067279279232025,0.0515353605151176,0.094328373670578,0.1135414093732833,0.039115909487009,0.1197583526372909,0.0226920768618583,0.0356461331248283,-0.0305103249847888,-0.0251739975064992,-0.0421415716409683,0.0648773312568664,-0.0986645892262458,0.0111180217936635,-0.1514500975608825,0.0452625975012779,-0.0182457119226455,0.0093724830076098,-0.0788381025195121,-0.1338738203048706,-0.1248239204287529,0.1185164600610733,-0.0633667930960655,-0.0012971224496141,0.1013548448681831,-0.0346860513091087,-0.1007594689726829,0.147160068154335,-0.1013033464550972,-0.0858431980013847,0.1320439428091049,-0.0374177917838096,-0.114985167980194,0.1443285644054412,-0.0071417167782783,-0.109206274151802,0.1243397668004036,0.0844997391104698,-0.0702687427401542,-0.0074248653836548,-0.0090065905824303,0.1556385457515716,0.1486507207155227,0.0785931423306465,-0.1216895282268524,0.1060337275266647,-0.1094871461391449,0.0583608709275722,0.0998835489153862,-0.036903265863657,-0.002808331977576,0.1189429834485054,0.0406458042562007,0.0461966693401336,0.0002623285981826,0.0915087088942527,-0.0143724903464317,-0.0429235324263572,-0.0730348899960517,-0.1249727457761764,0.0460743680596351,0.0235268976539373,0.1667944341897964,-0.1059552282094955,-0.0068394038826227,0.1222453117370605,-0.0107707511633634,0.0906443446874618,-0.0508933179080486,-0.0782064869999885,0.0685197934508323,-0.1134167909622192,0.1126902028918266,-0.0145590230822563,0.0067730196751654,-0.1342667639255523,-0.1062774285674095,-0.0787250474095344,0.0699562951922416,0.0773759707808494,-0.0919405743479728,-0.0440610237419605,-0.0220384839922189,0.0812618061900138,0.1431848108768463,0.0555013827979564,-0.1492157727479934,0.0058569256216287,0.0746739655733108,0.0075634103268384,0.1652605831623077,0.0348882786929607,-0.0022047790698707,-0.1070065274834632,0.1230766847729682,-0.0913267657160759,-0.0382344163954257,0.1053340807557106,0.0669954866170883,0.1064059734344482,0.1414446234703064,-0.0683178082108497,0.0828988179564476,-0.1121633201837539,0.0237015821039676,0.0973653718829155,-0.1325037628412246,-0.0523234866559505,0.064804159104824,0.0808641612529754,-0.1210874021053314,0.1503090858459472,0.0212147235870361,-0.1242741346359252,0.0420508123934268,0.0904405862092971,0.1143277436494827,-0.0614112615585327,-0.0549854077398777,0.1112465113401413,0.0888092145323753,-0.1164484545588493,-0.0747380405664444,-0.1103134676814079,0.0674729421734809,-0.0157317053526639,-0.0646892338991165,0.0476960055530071,-0.0317476131021976,0.0581579022109508,-0.1179031282663345,-0.0202499162405729,-0.0233744475990533,0.1353949904441833,-0.1090792343020439,0.1164826527237892,0.112141415476799,0.0653335452079773,0.043164387345314,0.0924444124102592,0.0677517428994178,-0.0738106742501258,-0.014360886067152,0.1344686597585678,0.1120641231536865,-0.0159386824816465,-0.0905234739184379,0.1246523410081863,-0.0253862775862216,-0.1270190328359604,-0.1172872483730316,-0.0827704444527626,-0.1301436573266983,-0.1111257150769233,-0.1139700561761856,-0.1246044561266899,0.1054284796118736,-0.109279528260231,0.1012743487954139,-0.1280909776687622,0.0828463658690452,-0.0363794080913066,0.1257930845022201,0.1130724474787712,-0.0984943285584449,0.0921571478247642,0.1119628474116325,0.0572589673101902,0.1117331981658935,-0.0563895627856254,0.0423397794365882,0.0531446151435375,0.1284820288419723,-0.0797144472599029,0.0641780272126197,0.0923934653401374,-0.0666068270802497,0.0010490692220628,0.1231034249067306,-0.0732482075691223,-0.1277909576892852,-0.0513159073889255,0.1320168226957321,0.1242680624127388,-0.1157690435647964,0.1206433326005935,-0.023833118379116,-0.0118195367977023,-0.1123683527112007,-0.0214953012764453,-0.0973725765943527,-0.0773646757006645,0.1049607917666435,-0.0837595984339714,0.0759261772036552,-0.0624434761703014,-0.0823919400572776,-0.1311622112989425,-0.0549015142023563,-0.1199993789196014,0.1281696110963821,-0.1180950477719307,-0.1121848449110984,0.0350816883146762,-0.0943579971790313,-0.0311689879745244,-0.0341056175529956,0.0988990887999534,0.0150406770408153,0.0734517201781272,0.1069439798593521,-0.126167431473732,-0.0026016342453658,0.090465135872364,-0.0332477055490016,0.0287167150527238,-0.1008062213659286,0.0947123244404792,-0.1086009666323661,0.0356969274580478,0.0961234644055366,0.0077798590064048,-0.0927758067846298,0.0201317593455314,-0.0595148764550685,0.0105129163712263,0.0539127215743064,0.0707993283867836,-0.1131676957011222,0.0686978921294212,-0.0222008395940065,0.0851373150944709,0.0273565612733364,-0.0734099894762039,0.0185488648712635,0.038312554359436,0.0906081199645996,0.129659503698349,0.1014604941010475,-0.0320857726037502,0.0373846106231212,-0.1239314675331115,0.0441147834062576,0.1096712350845336,-0.0886235535144805,0.0471777841448783,0.0675901100039482,0.0997196286916732,-0.1311597973108291,-0.0181119870394468,0.1140796318650245,-0.0122563587501645,0.1012614294886589,-0.1175881624221801,-0.1328711062669754,-0.0755734890699386,0.1026200950145721,-0.0420275144279003,0.0545687787234783,-0.02514817006886,-0.0263970382511615,-0.046428345143795,0.1089072674512863,0.0513663217425346,0.116162471473217,0.1524233520030975,0.0324822477996349,0.0847381353378295,-0.1188076734542846,0.0653601214289665,0.007634469307959,-0.0527481809258461,-0.0848125591874122,0.1369235813617706,-0.0620449595153331,0.0765145495533943,-0.0116267520934343,-0.021313689649105,-0.1290705800056457,0.1118824779987335,0.0943812653422355,0.0349760018289089,-0.1425048559904098,0.1399012058973312,-0.0816149562597274,0.0077722347341477,-0.0419480949640274,-0.09699098020792,-0.0952148362994194,0.1036812588572502,0.0660688057541847,0.1214477270841598,0.0198958255350589,0.0322669968008995,0.1641846001148224,0.1226393952965736,-0.004910266958177,0.0669543594121933,-0.1047140806913375,0.0778158456087112,0.0350683778524398,-0.0113950464874506,-0.1407656371593475,-0.0933161154389381,-0.042320005595684,0.173946127295494,0.0196059718728065,-0.0506236627697944,-0.0665150135755539,-0.0698338374495506,0.1196982041001319,-0.098692387342453,0.1114996522665023,0.1249284371733665,-0.1274942010641098,-0.0498172752559185,-0.1136374771595001,-0.113962210714817,0.1522980779409408,0.0932201221585273,0.1058407425880432,-0.1129327043890953,-0.0261433236300945,0.0666747018694877,-0.1099663078784942,-0.0809159949421882,-0.0113295391201972,0.057916086167097,-0.0014268368249759,-0.1561401933431625,0.0287802796810865,0.0629022046923637,-0.0654438585042953,-0.045524463057518,0.0540840774774551,-0.0999799594283104,-0.0139406425878405,-0.1107766851782798,-0.0619258508086204,0.0056014051660895,-0.156199499964714,0.0045984857715666,-0.1013585180044174,-0.0321744866669178,0.0479576252400875,0.0618005208671093,-0.0355756469070911,-0.0323942340910434,0.0674402192234993,0.1300017088651657,0.0676362141966819,-0.0932617336511612,0.1339018195867538,-0.1078640073537826,0.0105158947408199,-0.0523556359112262,0.0676411315798759,-0.0182142257690429,-0.0893020406365394,0.0434353724122047,0.1465309560298919,-0.0228566844016313,-0.1007572934031486,0.0746610984206199,0.113883763551712,-0.1181108132004737,-0.1386367380619049,0.0679088309407234,-0.1075119003653526,0.0663508772850036,-0.1631354093551635,0.1340078711509704,0.0343268178403377,0.0398401468992233,-0.0152571685612201,-0.09527338296175,-0.1072743982076644,-0.0867078155279159,-0.1410651057958603,-0.0257965456694364,0.0730656385421752,0.1511912047863006,-0.0167153235524892,-0.0168886315077543,-0.0408979840576648,0.0383779443800449,-0.0344410799443721,JIPSHGIBKGDJHE-UHFFFAOYSA-N,Cc1ccn(C)c(=N)c1
-0.097973421216011,0.1032772064208984,0.0662570893764495,0.1034031435847282,-0.0130844376981258,-0.0802388116717338,0.1080880090594291,0.1064457595348358,-0.0926136225461959,-0.0163085870444774,-0.1056075021624565,0.0854469612240791,0.1079290807247161,-0.1059752628207206,0.1081934794783592,-0.1004801988601684,-0.10788494348526,0.0801028311252594,0.1080840080976486,0.0323491841554641,0.1026687622070312,-0.0181124154478311,0.1043240204453468,0.0353521965444088,0.0967104062438011,-0.0906921401619911,-0.0921066924929618,-0.0614366643130779,-0.0769331827759742,0.1034277230501174,0.1053171902894973,-0.0314196683466434,-0.0862817019224166,-0.0393379218876361,0.0018280068179592,0.1081712543964386,-0.1055827736854553,-0.0811389237642288,0.0653234347701072,0.1020575389266014,-0.0686579793691635,-0.1083860695362091,-0.061585996299982,-0.0892265513539314,0.1077863052487373,0.1001090556383133,0.0793296471238136,0.1083845645189285,0.108374498784542,-0.0829885229468345,-0.1080354452133178,0.0663476884365081,-0.1063609644770622,0.1079945117235183,-0.1055318489670753,0.0890613123774528,0.1083208248019218,-0.1071194410324096,-0.1047063395380973,0.0438334122300148,-0.10710359364748,-0.1083857491612434,0.0447621531784534,0.041351992636919,-0.0738702863454818,-0.0891745761036872,0.1012556180357933,-0.076008453965187,0.1083824783563613,0.1077487394213676,0.0237443093210458,-0.1074921488761901,0.0903544053435325,0.1061354801058769,0.1081024855375289,0.0832245200872421,-0.0583813823759555,0.0770551636815071,0.1065018698573112,0.1082514449954032,0.1034440696239471,-0.0991024598479271,-0.057574912905693,0.1049949005246162,0.0520802251994609,0.0906776115298271,-0.1016174331307411,-0.0736209452152252,0.1079447865486145,-0.0158484745770692,0.1083309650421142,-0.0775753185153007,0.0201715398579835,0.0914568081498146,0.1083722189068794,0.0976040437817573,0.1007073894143104,-0.0867492631077766,0.1054684519767761,-0.0875549092888832,-0.0721877068281173,-0.0992407128214836,-0.1082023605704307,-0.103810928761959,-0.10814169049263,0.0783381313085556,0.0887916013598442,-0.1081555634737014,-0.0989787653088569,-0.0795372352004051,-0.0666594430804252,0.027306979522109,0.0347405336797237,-0.0960126742720604,0.086442545056343,-0.1083866953849792,-0.1080449000000953,-0.1083387732505798,-0.0649137869477272,-0.0449875593185424,-0.1070338860154151,-0.0206414218991994,-0.0025275840889662,-0.1027914807200431,-0.0896689444780349,-0.0178258195519447,0.0872159898281097,-0.0539359711110591,-0.0949325561523437,-0.0909171625971794,-0.0892617180943489,0.091270700097084,0.0166061837226152,0.0820598229765892,-0.1002488955855369,0.0943568274378776,-0.094215303659439,-0.0913240164518356,-0.1002856343984603,0.094669871032238,-0.0709671452641487,0.0985147207975387,-0.1002880930900573,-0.0910913273692131,0.1002933010458946,-0.0839034616947174,0.0965453758835792,0.1002666279673576,-0.0996877551078796,0.0999908447265625,0.0787917301058769,0.1002957820892334,0.0970000252127647,0.1002251431345939,-0.1001010984182357,0.0451045371592044,0.093208871781826,-0.0511241480708122,-0.0810695439577102,0.0997961014509201,0.1000643670558929,0.0998237133026123,0.054917387664318,-0.1002351567149162,-0.0978526920080185,-0.0640284866094589,0.0955220311880111,0.0934398099780082,0.0791594684123992,0.0505477264523506,0.0941657349467277,0.100122332572937,-0.0975846275687217,0.0642641857266426,0.0990933403372764,0.0809878557920456,0.1002702787518501,-0.0756337642669677,0.1000833809375763,0.1002956852316856,-0.0927552431821823,0.1002795845270156,-0.0997571274638176,-0.0972523391246795,0.0676855146884918,0.1002455130219459,-0.0988490134477615,0.0994793176651001,-0.0990225002169609,0.0691354200243949,0.0998437255620956,0.0349901020526886,0.0446078106760978,0.0640115961432457,0.10029286891222,-0.0669446811079979,-0.1002952307462692,-0.0260394215583801,0.0980510711669921,-0.0999377816915512,0.0115836607292294,0.1002952605485916,0.0995248928666114,0.1002519279718399,0.0959963351488113,0.0993304625153541,0.0494240596890449,-0.1002351716160774,-0.0399089902639389,0.0997687727212905,-0.1002863347530365,0.1002530008554458,0.0114892860874533,0.1002741381525993,0.1001164689660072,-0.0897458493709564,0.0687073841691017,-0.1000857204198837,0.0913842469453811,-0.1000760570168495,-0.0762718766927719,-0.1002866327762603,-0.1000713109970092,-0.0995374023914337,0.0414809472858905,-0.0982889980077743,-0.0997928529977798,0.1000751480460167,0.0568960569798946,-0.042346928268671,-0.1001732349395752,-0.0597989968955516,0.0950604453682899,0.1002090349793434,0.0999838262796402,-0.0670737326145172,0.1000551357865333,0.094836451113224,-0.1002494618296623,-0.0977627113461494,-0.0569273941218853,0.0217119250446558,0.0935634151101112,0.0897400751709938,0.0966757610440254,-0.0646032989025116,0.100295752286911,0.1002412363886833,0.099561870098114,-0.0946035236120224,-0.0937015786767005,0.0875202342867851,-0.0979007706046104,0.1002957820892334,0.1000857651233673,-0.0004476307658478,0.0955108925700187,0.081753596663475,0.0849231481552124,-0.027827339246869,-0.1072045117616653,0.0922937765717506,0.0843693763017654,-0.0638388618826866,-0.0599649511277675,-0.0522686392068862,-0.1039749532938003,-0.0604157410562038,-0.0277828648686409,0.0275719221681356,0.1035575345158577,-0.0833726748824119,-0.1023870706558227,-0.097084455192089,0.0464097522199153,-0.0393002033233642,0.1039630994200706,0.1062550321221351,0.1054697036743164,-0.0839970409870147,0.0827015787363052,-0.0283774901181459,0.0997279360890388,-0.1061115562915802,-0.0785095021128654,-0.0809286832809448,0.0981129482388496,0.0570463091135025,-0.1063077971339225,0.0825477987527847,-0.068413607776165,0.0703039094805717,-0.0898266434669494,-0.0990078598260879,-0.0753947347402572,0.1072283387184143,-0.1008705869317054,-0.1071902513504028,0.0515404269099235,-0.101909801363945,-0.0939570292830467,0.042385496199131,0.0817393064498901,0.1019069701433181,-0.0768409594893455,-0.107169784605503,0.1034783273935318,0.1072301939129829,0.1072261333465576,-0.1060669422149658,0.1072257831692695,-0.0684562176465988,0.1070953831076622,0.058779802173376,0.0972760394215583,0.0840947702527046,0.1071859672665596,0.1041385307908058,-0.1072311624884605,-0.089387409389019,-0.0237168353050947,0.103936843574047,0.0396651439368724,0.0703813210129737,-0.1042196005582809,-0.1064222007989883,-0.1067462190985679,-0.106887049973011,-0.0961901918053627,0.0960391089320182,0.1027932241559028,-0.0998852103948593,0.036798246204853,-0.0175608079880476,0.1071420162916183,0.1072280704975128,0.0888271704316139,0.0787217319011688,-0.0685689523816108,0.1064629629254341,0.0678499490022659,0.105861596763134,-0.0487653426826,0.1056373193860054,-0.0236194059252738,-0.0997267067432403,0.1065735891461372,0.0606914758682251,-0.1041030064225196,-0.1071271076798439,-0.0776161700487136,-0.1026542410254478,-0.0788377001881599,-0.1005667448043823,0.048497300595045,0.1064614504575729,0.063837394118309,-0.1032195389270782,0.0982482805848121,0.0901541039347648,-0.1070590242743492,-0.0770279243588447,0.1063300669193267,0.0646613240242004,-0.1068967059254646,-0.0713525414466857,0.0948623493313789,-0.0792055279016494,0.0675652250647544,0.1071354076266288,-0.0401496551930904,-0.0614099167287349,-0.1050574779510498,0.101510152220726,-0.1048248708248138,0.0922890603542327,-0.1072311922907829,0.1071075052022934,-0.1071752905845642,0.1071721613407135,0.0316119827330112,0.0500011779367923,-0.1035806909203529,0.0979207977652549,-0.0491187795996665,0.0672377422451973,0.0297010485082864,0.1080269217491149,0.0629855319857597,0.1185854002833366,0.0491902232170105,0.129441425204277,0.1258112341165542,-0.0903209671378135,0.1287606805562973,0.1169129982590675,-0.0771452113986015,-0.0954496040940284,-0.075282521545887,0.1088731884956359,-0.0139697650447487,0.0456988550722599,-0.0750550478696823,-0.0621556304395198,-0.1074586436152458,0.1198425665497779,0.0623843260109424,0.1015735864639282,-0.1123927906155586,0.0100442850962281,-0.1009299084544181,-0.1022665500640869,0.0239783730357885,-0.0398478470742702,-0.0796500965952873,0.1205119267106056,0.069053791463375,-0.1027150079607963,-0.0601747743785381,0.0925566554069519,0.1052422374486923,-0.1104901283979415,-0.0501109585165977,0.027323780581355,-0.1254420429468155,0.0732050985097885,0.0915134996175766,0.1210193037986755,-0.0843629091978073,-0.0931716412305831,0.0918874070048332,0.0128244003280997,0.1238277703523635,-0.0221418142318725,-0.0806594714522361,0.0227151084691286,0.1268045008182525,0.1079044714570045,-0.0075982674024999,0.1098880395293235,0.077979527413845,0.0986223295331001,-0.0538653433322906,0.0826937407255172,-0.1109687089920044,-0.1123408079147338,-0.0082166288048028,-0.1236612349748611,0.0900288075208664,0.0562346465885639,-0.1171614751219749,0.0935362875461578,0.0643305331468582,-0.0836649611592292,0.0724490508437156,-0.0212411172688007,0.0475751124322414,-0.0879473015666008,-0.0157830007374286,-0.094497799873352,0.100271001458168,-0.1202905401587486,0.0970043912529945,0.0226741284132003,-0.1094391494989395,-0.0391790270805358,0.0770111307501792,-0.1192763224244117,0.0464994125068187,-0.0342772416770458,0.1082846075296402,0.1254661530256271,-0.1074330955743789,0.0451054200530052,0.1100173145532608,-0.0846052542328834,0.1205794587731361,0.1288413554430008,0.0309035889804363,-0.0951039493083953,0.1233999654650688,-0.0587472841143608,-0.0632612258195877,-0.1245385557413101,-0.0674631744623184,-0.0713626518845558,0.1260938495397567,0.1242785826325416,0.098900556564331,-0.1282946020364761,0.0277594365179538,0.0470102690160274,-0.0155377844348549,-0.0091570988297462,-0.0504867658019065,0.1281542778015136,0.0918431431055069,-0.1269819587469101,-0.0568215474486351,-0.0706800743937492,-0.070693090558052,0.1078490167856216,-1.4132433534541633e-07,0.0793935880064964,-0.0812438502907753,0.1156059429049491,-0.0792428255081176,0.119717888534069,0.0358555428683757,-0.1142728105187416,0.1202197298407554,-0.040343053638935,-0.1332921534776687,-0.0276901442557573,0.1259179860353469,-0.0925539210438728,0.1044079512357711,0.0971127972006797,0.1404179185628891,0.1193059533834457,0.0097802793607115,-0.0450033955276012,0.00996336620301,-0.1110704764723777,0.140773132443428,0.0930137783288955,-0.1086470112204551,-0.144469529390335,0.0479566529393196,0.0372289977967739,-0.1340499371290207,-0.0226585064083337,-0.0545395351946353,-0.1438200026750564,-0.1167865470051765,0.0111916195601224,-0.1223233342170715,0.1353064179420471,-0.1421606242656707,0.0234288573265075,-0.1208583936095237,0.1077241227030754,-0.0563211217522621,0.1164851784706115,0.1183419302105903,0.0173822734504938,0.1401804685592651,-0.0320941656827926,-0.0321456156671047,-0.0960479900240898,-0.1114938110113143,0.1046632453799247,0.1168054193258285,0.1061580404639244,-0.092553474009037,-0.0054987003095448,-0.0439120940864086,-0.0265327878296375,-0.0154121201485395,-0.0081636374816298,0.0475687980651855,-0.1289545893669128,0.0889383926987648,0.0864200517535209,0.0667973533272743,-0.0402309596538543,0.0795838311314582,-0.0603936724364757,-0.0881039500236511,0.0305946692824363,0.0957942977547645,-0.0768514573574066,-0.033831063657999,0.0593173764646053,-0.0640413835644722,0.0492817461490631,-0.0578619390726089,-0.0267151873558759,-0.06858591735363,0.0810011103749275,0.0080267395824193,0.1418982595205307,-0.1250558644533157,0.0215310119092464,-0.0880816280841827,-0.057935744524002,0.0945663899183273,-0.1261923462152481,0.0380223467946052,0.0566641278564929,0.0403250530362129,0.0296204481273889,-0.126810684800148,-0.0473968423902988,0.0135706001892685,-0.0439088195562362,0.0644888132810592,-0.0777094438672065,0.0953521728515625,-0.1264293193817138,-0.0550166442990303,0.1183716431260109,0.0883364155888557,-0.0621568821370601,-0.1466510593891143,-0.0677067637443542,0.1372051835060119,-0.0811046585440635,0.1182894930243492,-0.1152513176202774,0.0811888352036476,0.01750816591084,-0.049494169652462,-0.0077884499914944,0.0921907946467399,0.0401944890618324,-0.068243958055973,0.0750387087464332,0.1055836006999015,0.0946209505200386,0.0710345730185508,0.0339865051209926,-0.1264653205871582,0.0724034905433654,0.1315616369247436,-0.0907477587461471,0.1278031915426254,-0.0423745512962341,0.147775113582611,-0.1433854699134826,0.0289100725203752,-0.0112556004896759,-0.1144558042287826,0.0803301855921745,-0.0499665401875972,-0.108201116323471,0.01452103164047,0.1148097142577171,-0.07317516207695,-0.0725223496556282,-0.0406504347920417,0.0214253570884466,-0.014076960273087,0.0828044191002845,0.0574272163212299,0.1741522252559662,0.1809869855642318,0.1451610177755355,-0.0781658515334129,-0.0462638549506664,0.0596214644610881,-0.0454977788031101,-0.1864324659109115,0.0171839389950037,-0.0037335623055696,0.0294250920414924,0.0147364949807524,-0.1486618816852569,-0.0841791853308677,-0.1635970324277877,-0.0281859710812568,0.0208319574594497,-0.1019297763705253,0.0058826673775911,-0.1006150245666503,0.1260968446731567,-0.0620393045246601,0.0499908700585365,0.0297954678535461,0.0023260437883436,0.110670194029808,0.0599383637309074,0.0564023442566394,-0.0125035848468542,-0.0155860744416713,0.0658668428659439,0.106612779200077,-0.0747085511684417,0.0221855603158473,-0.1418233811855316,-0.0088690211996436,-0.0369615852832794,-0.0955836102366447,0.0530181638896465,0.1225378885865211,-0.1325969696044922,0.1774321496486663,0.0194159634411335,0.0284474454820156,0.0266323629766702,-0.0809614732861518,0.1214419528841972,0.0398901551961898,-0.0297148711979389,0.0478784292936325,-0.0853774473071098,-0.0207941532135009,0.0558847673237323,-0.0457531586289405,0.0381570719182491,-0.0551392920315265,-0.1132443323731422,-0.1169937029480934,-0.0507118478417396,-0.0626822859048843,0.0528828538954257,-0.109227754175663,0.0286920331418514,-0.0145226698368787,-0.0929792821407318,-0.1067319735884666,-0.099975936114788,0.0252106450498104,-0.0283529143780469,-0.1185867860913276,-0.1214375346899032,-0.1870915442705154,0.0327920280396938,-0.0398277081549167,0.0697516351938247,0.0084541849792003,-0.1336763501167297,0.0364298000931739,-0.0009608477121219,-0.0529023148119449,0.1712073385715484,-0.0140279000625014,-0.1353220492601394,-0.0588151551783084,-0.1059108823537826,0.0881583988666534,-0.0329245813190937,-5.009921369492076e-05,0.0029882187955081,-0.1688129156827926,0.0664423406124115,-0.1195094138383865,-0.0544114857912063,-0.0171600729227066,-0.0643579885363578,-0.0731345862150192,0.1774860918521881,0.0045502902939915,-0.0378416627645492,-0.0907615795731544,0.0187299903482198,-0.1454169303178787,-0.1126834377646446,0.1581868678331375,-0.0896430909633636,0.1654659807682037,-0.1114126145839691,0.1019503995776176,-0.1020786091685295,-0.0104445219039917,-0.0202702768146991,-0.0566965602338314,-0.1068706735968589,-0.0976014509797096,-0.0662824138998985,0.047216597944498,0.0891344547271728,0.1695925891399383,0.0417302548885345,0.0872294530272483,-0.0612876042723655,-0.1104455664753913,0.0313003771007061,VPKROUHGCUTDTK-UHFFFAOYSA-N,O=C(Cn1nc2c(SC3CCCCC3)nccn2c1=O)N1CCN(c2ccc(F)cc2)CC1
0.1052057370543479,0.1032903492450714,0.0968666225671768,0.07120893150568,-0.0895131602883338,0.0831350162625312,-0.1051609739661216,0.1042936667799949,0.0531811974942684,-0.1045397892594337,-0.0287731196731328,-0.1031683385372161,-0.077064000070095,0.0114393886178731,0.1052228510379791,-0.0964725911617279,-0.1051830872893333,0.1050827205181121,-0.1050964370369911,0.0139221549034118,-0.104580320417881,0.0749092772603035,0.1021592319011688,0.0978952795267105,0.0783431008458137,0.0971458181738853,-0.1041368693113327,0.097953513264656,0.1051839739084243,-0.0966388657689094,-0.1039590761065483,-0.0909484028816223,0.1052284315228462,-0.0665876418352127,0.1051660552620887,0.105190210044384,0.102098636329174,-0.1025521159172058,-0.1036437153816223,-0.1043635457754135,-0.1050695702433586,-0.0748182907700538,-0.1050050780177116,-0.0928021818399429,0.0571587160229682,0.0790712237358093,-0.1052158772945404,-0.1013258546590805,-0.1032791882753372,-0.1033944711089134,-0.1041537225246429,-0.0621126219630241,-0.0416327826678752,0.1051663607358932,0.1049398109316825,-0.0173328407108783,-0.0685197487473487,-0.1048148870468139,0.1043356508016586,-0.1004753038287162,0.1052405908703804,0.1052422523498535,-0.0529063120484352,-0.1021546423435211,-0.1040154695510864,0.105228267610073,-0.0658593401312828,0.0937673673033714,-0.0997960790991783,2.2820913727628067e-05,0.1004201024770736,0.0097436578944325,-0.0055128242820501,-0.0855641663074493,-0.0551608130335807,0.0918817743659019,-0.10516869276762,0.0957955494523048,-0.0307557452470064,-0.0981619954109191,0.0708063691854476,0.1052256971597671,0.0996670573949813,0.0064880666323006,0.0288762748241424,-0.1051799729466438,0.0865229666233062,-0.1027463600039482,-0.0818336084485054,0.0913956761360168,0.1045923456549644,0.1052123308181762,0.0921378806233406,0.0166099090129137,-0.1035398319363594,-0.103594571352005,-0.1024040579795837,0.1052415519952774,0.104531243443489,0.0539659783244133,0.0265995375812053,-0.0949158146977424,0.0129423886537551,0.1052369400858879,-0.0479201078414917,-0.0985152646899223,0.1018038913607597,-0.032167550176382,-0.1047807857394218,-0.0012010458158329,0.0631184354424476,0.0744333043694496,-0.1045485138893127,-0.0783533975481987,0.1035175397992134,0.1048308163881301,-0.0923468619585037,0.0265221130102872,0.0400892719626426,0.1047834753990173,-0.0596974901854991,0.0028436242137104,0.1048386022448539,-0.1038446947932243,0.1049184426665306,0.1050037294626236,-0.0662609115242958,-0.0978896841406822,0.097384974360466,-0.0959782898426055,-0.0404897630214691,0.0970940142869949,0.0653319731354713,0.0894665792584419,-0.025395518168807,0.0973541289567947,0.0973846018314361,0.0973032638430595,0.0973400399088859,-0.0636262446641922,0.0854787304997444,-0.071010984480381,0.0962045267224311,-0.0942028537392616,0.0381795763969421,0.0821279659867286,-0.0973853170871734,-0.097182996571064,0.039760123938322,-0.0972293838858604,-0.0973850712180137,-0.0874759256839752,0.0973827540874481,0.0973792821168899,-0.0947298258543014,-0.0681043118238449,-0.0973706915974617,-0.0973743200302124,-0.097384288907051,0.0594407431781291,-0.0306725203990936,0.0973852723836898,0.096756100654602,0.0973650738596916,0.0964771211147308,-0.097385324537754,-0.0550540350377559,0.0881604328751564,0.0973851531744003,0.0962839499115943,0.094498760998249,-0.0973850488662719,0.0965364798903465,-0.0472790040075778,-0.097368948161602,0.0862191021442413,-0.0973306596279144,0.0973853170871734,0.0972776338458061,-0.0973602682352066,-0.079256884753704,-0.0966258272528648,-0.0939314514398574,-0.0973837673664093,0.0862902030348777,-0.097385324537754,-0.0973846837878227,-0.0973853096365928,0.0650477036833763,0.084846094250679,-0.0973842740058898,-0.0946249291300773,0.097385324537754,-0.0970960780978202,-0.0801262483000755,0.0973746180534362,-0.0973852351307869,0.0968062058091163,0.0762891471385955,-0.0973852947354316,-0.0973756462335586,-0.0965714156627655,-0.0973851829767227,-0.0518655516207218,-0.0973851978778839,0.0973850935697555,-0.0969895496964454,-0.097162090241909,-0.097191035747528,0.0897856950759887,0.0954291149973869,0.0958486422896385,-0.097384013235569,-0.045532789081335,0.0904345363378524,0.0572940558195114,0.0847075805068016,0.0721472054719924,-0.0970494374632835,-0.0971355140209198,0.0246905796229839,0.0973853096365928,-0.0963981226086616,0.0973852351307869,-0.0928518548607826,-0.0852534398436546,-0.0917463973164558,0.0970868095755577,0.093442901968956,0.0893079936504364,0.0442192591726779,-0.0441223047673702,-0.0424575619399547,0.0955468714237213,-0.096819557249546,0.0964019820094108,-0.09738390147686,-0.0973835065960884,-0.0752804800868034,0.0971727222204208,-0.097384363412857,-0.095313660800457,0.0811476930975914,0.0967849493026733,-0.0973848551511764,0.0903354510664939,0.0590711273252964,-0.0973841547966003,0.0973285287618637,-0.0955255553126335,-0.0962023809552192,0.0972215086221695,-0.0879361927509307,-0.0973853096365928,-0.0925472229719162,0.002180227311328,-0.0975052267313003,0.0203059390187263,-0.0886891335248947,0.0979185625910759,0.0984742119908332,0.0982410013675689,-0.0968191102147102,-0.0955452173948288,0.0651808455586433,0.0979177132248878,0.0837959870696067,-0.0984257534146308,0.0244371313601732,0.0974075272679328,0.0984150767326355,0.0644947811961174,-0.098467469215393,-0.0858709961175918,-0.0207393132150173,-0.0981032773852348,-0.0701342821121215,-0.0666210502386093,0.0979714766144752,0.0519164465367794,-0.0928236618638038,0.0947232544422149,0.0696321278810501,-0.0501904487609863,0.0984264835715293,-0.0879628881812095,0.0984593108296394,-0.0111399972811341,-0.0967978984117508,0.0964391157031059,0.0421811565756797,0.0670789778232574,0.0984653830528259,0.0880868658423423,-0.0913056582212448,0.0925832837820053,0.0984740406274795,0.0961225628852844,-0.0959203019738197,-0.0984742417931556,-0.0889140143990516,-0.0976419746875763,0.0937467887997627,-0.0983456745743751,-0.0984499901533126,-0.0978623628616333,0.0048268656246364,-0.098460204899311,-0.0984716191887855,0.0984742566943168,-0.0983293801546096,0.091893620789051,0.0972936823964119,0.0547441318631172,-0.08872652053833,-0.0915714427828788,0.098470352590084,0.0984626859426498,0.0984532609581947,-0.0977024808526039,0.043318971991539,0.0983578339219093,0.0984677746891975,0.0984413772821426,0.0984738618135452,0.0772145166993141,-0.0983051434159278,0.0980557054281234,-0.0879251137375831,0.0752654820680618,0.0143252620473504,0.0984701737761497,0.081393264234066,-0.0889810174703598,0.0863336101174354,-0.0984613373875618,-0.0984545275568962,0.0984543561935424,-0.0929141566157341,0.0581959895789623,-0.0984687432646751,-0.0269849989563226,0.0984735041856765,-0.0984184667468071,-0.0973911955952644,-0.0182280279695987,-0.0980259701609611,-0.0970322042703628,0.0984722301363945,0.0984732508659362,-0.0984007567167282,-0.0984742194414138,-0.0971414819359779,-0.0890460684895515,-0.0884358286857605,-0.0864144191145896,-0.0739531219005584,-0.0620194859802722,-0.0924735739827156,0.037489216774702,0.0892441272735595,0.0902550965547561,-0.0981210246682167,-0.0978414118289947,0.0984742641448974,0.0984084904193878,-0.0984433144330978,-0.0982219651341438,0.0983728393912315,-0.0982057750225067,-0.0978557094931602,-0.0963254049420356,0.0984612703323364,0.0373783744871616,0.0972385630011558,0.0960513427853584,0.0961953699588775,-0.0979053676128387,-0.0983574539422988,0.0984711796045303,-0.094059057533741,0.0924074947834014,0.0870868042111396,-0.075186438858509,0.0778082683682441,0.0863391309976577,0.0837225019931793,0.0454613119363784,0.0185108706355094,0.0562318973243236,-0.1179276555776596,-0.1280965656042099,-0.0712177753448486,-0.10208760201931,0.0356441810727119,-0.1506029516458511,0.0653880685567855,0.0024852720089256,0.0551933757960796,-0.0986518785357475,0.0148850195109844,-0.0854784101247787,0.1244020238518714,0.09573245793581,-0.0721858367323875,-0.0462926812469959,0.0681947842240333,-0.0445474907755851,0.1573251038789749,-0.1302400678396225,-0.1032293140888214,0.1033831164240837,0.0419681593775749,-0.0351135581731796,0.1461192518472671,0.0009608818800188,0.0482702031731605,-0.0582404322922229,-0.0979329422116279,-0.077819786965847,-0.025664547458291,0.1205429062247276,0.1332367807626724,0.108587734401226,-0.0259174760431051,-0.058607380837202,0.106015920639038,-0.1361829936504364,0.1637861281633377,0.1037769094109535,0.0530610978603363,0.0466269440948963,0.1414151787757873,0.024902643635869,-0.0766025260090828,0.0807641744613647,0.1213653907179832,-0.0994644537568092,0.0059503815136849,0.0298711862415075,-0.1283764541149139,-0.0614357888698577,-0.0664678141474723,0.104869358241558,-0.0459568351507186,0.0750370845198631,0.0517709292471408,0.1012733429670333,0.0578952357172966,0.0934931114315986,-0.1496265679597854,0.113076776266098,-0.1509645730257034,0.1477651894092559,0.0559722743928432,-0.0570494793355464,-0.1498619318008422,-0.1365579515695572,-0.0121741946786642,0.0831618085503578,-0.0509630031883716,0.0008880158420652,0.0141507070511579,0.0463744439184665,0.1096668317914009,0.0624891221523284,0.096589483320713,0.0621726661920547,-0.0149657605215907,0.0512900352478027,-0.0873156040906906,0.1408498585224151,0.093287207186222,-0.0720670819282531,-0.0466089248657226,0.1060660183429718,-0.0467855297029018,-0.0931664630770683,0.0376666150987148,0.0432621985673904,0.0475274436175823,0.1415018439292907,0.0092277126386761,-0.0145784746855497,-0.1208198145031929,-0.0124481208622455,0.1187088266015052,-0.1222143173217773,0.0872180983424186,0.0581224411725997,-0.0315940305590629,-0.1339636892080307,0.0721838176250457,0.0848261937499046,-0.14711993932724,0.0934204161167144,0.1269303113222122,0.1006651520729065,0.0450564809143543,-0.0169924143701791,0.102799579501152,-0.0168193001300096,0.014663896523416,0.0484670735895633,-0.1132865846157074,-0.0779028907418251,-0.1066468954086303,-0.087537907063961,0.0888659283518791,0.0732763409614563,-0.1070525795221328,-0.0027380748651921,-0.094522088766098,0.0098056914284825,0.1050372347235679,-0.0842013657093048,0.1505644023418426,0.1298916786909103,0.1258799284696579,-0.0242412164807319,0.0244481191039085,0.1174295470118522,0.0450859889388084,-0.0030324850231409,0.0421937927603721,0.0798497423529625,0.0359425842761993,-0.0842021256685257,0.0179677736014127,-0.0654507875442504,0.0236256569623947,0.1567164659500122,0.0415245816111564,0.0348389223217964,0.006467358674854,-0.0235116146504879,-0.1122161820530891,0.0722895413637161,0.0154725583270192,-0.0724627524614334,0.1342488080263137,0.109635517001152,0.1312524527311325,0.0418491214513778,0.0717413425445556,0.0640429034829139,-0.1210981830954551,0.1156246960163116,0.1596827208995819,-0.1402273625135421,0.0897167846560478,-0.0209208093583583,-0.0072055803611874,0.1093125864863395,-0.0191234853118658,0.0634867325425148,0.0203390344977378,0.0112598817795515,-0.0126793505623936,-0.0826602354645729,-0.1361931413412094,-0.0307339411228895,-0.0828757435083389,-0.1004371717572212,0.121447704732418,-0.0405656173825264,0.0243759099394083,-0.0062841572798788,-0.1099603474140167,0.0895064920186996,0.1111445799469947,-0.0806461051106453,-0.107698768377304,-0.0225321240723133,-0.1232895925641059,0.0357962250709533,-0.0952098071575164,-0.0447521992027759,0.0271944347769022,0.0438023321330547,0.1065708175301551,-0.0424434579908847,0.1337498426437378,-0.0383917018771171,-0.0661670342087745,-0.1105586439371109,-0.0441227219998836,-0.1340116560459137,0.0886078402400016,0.0235780384391546,-0.10726910084486,-0.0336069092154502,0.1146271750330925,-0.0298255886882543,-0.1365283876657486,0.1553576588630676,-0.0016880175098776,0.1295337229967117,-0.0394953154027462,-0.0318689830601215,-0.0663157626986503,0.0106962881982326,-0.0562509633600711,-0.0732811316847801,-0.1697796434164047,-0.1432568430900573,0.1724839359521865,0.1140268594026565,-0.0575163401663303,0.1459925919771194,0.1403204202651977,-0.1120754033327102,-0.0358430743217468,0.1271703541278839,0.0104538816958665,0.021120972931385,0.0991252958774566,0.0547962002456188,0.0492583028972148,-0.0534486696124076,-0.0540987476706504,0.0680475309491157,-0.0308929458260536,-0.0511173605918884,0.16528981924057,-0.1119840368628501,0.1405709087848663,-0.1064800694584846,0.125796377658844,-0.0349811948835849,0.1051724925637245,0.0338167957961559,-0.099362663924694,-0.1025920435786247,0.1116972640156745,-0.0571247935295105,0.0601180680096149,-0.0863261222839355,-0.0722605511546135,-0.023701524361968,-0.1246138736605644,-0.0256645139306783,0.0852988809347152,0.0386515520513057,-0.1285397112369537,-0.0856037139892578,0.0807406306266784,0.1122087687253952,-0.0279484987258911,-0.126625120639801,-0.0793830901384353,0.0059811058454215,-0.0303900782018899,-0.003569892141968,0.0036337587516754,0.0507998950779438,0.031170830130577,-0.1332623660564422,-0.1340153813362121,0.0972952470183372,-0.1095091700553894,0.0876910984516143,-0.0581383779644966,-0.1150442585349083,0.0631990432739257,-0.0072807017713785,0.1269399672746658,-0.0658259764313697,0.0059919664636254,-0.0057667973451316,-0.1329835206270218,0.1386591345071792,0.0394161902368068,0.0621627606451511,0.0008566967444494,0.1253962367773056,0.079065091907978,-0.0193853881210088,0.111239843070507,-0.0350772812962532,0.0095459530130028,-0.1043151021003723,0.0002904554130509,-0.0645186230540275,0.1132301986217498,0.0704801082611084,0.1384602040052414,-0.064256951212883,-0.0916695147752761,0.1411213129758834,-0.0824621766805648,0.0456441007554531,-0.1092998012900352,0.1354318112134933,-0.0194635987281799,0.0199152119457721,-0.0044973748736083,-0.046633206307888,0.0696533620357513,0.1289684027433395,0.0675922259688377,0.1160985976457595,0.1081595718860626,0.0990850180387497,0.0354378223419189,-0.13898666203022,0.0388153381645679,0.0920801013708114,0.1264661401510238,0.0989424958825111,-0.138545274734497,0.0232571363449096,0.1073137372732162,0.1196847558021545,-0.082068808376789,-0.0267329942435026,-0.0822571739554405,-0.1334764212369918,-0.1108981221914291,-0.0638758614659309,0.0538034550845623,0.0576918609440326,0.0267427470535039,-0.0812781825661659,-0.1426812559366226,-0.1341724991798401,0.1237750276923179,0.0700928196310997,-0.1052562147378921,0.1208023205399513,0.1030298322439193,0.0791464522480964,-0.000763330142945,0.0571682527661323,-0.046617891639471,0.028969956561923,0.0553309023380279,-0.0022696913219988,-0.0662510395050048,0.1149145439267158,0.0949408933520317,-0.0960069298744201,-0.0041339355520904,-0.0917494669556617,0.1256888657808303,0.0130989141762256,-0.1232350021600723,-0.0644711032509803,-0.0383822619915008,-0.1006372198462486,0.1276425719261169,-0.0292610973119735,0.1311215311288833,-0.1212160512804985,0.120715819299221,-0.1088463962078094,0.1220533028244972,-0.1077876314520835,-0.0881595090031623,0.1240267977118492,-0.024392794817686,0.0662163868546485,0.1427924782037735,-0.0316944010555744,0.0586001761257648,-0.1081612110137939,0.0092851072549819,0.0102869849652051,ZYCNHSWPSGGCGF-UHFFFAOYSA-N,CCC(=O)NC1CNC1
0.1210402399301529,-0.0450167581439018,0.0737443715333938,0.114510029554367,0.1317039877176284,-0.0785543546080589,-0.1373301893472671,-0.0168708488345146,-0.0976734831929206,0.0711713284254074,0.044840857386589,-0.0684054791927337,0.1269433349370956,0.1371576189994812,-0.0304516591131687,-0.1218619644641876,-0.1092657968401908,-0.0118883419781923,-0.0583145879209041,0.13428595662117,-0.1204205751419067,-0.0064576617442071,0.1240990757942199,0.0348011963069438,-0.1198271736502647,-0.1305120885372162,-0.1363444328308105,0.0423154830932617,0.0858503580093383,0.0137227298691868,0.0173751655966043,-0.0941610336303711,-0.0343660078942775,-0.0990146622061729,0.0459321551024913,-0.0521065667271614,-0.0612311251461505,-0.0942814275622367,-0.1212581172585487,-0.0608714446425437,-0.1108181700110435,0.0765737369656562,-0.1327190995216369,-0.0108240265399217,-0.0248456951230764,-0.0866241604089737,0.0767016783356666,-0.1091297194361686,-0.060007493942976,-0.0227670166641473,0.0548920221626758,-0.0332138277590274,-0.053941287100315,0.1390049457550048,0.0764769315719604,0.1160225793719291,0.017477948218584,-0.0035131834447383,-0.1111187413334846,0.124610923230648,0.0591681562364101,0.1387511938810348,0.0043551013804972,-0.0608210042119026,-0.1310221701860427,0.1330831348896026,-0.136098712682724,-0.1182271093130111,-0.0521435588598251,-0.1247599944472312,0.0913668200373649,0.0026293152477592,-0.0317006073892116,0.098004013299942,-0.086678422987461,-0.1350738704204559,-0.1162431389093399,-0.0646061599254608,-0.0326486937701702,0.0092553822323679,-0.017264325171709,0.104478470981121,0.1091158762574195,0.0285803154110908,-0.1075695380568504,0.0081238271668553,0.1195101961493492,0.1243749558925628,-0.118063636124134,0.0211065467447042,0.1178358718752861,0.1136824414134025,0.1325417459011078,0.0130116865038871,-0.0607308335602283,-0.075809508562088,0.1100406721234321,0.0282043572515249,-0.0452951490879058,0.0306721404194831,-0.0068368706852197,-0.0148203400894999,0.0692746043205261,0.0916667804121971,-0.0534097701311111,0.079327218234539,0.1075979620218277,0.0911248251795768,0.0660073310136795,0.0892687141895294,0.12493297457695,0.0355467647314071,-0.1036331132054328,-0.1379497498273849,0.107559747993946,0.1343331187963485,-0.0817744880914688,0.0827820748090744,0.0894954577088356,-0.12470493465662,0.0499501749873161,-0.0770540013909339,-0.0391886234283447,-0.1244637966156005,0.0171753391623497,-0.0384707190096378,0.0800964906811714,-0.0567243210971355,0.0715919807553291,0.0635446235537529,0.1251808255910873,0.0856526941061019,0.0742487832903862,-0.1186063885688781,0.1102737113833427,0.0972508788108825,-0.1198123767971992,0.0206341743469238,0.1281358301639557,0.0816952884197235,0.1172106638550758,-0.0084642581641674,-0.0199768785387277,0.06826663762331,0.043303120881319,-0.0925867035984993,-0.1183862090110778,-0.1056283190846443,-0.1295720189809799,-0.0949336215853691,-0.044530339539051,-0.0223812703043222,0.1152405515313148,-0.125317707657814,-0.0374661050736904,0.1165480017662048,0.0353287383913993,-0.1210852935910224,-0.1095650494098663,-0.101407803595066,-0.0975899472832679,0.1230578497052192,-0.0006780555122531,-0.0973778888583183,0.1133419349789619,-0.116538792848587,0.1230718269944191,0.0528385005891323,-0.0081731928512454,-0.0237419251352548,0.1103654205799102,0.0719422698020935,0.1311126351356506,-0.1105267107486724,-0.0476885288953781,0.0511641204357147,0.1272599101066589,0.0856196582317352,-0.0497145466506481,0.0457065515220165,-0.1195426061749458,-0.0266059879213571,-0.008288805373013,0.0502477996051311,-0.0402100533246994,-0.1149197071790695,0.0973567813634872,-0.0738399028778076,0.1075615286827087,0.1317293047904968,-0.068534642457962,0.0361467972397804,0.1290143877267837,0.0927018746733665,-0.0209391117095947,0.0566407814621925,-0.0682398974895477,0.0631132796406745,-0.1159025728702545,0.0758511498570442,-0.1313050687313079,0.0034357728436589,-0.1321603506803512,-0.0969453305006027,-0.1315148323774337,0.049184650182724,-0.1051043048501014,0.0835488215088844,-0.0157365631312131,0.0059962603263556,-0.1169473305344581,0.0584140010178089,0.001902280608192,0.0869661122560501,-0.0813921019434928,0.0350222028791904,-0.0904666855931282,0.0182948838919401,-0.1343612819910049,0.1107481122016906,-0.0202663503587245,0.1266240924596786,0.0225598141551017,0.1029977351427078,-0.0631428658962249,0.0250327568501234,-0.0509385839104652,0.0880133658647537,0.1120637059211731,0.0236991755664348,-0.1212431043386459,0.0408111847937107,0.0549026764929294,0.0758482441306114,0.1295714825391769,-0.0320466607809066,-0.0942466780543327,0.0406881943345069,0.0613914690911769,0.0860535502433776,-0.012025331147015,-0.0508031174540519,0.1304314136505127,0.1278591156005859,0.056019976735115,0.1285099536180496,-0.1298510134220123,-0.1228093951940536,0.1071302890777587,-0.0657544434070587,-0.0528763383626937,0.0627885609865188,-0.1011948734521865,-0.100010871887207,-0.1375882923603058,0.0525654330849647,-0.0988147854804992,-0.1009290292859077,0.0893569439649581,-0.0654717236757278,0.1080274507403373,-0.1083448529243469,-0.0978971794247627,0.092764675617218,0.0152190951630473,0.10468440502882,0.0991748869419097,-0.0903853178024292,-0.1069010347127914,-0.0910299867391586,0.0229669380933046,-0.0766043588519096,-0.0993887260556221,-0.1036781519651413,0.048961017280817,-0.0791982933878898,-0.1083935052156448,-0.1082950830459594,0.0327297262847423,-0.0826902687549591,-0.0384041182696819,0.0864744335412979,-0.0693013221025466,-0.10579514503479,0.1049789860844612,-0.1022193953394889,-0.0727032348513603,0.0484560206532478,-0.1039246171712875,-0.1083623841404914,0.1066890582442283,-0.0907007157802581,0.100003570318222,-0.1078262776136398,0.0125136021524667,-0.1079103574156761,-0.045265082269907,0.0811076685786247,0.0422348454594612,-0.1079912334680557,0.0930529758334159,-0.0315723828971385,-0.0916302502155304,-0.0566449537873268,-0.1006240099668502,-0.1063748747110366,-0.0048215379938483,-0.1083197593688964,-0.1083639040589332,0.1053328141570091,-0.0975351557135582,0.1054278239607811,-0.1081091612577438,0.0707689374685287,0.1083154305815696,0.0560444258153438,-0.0994693785905838,0.0625446364283561,0.1081422716379165,-0.0072682527825236,-0.0868212953209877,0.1083709448575973,0.1042531579732894,0.1044149920344352,0.1083739772439003,0.0728401839733123,-0.0476462244987487,-0.0588871128857135,-0.0873479694128036,0.1083320677280426,0.0621152557432651,0.1039761751890182,-0.101169005036354,0.1079165562987327,-0.0760205909609794,-0.1076023653149604,0.0789919942617416,0.0534256435930728,0.1083216965198516,0.1082987561821937,-0.1082257106900215,0.1029480844736099,0.1078300029039383,0.071274310350418,-0.1027233228087425,-0.0977511182427406,-0.1071177348494529,0.0152892852202057,0.0539370216429233,0.0874953120946884,-0.0905418395996093,-0.0894865021109581,0.0707074925303459,0.0915684327483177,0.107367880642414,-0.1083173155784607,-0.107890784740448,0.0045308754779398,-0.0932918936014175,0.0867336466908454,0.0670520216226577,0.1070223748683929,0.0093679809942841,-0.1083413511514663,0.1070470511913299,0.1079296469688415,-0.0202313773334026,0.0973620265722274,0.027426479384303,-0.0083240512758493,0.1070213615894317,-0.10610943287611,-0.0860125049948692,-0.0373307988047599,0.0789447873830795,0.1081911996006965,0.1067986339330673,-0.1028372570872306,0.1081449538469314,0.0737723857164383,-0.023107286542654,0.0395968034863472,-0.0927375629544258,-0.103809930384159,0.0497126206755638,-0.0174393728375434,0.0518832542002201,-0.0426090024411678,0.0058113127015531,0.0077331000939011,0.0344070717692375,0.0725012272596359,0.075266920030117,-0.2103492319583892,0.1385567635297775,-0.0451795980334281,-0.0733837410807609,0.0097441375255584,-0.0679099336266517,0.0483344681560993,-0.1457767635583877,-0.0300605427473783,-0.0206091850996017,-0.0719811171293258,0.0202776510268449,0.0951772034168243,-0.0976600050926208,-0.0605918504297733,-0.0176891628652811,0.0502403937280178,-0.2098598033189773,0.028551110997796,-0.0006899040890857,-0.0202882345765829,0.0405673347413539,0.0219413973391056,-0.1473741382360458,0.1250145882368087,0.0871923491358757,-0.0699102580547332,-0.0153907341882586,-0.1377658993005752,0.0160399619489908,0.0430082790553569,-0.0018528656801208,-0.0663145184516906,-0.0090633882209658,0.0759138390421867,-0.0653285160660743,-0.0545729324221611,0.1447033435106277,0.0984365716576576,0.1402739882469177,0.0812882184982299,-0.0060875536873936,0.0597224310040473,0.0231400374323129,0.1355591118335724,-0.0787380188703537,0.0491694062948226,-0.0521632358431816,0.0746327936649322,0.0546227768063545,0.0606653094291687,-0.1793212592601776,-0.0007197719532996,0.1377627849578857,0.0669417083263397,0.1342168450355529,-0.1737514734268188,-0.0954750105738639,0.0129704261198639,0.0629432126879692,-0.068880520761013,-0.0467373467981815,0.0883450955152511,-0.0036596318241208,0.0069621200673282,-0.1693924814462661,0.093100868165493,0.1326708942651748,-0.1150121912360191,-0.0273372903466224,-0.0897778570652008,0.0858504995703697,0.0967356413602829,0.0299544278532266,-0.2035087496042251,-0.0420122444629669,-0.0967331230640411,0.0852121859788894,0.2072842270135879,-0.1450680941343307,0.0948492735624313,-0.0682345554232597,0.1075698211789131,-0.0638926401734352,-0.0119181759655475,-0.0177970398217439,0.1358658820390701,0.1479136496782302,0.0673436895012855,0.0846544727683067,-0.0749399960041046,0.0389556512236595,-0.0203052572906017,0.1292941570281982,0.0698636844754219,-0.0415126010775566,-0.0738867968320846,-0.1510986685752868,-0.0459000244736671,0.1009705886244773,-0.0007037310861051,-0.0202725492417812,0.0905375555157661,0.1797433346509933,0.0129694174975156,0.00325936707668,0.034178651869297,0.0916910097002983,0.0395315587520599,-0.0873928666114807,-0.0248013418167829,-0.0259134378284215,0.1015049964189529,0.1388168632984161,0.0997655391693115,-0.0056062149815261,-0.0271928608417511,0.0267801601439714,-0.0674324482679367,-0.1031095311045646,0.1356778144836425,0.149095743894577,-0.0353010147809982,0.0960205569863319,0.1024146005511283,0.1497892588376999,-0.002587815048173,0.1361398100852966,-0.0939737036824226,0.0109018012881279,-0.0611819997429847,0.0236053392291069,0.0636502206325531,0.1002421453595161,-0.0665911063551902,0.1182039231061935,-0.0866768881678581,0.0877939537167549,0.0960677862167358,0.0022394508123397,-0.0081014577299356,-0.0119711682200431,0.1077339574694633,-0.1340863108634948,0.1490812748670578,-0.1263445168733596,0.0046799737028777,-0.1095489561557769,0.1076698303222656,0.143558457493782,0.0846705213189125,0.0475635640323162,0.0157217700034379,-0.1367963105440139,0.0023566330783069,0.0842432603240013,-0.1156932637095451,0.0781333819031715,-0.0701342150568962,-0.1046052724123001,-0.0115828495472669,-0.1280700862407684,-0.1090587601065635,-0.0381673760712146,0.0732622444629669,-0.0239918418228626,-0.068067267537117,-0.1037283092737197,-0.0756479352712631,0.1055303812026977,0.0007211023475974,0.1357932984828949,-0.0875571966171264,0.0965671613812446,-0.0426849201321601,0.0364871732890605,0.0807124823331832,0.1545432955026626,-0.0214009899646043,-0.1029609143733978,0.0705531165003776,0.0277217384427785,0.0858913138508796,-0.0491521693766117,0.0289956480264663,0.0693107023835182,0.0751155912876129,0.0950266495347023,-0.0309326518326997,0.0432112589478492,-0.0995514616370201,-0.0746441483497619,0.0134904775768518,0.0660193413496017,-0.0853662267327308,0.0677331686019897,-0.0319931507110595,-0.1131514906883239,-0.0560096204280853,0.1108539327979087,-0.0611796379089355,-0.1219725012779235,0.0949801579117775,-0.1057710498571395,0.0466939881443977,0.0495804585516452,0.0133541170507669,-0.0768061727285385,0.1523530930280685,0.0733525902032852,-0.0471651069819927,-0.1584420949220657,0.027768725529313,0.1556877791881561,-0.05459626019001,0.0843944326043129,-0.0348557941615581,-0.0657335594296455,0.0441840477287769,-0.0401556305587291,-0.0608267150819301,-0.1140992045402526,0.0789678171277046,-0.0325019471347332,0.1284356713294983,-0.0433207377791404,0.0769318416714668,-0.0110820299014449,0.0275337491184473,-0.1274527311325073,-0.0271566808223724,0.1294708400964737,-0.1406197249889373,-0.0008867285214364,-0.0862717404961586,0.1517315357923507,-0.0746481120586395,0.131022036075592,0.0786700546741485,-0.1453689485788345,-0.0955160558223724,-0.0156056741252541,0.0427686385810375,-0.0996492207050323,-0.093734785914421,-0.134986937046051,0.0673728212714195,-0.1183875426650047,-0.0450776144862175,-0.0365818329155445,0.0645585879683494,-0.0387871339917182,0.0400151051580905,0.1411164402961731,0.1833813190460205,0.0084425630047917,-0.0229786969721317,0.0966460779309272,0.0144705586135387,-0.0685946196317672,-0.0298147611320018,0.0761402919888496,0.020955167710781,-0.0056389272212982,-0.1371491402387619,-0.1529846638441085,-0.0249966457486152,0.0183628369122743,0.0802426636219024,-0.0822910219430923,-0.0606301240622997,-0.0166659858077764,0.023820849135518,0.0321122035384178,0.0844489559531211,-0.0075508886948227,-0.083045557141304,-0.033354502171278,0.14059479534626,-0.0022475570440292,0.0389681980013847,-0.1093991845846176,0.1250972002744674,0.1520539075136184,0.035928227007389,0.1407068222761154,-0.0399728082120418,0.115600436925888,-0.0527670197188854,-0.0499721579253673,-0.1262847185134887,0.106948398053646,0.0711942389607429,0.144368976354599,-0.0197583306580781,-0.0468986183404922,0.109275184571743,-0.0686974450945854,0.035714067518711,-0.0818376094102859,0.0644006431102752,-0.0211077965795993,-0.0070876046083867,-0.1470599025487899,-0.0995767414569854,0.0591493360698223,0.0718628391623497,-0.0267230439931154,0.077891431748867,0.0619264915585517,-0.0708604454994201,0.1129835397005081,-0.1440619230270385,0.0930452197790145,-0.1046518385410308,0.1378399580717086,0.0944639444351196,-0.1569935232400894,-0.1500832736492157,-0.0159290824085474,0.0617554895579814,-0.1347018182277679,-0.0377981811761856,-0.1396426409482956,-0.0463109090924263,-0.0620706789195537,-0.0704967528581619,0.082764133810997,-0.1050893813371658,0.0320391468703746,-0.0817804634571075,-0.1151173859834671,0.0752016976475715,-0.0026228933129459,0.1011467054486274,-0.1284248977899551,-0.0891126170754432,0.0143093857914209,0.0783843621611595,-0.0306121818721294,-0.0312399435788393,-0.0984560772776603,0.0011919133830815,0.0849765464663505,0.0963719487190246,0.0300055500119924,0.0626495704054832,0.1173644214868545,0.1103962436318397,0.0536298565566539,-0.0027585006318986,0.1142667606472969,0.0533182881772518,-0.052656315267086,-0.0653973594307899,-0.0565298311412334,-0.1328943818807602,-0.0008394423639401,-0.0515232756733894,0.1938533782958984,-0.1058375611901283,0.1467069238424301,-0.1122115924954414,0.0007787526701577,-0.1517049968242645,0.0087830116972327,0.0346680656075477,0.0350008867681026,0.1622161418199539,0.1575552970170974,0.0275104995816946,0.0255657527595758,-0.1598898768424987,0.0601748190820217,-0.0449331402778625,MNWBNQVRFGGMPY-VXGBXAGGSA-N,CCOc1ncccc1C(=O)N[C@@H]1CCOC[C@H]1OC
0.0451020784676075,0.0874780043959617,0.099946953356266,-0.0961957946419715,-0.097105473279953,0.0966270491480827,0.0643427595496177,0.0817831456661224,-0.0994110479950904,0.0771735310554504,-0.099768117070198,0.0488252751529216,-0.078393317759037,-0.0936412140727043,0.0276944413781166,-0.047307800501585,-0.0998188331723213,-0.0814036056399345,-0.0853972360491752,0.0551093369722366,0.0985755324363708,-0.0963910073041915,0.0999488234519958,-0.0941381901502609,0.0937432274222374,-0.0981485992670059,-0.0132817337289452,-0.0993561521172523,0.0924608707427978,0.0702352225780487,0.0985591486096382,-0.099360778927803,-0.0998892784118652,-0.0998207852244377,0.0895852819085121,0.0999487340450286,-0.0039944183081388,-0.0998058095574379,-0.022551916539669,0.0999356880784034,-0.0999250933527946,-0.099948838353157,0.0998871326446533,-0.0668785795569419,0.0994776040315628,0.0611148737370967,0.0985529422760009,0.099948801100254,0.0999417454004287,0.083231620490551,-0.0998546853661537,-0.0998795330524444,-0.0909324288368225,-0.0998377203941345,-0.0978952273726463,0.0995954498648643,0.099948838353157,-0.010811598971486,-0.0986241176724433,-0.0985021442174911,-0.099948838353157,-0.0999473109841346,-0.0872472450137138,-0.0999098345637321,-0.0996973663568496,0.0984505787491798,0.0952089205384254,0.0987882018089294,0.0999481827020645,0.0999322980642318,0.0993655920028686,0.0979918166995048,0.085552342236042,0.0987312942743301,0.099948838353157,-0.099550612270832,-0.0654316991567611,-0.0998349115252494,0.0625020489096641,0.0991768836975097,0.0718588978052139,-0.0957170650362968,0.0998399630188942,0.0978472083806991,0.0996719151735305,0.0462332405149936,-0.0971882045269012,-0.0933529809117317,0.0987535789608955,-0.0984848737716674,-0.0728946775197982,0.0853011533617973,-0.0995466858148574,0.0998177453875541,0.099799670279026,0.0999469086527824,-0.0997286587953567,-0.0925420299172401,-0.0314208976924419,-0.0340945646166801,-0.0997460484504699,-0.0648817270994186,-0.0999460667371749,0.0421224348247051,-0.0999458059668541,-0.0981179326772689,0.070134587585926,-0.0646307542920112,0.0733050480484962,-0.0795792192220687,-0.0003837196854874,0.0950880125164985,-0.0646942183375358,0.0997353866696357,-0.0998904928565025,-0.099948838353157,-0.0997682362794876,-0.0999488309025764,-0.0995434150099754,-0.0971380248665809,-0.0999290198087692,-0.0997452586889267,0.0650597736239433,-0.0789444893598556,-0.0469861179590225,0.099947839975357,0.0184518154710531,-0.0998236462473869,0.0973578691482544,-0.0466843321919441,-0.0973575189709663,0.0945202559232711,0.0973550826311111,-0.0958836078643798,-0.0973578989505767,-0.0958438515663147,-0.0953029841184616,0.028327340260148,0.0973526909947395,-0.0814571157097816,-0.0971903577446937,0.0973390862345695,0.0630784258246421,0.0963350534439086,0.0972802266478538,0.0973314866423606,-0.0973566621541976,-0.0523234941065311,-0.0942261666059494,-0.0960177481174469,-0.0973578840494155,0.0964372754096984,0.0973147451877594,0.0973373651504516,0.091637298464775,-0.0971478745341301,-0.0798370242118835,-0.0557478480041027,0.0973379388451576,0.0609228797256946,-0.097297191619873,-0.0862363949418068,-0.0947609916329383,-0.0727973207831382,-0.0973578989505767,-0.0972331240773201,0.0909314453601837,-0.0827085971832275,0.0903331413865089,0.0973529517650604,-0.0972502827644348,0.0962345749139785,-0.0973316729068756,-0.0973568484187126,0.0972525030374527,0.0872015431523323,-0.0970237627625465,0.0945441797375679,0.0941191390156745,-0.0879567265510559,-0.0969194546341896,-0.0317645780742168,0.0972528755664825,-0.0966175869107246,-0.0868526101112365,-0.0932681784033775,-0.0969720855355262,-0.0860758125782013,-0.0959338024258613,-0.0632568001747131,0.0973554477095604,0.0965876579284668,0.097357839345932,-0.095030702650547,0.0973578914999961,0.096535213291645,-0.094640128314495,0.0973576754331588,0.0973025560379028,-0.0610588490962982,0.0972727686166763,0.0442033223807811,0.0932881906628608,0.0973578467965126,0.0973472148180008,0.097355917096138,-0.0938900038599968,0.0005173245444893,0.0129169644787907,-0.0944989696145057,0.0968822911381721,-0.0973577052354812,-0.0175252668559551,0.096484899520874,0.096450962126255,0.0973556116223335,-0.0951529741287231,-0.0772265717387199,0.0907865390181541,0.0505664683878421,-0.0782350823283195,-0.0973480641841888,-0.062220674008131,-0.097356729209423,0.0973454266786575,-0.0930513367056846,-0.0897410213947296,0.09735769033432,0.0368478260934352,0.0971314832568168,0.0973570719361305,0.0953937843441963,-0.0950305610895156,0.0962403193116188,-0.057401530444622,0.0973578914999961,-0.0973374098539352,-0.0973428264260292,-0.0972910299897193,0.0663252100348472,0.0887997969985008,-0.0958054810762405,-0.0896555036306381,-0.0966293439269065,-0.0973230972886085,0.097343698143959,0.0973578989505767,0.0142557779327034,0.0968935564160347,-0.0973167866468429,-0.0802907943725586,0.0939354673027992,0.0780149176716804,-0.0400428548455238,0.0943245440721511,-0.0007310750661417,-0.0342074818909168,-0.1091281548142433,-0.0097060203552246,-0.0542152598500251,-0.0292850509285926,-0.1076426357030868,-0.0906456559896469,0.1057565882802009,0.110561192035675,-0.0105664571747183,-0.1101756617426872,-0.0878006070852279,-0.110560655593872,-0.0803364887833595,-0.0083179147914052,-0.0029588430188596,0.1098658144474029,-0.0385020077228546,-0.1103476509451866,-0.1044319421052932,-0.092473492026329,0.1066330820322036,0.0421583577990531,0.0829919353127479,0.0112878931686282,0.0704419687390327,-0.1080310046672821,0.092186614871025,-0.0495139062404632,0.1099252626299858,0.1033539101481437,-0.0784340500831604,0.1089018583297729,-0.1103229895234108,-0.1100739985704422,0.0902822539210319,-0.04859035089612,-0.0789968445897102,-0.0601887553930282,0.107145644724369,-0.1105541810393333,0.0816360861063003,-0.0749308839440345,0.0089403074234724,-0.106741078197956,0.0636179074645042,0.0338885970413684,0.0852652415633201,0.1102974265813827,0.1048261001706123,-0.0626991763710975,0.1105585321784019,0.1105738058686256,-0.1025941744446754,-0.0716512575745582,0.0076602371409535,0.1096920147538185,-0.109660305082798,-0.1105176210403442,0.1104245856404304,-0.0284408219158649,0.1099945083260536,-0.1062384918332099,-0.0649034529924392,0.0084190107882022,-0.1074729859828949,0.0891686975955963,0.1061218306422233,-0.1099369972944259,0.0525658056139946,0.0825463831424713,-0.1104958280920982,-0.0564589388668537,-0.0681296363472938,0.109915591776371,-0.0980104953050613,0.0847915560007095,-0.0709841325879097,0.0417366847395896,0.1105717495083808,0.0979192107915878,0.0178785640746355,-0.1066177040338516,-0.100014641880989,-0.0730241015553474,0.0624741539359092,0.1105090379714965,-0.109030932188034,-0.0821292251348495,0.0090499017387628,0.1105594262480735,-0.106391318142414,-0.0316666774451732,0.1095627918839454,-0.0837096944451332,-0.1096550226211547,0.0879705622792244,-0.0205071046948432,-0.1071449592709541,0.0825224220752716,-0.1100698634982109,-0.0907770171761512,0.0820335447788238,-0.078368492424488,-0.1027319431304931,-0.0911529883742332,0.0371134839951992,0.1099100112915039,-0.1100678220391273,-0.0080340439453721,-0.1093010976910591,0.0986157208681106,0.1093387901782989,0.0680380687117576,0.1104558855295181,-0.005051601678133,0.1091437190771102,-0.1097089201211929,0.1096343696117401,-0.1099651381373405,-0.1103974431753158,0.1038674861192703,-0.1080138683319091,0.1031013578176498,0.0769520998001098,0.0066961790435016,-0.0806090459227562,-0.1038623079657554,0.1036140099167823,-0.1074078455567359,0.1064757406711578,-0.0841848999261856,-0.1051193550229072,-0.0047800014726817,0.1040015444159507,0.0835123211145401,0.1070795804262161,-0.1001866981387138,0.0425935089588165,-0.1033110469579696,-0.1074141412973404,0.0307540167123079,0.0385147184133529,0.0823451578617096,-0.1077929139137268,-0.0674209296703338,-0.0149036273360252,-0.1058336943387985,0.001541739096865,-0.0984761491417884,0.0972080752253532,0.0033082475420087,-0.0619849115610122,-0.0854587778449058,-0.106143482029438,0.0629468709230423,-0.0355750061571598,0.0577113255858421,0.1073675751686096,0.048204269260168,-0.106038860976696,0.1040499508380889,0.0944250747561454,-0.1050413995981216,-0.0928695872426033,-0.1044039279222488,0.1010921970009803,-0.061781357973814,0.1060069873929023,-0.0072788018733263,0.1023802533745765,-0.0828703716397285,-0.1033523827791214,-0.0879915207624435,0.094644658267498,0.0716672465205192,0.1072766929864883,-0.089379534125328,0.0795285031199455,0.1001836657524108,-0.0699102357029914,0.0209537055343389,-0.0666214227676391,0.0414550006389617,-0.1010119691491127,-0.0145152434706687,0.1044555008411407,0.1063961312174797,-0.1045799553394317,-0.1008478179574012,0.0996255353093147,0.0899721756577491,0.0978483036160469,-0.1072836890816688,0.1040633544325828,0.003528629662469,0.1075076013803482,-0.0996754989027977,-0.1044744551181793,0.0697313174605369,-0.1054149642586708,-0.0880661010742187,-0.1068189665675163,0.0921444594860076,0.1010288298130035,0.0705716460943222,-0.085727222263813,0.0107232080772519,0.0465349107980728,-0.039956372231245,-0.0974576249718666,-0.1074031442403793,0.0866792872548103,0.0870240405201911,-0.0811363607645034,0.1077249646186828,-0.0925175622105598,0.1019935309886932,-0.0932871848344802,0.1066426336765289,0.0543139316141605,0.0991089791059494,-0.0872469320893287,0.0926428586244583,0.1061048135161399,0.0640599653124809,-0.0507761389017105,-0.0857240334153175,-0.0707191973924636,0.1041331589221954,-0.0692498385906219,-0.1049810275435447,-0.1075524091720581,-0.09242445230484,0.0143786193802952,-0.0311740729957819,0.1076070368289947,-0.1037417501211166,0.1053038164973259,0.0275529567152261,0.1039689630270004,0.1033990532159805,-0.106656976044178,0.0487852022051811,0.089356742799282,0.1053523495793342,-0.0979190915822982,-0.1074399799108505,-0.1022252887487411,0.1065383851528167,0.1066394373774528,0.1051119193434715,0.0806021988391876,-0.1001126170158386,0.1075929626822471,-0.1066306829452514,0.0021379154641181,-0.0775601863861084,0.1563314199447631,-0.094631940126419,0.1485097110271453,0.1126952320337295,-0.0087512442842125,-0.004099846817553,0.0684045255184173,0.0744401738047599,-0.0278608128428459,-0.0438051261007785,0.1473595798015594,0.0858727544546127,-0.0616801753640174,-0.0615672916173934,0.1140535995364189,0.042337778955698,-0.1279481649398803,-0.0734072104096412,-0.0983484163880348,-0.1509051173925399,-0.1012075841426849,-0.1404768377542495,-0.1004365235567092,0.114249400794506,-0.0333041585981845,-0.0477660782635211,-0.1419160366058349,0.0410060845315456,0.0218351762741804,0.1475817412137985,0.0828540623188018,-0.0137447239831089,0.0778661742806434,0.0643007829785347,0.0665970295667648,0.0467763692140579,0.0116823213174939,-0.0056650913320481,-0.0133525906130671,0.1378960013389587,0.0283997617661952,0.0677072331309318,0.048592384904623,-0.1227452903985977,-0.0154947079718112,0.1242891475558281,-0.0642811357975006,-0.1335222870111465,-0.0591023415327072,0.1398237198591232,0.0920772925019264,-0.0986448004841804,0.0876503139734268,0.038636602461338,-0.066357173025608,-0.054374810308218,-0.0097568919882178,-0.1150495707988739,0.0028987175319343,0.1190312355756759,-0.0579496249556541,0.0739561840891838,-0.1014159321784973,-0.0901076570153236,-0.1431736648082733,-0.073063239455223,-0.1348650008440017,0.1168606504797935,-0.1006090342998504,-0.1159362643957138,-0.0839802548289299,-0.1090521439909935,-0.0665452182292938,0.0281843710690736,0.1049732565879821,0.0890180617570877,0.1110175922513008,0.1132503971457481,-0.1282333135604858,0.0192300546914339,0.1133393794298172,0.0328058376908302,-0.0011470282915979,-0.114803522825241,0.105815589427948,-0.0846519768238067,-0.0217371601611375,0.1053492575883865,0.0455499738454818,0.0182388201355934,-0.0974841639399528,-0.0900223180651664,0.1024150922894477,0.067845694720745,0.0123287253081798,-0.1108043640851974,0.0476187244057655,-0.1006764099001884,0.0365238152444362,-0.0514815114438533,-0.0241691712290048,0.0686181485652923,0.0154241733253002,0.1315333992242813,0.0624130256474018,0.105149894952774,-0.0484053343534469,0.0167538337409496,-0.1306834667921066,0.0143570750951766,0.1272854804992675,-0.0706311538815498,0.0316475629806518,0.0036889479961246,0.1178058013319969,-0.1334309428930282,-0.084555335342884,0.1389554589986801,-0.0839640125632286,0.068231776356697,-0.0901026800274849,-0.1494916826486587,0.0581454113125801,0.0827420130372047,-0.0565162599086761,0.0969590544700622,-0.0283144284039735,0.0877992361783981,-0.0135763399302959,0.000427201623097,0.0334301628172397,0.1485117971897125,0.1395578682422638,0.0749011561274528,-0.0360237918794155,0.0566535666584968,0.0941459387540817,-0.038793820887804,-0.0867043659090995,0.072912648320198,-0.1043522879481315,-0.0063608228228986,0.0451250225305557,-0.1360805928707122,-0.0975679457187652,-0.074782557785511,0.009516711346805,0.0101310778409242,-0.1430797725915908,-0.0040609305724501,-0.0997782200574874,0.0500603578984737,-0.0931589379906654,0.0278806630522012,-0.0722054466605186,-0.0471785850822925,0.0567279048264026,-0.0634808093309402,-0.0316490679979324,0.1185828000307083,-0.061320811510086,0.0582365542650222,0.1076375097036361,-0.027927316725254,0.0408887080848217,-0.1447264701128006,0.0144184147939085,-0.0739943459630012,-0.0382829010486602,0.0049378778785467,0.0546650178730487,-0.1275446116924286,0.1198270767927169,0.0633510649204254,-0.0124310841783881,-0.135404422879219,-0.1154851615428924,0.1230419799685478,-0.0626187548041343,0.0196864269673824,0.1456789225339889,-0.1533949673175811,-0.0813411548733711,0.0501958131790161,-0.1189273223280906,-0.0525434389710426,0.0688979551196098,-0.0636037066578865,-0.0659931600093841,-0.111770749092102,0.1120593771338462,-0.0078810937702655,-0.0176780223846435,-0.0734544023871421,0.0154208298772573,-0.1382561922073364,0.0248937327414751,-0.1173175796866417,0.0834608227014541,-0.0079282419756054,-0.1453912705183029,-0.1043630838394165,-0.1291601955890655,0.0267194360494613,0.0906595215201377,-0.0349859558045864,-0.0985150784254074,-0.0761983320116996,-0.1148096397519111,-0.1262524425983429,-0.0636090859770774,0.133037269115448,-0.1186404377222061,-0.0644831135869026,-0.0716454088687896,-0.0705732330679893,0.1555750370025634,-0.0480182766914367,-0.099410742521286,-0.077489249408245,-0.1481859982013702,0.0856890976428985,-0.1095580458641052,-0.0202918779104948,0.023127757012844,-0.0830090343952179,-0.048064712435007,0.1553870886564254,0.0754840970039367,-0.0104557359591126,-0.1250906437635421,0.1431818008422851,-0.0190987139940261,-0.0122980186715722,0.0864195004105568,-0.0010402691550552,0.056541197001934,-0.1227155029773712,0.1061156168580055,0.050656896084547,0.078669860959053,-0.0846504867076873,-0.0940681770443916,-0.0107264779508113,0.0849001333117485,-0.1390134841203689,0.1051659286022186,0.1387499868869781,0.1520272195339203,0.0211050231009721,0.0712466314435005,-0.1445687711238861,0.0714019536972045,-0.1234830021858215,FTDSAEWYVOZSMW-UHFFFAOYSA-N,Cn1cc(NC(=O)CCc2ccco2)c(=O)n(C)c1=O
-0.046107854694128,0.072237454354763,0.1102644503116607,0.1058641076087951,-0.1040838733315467,0.0786757692694664,-0.1095891967415809,0.0667588636279106,-0.052651472389698,-0.0933302491903305,0.0832784548401832,-0.0691732168197631,0.0248594116419553,-0.0643987953662872,0.1091672554612159,-0.0348747707903385,-0.075037196278572,0.0853257626295089,-0.1082749366760253,0.1100502908229827,-0.0574431829154491,-0.1097284704446792,0.1102611944079399,-0.0959417149424552,0.1099970936775207,-0.1083781868219375,-0.1095701828598976,0.0903818234801292,0.063593715429306,0.0557130761444568,0.0677354484796524,-0.1098902374505996,-0.100110188126564,-0.1062775626778602,-0.1043570339679718,0.1101316884160041,0.064565509557724,0.0763279199600219,-0.0560490116477012,0.1024925261735916,-0.1102634519338607,-0.1102675050497055,0.0930999889969825,0.0569140166044235,0.1102523431181907,0.1033411920070648,0.1021324321627616,0.0641200914978981,0.0929608568549156,0.018046798184514,-0.0378447771072387,-0.0893913954496383,-0.0844534188508987,-0.0334748178720474,0.0430522039532661,0.1101961359381675,0.1102639064192771,0.076514296233654,-0.1005824953317642,-0.107256568968296,-0.1101717129349708,0.0591628029942512,-0.0979079380631446,-0.084862433373928,0.0446331314742565,0.0876328125596046,-0.0694114416837692,0.1055250093340873,0.1083108112215995,0.0676580965518951,0.0883195176720619,0.1102368235588073,0.0582067258656024,-0.0969321951270103,0.1102354973554611,-0.1095663458108902,-0.1075451523065567,-0.0276547987014055,-0.0340283960103988,0.0246768146753311,0.1036228016018867,0.1082789525389671,0.1075393185019493,0.099823273718357,0.106786735355854,0.0982668027281761,0.0932445898652076,0.0054440000094473,-0.0480328872799873,0.0299689173698425,-0.0150498207658529,0.0986352786421775,-0.105598084628582,0.1091670766472816,-0.106106124818325,0.1100333333015441,-0.1102174147963523,0.1024126857519149,0.1016713455319404,0.0977578312158584,-0.0840033516287803,0.0241653155535459,-0.0468993075191974,0.1102175265550613,-0.1087951138615608,-0.0975857228040695,0.1098130792379379,0.0706734433770179,-0.0952885821461677,0.0484046787023544,-0.0154724931344389,0.1030164510011673,-0.1058792769908905,0.0867208093404769,0.0564036667346954,-0.1098840534687042,-0.1098365560173988,-0.1102743968367576,-0.0816015154123306,0.0992004498839378,-0.1079450920224189,0.0487932860851287,0.0506034940481185,0.1085420176386833,0.023229831829667,0.1089523956179618,0.0064284238032996,-0.1100157275795936,0.102146528661251,-0.040548201650381,-0.0402816943824291,0.1020180284976959,0.0651174485683441,0.0988833457231521,-0.1021231189370155,0.0885374248027801,0.1020757034420967,0.0784335434436798,0.1016088351607322,-0.1007178202271461,-0.0993855893611908,-0.0292313192039728,0.0924791470170021,0.0137253245338797,0.100427933037281,0.101721666753292,-0.1021465212106704,-0.0381866507232189,0.0479997508227825,-0.0514723882079124,-0.1021464988589286,0.058585625141859,0.0920866727828979,0.1021044105291366,-0.0526262819766998,-0.1004221439361572,-0.0449444055557251,-0.0880351811647415,0.0334689989686012,0.0183394849300384,-0.101618967950344,0.10213303565979,0.1007533892989158,0.1009327545762062,-0.1013902053236961,-0.1021430417895317,-0.0914392471313476,-0.0242727119475603,0.1020333692431449,0.1015135496854782,-0.0844324752688407,-0.1021399199962616,-0.0299469269812107,-0.0972488224506378,0.0445964820683002,0.0922893360257148,-0.1021400094032287,0.1021464169025421,0.1018559411168098,-0.1021296381950378,-0.101520761847496,-0.0825997218489646,0.0797579064965248,-0.1018137857317924,-0.0018244246020913,-0.1021371707320213,-0.102144755423069,-0.1017564460635185,0.0304343588650226,-0.084588922560215,-0.0998175516724586,0.0939880385994911,0.10214664041996,-0.0996747985482215,0.0493972823023796,0.1021369472146034,-0.1021440029144287,0.1021286249160766,0.0963905379176139,-0.1021463349461555,-0.0904261544346809,-0.094361238181591,-0.0999388471245765,0.1020717695355415,-0.1008654832839965,0.1021138504147529,0.0043024588376283,-0.1003285124897956,-0.1019459888339042,-0.0756643041968345,0.1018903627991676,-0.0941884592175483,-0.1014491319656372,-0.0203809831291437,0.0828720852732658,0.101468913257122,0.048829473555088,0.1009231582283973,-0.0971742421388626,-0.1017605438828468,-0.0711985379457473,0.0236259065568447,-0.0647477284073829,0.0981029942631721,0.0981457009911537,-0.0996051579713821,-0.0892943665385246,0.1016219109296798,0.101016029715538,0.1020380109548568,0.1020710691809654,0.0752381235361099,0.0162489172071218,0.0964890643954277,-0.1017511710524559,0.1020379066467285,-0.1021439358592033,-0.1020875871181488,-0.0872928202152252,0.1009029150009155,-0.0950662940740585,-0.1013580486178398,-0.0698627009987831,0.0943415313959121,-0.1021402701735496,0.0779870674014091,0.1021384373307228,-0.0989544764161109,0.1019646525382995,-0.1020387113094329,0.0865538269281387,0.1020337343215942,-0.0063881762325763,-0.102143719792366,0.0967206433415412,0.0214873328804969,0.0766858085989952,0.0267669484019279,0.109639398753643,-0.0866198539733886,0.0729564577341079,-0.1098961681127548,-0.0161685608327388,-0.1099432781338691,0.0236280281096696,0.0866929367184639,-0.0462000407278537,0.0714729875326156,-0.1086255013942718,-0.1027677059173584,0.0730373263359069,-0.0862692967057228,0.0704940930008888,0.1074505224823951,-0.1091135516762733,-0.0692530050873756,-0.1006013974547386,0.0740938112139701,0.10864969342947,0.1018655076622963,0.1093730479478836,0.1060411408543586,0.0965273901820182,0.094498336315155,-0.0875789150595665,-0.0819785892963409,0.1098115742206573,-0.1098403111100196,0.0912910997867584,-0.0294901803135871,-0.0967520028352737,-0.0502943471074104,-0.1090330481529235,-0.1001464799046516,-0.1088560223579406,0.1090342849493026,0.0368832983076572,0.0903419479727745,0.1079726442694664,-0.1022337824106216,0.0091188112273812,0.0475613996386528,-0.0201328843832016,-0.0854133367538452,0.1077303066849708,-0.0517361536622047,0.063059277832508,0.1098598018288612,0.0894349887967109,0.0649923160672187,0.0903984829783439,-0.1021612733602523,0.1099589690566062,-0.1065419763326644,-0.1096329391002655,0.0137989353388547,0.0937545672059059,0.1095421463251113,0.0246304981410503,-0.0486529618501663,0.10805344581604,0.0736300200223922,0.1096681728959083,0.0007055404130369,-0.0597869008779525,0.0806803926825523,-0.1099225431680679,-0.1098035871982574,-0.1034504175186157,0.1098592579364776,0.1099534630775451,-0.1097589507699012,-0.1092348992824554,0.0734287425875663,-0.0472890511155128,0.0279888547956943,-0.1086806207895279,0.1099457815289497,-0.1053825318813324,-0.0999831780791282,-0.1056388318538665,-0.068256638944149,0.1098426356911659,-0.10938211530447,-0.1086383014917373,0.0848469585180282,0.1099572852253913,-0.0346680022776126,0.0664964169263839,-0.0549780130386352,0.0213347505778074,-0.1097328662872314,-0.097878560423851,-0.0917698666453361,0.0612087808549404,0.0079426607117056,-0.1095424890518188,0.031285498291254,0.1077951118350029,0.0090374965220689,-0.1077348887920379,-0.0408146157860755,-0.1090263724327087,0.1042780950665474,-0.1096423491835594,0.0370921231806278,-0.1066461950540542,-0.1086694374680519,0.1066649928689003,0.1033326759934425,0.1012766510248184,-0.1092127338051796,-0.0491872914135456,-0.1090231761336326,0.1099606156349182,0.0138309029862284,-0.107961855828762,-0.0561388060450553,-0.1049767062067985,0.0184148177504539,-0.0172653850167989,-0.1092904210090637,-0.0878537073731422,0.0997632294893264,0.1425596177577972,-0.0205906108021736,-0.0547666326165199,-0.1290249824523925,0.050097681581974,-0.0954166948795318,-0.0387225039303302,-0.1027968525886535,-0.034568928182125,-0.0658987760543823,-0.08328727632761,0.128794640302658,-0.0006864737370051,0.0108804563060402,0.0240117758512496,-0.0244591180235147,-0.1370832026004791,-0.0225866921246051,0.1949324756860733,0.039741888642311,-0.0519714727997779,0.1143325343728065,0.0625077560544014,-0.0345495976507663,0.1179902181029319,-0.0439455583691597,-0.1084919199347496,0.0552283786237239,0.0663282722234726,-0.1377923339605331,-0.0717160329222679,0.0809743553400039,-0.1409274488687515,0.0541024319827556,0.1001332849264144,0.1096149682998657,0.0307347625494003,-0.0301195196807384,0.1621449589729309,0.0445066019892692,0.1468917578458786,-0.0309000704437494,0.1457270681858062,-0.0110868485644459,0.036781933158636,-0.0578635372221469,-0.1145558431744575,0.0450060591101646,-0.1501954048871994,0.0575626157224178,0.0657991021871566,-0.0770444869995117,-0.0034388718195259,0.0472342781722545,0.0385317951440811,-0.1254703104496002,0.0198328737169504,0.1229606717824935,0.0568762719631195,0.165034994482994,0.0068307220935821,0.0221638102084398,0.0876332819461822,-0.1593571156263351,0.1133087277412414,0.0576173178851604,0.0514278709888458,-0.0781216993927955,0.009012596681714,0.0966914445161819,0.011001743376255,0.0089729772880673,0.0128573924303054,-0.0125696891918778,-0.0886234194040298,0.0662504956126213,0.100574716925621,0.0454569943249225,-0.0267917849123477,-0.0998182892799377,0.0769567564129829,0.1228733956813812,-0.1628450602293014,-0.1688781976699829,0.0556166619062423,0.0850940942764282,-0.0641296729445457,0.1400457173585891,0.1710229367017746,0.06600983440876,-0.0619872882962226,0.0706651136279106,-0.1150577813386917,-0.1391349732875824,0.0185055807232856,-0.1011362746357917,0.0099881282076239,0.0370275825262069,0.1006761267781257,-0.020718190819025,0.0606529861688613,0.0475520752370357,0.1055016666650772,-0.1009416878223419,-0.0813251882791519,0.1052045598626136,0.0600044950842857,-0.0707284435629844,0.1428973972797393,0.0982701033353805,-0.0875487625598907,-0.0527488142251968,0.0346949733793735,0.0475153923034668,-0.1263729929924011,-0.0394305251538753,-0.0361404344439506,0.0458843596279621,-0.1104908883571624,-0.0642662495374679,-0.0081514855846762,0.0164928026497364,0.0694465190172195,-0.1372115761041641,-0.1511634588241577,-0.146095409989357,0.0339243449270725,0.0654718205332756,-0.0181318558752536,0.0605833679437637,0.1660455912351608,-0.0790779814124107,0.1541115790605545,0.1461441665887832,0.1253400295972824,-0.1056851595640182,0.0827741250395774,0.0636706054210662,0.0330054238438606,-0.0339104980230331,0.0197720061987638,0.0868450850248336,0.0028885786887258,-0.0324667245149612,0.0377656742930412,0.0223756488412618,0.0149561632424592,0.1508309543132782,-0.0252923872321844,0.0050144391134381,-0.0555053763091564,-0.0456783734261989,-0.1328059434890747,0.1212742403149604,-0.0032976556103676,-0.0558590851724147,-0.0329519435763359,0.1123551651835441,0.153646320104599,0.1005707755684852,0.0542346239089965,0.0587308332324028,-0.1611693501472473,0.0024550764355808,0.1355117708444595,-0.1690557301044464,0.0755661055445671,-0.0442789159715175,-0.0798050314188003,0.0908391997218132,-0.0805892869830131,0.0216045584529638,-0.0742958858609199,0.0129272509366273,-0.0593769624829292,-0.0083821397274732,-0.0524528287351131,-0.0470500364899635,-0.0493265502154827,-0.0963833928108215,0.1315444260835647,-0.0660532638430595,0.0242383107542991,0.0156899224966764,-0.0985815152525901,0.0033862018026411,0.1375737935304641,-0.0472022779285907,-0.0935764238238334,0.0772657394409179,-0.0506858490407466,0.0078288149088621,-0.1154445186257362,-0.0898361057043075,0.0327308513224124,0.0230520702898502,0.0189876090735197,-0.0045947544276714,0.1195220202207565,-0.1174006834626197,-0.1133027300238609,-0.1028277277946472,0.0478070117533206,-0.1013949885964393,0.1694463789463043,0.0313960537314415,-0.0249175541102886,0.0185068491846323,0.1091013178229332,-0.0828412920236587,-0.1306723058223724,0.1695069223642349,-0.1057352200150489,0.0354693382978439,0.047437984496355,-0.0180721562355756,-0.1110836341977119,0.1205359697341919,0.0374381393194198,-0.0886116325855255,-0.1582213044166565,-0.0049740942195057,0.1893061697483062,0.0799027010798454,-0.0116447759792208,0.0108950408175587,0.103526547551155,-0.1220519691705703,-0.0452541038393974,0.0519552826881408,-0.0738592594861984,0.0717072859406471,0.0050244643352925,0.0870541706681251,-0.103407010436058,-0.0436268858611583,-0.0019955851603299,0.026017116382718,-0.0673622190952301,-0.0888247564435005,0.1755632162094116,-0.0972298383712768,0.1355326175689697,-0.0619662776589393,0.1858100295066833,-0.0331346690654754,0.0679724365472793,0.0713917762041091,-0.1412533372640609,-0.1122222542762756,0.0871376320719719,-0.0411457493901252,0.0215180460363626,-0.0770037323236465,-0.1105163097381591,0.0725357830524444,-0.0532603375613689,-0.1031082570552825,0.0619784258306026,-0.0042527555488049,-0.0685219541192054,0.0469675809144973,0.1536596715450287,0.1283754855394363,0.0183520652353763,-0.0993161126971244,0.0514346472918987,-0.0465933643281459,-0.0355307385325431,-0.0045185177586972,0.0040055504068732,-0.0551382489502429,0.0823917612433433,-0.1413283944129943,-0.1496478766202926,0.0464596860110759,0.0192497763782739,0.093051441013813,-0.0275438372045755,-0.0536978989839553,0.0709683746099472,-0.0113335903733968,0.0476459562778472,0.0101601649075746,-0.0423980541527271,-0.1285338103771209,-0.0535882003605365,0.1418048292398452,0.0484758615493774,0.0685945227742195,-0.0997617617249488,0.1369475275278091,0.1212668046355247,0.1231933161616325,0.1194381043314933,0.0965746194124221,0.0965474992990493,0.0366421155631542,-0.0484672375023365,-0.0836027041077613,0.0859501436352729,-0.0261458531022071,0.1130961924791336,-0.1000796854496002,-0.1092078238725662,0.0494094602763652,-0.0438974536955356,0.0793108642101287,-0.1277894824743271,0.1119375824928283,0.0382220633327961,-0.0944628864526748,-0.1375361084938049,-0.0959126055240631,0.0587244555354118,0.1270594000816345,0.0574065223336219,0.1129542142152786,0.0706845521926879,-0.0701908767223358,0.1342156678438186,-0.1459262520074844,0.0726154819130897,-0.0519161522388458,0.1038379967212677,0.1079030483961105,-0.1513577848672866,-0.0934846699237823,-0.0039072022773325,0.1408988386392593,-0.0379440635442733,0.0037978910841047,-0.0981984287500381,-0.1242239326238632,-0.0892488956451416,0.0575601011514663,-0.0197940021753311,0.0071387030184268,-0.0715858563780784,-0.1299796104431152,-0.139162078499794,-0.0445543751120567,0.0046117454767227,0.0890124291181564,-0.1291692703962326,0.060778371989727,0.0727400556206703,0.0761272311210632,-0.1107103377580642,-0.0160343647003173,-0.0187252629548311,-0.1022593080997467,0.088869109749794,0.0182643216103315,0.0586388148367404,-0.0239600855857133,0.0575760342180728,0.0005150169599801,0.0077741276472806,-0.1136150509119033,0.0563845448195934,0.1055847778916359,-0.0975314751267433,-0.026622250676155,-0.0494294911623001,-0.1255152523517608,-0.0506717078387737,-0.128497838973999,0.1523135751485824,-0.0770594179630279,0.1097064167261123,-0.157106876373291,0.0674318373203277,-0.12563556432724,0.0348073542118072,0.0392890498042106,0.0131107717752456,0.1343908905982971,0.1548787057399749,0.007085409015417,0.102031372487545,-0.1286754012107849,0.0392452180385589,-0.1105686426162719,WKWFGRWZUOMIQY-UHFFFAOYSA-N,Cc1ccnn1CC(=O)NCCN
-0.0068630673922598,0.0317426174879074,0.109378233551979,0.0350543856620788,0.1038199588656425,-0.0781031250953674,-0.0898364260792732,-0.0608788281679153,-0.1030760705471038,-0.0607985369861125,-0.0954058691859245,-0.0146687589585781,-0.1090590357780456,-0.0888204723596572,0.1106516793370246,-0.0814256072044372,-0.1106644719839096,0.1105192378163337,-0.0717347040772438,0.0966754555702209,-0.0996330454945564,0.0829523876309394,-0.0409372933208942,0.1056652292609214,0.0981541872024536,-0.0571338012814521,0.0444814562797546,-0.0578784719109535,-0.0587694458663463,0.1099149882793426,-0.106105700135231,-0.0804707482457161,0.1058735698461532,0.1081723049283027,-0.0994757339358329,0.0951398164033889,0.1103255301713943,-0.0181012824177742,-0.1010571047663688,-0.1025540232658386,-0.0985015630722045,-0.0869788825511932,-0.0641664788126945,-0.1068689003586769,-0.0863682478666305,0.0257060024887323,0.0132388975471258,-0.0331853777170181,0.1106302887201309,0.0489169433712959,-0.0228699147701263,0.0721993148326873,-0.0907120257616043,0.1106674820184707,-0.047919075936079,0.0997953861951828,0.1105706170201301,-0.0703324973583221,0.1089789345860481,-0.0675374567508697,0.1002616062760353,0.0920266658067703,0.0108589958399534,0.0871789827942848,-0.1106153577566146,-0.1076501384377479,-0.0357776619493961,-0.0834501534700393,0.0495742000639438,-0.1097163632512092,-0.0285965558141469,-0.0671566277742385,0.0474022515118122,-0.0953310504555702,-0.0752202570438385,-0.0932237952947616,-0.0995811000466346,0.0798193365335464,0.1103712543845176,-0.1104623675346374,-0.0876186266541481,0.1106173321604728,0.1106547713279724,0.0983485057950019,0.0886967107653617,-0.0973678678274154,0.1094207540154457,0.0616739504039287,-0.1104749143123626,0.0526834726333618,0.108830027282238,0.1097785681486129,0.0268697943538427,-0.1106213480234146,0.0171004012227058,0.1083019226789474,-0.1033039763569831,0.1095435321331024,0.0904902219772338,0.1067150086164474,-0.097071848809719,0.0546620450913906,0.0977203175425529,0.1048493757843971,-0.1083383783698082,-0.1098564192652702,0.1029685214161872,0.1038260906934738,-0.0886726900935173,0.1083699390292167,0.1106586381793022,-0.1062709689140319,-0.102776750922203,-0.1080859154462814,0.0860401391983032,0.0315748564898967,-0.110106848180294,-0.1106315404176712,-0.08806062489748,0.0745039582252502,0.1087830886244773,-0.0378673449158668,0.1080641373991966,0.012107091024518,0.1042790934443473,0.1062483638525009,-0.0069859181530773,0.0908600836992263,0.1017212644219398,-0.0046520801261067,-0.0889758244156837,0.1066667065024375,0.106637991964817,0.084622137248516,-0.1058265194296836,0.1006356552243232,-0.0895965322852134,-0.1062396392226219,0.0554994903504848,-0.0332232341170311,0.1045543327927589,-0.0572634562849998,0.028445852920413,-0.0922536700963974,0.0781121328473091,-0.1065479442477226,-0.1064421236515045,0.1066481471061706,-0.1067385077476501,0.0820884108543396,-0.0068853180855512,0.1067591831088066,0.1067156121134758,-0.0928887799382209,0.0040918793529272,0.0830571055412292,0.0689799338579177,-0.0503221079707145,-0.1049263328313827,0.1003879010677337,-0.0022586211562156,0.1034612581133842,0.0846652239561081,-0.1067584902048111,-0.0737876519560813,-0.1065603345632553,0.1067177504301071,0.1067323833703994,0.0987053737044334,0.0885595232248306,0.1048824191093444,0.0992506742477417,0.0717021524906158,-0.1063195019960403,0.104540154337883,-0.0036350567825138,0.1050294414162635,0.0891749560832977,0.1063270270824432,0.1058716848492622,-0.0939106941223144,0.0893347859382629,-0.100371278822422,0.0743073001503944,0.0821173712611198,-0.1055245697498321,-0.1066532805562019,0.0911412462592125,0.1021142899990081,0.1051202490925788,0.0171040520071983,-0.0455542355775833,0.106748841702938,-0.0136994728818535,0.1067469269037246,0.1067584902048111,-0.1067832931876182,0.1066230982542038,0.0318928994238376,-0.065464548766613,-0.1026253774762153,0.1067646443843841,0.0713852941989898,0.0956180989742279,0.053876556456089,0.1056723147630691,-0.1036040857434272,-0.0722297802567482,-0.0872584879398346,0.0499624945223331,-0.1063035726547241,-0.0171599630266428,0.0486189536750316,0.0941365882754325,0.0059685981832444,-0.0747163593769073,0.1013317704200744,0.0505750589072704,-0.10562264919281,-0.1010288223624229,-0.106510691344738,-0.1039968356490135,-0.1016251966357231,-0.0631081461906433,-0.016200453042984,-0.1065879836678505,-0.0702871978282928,0.1067745611071586,0.1061658710241317,0.0962671488523483,-0.0565016008913517,0.0925870910286903,0.1057963073253631,0.054217729717493,0.1067081317305564,0.1003472581505775,-0.005363636650145,-0.0824964046478271,-0.1039912104606628,-0.1007622331380844,0.0551022961735725,-0.0911627784371376,0.1067720279097557,0.0291791353374719,0.0187247693538665,0.0975578427314758,0.1067475453019142,0.0975379198789596,0.1062880679965019,-0.1055034101009368,0.0509975031018257,0.090303897857666,-0.1065175384283065,0.1066514998674392,-0.0943478196859359,-0.0879805758595466,0.012096487917006,0.0224329270422458,0.0386135168373584,0.0132579356431961,0.1232574880123138,-0.0088517135009169,-0.0386379733681678,-0.0858267098665237,0.0533968918025493,0.0770468786358833,-0.0815170779824256,-0.0606062151491642,-0.0086291646584868,0.0119683090597391,0.108469434082508,0.0510262176394462,-0.108928345143795,-0.0216244775801897,0.1191383674740791,-0.1071455925703048,-0.1183401718735694,-0.0234989132732152,0.1045857444405555,0.1092470437288284,0.0041412720456719,-0.1138930022716522,-0.0633457824587822,-0.0160587932914495,0.12037855386734,-0.1105550229549408,0.1181938871741294,-0.0491161495447158,-0.1091601401567459,-0.0114823719486594,0.1113171949982643,0.0025957846082746,0.1119197979569435,0.0356098227202892,-0.0554759018123149,-0.0123374862596392,0.1156845241785049,0.0968178808689117,-0.1082424819469451,-0.1244541034102439,0.1094963476061821,-0.0209945738315582,-0.1023083850741386,-0.0910295024514198,-0.1164688989520073,-0.1220442429184913,-0.021017950028181,-0.1189400553703308,-0.120358407497406,0.1237316504120826,-0.0103684561327099,0.1228177547454834,0.1131000593304634,0.106823481619358,-0.0559796653687953,-0.0366743840277195,0.1197380572557449,0.1165132224559784,0.002643511397764,0.0282511916011571,-0.1163123846054077,0.1099247261881828,0.1192227080464363,-0.0710780471563339,0.124523714184761,0.0413987040519714,-0.1124386191368103,-0.0921886786818504,0.0151970228180289,0.1121158450841903,-0.0823699831962585,0.122427798807621,0.0474420674145221,-0.0180720090866088,0.1239857375621795,-0.0501565262675285,-0.1171122267842292,0.1145576313138008,0.0780744701623916,0.1180868968367576,-0.1232727319002151,0.100749060511589,0.1218951642513275,-0.0793693885207176,-0.1108009368181228,0.0743645429611206,-0.0460991896688938,-0.0756808519363403,0.1161755621433258,0.063181534409523,-0.0007542547537013,-0.1227617338299751,-0.1120097935199737,-0.0074889971874654,0.1203366219997406,-0.1208697333931922,-0.1241508945822715,-0.0025830355007201,-0.0305276662111282,-0.0483947433531284,0.0164583399891853,-0.0851073563098907,0.0527973622083663,-0.1047640070319175,0.1244222074747085,-0.0828855112195015,0.0717885419726371,-0.1222071349620819,0.0895669981837272,-0.1209871992468833,-0.1038088351488113,-0.047028612345457,0.1032031923532486,0.1201129779219627,-0.0187958162277936,0.1166404485702514,-0.1206438019871711,0.0203645769506692,0.0036017156671732,0.1209096312522888,0.010267224162817,-0.0910714715719223,0.0776277855038642,-0.0576400347054004,-0.0110250208526849,-0.0004180367977824,-0.0400073118507862,-0.0531389527022838,-0.0286197066307067,0.1077763736248016,-0.1331868022680282,0.0476736649870872,0.0427116863429546,-0.138002336025238,0.0569153614342212,-0.0239050574600696,0.1654001325368881,-0.1307208985090255,0.0017798559274524,-0.1203635558485984,-0.0312126129865646,-0.1554188877344131,0.019003951922059,0.0462774150073528,0.079287938773632,0.0981116592884063,-0.1173957958817482,0.1196796745061874,0.1449964344501495,0.0317156799137592,-0.1559381484985351,-0.0189230870455503,-0.0380075499415397,-0.1328024715185165,0.006429064553231,0.1283828169107437,-0.0570419915020465,-0.0310951992869377,0.0864275321364402,-0.0270560402423143,0.0586614720523357,-0.0858946591615676,0.1047728061676025,-0.0054438896477222,0.0707472562789917,-0.1031607538461685,-0.0050229676999151,0.1362294107675552,0.0678532794117927,0.117603987455368,0.0466576479375362,0.0653993636369705,0.0368269309401512,0.1197850108146667,0.0038620883133262,-0.0541819259524345,0.0474434979259967,0.1261896044015884,-0.061339970678091,-0.0140541205182671,-0.0390973947942256,0.0970560312271118,0.1185117289423942,0.0081879692152142,-0.1229966059327125,0.1118720173835754,0.1393667012453079,0.1062843799591064,-0.0036459153052419,-0.0764618143439292,-0.026459353044629,-0.0763552486896514,-0.0944882035255432,-0.0508291199803352,-0.0728758424520492,0.1155166178941726,-0.1272931098937988,0.1055403873324394,-0.1579239070415496,-0.0065501532517373,-0.0597374327480793,-0.0525548122823238,-0.0852732360363006,-0.0892157554626464,0.0395649150013923,0.1248392909765243,-0.1268227249383926,-0.1765730232000351,-0.1003487929701805,-0.0276664160192012,0.039012387394905,0.124543197453022,-0.1195564940571785,0.0271594375371933,0.147889032959938,-0.114317312836647,-0.1226021349430084,-0.1216559410095214,-0.013055776245892,-0.0225372035056352,0.0744433924555778,-0.034945510327816,0.0448245219886302,-0.0287833232432603,0.0427558794617652,0.1049925312399864,0.0315497182309627,0.0547785274684429,-0.008045582100749,0.1211405843496322,-0.1159149780869484,-0.1144769489765167,0.1247990801930427,0.1517569124698639,-0.1016760170459747,-0.0452768504619598,-0.0023229322396218,0.1001420468091964,0.0923215374350547,0.0505521260201931,-0.051820371299982,-0.0901344940066337,0.0142218796536326,-0.0640179142355918,-0.0874674916267395,0.0289165340363979,0.0697113424539566,-0.0792257413268089,-0.0139985773712396,-0.0909390524029731,-0.1267318576574325,0.1398281902074813,-0.0831080675125122,-0.089217223227024,0.1211556121706962,-0.1157701164484024,0.0961323380470275,0.1097830533981323,0.0410728119313716,0.0772400051355362,0.0861222967505455,0.0594468712806701,-0.0354128926992416,-0.0602672770619392,0.1210810244083404,0.1081388369202613,0.0349227525293827,-0.1027565822005271,0.1203646585345268,-0.0478363260626792,-0.1177475154399871,-0.1173051446676254,-0.085480660200119,-0.1195155754685401,-0.0884594321250915,-0.1144713088870048,-0.1022658869624137,0.1065426766872406,-0.1143789365887641,0.0858968347311019,-0.1193236038088798,0.0987507998943328,-0.081373892724514,0.1209673956036567,0.1011177226901054,-0.0992796868085861,0.0586936473846435,0.1101523861289024,0.0576689541339874,0.095151163637638,-0.085427276790142,0.0043091927655041,0.0146972965449094,0.1187609955668449,-0.0420821905136108,0.0975314527750015,0.0901849642395973,-0.0806319043040275,0.0847842469811439,0.1194008886814117,-0.0669516772031784,-0.1173528432846069,-0.021289724856615,0.1187014058232307,0.1184073239564895,-0.1089123040437698,0.1156001985073089,-0.0101513443514704,0.0573132373392581,-0.1125817894935607,-0.0106523428112268,-0.1034465730190277,-0.0391935631632804,0.1069503203034401,-0.0999523997306823,0.0275414772331714,-0.0542857944965362,-0.0692696943879127,-0.1186983287334442,-0.0930307954549789,-0.1157056614756584,0.1184470430016517,-0.111625500023365,-0.1147681325674057,0.0101737575605511,-0.1126480996608734,-0.0504608899354934,0.0190632306039333,0.0992183983325958,0.0335912518203258,0.0561823174357414,0.0764478370547294,-0.1206412017345428,0.0457672588527202,0.0973227322101593,-0.0990749299526214,0.0127131100744009,-0.1142065823078155,0.1025567203760147,-0.1068429350852966,-0.0031967698596417,0.1170876175165176,0.0949274003505706,-0.0996875911951065,0.0729736238718032,-0.017018748447299,0.0093050664290785,0.0251178909093141,0.0724979639053344,-0.1016102358698844,0.0694874674081802,0.0529215037822723,0.1093668490648269,0.0171669851988554,-0.0742330327630043,0.0711977928876876,-0.0009160685585811,0.091701790690422,0.1123483404517173,0.1094004362821579,-0.0146576361730694,0.0219748374074697,-0.1146455407142639,0.053154706954956,0.1098490953445434,-0.0942563861608505,0.0754995122551918,0.0328736118972301,0.084294706583023,-0.1193771660327911,-0.0299617704004049,0.1118111684918403,-0.0535686425864696,0.1058287620544433,-0.1129476800560951,-0.1206516250967979,-0.0646100118756294,0.1162678971886634,-0.0773869380354881,0.0863750055432319,-0.0689236000180244,0.1179412975907325,0.0011420130031183,0.0877692177891731,-0.0757386684417724,0.0355242975056171,-0.1282539665699005,0.1072415187954902,-0.0972179397940635,0.0978193506598472,0.1273159831762313,0.0817176550626754,0.02795603685081,0.063502088189125,-0.0481801517307758,0.0460969917476177,0.0349113717675209,0.0325836725533008,0.0075209308415651,0.0597422495484352,-0.1019908711314201,-0.1021197661757469,-0.1393932551145553,-0.1180466413497924,-0.1051760762929916,0.0843985751271247,0.1406918913125991,0.1248837262392044,-0.0710110440850257,0.1235368698835372,-0.0646316111087799,0.0733809918165206,-0.082858458161354,0.0142758330330252,-0.1258563548326492,-0.1203344762325286,0.0142400972545146,-0.0173929333686828,0.1178117543458938,-0.1126604229211807,0.0714827552437782,-0.1174382045865058,0.0863265916705131,0.0007148253498598,0.1489010453224182,0.123620368540287,0.1435537338256836,0.0214711688458919,-0.0039425208233296,0.0613272301852703,0.0344277285039424,-0.1058851182460784,0.091455154120922,0.0487636439502239,-0.018818013370037,0.1067467108368873,-0.1081994026899337,0.0126565443351864,-0.1452275812625885,-0.0973435491323471,-0.0969709753990173,-0.0317967943847179,0.0417779050767421,-0.0228384789079427,0.0602121464908123,-0.0699516683816909,0.107522539794445,-0.0162380132824182,-0.0320073924958705,-0.0532699562609195,-0.0212114043533802,-0.1154224649071693,0.0143964532762765,0.11775703728199,-0.1246345713734626,-0.0332721918821334,0.0590021163225173,-0.0537331663072109,0.0184344667941331,-0.0849091336131095,0.0034361265134066,0.0977000221610069,-0.0230165813118219,0.1113399192690849,-0.0648209452629089,-0.1239905580878257,0.0187603253871202,-0.07537692040205,0.1173980236053466,-0.0256878547370433,0.1487151086330413,0.024048862978816,0.0879435837268829,-0.0116205709055066,-0.0187674537301063,0.0960948169231414,-0.123721644282341,-0.0791390538215637,0.0281317308545112,0.1413639634847641,-0.0208905097097158,0.1004658192396164,-0.034616582095623,-0.0507372915744781,0.1253101676702499,-0.0252315495163202,0.0172448456287384,-0.0946651995182037,0.0114153008908033,-0.1170518770813942,0.0309571903198957,0.1410030871629715,0.1442366689443588,-0.1374006420373916,0.1599576324224472,-0.140916422009468,0.106109045445919,0.0968943387269973,-0.1194214522838592,-0.0495207346975803,-0.013296709395945,-0.0240054558962583,0.1543937772512436,-0.0254136584699153,0.1160536482930183,-0.1388077437877655,-0.1040334329009056,-0.0857667177915573,QSWMDYPTZTWFRP-UHFFFAOYSA-N,CCOC(=O)N1CCC(NC(CO)c2ccco2)CC1
0.0962844565510749,-0.0381396003067493,0.0876947864890098,-0.0836265012621879,-0.091201476752758,-0.0415168181061744,-0.0981254801154136,-0.097915880382061,0.0969137400388717,0.0034918417222797,0.0973143726587295,0.0976070091128349,-0.0704894661903381,-0.0561952143907547,-0.0974471420049667,-0.0511899106204509,-0.0926479995250701,-0.0954293310642242,-0.098123587667942,0.0981235355138778,-0.0979731902480125,-0.0947903841733932,0.0981264039874076,-0.0970543473958969,0.0964137315750122,-0.0981042608618736,-0.0918478891253471,0.0885859131813049,0.0980400443077087,-0.0980844125151634,0.0961314961314201,-0.0980101451277732,0.0971492081880569,-0.0981264039874076,0.0005951551138423,0.0902781188488006,0.0728605315089225,-0.0491363927721977,-0.0981255322694778,0.0976827964186668,-0.0981264039874076,-0.0981264039874076,0.0939390137791633,0.0877368748188018,0.0923390761017799,-0.0979489907622337,0.0980615690350532,0.0980325117707252,-0.0745865777134895,0.0970008969306945,-0.0981252193450927,-0.0981232747435569,0.0981173068284988,0.0979726538062095,0.098123013973236,0.0981249883770942,0.097874067723751,0.0976391658186912,-0.0905012488365173,0.0755565240979194,-0.0981264039874076,0.0981229096651077,-0.0980197787284851,-0.0035014937166124,-0.0976303294301033,0.0980890691280365,-0.0969083905220031,0.0949264541268348,-0.098119668662548,0.0975057110190391,-0.0868423581123352,0.0979533195495605,-0.096919760107994,0.0372423790395259,0.098123200237751,-0.0981264039874076,-0.0981074795126915,-0.0938932225108146,-0.0978361219167709,-0.0862462297081947,0.0965938344597816,-0.0230641327798366,0.0981257259845733,-0.0126707954332232,0.0807250961661338,-0.0980724766850471,-0.0233109965920448,-0.0190211553126573,-0.0893920958042144,0.0485820472240448,-0.0951523557305336,-0.0308735482394695,-0.0082100881263613,0.0979701429605484,-0.0508539602160453,0.0980390161275863,-0.0981262996792793,0.0981257483363151,0.0924504697322845,0.0981157049536705,-0.0979434698820114,0.0965379998087883,0.0967987850308418,0.0981247797608375,0.0713194832205772,-0.0977392718195915,0.0981232598423957,0.0981261655688285,-0.0979289561510086,-0.089595079421997,0.0979699864983558,0.0950571969151496,-0.0963473692536354,0.0980194136500358,0.0977508276700973,-0.0912794396281242,-0.0251059252768754,-0.0740509107708931,0.0930158346891403,-0.0979967713356018,-0.0954938679933548,0.0485901422798633,0.0980818048119545,0.0957973822951316,-0.0965351089835167,0.0981158018112182,0.0571935065090656,-0.0981260612607002,0.0941458344459533,-0.0941456854343414,0.0939824506640434,0.0941458344459533,0.0918534994125366,0.0936226174235344,-0.0941396653652191,-0.0941455736756324,-0.0919553712010383,0.0941458269953727,0.0684280544519424,0.0941388458013534,-0.0126228090375661,-0.0941261351108551,0.0941445529460907,-0.0935033336281776,0.0150100030004978,0.0886952430009841,-0.0941458344459533,0.0004396685108076,-0.0940671488642692,-0.0940110087394714,-0.0937758386135101,0.0941455066204071,-0.093653492629528,0.0940798670053482,-0.0940621271729469,-0.0936881750822067,0.0941457897424697,0.0941458344459533,0.0841735228896141,-0.093943178653717,-0.0941458269953727,0.0819377154111862,0.0679914057254791,-0.0914587900042533,-0.0821254476904869,-0.0526469051837921,-0.0933185517787933,-0.0941427499055862,0.0941447615623474,0.0820168480277061,-0.0941458344459533,-0.0941401571035385,0.0939976572990417,-0.0941458195447921,0.0821322277188301,-0.0941458120942115,-0.0941414758563041,0.0941458344459533,0.0941458344459533,-0.0941458344459533,-0.0941456705331802,0.0941458344459533,0.094143159687519,-0.0938054323196411,-0.0647609755396843,0.0935967713594436,-0.0940920636057853,-0.0841283127665519,0.0941457971930503,-0.0941444188356399,-0.0941452085971832,0.0941458269953727,0.0932081267237663,0.0940086394548416,0.093464694917202,0.0941443443298339,-0.0941458195447921,0.0941458344459533,-0.0708124935626983,-0.0941457748413086,0.0941455066204071,0.0941403955221176,-0.0720541179180145,0.0941338539123535,-0.0941457450389862,0.0921315476298332,0.0606829859316349,-0.0941141545772552,-0.0905496627092361,-0.0925096720457077,-0.0552667155861854,0.005087602417916,0.0928051173686981,-0.051337607204914,0.0941457971930503,0.0941458344459533,-0.0937880650162696,0.0941457599401474,-0.0941453278064727,-0.0940606594085693,0.0891276821494102,-0.0941284298896789,0.0926845222711563,0.092646449804306,0.0941458344459533,0.0941458269953727,0.0879687443375587,-0.093677170574665,0.0941352024674415,-0.0933479368686676,0.0941458344459533,0.0938948839902877,-0.0941402092576026,-0.0929402559995651,-0.0941458344459533,0.0939903333783149,-0.0941458344459533,0.087930642068386,-0.002420742996037,0.0936710685491561,0.0929792821407318,-0.0940959900617599,-0.0941458195447921,0.0941456034779548,0.0941273868083953,-0.0923897698521614,0.093940146267414,-0.094132088124752,0.0941458344459533,-0.0940349921584129,-0.0282252300530672,0.0884973108768463,0.0941098183393478,0.0920221284031868,-0.0440031662583351,0.0314156115055084,0.0952697321772575,0.1000321209430694,-0.0861534550786018,0.0999314114451408,-0.1000683531165123,-0.0996907204389572,0.0930284634232521,0.0081563424319028,0.0998521000146865,0.0397602021694183,0.1000704914331436,-0.0623688772320747,-0.100071795284748,-0.1000701487064361,0.1000714227557182,0.0954373478889465,-0.0746443048119545,0.1000714674592018,-0.0887845084071159,0.0354965031147003,-0.0996316000819206,0.0999984592199325,-0.0954759865999221,0.0701355189085006,0.0575738064944744,-0.0980680733919143,-0.0989484041929245,-0.0978931114077568,-0.0921825990080833,0.1000717282295227,-0.1000646650791168,-0.0289960652589797,0.0995738357305526,-0.0604033730924129,0.1000708043575286,-0.0818686485290527,-0.0854244604706764,-0.082013614475727,-0.0999958962202072,0.0999055430293083,0.0315516255795955,-0.0677178427577018,0.0992437526583671,0.029541878029704,-0.0885088592767715,-0.0801463276147842,-0.1000048220157623,0.1000209972262382,0.0958128571510315,0.0681961253285408,0.0956171974539756,-0.0011620677541941,-0.0902441143989563,0.1000714898109436,0.0402091778814792,-0.1000684201717376,-0.0863594189286232,0.1000717803835868,0.0998842641711235,-0.1000509932637214,0.1000717878341674,-0.096827819943428,-0.0999778807163238,0.0819795876741409,0.0420997329056263,-0.1000510454177856,-0.0331435985863208,0.0741016492247581,0.0926085412502288,0.0201269183307886,0.0675306990742683,0.0996157974004745,-0.0997169911861419,0.0928190425038337,0.1000717878341674,-0.0974761173129081,0.0549336969852447,0.1000717878341674,0.1000578105449676,-0.0463246814906597,0.0655914992094039,0.0655105635523796,0.1000709980726242,-0.099923551082611,0.0929609164595604,-0.0984241813421249,0.0993402451276779,-0.1000705584883689,-0.0796334519982338,-0.0999850705265998,-0.0999305173754692,-0.0187553651630878,-0.1000713855028152,0.0999515131115913,-0.0999374240636825,-0.100071795284748,0.0375737212598323,0.098807081580162,0.0990269780158996,0.1000647842884063,-0.1000298336148262,0.0796422436833381,0.0281529705971479,0.0864412188529968,-0.100071795284748,0.100071795284748,-0.1000694781541824,0.1000717803835868,0.0728443935513496,0.0933197662234306,-0.1000186204910278,-0.1000566780567169,0.0828787609934806,0.100071795284748,-0.0999873727560043,0.0931767895817756,-0.0912830531597137,-0.1000710949301719,0.1000717803835868,0.0946822315454483,0.1000059694051742,-0.0781711265444755,-0.0998716205358505,0.1000707671046257,0.0738040283322334,-0.0993267297744751,-0.0808388218283653,0.0978231728076934,-0.097508780658245,-0.1012840867042541,-0.0777952075004577,0.0563161671161651,0.1076553240418434,-0.0573008134961128,-0.1068755388259887,-0.0789899006485939,0.0695855915546417,-0.075234867632389,-0.0957828164100647,0.0045636142604053,0.0683089196681976,-0.1017812043428421,0.0640686005353927,-0.0599161423742771,-0.0107172289863228,-0.0714946538209915,0.1050899997353553,0.0578191839158535,-0.0886231735348701,0.0430926010012626,-0.0925504639744758,0.1039028018712997,-0.094699777662754,0.1016979739069938,0.1057016476988792,-0.0854872837662696,0.0985572040081024,-0.1055114641785621,-0.1061985865235328,-0.0756452530622482,0.0595664680004119,0.0986046493053436,-0.1042450219392776,0.0073549100197851,0.0614217109978199,0.1068888828158378,0.1064481884241104,0.1053304672241211,0.1072987541556358,-0.0935898423194885,0.0882294699549675,-0.0112890666350722,0.1029361113905906,0.1077226921916008,-0.1057624369859695,-0.0715718120336532,-0.0806668922305107,0.1068954914808273,0.0907691121101379,-0.0882815867662429,0.1075268015265464,0.0015854217344895,-0.1076975911855697,-0.1042437404394149,-0.1068650186061859,0.0532701089978218,-0.0195732694119215,-0.0588499940931797,-0.1076369658112526,0.106445662677288,0.0961353257298469,0.1068405583500862,0.0628685429692268,0.0394676327705383,-0.0965096205472946,-0.0976995676755905,0.0578556433320045,-0.1020183712244033,0.0910544171929359,-0.0827739611268043,-0.1028473079204559,0.1077161431312561,-0.0902084484696388,0.0393887124955654,0.1069484576582908,0.0073090400546789,0.0848894491791725,-0.0961153730750083,-0.0971581116318702,0.0970521047711372,-0.1072890236973762,-0.1017111763358116,0.0184825714677572,0.1072671636939048,-0.0827314257621765,0.0928705930709838,0.0949023962020874,0.1060326695442199,0.1041710451245307,-0.0150816095992922,-0.1019088476896286,-0.0712610110640525,0.1075789406895637,-0.1018006503582,-0.0595041289925575,-0.1072178781032562,-0.1051442101597786,-0.0970158576965332,0.1074932813644409,0.102401927113533,-0.1073714271187782,-0.1021713390946388,0.0924814343452453,0.0542095229029655,0.0937716960906982,0.1067551001906395,0.0844865217804908,-0.1036808341741561,-0.0956726521253585,-0.0846547856926918,-0.0829178094863891,0.1076943054795265,-0.0315032079815864,-0.0730141699314117,0.1070781722664833,0.107048898935318,0.0814257785677909,0.0031140821520239,0.08698121458292,-0.0693336427211761,0.0954702198505401,-0.045339785516262,0.1023376062512397,0.1021244153380394,0.098291702568531,0.0992414578795433,-0.1214760839939117,-0.113317959010601,0.1324981898069381,-0.1280667930841446,-0.0032669475767761,0.1172425374388694,0.0723032131791114,0.0518489927053451,0.0215003378689289,-0.0529799908399581,0.1060517281293869,-0.1046196296811103,0.1304142922163009,0.0816726759076118,0.0674515441060066,-0.1302033364772796,0.1330022662878036,-0.0278952587395906,-0.1029340103268623,-0.1242774575948715,-0.100344717502594,-0.1156671792268753,-0.0050850720144808,-0.1000543758273124,-0.0702585577964782,0.1047864705324173,-0.1164873763918876,0.0052008302882313,-0.1075979247689247,0.1035861447453498,-0.0366240926086902,0.1348674595355987,0.0160770583897829,-0.049504455178976,-0.1146378070116043,0.0432127676904201,0.0864571779966354,-0.089799664914608,-0.0959924086928367,0.009831822477281,-0.0171714127063751,0.1172879487276077,0.0064957016147673,0.0775643959641456,-0.0398450270295143,0.0813656970858573,0.0943671315908432,0.0871042907238006,0.0412730202078819,-0.0864030718803405,0.0594484396278858,-0.0679152011871337,0.1336418092250824,-0.1024014949798584,0.0970889255404472,0.0294129904359579,0.0818404182791709,-0.0881256684660911,0.1160000786185264,-0.0811703130602836,0.0352712646126747,0.1206145733594894,-0.1199705526232719,-0.1019448265433311,-0.0231797285377979,-0.0228762384504079,0.0060642114840447,-0.0243078488856554,-0.0743935704231262,0.04536659643054,-0.0857277736067771,-0.1242075413465499,-0.0993266478180885,-0.113414853811264,0.0775834247469902,0.0510167442262172,0.1263128966093063,0.0176074244081974,-0.1009940579533577,-0.0889714062213897,-0.1265892684459686,-0.0288923904299736,-0.0640036240220069,-0.0512278601527214,-0.0616312287747859,-0.1286334097385406,0.077418603003025,-0.0491501204669475,-0.1203274130821228,0.1363765746355056,0.1305761486291885,-0.1248904764652252,-0.0609211921691894,0.1102223023772239,0.1080712750554084,-0.1035100296139717,0.0319252833724021,-0.0503796227276325,-0.0236387066543102,0.1101103201508522,0.1001648157835006,0.0953894406557083,-0.0711107552051544,0.1064585000276565,-0.1118459105491638,0.048386450856924,-0.098755195736885,0.0857114940881729,0.0011907913722097,0.066063717007637,-0.0405628308653831,0.0219638142734766,0.1266119629144668,-0.075808510184288,0.1189168468117713,-0.1109296977519989,0.1244589239358902,-0.0790659040212631,-0.0359407849609851,0.0217457041144371,-0.1180074885487556,0.0193624347448349,-0.0362360067665576,-0.1187535747885704,-0.061168186366558,0.1232035011053085,-0.0938149690628051,0.0699470713734626,-0.0465375743806362,-0.1091764867305755,-0.0271940417587757,0.0976022109389305,-0.0829194784164428,0.1221873015165329,0.124646782875061,0.0961008742451667,0.0278089493513107,-0.1350890845060348,0.003095687367022,0.0463719889521598,0.0299001783132553,0.069165214896202,0.0911960452795028,-0.1239338740706443,0.125611662864685,-0.117763951420784,-0.1036329865455627,-0.0036002267152071,0.0471482686698436,0.0327222011983394,0.0293861348181962,-0.1283078789710998,0.0798035189509391,-0.0098712965846061,0.0040731178596615,-0.0577694289386272,-0.0989149436354637,-0.0222878251224756,0.0159697290509939,0.1073081567883491,0.124899111688137,0.0761374533176422,-0.1099474430084228,0.1222478970885276,0.0591822452843189,0.0956362634897232,-0.037592526525259,0.1101425886154174,0.0212020352482795,-0.0500592738389968,-0.0686299502849578,-0.051542405039072,0.0946409478783607,-0.0791366100311279,0.1352991908788681,-0.1301068663597107,-0.1068982481956482,0.0656524673104286,-0.0255457665771245,0.0798383578658104,-0.0445556454360485,0.1127656996250152,0.089486114680767,-0.1227166503667831,-0.0544315725564956,-0.1225511506199836,-0.1047277450561523,0.1181649565696716,-0.0055266073904931,0.044019229710102,-0.0467520654201507,-0.0799170061945915,0.1269771009683609,-0.1229672580957412,-0.0139383217319846,-0.0339014455676078,0.1172276511788368,0.0988890379667282,-0.1338570415973663,0.0478758253157138,0.0973072573542594,0.1283875107765197,0.0414882339537143,0.0038585285656154,-0.1093087345361709,-0.0893980488181114,-0.1085153222084045,0.0696361735463142,-0.0961764901876449,0.0452784374356269,0.0693657845258712,-0.1219902783632278,-0.1114711165428161,-0.1073906421661377,0.0545202568173408,-0.0165753383189439,-0.124928131699562,0.1276657581329345,0.1311140656471252,-0.0676080808043479,-0.1310968250036239,0.1118160560727119,0.0960392206907272,-0.0850405767560005,-0.0152754969894886,-0.0595815069973468,-0.1105922907590866,-0.1045333221554756,-0.1073456183075904,0.0316870622336864,-0.1150319203734397,-0.1333392113447189,0.0492742285132408,-0.0488800853490829,-0.1229782626032829,0.0190263949334621,0.0839108973741531,-0.1190677806735038,0.1141100153326988,-0.1297690421342849,0.129254013299942,0.0116661069914698,0.0866194143891334,-0.1302767395973205,0.0827500224113464,0.0241453498601913,-0.0613050274550914,-0.0041491575539112,0.0151482848450541,0.0484331771731376,0.1322865039110183,0.0700113624334335,0.1057007536292076,-0.0296371337026357,0.0212382618337869,-0.0762384459376335,UOVZGKRHINHSDU-UHFFFAOYSA-N,Cc1ccc(C(=O)NCCN2CCOCC2)c(C)c1
0.0978384688496589,-0.0625484138727188,0.0978507921099662,0.0978490635752677,0.0777654573321342,-0.0970908552408218,-0.0978507399559021,-0.0083359628915786,0.0978370308876037,-0.0488328449428081,0.0978502482175827,-0.0884125232696533,0.0978505238890647,0.0348565429449081,0.0975022763013839,0.0978411585092544,-0.0828811600804328,0.0976165980100631,-0.0366915240883827,0.0978509113192558,0.0612558983266353,-0.0978508442640304,0.0978508740663528,0.092274859547615,-0.0740859881043434,-0.0978508293628692,-0.0978509113192558,-0.09380504488945,-0.0703163966536521,0.0977721959352493,0.0978508368134498,-0.0978460535407066,-0.0726426094770431,-0.097095787525177,-0.0965317264199256,0.0978507250547409,-0.0972780659794807,0.0430890023708343,-0.097850888967514,0.075486771762371,-0.0978482440114021,-0.0978508964180946,-0.0883367359638214,0.0454072654247283,0.0978496149182319,-0.0063505158759653,0.0978505611419677,0.0895420387387275,0.0978497341275215,-0.0942861139774322,0.0978508368134498,-0.0744596272706985,-0.0978496074676513,0.0978508293628692,0.0977202728390693,0.0977900475263595,0.0978400185704231,0.0740519165992736,-0.0978508964180946,0.0645885095000267,-0.0978401824831962,0.0973226875066757,-0.0928131490945816,0.0977269262075424,0.0321025028824806,-0.0509778186678886,0.0967176258563995,-0.0507969707250595,0.097786545753479,-0.0606996193528175,0.0971684455871582,0.0978500619530677,-0.0952879264950752,-0.0603447370231151,0.0978477820754051,-0.0978454649448394,0.082263633608818,0.0977402329444885,-0.0948704779148101,0.0968266949057579,0.0978503450751304,0.0978305414319038,0.0977266654372215,-0.0973151251673698,0.0928072929382324,0.0977768525481224,0.0381566323339939,0.0912827476859092,-0.0977707505226135,0.0968396067619323,0.0977968350052833,0.0496572330594062,-0.0978506281971931,0.0855437293648719,-0.0978468134999275,0.0978509113192558,0.0345960333943367,0.0650127753615379,0.0902112275362014,0.0971316695213317,-0.0364669263362884,0.097118929028511,0.0970096066594123,0.0978505462408065,-0.0858441144227981,0.0968462750315666,0.0978509113192558,-0.0946736261248588,-0.0978270694613456,0.0878477469086647,0.0978030934929847,0.0978475287556648,0.0907609760761261,-0.0977021157741546,0.0976965427398681,-0.0978175178170204,-0.0978469476103782,-0.0018034966196864,0.0974099263548851,-0.0782767310738563,-0.0966079533100128,0.0978207364678382,0.0978496745228767,0.0976598486304283,-0.097850851714611,-0.0859260186553001,-0.065781258046627,-0.0977782532572746,0.0987781658768653,-0.0261045899242162,-0.0680918470025062,0.0986151248216629,0.0979452356696128,-0.0953896567225456,-0.0987770110368728,-0.0692885741591453,0.014187023974955,0.061487503349781,0.0970622673630714,0.0964688435196876,-0.0987760424613952,-0.0951768159866333,-0.0977899506688118,-0.0987596958875656,0.0987780317664146,0.0987781509757042,-0.0945671871304512,-0.0971368625760078,-0.0983111336827278,0.0987713113427162,-0.0987282544374466,0.0668825581669807,-0.0987764522433281,0.0987762659788131,-0.0987780690193176,0.0964947715401649,0.0984144285321235,-0.0745691806077957,0.0985910519957542,-0.0987726151943206,-0.097971610724926,0.098776526749134,0.0987774059176445,-0.0026080266106873,-0.0987781807780265,-0.098593071103096,-0.0935580432415008,-0.0961128622293472,0.0407170802354812,0.0685814246535301,-0.0987739413976669,-0.0699849352240562,-0.0563764125108718,-0.0987780317664146,0.0985002890229225,0.0503934845328331,-0.0834163576364517,0.0987779647111892,0.0987767428159713,0.0480042770504951,-0.0987781733274459,0.084673061966896,0.0054329731501638,-0.0793336629867553,-0.0986947268247604,0.0908290669322013,-0.0985893756151199,-0.0979833900928497,-0.0878496915102005,-0.0987658947706222,-0.0304720010608434,0.0987770184874534,0.0940850377082824,0.0975893586874008,0.0982053056359291,-0.0987488925457,-0.0974881798028945,0.0987723469734191,0.0986875519156456,-0.0987709760665893,-0.030714888125658,-0.0980308204889297,-0.0944159850478172,0.0987472608685493,0.042746253311634,0.0984444096684455,0.0985775142908096,-0.0987762883305549,-0.0341605730354785,0.0774938464164733,0.0166288055479526,-0.0587322749197483,0.0978200659155845,0.0986473709344863,0.0973382219672203,0.0971146672964096,-0.0987211838364601,-0.0196522045880556,0.0482126623392105,-0.0986755043268203,-0.0978745967149734,-0.0978829637169838,-0.0987578481435775,0.0353801399469375,0.0975150242447853,-0.0986421331763267,-0.0879939794540405,0.0887876451015472,0.0987778306007385,0.0977833196520805,0.0538527593016624,-0.0882762596011161,-0.0985924154520034,-0.0964241996407508,-0.0987738147377967,0.0986899808049202,-0.0987222865223884,-0.097848504781723,-0.0987772718071937,0.0956375896930694,-0.0105929458513855,0.0980578437447547,-0.0987419635057449,0.0986446365714073,-0.0626320615410804,0.067479096353054,0.0987781882286071,0.0946244895458221,0.0987780913710594,-0.0987597331404686,0.0980162769556045,0.0921421721577644,0.0831624120473861,-0.0986443012952804,0.0812126025557518,0.0945156589150428,0.0933558717370033,-0.0986745581030845,-0.0907482206821441,-0.0960643440485,-0.0994599759578704,-0.0994870290160179,0.0719892680644989,-0.099398948252201,0.0989004373550415,-0.0595447570085525,0.0993446856737136,-0.0994271486997604,-0.099487654864788,-0.0994878858327865,0.0994681641459465,-0.0990016981959343,0.098302237689495,0.099487617611885,-0.0991763174533844,-0.0994837582111358,0.0994683727622032,0.0994874536991119,0.0994878262281417,0.0994762852787971,-0.0286799147725105,0.0548074841499328,0.0967830270528793,-0.0752760171890258,-0.0746435672044754,0.0479647107422351,-0.0977998301386833,-0.0994878485798835,-0.0992831736803054,-0.0378763601183891,0.0144821871072053,-0.0992222726345062,-0.0994878858327865,-0.0992801114916801,-0.0943556800484657,0.0826785787940025,-0.0942836925387382,-0.0983235761523246,0.0994852259755134,0.0986868068575859,0.0994878411293029,-0.095653235912323,0.0994644835591316,0.0731047317385673,0.0994878858327865,-0.0959347039461135,0.0982959046959877,0.0986449569463729,0.0975402295589447,0.0993620976805687,0.0435674749314785,-0.0813112333416938,0.0994858369231224,-0.0994869619607925,0.0958714559674263,0.0993717983365058,-0.0994756519794464,0.0672661364078521,0.0994863659143447,0.0509470850229263,0.0987737104296684,-0.0687176957726478,0.0943161994218826,-0.0371373519301414,0.0994774475693702,0.0350674465298652,-0.0994878709316253,-0.0994352921843528,-0.0994868353009224,0.0994753837585449,0.0994841530919075,-0.099487617611885,-0.0969971716403961,0.0809671282768249,-0.0589821860194206,0.0276965852826833,-0.0939312055706977,0.0416956432163715,-0.0994653850793838,-0.0994878113269805,-0.099408134818077,-0.0482557527720928,0.0543561801314353,-0.0412766337394714,-0.0938932448625564,0.099420852959156,0.0994816124439239,0.0994104743003845,0.0176832750439643,0.0267085749655962,-0.0985807627439498,-0.0994868427515029,-0.0994876846671104,0.099482923746109,0.0250979755073785,-0.0974384546279907,-0.0992509424686431,0.0992952436208725,0.0994873493909835,0.08925611525774,-0.0994878783822059,-0.0976834073662757,-0.09945560246706,0.0837458074092865,-0.0899703279137611,-0.0921559408307075,0.075850173830986,0.0994531214237213,-0.0495831109583377,0.0994388312101364,-0.0398494414985179,-0.0330008938908577,0.0975828468799591,-0.0994878858327865,0.0994878858327865,0.0917256325483322,-0.0993276163935661,0.0994752123951911,0.0800993219017982,-0.0041977940127253,0.0994817167520523,-0.0716672465205192,-0.0916633680462837,0.0992079600691795,0.1031380742788314,-0.0660584867000579,-0.0657601505517959,-0.0758368149399757,0.0725544914603233,-0.0848040953278541,0.0434490665793418,-0.1010822728276252,0.0419185683131217,-0.0513925217092037,-0.103402130305767,0.1009771600365638,0.069108597934246,-0.0838920325040817,0.0232239589095115,-0.0958927720785141,-0.1497258096933365,0.0179521981626749,0.134081095457077,-0.0499523244798183,-0.0286218430846929,0.1317814588546753,0.1074306964874267,0.0476390421390533,0.1073419973254203,-0.0093869538977742,-0.1081096827983856,0.0434591360390186,0.0934678688645362,-0.0635579153895378,0.04511534050107,0.13147634267807,-0.0544509030878543,0.0052050692029297,0.0723953545093536,0.1145215705037117,-0.0079860026016831,0.0707938373088836,0.1408968418836593,0.0292123910039663,0.1257631927728653,0.0579549856483936,0.1363505125045776,0.0271991789340972,0.1102412119507789,0.0260026641190052,-0.0490035563707351,0.0813007205724716,-0.0634132474660873,0.106857381761074,-0.0496665090322494,-0.0681099444627761,0.1054299622774124,0.0110653284937143,-0.058505579829216,-0.0811343640089035,0.0469987876713275,0.130299761891365,-0.0458137057721614,0.1442900896072387,0.0420114062726497,0.0334978960454463,0.1170673742890358,-0.1187937557697296,0.1177002489566803,0.046231735497713,0.022452101111412,-0.1032858341932296,0.092223472893238,0.0097751747816801,-0.0832677111029625,0.0625462681055069,-0.0841509327292442,-0.0766782164573669,-0.0383252650499343,0.0148072633892297,0.0796365290880203,0.047994889318943,-0.0998990386724472,-0.0957322791218757,0.05707249045372,0.1322936564683914,-0.1411261260509491,-0.1406714171171188,-0.0193008258938789,0.1152589544653892,-0.1234974637627601,0.1485134214162826,0.1334446519613266,0.1285163462162017,0.0128534948453307,0.1315605640411377,-0.1212930679321289,-0.1245035827159881,-0.0021873104851692,-0.0935744792222976,0.1222167164087295,-0.0615115873515605,0.0478794239461422,-0.0809144899249076,0.0262228418141603,0.095235638320446,0.0800320953130722,-0.1117579191923141,-0.0148426983505487,0.1320208311080932,0.0854787677526474,-0.0855001360177993,0.1379543244838714,0.0429843999445438,-0.0552370995283126,0.0408313609659671,0.0343623384833335,0.0922745019197464,-0.1007550284266471,-0.0067295087501406,-0.1047149375081062,-0.0592028759419918,-0.0803230926394462,-0.1195910349488258,-0.102206103503704,0.0805436670780181,-0.0136756766587495,-0.1040281131863594,-0.1190666854381561,-0.1322008669376373,0.1131867840886116,0.1187847331166267,-0.1336983740329742,-0.0145196476951241,0.0030305571854114,-0.1165608018636703,0.0091741774231195,0.1062920913100242,0.1402529776096344,0.1268675625324249,0.0553123392164707,-0.0243178270757198,0.0371585004031658,-0.0957996845245361,0.0235897079110145,0.0706860050559043,-0.0444363169372081,-0.1185487136244773,0.1209999918937683,0.0639255344867706,-0.0575642362236976,0.0094685992226004,0.0225917249917984,-0.0966887101531028,-0.1380575597286224,0.0152349630370736,-0.0222265999764204,0.1536566317081451,-0.1452310979366302,-0.0031736309174448,-0.1439590007066726,-0.0637189820408821,-0.0756784975528717,0.1009546890854835,-0.085637554526329,0.1285995990037918,0.1130377501249313,-0.102538414299488,-0.0073841656558215,-0.1379966884851455,-0.0736192911863327,0.0203619040548801,0.0885172337293624,-0.0553860031068325,-0.0111208613961935,0.0362920984625816,-0.0980981215834617,-0.1199030131101608,-0.0365756712853908,-0.1240111216902732,0.111120581626892,-0.0670376196503639,0.1447019428014755,0.0783688351511955,0.0347437039017677,0.0828085169196128,-0.0477409772574901,-0.0646175071597099,-0.0442359298467636,0.0508247353136539,0.1298758536577224,0.0523298531770706,0.1023091524839401,-0.0437386631965637,0.0457800030708313,0.13090480864048,-0.1192760989069938,0.0420389845967292,0.0510213747620582,0.0567887276411056,-0.0377037227153778,0.1096991747617721,-0.0014094548532739,-0.0226872432976961,-0.1522378474473953,-0.0407994203269481,0.1036633998155593,-0.1176976859569549,-0.032694537192583,0.0017139854608103,0.0035053249448537,-0.0530472435057163,-0.0778383910655975,0.0762413963675499,0.0998407676815986,0.0176552385091781,-0.0079571045935153,-0.133343905210495,0.0336727909743785,0.0327094681560993,0.0428104698657989,0.1534355133771896,0.119957610964775,-0.0322981588542461,-0.1517262011766433,-0.0463022775948047,0.1288879513740539,-0.0640071183443069,0.1243856474757194,-0.0488090999424457,0.095146544277668,0.0276803020387887,-0.0836589485406875,-0.0267313662916421,0.0991895943880081,0.1230423524975776,-0.1101158261299133,0.1358756721019745,-0.0867641791701316,0.0991250574588775,0.0538788586854934,2.382904312980827e-06,-0.1437957137823104,0.0868791788816452,0.1264662444591522,-0.0414591543376445,0.1015689373016357,-0.0894800648093223,0.1573271304368972,-0.1442938894033432,0.0472584813833236,-0.0775389000773429,-0.1349254250526428,0.0210478119552135,0.0513670742511749,-0.0277751553803682,-0.0277406591922044,0.139899656176567,-0.1336609274148941,-0.0355905666947364,-0.1282153725624084,-0.0053078224882483,-0.0842877253890037,0.0782888010144233,0.0792288333177566,0.1327252238988876,0.0834740251302719,0.1442930102348327,-0.0739664882421493,0.0520882904529571,0.139534056186676,0.0573150739073753,0.0102486470714211,0.050869058817625,0.1218231618404388,-0.0167301855981349,0.0462085418403148,-0.0927484259009361,-0.1140748113393783,-0.1380696892738342,-0.1284081637859344,0.0067912652157247,-0.0313421711325645,-0.1282283216714859,-0.1090565994381904,0.0728912726044654,-0.0829410701990127,0.1117199286818504,0.0044777146540582,-0.0595638416707515,0.0011495030485093,0.0222116094082593,-0.0802268534898758,0.0544787533581256,-0.126175507903099,0.0066527253948152,0.1163984239101409,0.0319562219083309,0.0777935534715652,-0.0586122833192348,0.0865149274468422,-0.0716076791286468,-0.077809065580368,0.0076177711598575,0.114892303943634,-0.0132517851889133,0.112555980682373,0.0912990644574165,0.0596086159348487,0.1295734792947769,-0.1090067699551582,-0.0761273950338363,0.1233928725123405,-0.0545082651078701,-0.1207697764039039,-0.0409480445086956,-0.1239702478051185,-0.1172664761543273,-0.0355493240058422,-0.0195949710905551,-0.0080969743430614,-0.1055800765752792,-0.081512413918972,-0.0801989063620567,0.0949867144227027,0.0062416540458798,0.1045161262154579,-0.1246199086308479,0.1232915446162223,0.0711255371570587,0.0364952906966209,-0.0615817829966545,-0.0115817198529839,-0.0814373865723609,-0.1380713582038879,-0.1291047632694244,-0.1187070980668068,0.0236782953143119,0.1075392663478851,-0.0537334084510803,0.1085063740611076,-0.1271535605192184,0.122367076575756,0.0431517213582992,-0.1208115965127945,0.1412062495946884,-0.120326392352581,-0.057170420885086,-0.1332517564296722,-0.1367080956697464,0.0558083839714527,-0.0335756428539752,-0.1171649917960167,-0.0043499441817402,-0.0937954857945442,0.1014351323246955,0.0365813598036766,0.085564836859703,-0.0661021545529365,0.0626129880547523,-0.0127637274563312,0.1026369333267211,-0.0065560517832636,0.1280861347913742,0.0216657947748899,-0.0116980969905853,0.0536783970892429,0.1273939907550811,0.009577015414834,-0.0397444255650043,0.1020356491208076,0.0937636867165565,0.1438947468996048,-0.0209064036607742,0.1220276951789856,-0.0781930461525917,-0.0945196077227592,0.0964415296912193,0.0953458324074745,0.0678337588906288,0.0951829627156257,0.1382600963115692,0.0878416374325752,-0.0685423761606216,0.0153570361435413,-0.1153472885489463,0.0801131799817085,0.002108626300469,VZDPNWPFHSBJNB-UHFFFAOYSA-N,CC(C)c1noc(CCC(=O)NCc2cccnc2)n1
0.100773736834526,0.0240236986428499,0.0982527732849121,-0.1030629500746727,-0.1021587401628494,-0.0904344841837883,-0.1017983555793762,-0.1028512492775917,-0.102678395807743,-0.0937639772891998,-0.0564741902053356,-0.002783638658002,-0.1001451909542083,-0.1020684465765953,0.0982481762766838,0.102181427180767,-0.1030516326427459,0.1021540090441703,-0.0115281660109758,0.0583362430334091,0.0647831037640571,0.1019055619835853,-0.102904163300991,0.0686282664537429,-0.0777651891112327,0.0659911260008812,0.1022830605506897,0.0711891949176788,-0.1026098355650901,-0.0758143439888954,-0.102582111954689,0.1030650287866592,0.102199412882328,0.1030647456645965,-0.0815362706780433,0.0884008109569549,0.1011160314083099,-0.1029982268810272,-0.1028031855821609,-0.1011807024478912,0.0941436067223548,0.1008640304207801,0.1030613481998443,-0.101870559155941,-0.0891783908009529,-0.1006003245711326,-0.0566992610692977,-0.1027468740940094,0.0843738242983818,0.0977259650826454,-0.0377185493707656,-0.0064953514374792,0.1002272069454193,0.1030560955405235,0.0962276831269264,-0.0167741477489471,-0.1028372570872306,0.0647504180669784,0.0875359550118446,-0.0799722895026207,0.1030587777495384,0.0911673530936241,-0.0361165478825569,0.0966074764728546,-0.1030651479959487,-0.1027089655399322,0.1019205003976821,-0.100511223077774,-0.0244112554937601,-0.0234708506613969,0.0933666378259658,-0.1029997020959854,-0.0859090536832809,0.039412073791027,-0.1010163947939872,-0.1014256030321121,0.0886699631810188,0.0590171255171299,0.1029833629727363,-0.1030594557523727,-0.1030559316277504,0.10306366533041,0.1030651479959487,0.1028530746698379,0.0954815223813057,-0.102380134165287,-0.1030053719878196,0.0779893919825553,0.0762011632323265,-0.1030648499727249,0.1026178002357482,-0.0838328525424003,0.0987690165638923,-0.1030651479959487,0.1008200272917747,0.0628809109330177,0.0430213548243045,0.0990145727992057,-0.1029678806662559,0.1018349528312683,0.0964911207556724,-0.1030027866363525,-0.0767428949475288,-0.1025300100445747,-0.1029043272137641,6.509292870759964e-05,-0.1021390184760093,0.0174405761063098,-0.0115169305354356,0.103065125644207,0.1030648872256279,-0.1029110252857208,-0.0912889316678047,0.0808576643466949,-0.0599419847130775,0.0992076322436332,0.0557015687227249,-0.0023066790308803,-0.1027133241295814,0.100575253367424,0.090834803879261,-0.072462648153305,-0.065962478518486,0.0426989793777465,0.0374980568885803,0.0962330773472786,0.1030620336532592,-0.0781737342476844,-0.0059995660558342,0.0903679952025413,-0.0801829323172569,0.0960253402590751,0.095482550561428,0.0960256457328796,-0.0902491882443428,0.084140621125698,0.0960106775164604,0.0911520197987556,0.0818477496504783,0.0959904491901397,0.0659253299236297,-0.0935582444071769,0.0960256457328796,-0.0960256457328796,0.0943217054009437,-0.095172569155693,0.0960256457328796,0.0873887911438942,0.0960256457328796,0.0852399095892906,-0.0959753766655922,0.0959130302071571,0.0944507047533989,0.094931311905384,-0.0012349419994279,-0.0956216156482696,-0.0638749971985817,0.0783374682068824,-0.096025638282299,0.0958965569734573,0.0953301191329956,0.0960232838988304,0.0960256457328796,0.0959682911634445,0.0915681943297386,-0.0960189923644065,0.0960256457328796,-0.020031277090311,0.0960233137011528,0.0952394977211952,0.0960204154253006,0.0960256457328796,0.0757380947470665,-0.095944844186306,0.0779171139001846,-0.06129165366292,-0.0515362024307251,0.0953639298677444,0.0939869061112403,-0.0692930519580841,0.0867848917841911,-0.0947968512773513,-0.0959843397140502,0.0960241109132766,0.0960256457328796,-0.0960256457328796,-0.0960256457328796,-0.0931104123592376,-0.0959251895546913,-0.0960255861282348,-0.0815426483750343,0.0959892645478248,-0.0960256457328796,-0.0960256457328796,-0.0960256457328796,0.0955228433012962,-0.0960252210497856,-0.0573228001594543,0.0960256457328796,-0.0633272528648376,0.0960111171007156,-0.0917579233646392,-0.0960252285003662,-0.0941356495022773,0.096025638282299,-0.0960256457328796,-0.0940616726875305,-0.0959580987691879,0.0960256457328796,-0.0640172138810157,0.0394400209188461,-0.0960256457328796,-0.0799459815025329,0.0960233137011528,-0.0960256457328796,-0.0581201650202274,0.0957241877913475,-0.0835664570331573,-0.0945756509900093,-0.0921074375510215,-0.0945447161793708,0.0954525247216224,-0.0959303230047226,0.0960080251097679,-0.0960093364119529,-0.0957583636045456,-0.0733227878808975,0.096022255718708,0.0454418696463108,-0.0924566760659217,-0.0613930933177471,-0.0913993045687675,0.0957292541861534,-0.0960256457328796,0.0928276777267456,-0.0863991007208824,-0.0858281180262565,-0.0948089808225631,0.0960172042250633,-0.0385490916669368,-0.095171682536602,-0.0960236564278602,0.0753798335790634,0.0937330648303031,-0.0914239212870597,0.0933729782700538,0.0949214324355125,0.0958058163523674,-0.0960256457328796,-0.0048260209150612,-0.0960256457328796,0.0934418886899948,-0.0711186155676841,0.0960254371166229,-0.0787602290511131,0.075691133737564,-0.0506082884967327,0.0969261303544044,-0.1021873131394386,0.0988559499382972,0.1020703017711639,0.0996959432959556,-0.1016649603843689,-0.0499768033623695,-0.1011560782790184,-0.1020049601793289,-0.0037706200964748,0.1017043814063072,0.0546507164835929,0.100527174770832,0.102132961153984,0.0916326195001602,0.0852842405438423,-0.0485863424837589,0.0888399332761764,-0.0708995163440704,-0.1014810130000114,0.1011304184794426,0.1017698347568512,0.0963160917162895,0.060249987989664,-0.1019279137253761,-0.0725189968943595,-0.0580752566456794,0.1020217761397361,0.0724302679300308,0.1014131531119346,-0.0972788482904434,-0.0995770618319511,0.0307504534721374,0.0592655949294567,-0.1021865904331207,0.0889568701386451,0.0316031947731971,-0.088062509894371,-0.1019865497946739,0.1007688716053962,-0.0940337106585502,-0.1021873727440834,-0.1019481196999549,-0.0882832109928131,0.0971613898873329,-0.1003412455320358,-0.1021001264452934,-0.0661917179822921,-0.0953943505883216,-0.04660489782691,-0.0976790562272071,-0.0564531236886978,0.0938132032752037,-0.0498437024652957,0.0642069429159164,-0.0803434997797012,0.0978480130434036,-0.027941308915615,-0.0531138963997364,0.1021653711795806,-0.0941883325576782,0.101663090288639,0.1011263951659202,0.095679722726345,0.1012885123491287,0.0893869623541832,-0.102186881005764,0.1021700873970985,-0.1020998582243919,0.1021584346890449,0.0990001484751701,0.0787025839090347,0.0265924073755741,0.08843594789505,0.0975405573844909,0.1021874323487281,-0.1021873950958252,0.1019608899950981,-0.1021651178598404,-0.0194024983793497,-0.1018897891044616,-0.0455715134739875,0.0225060004740953,0.0989725738763809,0.1021873876452446,-0.0253745280206203,-0.0457818433642387,0.1021829694509506,-0.1011511534452438,-0.1018956005573272,0.092914342880249,0.1017440184950828,0.1005598828196525,-0.0508196167647838,-0.1021769344806671,-0.096537098288536,0.1005320772528648,-0.0983924865722656,-0.0910510420799255,-0.1014344915747642,0.0899185836315155,0.0940796062350273,-0.1021730676293373,0.0848016589879989,0.0936403274536132,0.0971512198448181,-0.0999358296394348,0.1014711037278175,-0.1021873578429222,-0.0979730635881424,0.0253928732126951,0.0132705839350819,-0.1020619943737983,0.0525985248386859,0.0887794271111488,0.0771977975964546,0.101367637515068,-0.1019174605607986,0.0670485123991966,-0.1021844521164894,-0.0960771217942237,-0.0839342251420021,-0.1021181568503379,-0.1009200066328048,0.100688487291336,0.0723274946212768,-0.0856570973992347,0.1023784577846527,-0.0149215022101998,-0.0365978628396987,0.0255581326782703,0.1176037564873695,-0.111588642001152,-0.0582469888031482,0.092928409576416,0.0622742660343647,-0.1013518124818801,0.0305960234254598,0.0933236479759216,0.0710543245077133,-0.1029881909489631,0.0365931577980518,0.0113102318719029,-0.153203547000885,-0.0851976200938224,0.0039209378883242,-0.131785973906517,0.0479201003909111,0.1488921344280243,-0.117869421839714,0.0050870887935161,0.0622065924108028,0.1427444666624069,-0.1106642261147499,0.0383346006274223,-0.1066208332777023,-0.0229201782494783,-0.0167759768664836,0.1202589944005012,-0.0754749998450279,0.1200169697403907,-0.0665681511163711,0.0587756410241127,0.0338930189609527,0.0593144260346889,0.154475450515747,-0.0996996164321899,0.0786100625991821,-0.0236583892256021,0.0462815165519714,0.1144128441810607,0.0780002623796463,0.0994955003261566,-0.0112829199060797,-0.1169248223304748,0.0366236679255962,0.0950978249311447,-0.104574479162693,-0.1320343613624572,0.1455599963665008,0.0650356709957122,0.0518573448061943,0.0687199234962463,-0.1143985539674758,0.0715256258845329,0.1187283471226692,-0.0197422709316015,-0.1538993716239929,-0.0842061564326286,0.1026148945093154,0.0056280852295458,0.1196180135011673,-0.1011428609490394,-0.0944744572043418,-0.0632268488407135,-0.0928335189819336,-0.1170302405953407,-0.0228899382054805,-0.0850555077195167,0.0414771996438503,-0.0416358858346939,-0.0476061813533306,0.0678175836801529,0.1476654410362243,0.0067347697913646,0.1193723529577255,-0.1496419459581375,-0.1025848686695098,-0.0509664006531238,-0.1179839521646499,-0.1540252417325973,0.093493677675724,0.1064688637852668,0.0808430165052414,0.151850625872612,-0.1215468943119049,0.0680052042007446,-0.100406065583229,0.0681939423084259,-0.0320989787578582,0.0338998548686504,0.0034640869125723,-0.0924414917826652,0.0901445671916008,-0.0973798260092735,0.0581623613834381,0.1144696772098541,0.1319953948259353,0.0295684598386287,0.1021996289491653,-0.0187872815877199,-0.0013854982098564,-0.0845803618431091,-0.1023962050676345,-0.0905923768877983,0.1216073706746101,-0.0662146881222724,-0.0660565644502639,0.1177302896976471,-0.0396555289626121,0.0837972313165664,0.0687907636165618,0.1422018408775329,-0.0416809543967247,0.0032439394854009,0.0171203296631574,0.0129292020574212,-0.0525251626968383,-0.0337002091109752,0.0830180197954177,0.100216694176197,0.0803455486893653,0.0975170284509658,0.1071592569351196,0.0322724282741546,-0.1206584125757217,-0.1214715093374252,0.105771966278553,-0.1222523525357246,0.0720549672842025,0.10429497808218,0.0605918280780315,0.0838049948215484,0.0458663776516914,-0.0154855055734515,0.0868767499923706,-0.13170225918293,0.1110329702496528,0.0930307134985923,0.0174236185848712,-0.1205117255449295,0.0718023478984832,0.0595673173666,-0.0667634159326553,0.0613666698336601,-0.0214038416743278,-0.1235249042510986,-0.1214828565716743,-0.0210521500557661,0.0036509328056126,0.15023835003376,-0.1504383534193039,-0.0132816014811396,-0.1438010185956955,-0.0755600184202194,-0.0805017575621604,0.1419281959533691,-0.0202797874808311,0.0795710757374763,-0.0491526871919631,-0.1039559096097946,-0.0483474880456924,-0.1489385962486267,-0.0544893220067024,0.0702352747321128,-0.0315509475767612,0.0486264266073703,0.0233538933098316,0.11775753647089,-0.1394197791814804,-0.111997939646244,0.0097818663343787,0.004325205925852,0.0300073325634002,-0.1012940034270286,0.1074652522802352,0.0625238940119743,0.1237937584519386,0.00494274077937,-0.0684133842587471,-0.020524913445115,-0.0263705719262361,-0.0086933355778455,0.1349778175354004,-0.0478706508874893,0.125566229224205,0.0060726418159902,-0.0332092680037021,0.0874160751700401,-0.0913186073303222,-0.0605392232537269,-0.0212141089141368,0.035173088312149,-0.1131015121936798,0.1268017888069152,-0.0256703346967697,-0.1129166856408119,-0.1502795219421386,-0.0923135578632354,-0.009657859802246,-0.0727869272232055,-0.0216737333685159,0.0233110263943672,-0.0478928536176681,-0.0864989981055259,-0.1371610909700393,0.029965890571475,0.0324265323579311,-0.0678048357367515,-0.0757865756750106,-0.1295435279607772,0.0011353585869073,0.0441314056515693,-0.0122837089002132,0.1676262468099594,0.1431020647287368,-0.1043936237692833,-0.147123098373413,0.0483302548527717,0.1207637786865234,-0.0370211154222488,0.1114296838641166,0.0338065363466739,0.0953480675816536,0.0257081650197505,0.0826785117387771,0.0351021625101566,0.1042474955320358,0.0662887170910835,-0.0434808954596519,0.0365546569228172,-0.1217925772070884,0.0985702127218246,-0.0235539879649877,0.0819032415747642,-0.0598688088357448,7.291074143722653e-05,0.1414361596107483,0.0669207572937011,0.1304827630519867,-0.1388905793428421,0.169414073228836,-0.101176805794239,0.0078230733051896,0.0517423674464225,-0.1277825087308883,0.0565880350768566,0.1235470622777938,-0.0860875323414802,-0.0277834255248308,0.1634607315063476,-0.0569394119083881,0.0024062821175903,0.014826993457973,0.0318231955170631,-0.0244912542402744,0.0938072055578231,-0.0960941761732101,-0.0416510961949825,0.0781823173165321,0.0019236740190535,-0.1154913529753685,-0.1163578480482101,0.0355200581252574,0.0381034016609191,-0.0345800146460533,-0.055112637579441,-0.0445790663361549,0.00534159084782,0.0356742441654205,-0.1227673813700676,-0.1441330164670944,0.0940750390291214,-0.0734896659851074,0.035113900899887,-0.0371662192046642,-0.0978826358914375,0.0807035267353057,0.0648172572255134,0.1301343888044357,-0.080734334886074,0.0281767342239618,0.0917655006051063,-0.1685865968465805,0.049380887299776,-0.0263838842511177,-0.0470199733972549,0.0317702740430831,0.0495559684932231,0.0043535381555557,-0.0570247061550617,-0.0067248647101223,-0.0893953293561935,-0.0298350099474191,-0.1305845826864242,-0.0912280902266502,0.031847771257162,0.1275227814912796,-0.130862608551979,0.1411775350570678,-0.0625489354133606,0.010204242542386,0.1205472871661186,-0.0428235232830047,0.0982244312763214,-0.0199797060340642,0.1437732279300689,0.0793201997876167,-0.0915713608264923,0.1588568538427353,0.0634406954050064,0.0736149027943611,0.0167231988161802,-0.0989748388528823,0.0549472868442535,0.0934737175703048,-0.0867381542921066,0.1359366625547409,-0.0940073803067207,-0.141935110092163,0.1082280352711677,0.1131087243556976,-0.0526215210556983,-0.1289409548044204,0.0730768963694572,0.1073881909251213,0.0372563637793064,-0.0537352673709392,-0.1164150610566139,-0.0891060382127761,-0.0507960729300975,0.0459804013371467,-0.1364013701677322,0.0448163971304893,0.0680092945694923,0.0588303729891777,-0.1059844046831131,-0.1008180603384971,-0.1443146914243698,0.1215916723012924,0.0171199683099985,-0.1061456948518753,0.1461351662874221,0.1073227673768997,0.0390127338469028,0.0336614847183227,0.0277277342975139,0.0573610924184322,0.107331097126007,-0.0297182165086269,0.0286924410611391,-0.1942125707864761,0.1315722465515136,-0.087273858487606,-0.1345893442630767,0.0290249697864055,-0.1284174621105194,0.0844215899705886,-0.1104528680443763,-0.0098265558481216,0.0122373411431908,0.1094264015555381,-0.0668591856956482,0.1759471446275711,-0.0126299550756812,0.0638798251748085,0.009733336046338,0.0203236825764179,-0.0220114011317491,0.0152792204171419,-0.1327488720417022,0.0115399733185768,0.0816412791609764,-0.0806922391057014,-0.046424675732851,0.1603621989488601,0.1251472234725952,0.0521708726882934,-0.1028090640902519,0.0594873391091823,0.1411916762590408,DFCLLRATQLCLDR-GFCCVEGCSA-N,Cc1ccc(S(=O)(=O)N2CCC[C@@H](N)C2)c(C)c1
0.0831816345453262,-0.0707441344857215,-0.0969744101166725,0.100836306810379,0.0961521118879318,0.0998647585511207,0.0413171984255313,0.0989332497119903,-0.0924493223428726,0.0980775207281112,-0.0936019122600555,0.0934410691261291,0.0875220969319343,0.0848766043782234,0.0654982328414917,-0.1006353497505188,0.100813515484333,-0.1002915501594543,-0.0279812477529048,0.1008381769061088,0.0885073915123939,0.0960419923067092,-0.0789416059851646,-0.018035726621747,-0.0269983634352684,0.0957001745700836,-0.1000817045569419,0.046951774507761,0.0995244607329368,0.1005302965641021,-0.0994854867458343,-0.0147253945469856,0.0253188610076904,-0.0832179188728332,-0.1008377596735954,-0.1007886528968811,0.0512081421911716,0.1008346304297447,0.0988944843411445,0.1001924276351928,-0.1008365079760551,-0.0905160456895828,-0.1007065623998642,0.0745594799518585,0.1007900312542915,-0.0569082126021385,-0.1004512757062912,-0.1007912009954452,-0.0878169313073158,-0.0867890119552612,-0.0869884192943573,0.016067674383521,0.0538865774869918,0.1006386205554008,-0.1007637754082679,0.0252300389111042,-0.100832924246788,-0.0931427180767059,-0.1008254140615463,0.1008383631706237,-0.0519071258604526,0.1007952392101287,0.0990665033459663,0.1007352098822593,0.1008116602897644,-0.1008328646421432,-0.1008381024003028,0.087091363966465,-0.1004270985722541,-0.0371135063469409,-0.0892122164368629,0.1008381471037864,0.10083869099617,-0.1008377447724342,-0.1008373722434043,-0.090826041996479,-0.1006452590227127,0.0873026251792907,-0.0637401044368743,-0.099665381014347,0.0715341344475746,0.0050118463113904,0.1007661521434784,0.0516857020556926,0.0343165248632431,0.100637711584568,-0.0899129807949066,0.1008165329694747,-0.0854978561401367,0.0990921556949615,-0.0217957347631454,-0.082037404179573,0.0793921276926994,0.0969349890947341,-0.1008366718888282,0.0554369091987609,-0.1008388474583625,0.1008352860808372,-0.054192803800106,0.1008214876055717,-0.1007683798670768,0.1006251946091651,0.1008281856775283,-0.007942795753479,-0.0055796443484723,-0.1006520986557006,0.0983714014291763,0.1006023585796356,0.1002276167273521,-0.0989689528942108,0.1007959023118019,0.0993624329566955,-0.0864453166723251,-0.1000340729951858,0.1008320972323417,0.0970045328140258,-0.1004036590456962,0.098666064441204,-0.1005431711673736,-0.0951072722673416,-0.0983292236924171,0.0888096094131469,-0.0947280600666999,0.0952882394194603,0.0810616165399551,0.1008007898926734,-0.0863173902034759,-0.1008232831954956,0.0963996723294258,-0.0997874438762664,-0.0920975133776664,0.0999611243605613,0.0718817934393882,0.0865286067128181,0.0886031910777092,0.0849941745400428,0.1007212251424789,-0.0998268723487854,0.1010398119688034,-0.1005262359976768,-0.1008891016244888,-0.0988151580095291,-0.0601728893816471,-0.0940204486250877,-0.0787684619426727,-0.095168299973011,-0.1010398268699646,-0.1009863391518592,-0.0580719262361526,-0.1006961166858673,-0.1005702838301658,-0.0005963236908428,0.1010366082191467,-0.078419953584671,0.0998189970850944,-0.0959236919879913,-0.1010275408625602,-0.0998946204781532,-0.1008347943425178,-0.0171724986284971,-0.1010296121239662,0.1010157763957977,0.0870471596717834,-0.0960022956132888,0.1010371372103691,-0.1010398119688034,-0.0083281146362423,0.0887280777096748,0.1001613065600395,-0.0030962582677602,0.1010331511497497,-0.1010397896170616,0.0980854779481887,-0.0969266816973686,-0.0843587070703506,0.1005995944142341,-0.1010360345244407,0.1010281890630722,0.1010384634137153,-0.1010393872857093,0.0099142650142312,-0.1009410619735717,0.0979388728737831,-0.0759569704532623,0.1000793054699897,-0.1010398268699646,-0.1004881113767623,-0.100924327969551,-0.0474855117499828,0.0963221937417984,-0.1010072976350784,-0.0960185751318931,0.1010398268699646,-0.0952885895967483,-0.0961332097649574,0.1009327098727226,-0.1010394692420959,0.0205240193754434,-0.0781892836093902,-0.1010349616408348,-0.1009460166096687,-0.0343255326151847,-0.1002099439501762,-0.0028333712834864,-0.0971783027052879,0.1008030250668525,0.0908564925193786,0.0787292644381523,-0.0902891084551811,-0.0405068285763263,0.1001143306493759,-0.0899528786540031,-0.1004506945610046,-0.1006899252533912,-0.0579184964299202,0.0697191208600997,0.0603613518178463,0.0760476291179657,-0.1010382995009422,-0.1009911745786666,-0.1009334996342659,0.1010398119688034,-0.1002548262476921,0.0889856070280075,-0.0399814806878566,0.0392075888812541,0.097193568944931,0.0516803227365016,0.0856651812791824,0.1010389924049377,0.0089562274515628,0.1007363349199295,0.1008417457342147,0.1010332554578781,0.0512493997812271,-0.0141462413594126,-0.1009566187858581,-0.1010361686348915,0.0094179334118962,0.0673170164227485,-0.100833386182785,-0.0954835042357444,0.0939745157957077,-0.0288373418152332,-0.1006029620766639,0.0925473123788833,-0.1003332287073135,-0.100975178182125,0.0993719547986984,-0.020821614190936,-0.1006553992629051,0.0607461780309677,0.0921675786375999,-0.1010313630104065,-0.1009834334254264,-0.0903003141283989,-0.0001842449710238,0.1033881232142448,0.0708176419138908,-0.0994394049048423,0.0505134239792823,-0.1040544286370277,-0.0341144986450672,-0.0950682461261749,-0.1043550297617912,-0.1022674813866615,0.09791100025177,-0.0521873645484447,-0.1021437272429466,-0.0872323438525199,-0.1016779318451881,0.1044027730822563,-0.1030406355857849,-0.0666632875800132,-0.088385596871376,0.099063403904438,-0.1044206842780113,-0.102287158370018,-0.1000262349843978,0.1008256450295448,0.0955452322959899,0.0611274987459182,0.1005636900663375,0.1043793782591819,-0.0214008223265409,0.102233201265335,0.09815713763237,-0.1043377071619033,0.1036165058612823,-0.1040878295898437,0.0903588458895683,-0.1013284400105476,0.1033808812499046,-0.0912959650158882,0.0668466314673423,-0.0904220789670944,-0.0954976752400398,0.0366204194724559,-0.089755542576313,-0.1009284034371376,-0.101762369275093,0.0764005333185195,-0.1042036041617393,-0.0899756476283073,-0.0994934514164924,-0.0427860133349895,0.1041565015912056,-0.1019162163138389,-0.1044163107872009,0.1020575240254402,0.0143443075940012,0.0126078752800822,-0.0746328830718994,0.104194663465023,0.1000461652874946,-0.0609628930687904,0.0978405028581619,-0.0287935324013233,0.0969787240028381,0.0838682949542999,-0.0701812729239463,0.0974379181861877,0.047227069735527,0.1033747717738151,0.0852652043104171,0.0096646547317504,-0.0884800255298614,0.0969520434737205,0.0831318125128746,0.1044203713536262,-0.0433573797345161,-0.103768266737461,-0.1032281219959259,0.1044196411967277,0.0170345604419708,-0.1043426245450973,-0.0999538898468017,-0.0559903718531131,0.1041070073843002,0.1007452085614204,-0.0801145061850547,-0.1042557209730148,0.1042597964406013,-0.0925722047686576,-0.1039656847715377,0.0885004177689552,-0.0949349850416183,-0.1042813211679458,-0.104417860507965,-0.1028129309415817,0.1006982922554016,-0.1019505783915519,-0.0680419728159904,0.0150810703635215,0.104261502623558,-0.1019250974059104,-0.104420468211174,-0.1036517396569252,-0.1031966805458068,0.1035685315728187,-0.0114132463932037,0.1040688827633857,0.0070503558963537,0.1022916808724403,-0.0734152495861053,0.1008467376232147,0.0800303071737289,-0.1043429374694824,0.047431081533432,-0.0468977838754653,0.0957246422767639,-0.1000113263726234,-0.1030073091387748,0.0988500565290451,0.1044201776385307,0.0218151398003101,-0.0061791585758328,-0.1027068570256233,-0.0787834450602531,0.0997567996382713,-0.0743664354085922,0.0513591505587101,-0.0075038932263851,0.1043129116296768,0.1015912890434265,0.1019081026315689,-0.00226661702618,-0.0963794216513633,-0.0886546149849891,-0.0986857712268829,-0.1010527908802032,-0.0772565379738807,-0.0973365604877471,-0.0971075519919395,0.0302820149809122,0.0984527543187141,0.0179368332028388,0.0500672496855258,0.0407895408570766,0.1017031222581863,0.0853587836027145,-0.0970364958047866,0.1021407023072242,0.0905254930257797,-0.1015573963522911,-0.0886492654681205,-0.0973046943545341,-0.1020626351237297,0.0995049104094505,-0.0910690352320671,-0.0966628789901733,0.0885684490203857,-0.0925178900361061,-0.1020032912492752,-0.1019041612744331,-0.0841219872236251,-0.1020456999540329,0.1015825569629669,0.0867451354861259,0.0908500179648399,0.0902084931731224,-0.1001846939325332,0.0075566181913018,0.0983457118272781,0.1002770513296127,-0.1001037210226059,-0.0755029544234275,0.0886974781751632,-0.1012920141220092,-0.0982529819011688,-0.1020934209227562,0.0096420170739293,-0.1020473316311836,-0.0798656344413757,0.1014221459627151,-0.098697118461132,-0.0967086553573608,0.0952472686767578,0.1010758429765701,-0.0868156254291534,0.0960271507501602,0.0800824165344238,0.1010699272155761,0.1003846153616905,-0.0911737382411956,0.0798465088009834,-0.0946690812706947,-0.1006483659148216,0.1006769463419914,0.0678873881697654,0.0609872192144393,0.0654147118330001,-0.0978713110089302,0.1010973006486892,0.0978940352797508,0.0944159254431724,0.0949176773428917,0.0781187042593956,-0.0925218015909195,0.1001861840486526,0.1015765368938446,0.0852779150009155,0.0953167676925659,-0.0917279496788978,0.0901665240526199,0.0164139196276664,-0.0908666029572486,-0.0991746336221695,0.0678271949291229,0.0706245154142379,0.0550463758409023,0.0907966420054435,0.1021337807178497,-0.0952431336045265,-0.1015180274844169,0.0790045484900474,-0.0740298628807067,-0.093172051012516,0.0909300744533538,-0.016299482434988,-0.1008246392011642,0.1021334379911422,0.0886921286582946,0.0761736333370208,-0.0666389539837837,-0.0999503582715988,0.0546464286744594,0.0335707515478134,-0.0728313103318214,-0.0847172662615776,0.0798673331737518,-0.0885895118117332,0.0967067331075668,0.0758184120059013,-0.0582649856805801,-0.1005440726876258,0.0431768298149108,-0.0989705026149749,-0.1009081080555915,-0.0872223228216171,0.091270662844181,0.1020522564649581,-0.0942622348666191,0.078730970621109,0.1015031188726425,0.0698829889297485,0.1013311743736267,-0.1012423187494278,-0.10201246291399,-0.0981389954686164,-0.0782708600163459,-0.0792108699679374,-0.0778702050447464,0.1061972975730896,0.1035619974136352,-0.0158892460167408,-0.0829430520534515,0.0297371018677949,0.1170422285795211,-0.0183207113295793,0.1151375249028205,-0.117440678179264,0.0704643875360488,-0.0374015532433986,0.1161747351288795,0.1018843725323677,0.1165587455034256,-0.1157803758978843,0.0987455993890762,-0.0985035076737403,0.095568373799324,-0.1049788370728492,-0.1167979538440704,0.0246170125901699,0.0589130595326423,0.1160261631011962,-0.1176249384880065,0.1165843680500984,-0.1140401363372802,0.0380005054175853,-0.1133550927042961,0.1097333878278732,0.0939584001898765,0.0064623979851603,-0.0971434339880943,-0.1127606257796287,-0.1133848056197166,-0.0725451856851577,0.0727187618613243,0.0341219417750835,0.069437526166439,-0.0180197563022375,-0.101257100701332,0.0228646751493215,-0.0069967121817171,-0.1164934635162353,-0.0562655627727508,0.1015159115195274,0.0119113344699144,-0.0944443196058273,-0.008370186202228,-0.115052543580532,0.1141145229339599,0.0213160458952188,0.1175542697310447,-0.1021379083395004,0.1075479015707969,0.0302963722497224,0.0414249971508979,0.0704427659511566,0.1126807108521461,0.0935235917568206,-0.0557989478111267,0.1021918132901191,-0.0832452178001403,0.0862796679139137,0.0979299619793891,0.0264120940119028,0.1000613123178482,0.1009259596467018,0.0745472684502601,-0.1070461496710777,-0.0936741530895233,-0.0145881567150354,0.0662888884544372,0.104940265417099,0.0896238088607788,-0.0152908004820346,0.0417327582836151,-0.0557861812412738,-0.1156425476074218,-0.1111318990588188,0.0112817296758294,-0.113906517624855,-0.1154108867049217,-0.0187199786305427,-0.1010650545358657,-0.0100816674530506,-0.0032255987171083,-0.0151112452149391,0.0394884757697582,0.1159639805555343,0.0537017099559307,-0.1134273409843444,-0.1144708693027496,0.1028723046183586,0.1150108650326728,-0.1137461736798286,0.1055376157164573,-0.08240757137537,-0.115540787577629,0.1156592518091201,0.1108256503939628,0.0055869547650218,-0.1147443279623985,-0.0764971151947975,-0.0733813494443893,0.1107327044010162,-0.0084799937903881,0.1140712276101112,-0.0717594847083091,0.1153481304645538,0.045001596212387,0.1105720251798629,0.0157942418009042,-0.1158864349126815,-0.0451135672628879,-0.1077608689665794,0.1169508397579193,-0.083680972456932,0.0913271531462669,-0.0594444274902343,-0.1166789755225181,-0.097338855266571,-0.0921821594238281,0.0854136943817138,-0.1109291240572929,-0.0927491635084152,-0.114059679210186,-0.0051627499051392,0.0394045822322368,-0.1277816742658615,0.0056204763241112,-0.1105175837874412,0.0818173140287399,0.0545307286083698,0.1662656962871551,0.1518937647342682,-0.0446124374866485,0.0481855310499668,0.0668703764677047,-0.0694342032074928,0.0108948750421404,-0.094522438943386,0.040155503898859,-0.0494050942361354,0.1074177846312522,-0.1243266984820365,-0.117960438132286,-0.0864570066332817,-0.0042273341678082,0.108432687819004,-0.0511572249233722,-0.0287650078535079,0.1164176613092422,-0.0190890338271856,-0.0134549951180815,-0.0314413048326969,-0.0211067851632833,-0.1328101158142089,-0.063288502395153,0.1063705533742904,-0.0928981825709343,-0.0480041541159153,-0.1017976924777031,0.1176164522767067,0.108675979077816,0.095466211438179,0.0375786684453487,0.0845693573355674,0.0019140222575515,0.0118398126214742,-0.1006244793534278,-0.1289997994899749,0.089385412633419,-0.0322026349604129,-0.0542340464890003,-0.051909901201725,0.033627763390541,-0.0520253963768482,-0.1114317700266838,0.0712851136922836,-0.140784814953804,0.0917466655373573,-0.0131875807419419,-0.0937105491757392,-0.1454870998859405,-0.1146270409226417,0.0945949777960777,0.1448880136013031,0.1277501136064529,0.0356962122023105,0.1537536233663559,-0.0554644949734211,0.115717664361,-0.0886132344603538,0.0269007105380296,-0.0507444217801094,0.0966181904077529,0.1035711243748664,-0.0270787961781024,-0.0840027257800102,-0.035355094820261,0.1374016553163528,-0.1099420040845871,0.0078547205775976,-0.0059881629422307,-0.1194964423775672,-0.1218172311782836,-0.0405214205384254,0.0116448979824781,-0.0789591819047927,-0.0976999104022979,-0.0949753001332283,-0.1280984878540039,-0.0396408922970294,-0.0719052329659462,-0.0229081716388463,-0.1162429898977279,-0.0676434859633445,-0.0725177973508834,0.1295332759618759,0.0027862195856869,-0.0194853600114583,-0.0220251530408859,-0.1085997149348259,0.1409485936164856,0.1286467462778091,0.1218209713697433,0.0169818047434091,-0.0338638573884964,-0.0861068442463874,0.0706720352172851,-0.0101877329871058,0.0993877723813057,0.1244363486766815,0.0918849408626556,-0.0162923242896795,-0.0227148104459047,-0.032292153686285,-0.1046147495508194,-0.0864088758826255,0.0985960438847541,-0.1140492111444473,0.1192969977855682,-0.1555981189012527,0.0603214018046855,-0.1481677293777465,0.1041029617190361,0.0628154948353767,0.0296686645597219,0.1523396074771881,0.0758405402302742,-0.0575731880962848,0.0143475029617547,-0.0637984350323677,0.1332784593105316,-0.0674273297190666,NFGGQMYSOLVBLF-UHFFFAOYSA-N,O=C(c1ccccc1)c1ccc[nH]1
0.0307053253054618,-0.0939165502786636,0.0225029103457927,0.1035364940762519,-0.0761444717645645,-0.103536456823349,0.0331591591238975,0.0744539871811866,-0.0702019557356834,0.0998522862792015,-0.0930474326014518,0.1033047512173652,-0.0869576632976532,-0.0418418943881988,0.103536419570446,-0.017547694966197,-0.1035289466381073,0.103518895804882,0.1034158170223236,0.1035356223583221,-0.0976273044943809,0.0174241587519645,0.0841151475906372,0.0773285329341888,-0.0261337831616401,-0.1035035327076911,0.0220187362283468,0.0418030358850955,-0.1035334840416908,0.088521160185337,-0.0915293097496032,0.0258355233818292,0.1029150560498237,0.0872537195682525,0.0766421034932136,-0.0877950564026832,0.0348728410899639,-0.0522408448159694,-0.1030311957001686,-0.1035330072045326,-0.0685512870550155,-0.013390208594501,-0.0975677967071533,-0.1006010174751281,0.1012569665908813,-0.1024291515350341,-0.0978609472513198,0.0841493234038353,0.1033863052725792,-0.1035364940762519,-0.0899995565414428,0.1034680530428886,-0.1035293862223625,0.1035365462303161,0.1034578680992126,-0.0842674225568771,0.0936405584216117,-0.1015958711504936,-0.0401696190237998,-0.1019321680068969,0.1033525466918945,0.1028291136026382,-0.0968688279390335,0.1035289838910102,-0.1024167314171791,0.0945585817098617,0.1035289764404296,-0.0951980650424957,0.0417365357279777,0.1035128682851791,-0.1002087593078613,-0.1035364940762519,0.0903906375169754,0.1021790206432342,-0.1027628034353256,-0.0894410163164138,-0.1025656461715698,0.1035298183560371,0.1034668684005737,0.0767616927623748,0.0815364345908165,0.103531539440155,0.0418958999216556,-0.1004698872566223,-0.1035240367054939,-0.0303551759570837,0.1032030284404754,0.0980620607733726,0.1012587398290634,-0.1011586189270019,0.1035365462303161,0.0928679928183555,0.0503689646720886,-0.1001448556780815,0.103477656841278,0.0995928719639778,0.0362864658236503,0.1035089939832687,0.103118248283863,-0.0437507405877113,0.0530506186187267,-0.0908201783895492,-0.1019088327884674,0.101027213037014,-0.0617089755833148,-0.0369834341108799,0.0957185626029968,-0.1009569987654686,-0.0096481647342443,0.0870337560772895,0.1033947542309761,-0.1035362854599952,-0.1021416261792182,-0.0979208648204803,0.1034818664193153,0.0488364249467849,-0.1035116538405418,-0.0234184451401233,-0.0400390997529029,0.1035105735063552,-0.1031097695231437,0.1026084423065185,0.0978389605879783,-0.0678473562002182,0.1011168733239173,-0.1034429222345352,-0.0913309156894683,0.1034281998872757,-0.1011596098542213,-0.0647366866469383,-0.0582772605121135,0.1008998081088066,-0.0193316638469696,0.096686340868473,-0.0809459090232849,0.0089924242347478,-0.0944074541330337,-0.0982562601566314,-0.1015018820762634,-0.0140769006684422,-0.0160655360668897,-0.034771904349327,-0.0853889063000679,-0.0958222225308418,0.1002340540289878,-0.1014532372355461,0.0905785858631134,0.1015010029077529,-0.1014434546232223,0.1012990698218345,0.1014698818325996,0.1015029177069664,0.0965276435017585,0.0989401191473007,-0.0986494496464729,0.1011013612151146,0.101403497159481,-0.0562572255730629,-0.1014520078897476,0.1003380939364433,0.1014221385121345,0.098874032497406,0.1009743735194206,-0.1015020161867141,0.0872304067015647,-0.099372386932373,0.0974115803837776,0.1014191433787345,0.0909746214747428,0.0391229465603828,0.1008515954017639,0.1012897416949272,0.0202841591089963,-0.0985133945941925,0.1005016565322876,-0.1005650609731674,0.1015008613467216,-0.0174841284751892,0.1013132631778717,0.1015024185180664,-0.0943212807178497,0.1015028357505798,-0.101501889526844,-0.0295758042484521,0.095960147678852,0.0895257070660591,-0.1004523485898971,0.0982894524931907,0.0728165879845619,0.0239505060017108,0.1004616245627403,0.0646041259169578,0.0443775318562984,0.0765472203493118,0.1014997437596321,0.0958899706602096,-0.1015029177069664,0.013013269752264,0.0959791913628578,-0.1013763472437858,-0.0988840013742446,0.1015028953552246,0.0954017639160156,0.0998707935214042,0.0612221807241439,0.1008602529764175,0.0274586603045463,-0.1014148667454719,-0.041960883885622,0.1014474555850029,-0.1015008315443992,0.1014413014054298,-0.0298676881939172,0.1010926961898803,0.100583478808403,-0.0724498182535171,0.1000505834817886,-0.0965560749173164,-0.0396890304982662,-0.0993836596608161,0.011803375557065,-0.100794494152069,-0.0489306561648845,-0.0194173380732536,0.1003319174051284,-0.1006047651171684,-0.0995521545410156,0.1009850725531578,0.1000590771436691,-0.0817300975322723,-0.098037339746952,0.0943324193358421,0.1007109731435775,0.0324875824153423,0.1014735698699951,-0.0988497883081436,0.0981975570321083,0.1014530211687088,-0.1013471633195877,-0.1010951623320579,-0.0982495471835136,0.00706602120772,0.1003835573792457,0.0486918576061725,0.0987922996282577,-0.100923553109169,0.1014916077256202,0.1010798662900924,0.1012310832738876,0.096587635576725,-0.083753153681755,-0.0844330415129661,-0.1013917401432991,0.1015029177069664,0.0875224694609642,-0.0506207756698131,0.1039954349398613,-0.0999701991677284,0.0859775468707084,0.0477857813239097,-0.0914515256881713,0.1039767265319824,0.0907456055283546,0.0432394593954086,-0.0447809994220733,0.0542198084294796,0.1039328724145889,-0.0780695974826812,0.1018421873450279,-0.1036102473735809,0.1019441708922386,0.0160056520253419,-0.103993609547615,0.1002463847398758,-0.0804444104433059,0.0492281429469585,-0.1030526384711265,-0.1023243740200996,0.1037248745560646,-0.0912289023399353,-0.0970248728990554,-0.1022106111049652,0.0363893471658229,-0.1037890687584877,0.098338559269905,0.0790057629346847,0.0992744043469429,0.1027383580803871,-0.1039974167943,-0.0987773761153221,-0.103770226240158,0.0005372329032979,0.088411308825016,0.0642015412449836,0.0815537646412849,0.1039910465478897,0.1039119139313697,0.0247604474425315,0.0520627237856388,-0.0990549847483635,0.0998677760362625,-0.005562889855355,-0.1016522571444511,-0.0704296231269836,-0.083513356745243,-0.0821495577692985,-0.0778641700744628,-0.0922545865178108,-0.1032020151615142,0.1038997843861579,0.1038491353392601,0.0489248074591159,0.1039979681372642,0.1038082018494606,0.0472147576510906,0.1028632447123527,0.1039633601903915,0.1036227047443389,-0.0585268214344978,-0.1038565933704376,-0.103908360004425,0.1039984747767448,0.1030313745141029,-0.1034962385892868,0.1039835512638092,-0.051981795579195,-0.1036171987652778,-0.008659865707159,0.1039758250117302,0.1039090231060981,-0.058458499610424,0.0841997936367988,-0.0258743464946746,0.1035251915454864,0.1039986163377761,-0.0620471239089965,-0.1006296277046203,0.0300785601139068,-0.08470069617033,0.103987842798233,-0.1039688289165496,0.1021200641989708,0.103476770222187,-0.1036317870020866,-0.1034046784043312,-0.0830089524388313,-0.1037589013576507,-0.0885911285877227,0.1039958745241165,0.0203474089503288,0.1032818406820297,-0.0988623052835464,-0.1006118804216384,-0.0774559006094932,0.1039143651723861,-0.1039872169494628,0.0036475611850619,0.0928607210516929,0.1039632707834243,-0.099285788834095,0.10380619764328,0.0264187715947628,0.1007535010576248,-0.0944152921438217,0.0965180620551109,0.0799487009644508,0.1038128957152366,-0.0914135798811912,-0.0529920049011707,-0.1009881570935249,-0.0857633650302887,0.0745964497327804,0.0970969051122665,0.1039893925189971,0.0294290278106927,-0.0065678344108164,-0.0813503190875053,0.1005676090717315,-0.0263806041330099,0.103998452425003,-0.1036006957292556,0.103172555565834,-0.022155612707138,-0.1037383824586868,0.1050769612193107,-0.1062706932425499,-0.1077674925327301,0.0042940014973282,0.0518951565027236,0.0217488016933202,-0.1242097914218902,0.1254966109991073,-0.0140093779191374,-0.1021333783864975,0.106228120625019,0.04756511002779,0.0828447714447975,-0.0088422801345586,0.0068826847709715,-0.0490579158067703,-0.2045439630746841,-0.0193811785429716,0.109526515007019,-0.0980759710073471,-0.0172065701335668,0.1578384786844253,0.0049967868253588,0.0166577361524105,0.0558137819170951,0.0802073702216148,-0.122538186609745,-0.0683827549219131,-0.1054511740803718,-0.0306762568652629,0.0677023455500602,0.1754717677831649,-0.1159169971942901,0.1038149520754814,0.1041783094406127,-0.1206162199378013,-0.0687683001160621,-0.11224976927042,0.0654700696468353,0.0052442019805312,0.1163448318839073,-0.0086630536243319,0.0314424969255924,0.0892669484019279,0.0683237388730049,0.099080890417099,0.0470924936234951,0.0459627248346805,0.0776936039328575,0.0355279184877872,-0.0778960734605789,-0.1164895370602607,0.1396752744913101,0.1184330433607101,-0.0860041156411171,-0.0213378425687551,-0.0621875450015068,0.0645795986056327,0.0834961533546447,0.1633574366569519,-0.1011656373739242,-0.037123829126358,0.1417060047388076,0.0428126044571399,0.1375417113304138,-0.0535602308809757,-0.0553901530802249,-0.0294934585690498,0.0392873510718345,-0.0800935328006744,0.0148838059976696,-0.0250618979334831,-0.0998012796044349,0.0070060002617537,-0.1640088856220245,0.0009831129573285,0.1227454766631126,-0.0858260840177536,-0.1129821315407753,-0.1365522295236587,0.0148362051695585,0.0194822587072849,-0.1640072911977768,-0.1616119146347046,0.0067436140961945,0.0348411127924919,-0.0548529960215091,0.1920763999223709,0.0520616695284843,0.1462258696556091,0.074333481490612,0.0767410993576049,-0.0733996108174324,-0.0276663023978471,-0.0618065446615219,-0.1208052262663841,0.057442232966423,-0.0445667318999767,0.0025371136143803,-0.0503103695809841,0.0540346913039684,0.132325991988182,0.0422864817082881,-0.0095601584762334,-0.0782401040196418,-0.0591534450650215,-0.0909631326794624,0.0307621322572231,0.1554441601037979,0.0540083572268486,-0.1158336848020553,0.1464247852563858,0.108137123286724,0.1367508023977279,-0.0335232429206371,0.0689155608415603,0.0782483965158462,0.0009425537427887,-0.108370155096054,-0.0906318798661232,-0.0039559230208396,0.0113307237625122,0.0490335971117019,-0.0153988990932703,-0.0895846039056778,-0.0940961614251136,0.0530746392905712,-0.0060082525014877,-0.0982475653290748,-0.1160772740840911,0.0882596522569656,-0.0847865790128707,0.0760826766490936,0.0813607722520828,0.0747366473078727,0.1378882378339767,0.0672980770468711,0.0836100056767463,0.0394823290407657,-0.0216856710612773,0.1290979832410812,0.0581605993211269,0.044293139129877,-0.0882157236337661,0.095574103295803,-0.0034880945459008,-0.1060245782136917,0.0110269235447049,0.1012976914644241,-0.1399756669998169,-0.1271080523729324,0.0541099794209003,0.0714371502399444,0.032301876693964,-0.1510542035102844,0.1278714686632156,-0.1304129362106323,0.0714490264654159,-0.0942656323313713,0.0638545453548431,0.0569491609930992,0.0057857227511703,0.116168774664402,0.0675571337342262,-0.1072307229042053,-0.0357984155416488,-0.0636792555451393,0.0690080523490905,-0.0231833141297101,-0.0168840326368808,-0.1436450183391571,0.1083394587039947,0.0552360974252224,-0.0176987089216709,-0.0258403290063142,0.0638525933027267,-0.109425663948059,-0.0888874158263206,0.1250833719968795,0.1293971836566925,0.0396238379180431,0.0636015683412551,0.0240412857383489,-0.1286027878522873,0.0760073363780975,-0.0501719564199447,0.1216027662158012,-0.1049771457910537,0.0837070271372795,0.0283174775540828,-0.0299393981695175,0.0589002817869186,-0.0654241442680358,0.0954160690307617,-0.0746306180953979,0.0663549751043319,-0.1207094639539718,0.1488131284713745,-0.0385337993502616,-0.0787805169820785,-0.1288740187883377,-0.0977769270539283,-0.0137021131813526,-0.0726038590073585,-0.1191528216004371,-0.0124305747449398,0.0804885476827621,-0.0581313148140907,-0.1266275495290756,0.1093031466007232,0.0687035098671913,-0.0445869415998458,0.0671635270118713,-0.0056311772204935,-0.1018612757325172,-0.1076143682003021,0.0445235706865787,0.1342342942953109,0.118997074663639,0.0632093101739883,-0.1396634578704834,-0.0183071494102478,0.1359310299158096,-0.0757204890251159,0.1068178862333297,0.0301079060882329,0.0513134375214576,0.1039893180131912,0.0533552020788192,-0.0615129955112934,0.1419534683227539,0.0455246716737747,-0.109481930732727,-0.0628969445824623,0.1259799003601074,0.0451299846172332,0.0445649549365043,-0.077409841120243,-0.1415837854146957,0.0668758600950241,0.1322175711393356,0.0087509797886013,0.0788869187235832,-0.0754237100481987,0.0902975276112556,-0.1248981431126594,0.0583101920783519,0.1190006360411644,-0.1281438618898391,0.1053522154688835,-0.002453674795106,-0.0667372718453407,-0.0879318416118621,0.13911172747612,0.052641998976469,-0.0749353542923927,-0.0277175400406122,0.0451055653393268,-0.1104452759027481,-0.0340196192264556,-0.1330228149890899,-0.067812256515026,-0.0301379114389419,-0.0560364052653312,-0.0205347575247287,-0.1327156275510788,-0.0591121464967727,-0.0442385599017143,0.0459923110902309,0.1243283301591873,-0.0119459507986903,-0.0037660042289644,0.1161112263798713,-0.1185409650206565,0.0317305102944374,-0.0067449724301695,-0.1368148624897003,-0.093605637550354,-0.0708169266581535,-0.1227260679006576,-0.0752488821744918,-0.0584121905267238,0.1189677268266677,-0.1340789198875427,0.1209406703710556,0.1195073276758194,-0.1174689158797264,0.0970891490578651,0.0211680214852094,0.0663703605532646,0.0649174898862838,0.0643401592969894,0.0868339166045188,0.0008309447439387,-0.0419968180358409,-0.1251545995473861,-0.111005887389183,-0.1225612387061119,-0.1081750094890594,0.1343415230512619,0.1359146982431411,0.0201153084635734,0.1243107467889785,0.0106709664687514,-0.0819144025444984,0.1391774713993072,-0.0976709872484207,-0.0714566633105278,0.1135099753737449,0.0551570579409599,-0.1169821768999099,0.032944917678833,0.1177606955170631,-0.1015841290354728,0.1080090701580047,0.0907804444432258,-0.0351150035858154,-0.0253365952521562,0.0503316819667816,0.0493951961398124,-0.1048066467046737,-0.054275382310152,0.1148308515548706,0.0714979469776153,0.1374676972627639,0.0892630666494369,-0.0310398396104574,0.0217682644724845,0.1147603467106819,0.0736788213253021,-0.1127591133117675,0.0372989512979984,-0.0558139868080616,-0.0955124348402023,0.0095518101006746,-0.0943875759840011,0.0133985644206404,0.0108133796602487,0.1336365938186645,-0.0128195211291313,-0.1295520961284637,-0.1311840265989303,0.0734103247523307,-0.0441705770790576,-0.0008426177664659,0.0346194878220558,0.1158238276839256,-0.1000837683677673,0.044180791825056,-0.0350840650498867,0.0128293111920356,-0.0494750365614891,-0.1308936327695846,-0.045117549598217,-0.1382017582654953,0.1122869253158569,-0.0891002193093299,0.0069558462128043,-0.0247358325868845,-0.0025074183940887,0.1358298808336258,-0.135241225361824,0.0332540273666381,0.0920045301318168,0.1319571584463119,0.0962818711996078,0.1335082948207855,0.1154371574521064,0.1306871622800827,-0.0991942659020423,0.1038832664489746,0.1106336414813995,0.1145826950669288,0.0156683195382356,0.039587415754795,0.1334666460752487,0.0184362325817346,-0.128191128373146,0.0901363864541053,0.0641414299607276,0.0004936031182296,0.0965443849563598,-0.0725477486848831,-0.0156334415078163,WIYBWWHZPSEZAD-UHFFFAOYSA-N,CCOC(=O)N1CCN(Cc2nc(C3CC3)no2)CC1
-0.0926174819469451,0.048032846301794,0.0989772081375122,-0.0978302955627441,-0.0847092866897583,-0.0626357346773147,-0.0989606827497482,0.0779457911849021,-0.0916850641369819,-0.0932046025991439,0.0976630970835685,-0.0149454437196254,-0.0985375717282295,0.0004117398348171,-0.0630586147308349,-0.0958503782749176,-0.0989736765623092,0.0989293530583381,-0.0989768356084823,0.0989062413573265,-0.0794105157256126,-0.0989037677645683,0.0989778712391853,-0.0989226475358009,0.098881609737873,-0.0961014404892921,0.0897668525576591,-0.0479397661983966,0.0989492759108543,-0.0091135231778025,0.0691490247845649,-0.0985238328576088,-0.0902585759758949,-0.0989628583192825,-0.0927077010273933,0.0989752188324928,0.0987928062677383,-0.0073191369883716,-0.0989162549376487,0.0987198203802108,-0.0989778637886047,-0.0989777818322181,0.0984610170125961,0.0408626832067966,0.080811820924282,-0.0249538011848926,0.0988385528326034,0.0955495089292526,0.0861866846680641,0.0840272158384323,-0.098476342856884,-0.0989773496985435,0.0001407887612003,-0.0590530931949615,0.0637743920087814,0.0989778712391853,0.0989778712391853,0.0968444645404815,0.0293254312127828,-0.0988121554255485,-0.0989771336317062,0.0978461727499961,-0.0651331767439842,-0.098152682185173,-0.0989086329936981,0.0989689603447914,0.0106998421251773,0.0980003848671913,-0.0627302378416061,0.0985894426703453,-0.0299515184015035,0.0989754199981689,0.0868276953697204,0.0587042644619941,0.0989778712391853,-0.098977543413639,-0.0988847613334655,-0.0985723510384559,0.0888955518603324,-0.0907220020890235,-0.0199228450655937,0.0988834872841835,0.0989778265357017,0.0816879644989967,0.0985998436808586,-0.0926243960857391,0.0988860577344894,-0.0968545228242874,-0.098486304283142,-0.0981823801994323,-0.0976121947169303,0.0986009314656257,-0.0383071638643741,0.0888435691595077,-0.0476003885269165,0.0989740416407585,-0.0989778339862823,0.0964662283658981,0.0953491926193237,0.0985632836818695,-0.0914038941264152,-0.0901168063282966,-0.0983552932739257,0.0989774242043495,-0.0988184809684753,-0.0987942442297935,0.0983315855264663,0.0989469960331916,-0.0986414700746536,-0.0160610862076282,0.0981857925653457,0.0983893722295761,-0.0989681631326675,0.0988043844699859,-0.0966789647936821,-0.0987249463796615,-0.0987915694713592,-0.0989778414368629,-0.0892208814620971,0.0819188803434372,-0.0969055071473121,-0.0986487343907356,0.0988627821207046,0.0975938364863395,0.0745734795928001,0.0989773720502853,0.070023238658905,-0.0987345948815345,0.1014579162001609,0.0697836577892303,-0.091873861849308,0.1014579385519027,0.0269296914339065,0.101336769759655,-0.1014574915170669,-0.101434551179409,-0.0874385237693786,0.1014564484357833,0.0917358249425888,-0.0713603571057319,-0.0152732767164707,-0.1011559590697288,0.1014193892478942,0.0144107863306999,-0.1000376269221305,0.0950442776083946,-0.1014562025666236,0.1000675559043884,-0.1012422293424606,-0.1014389172196388,-0.0998277962207794,0.0996005460619926,0.0845709964632988,0.09808349609375,0.0707563161849975,-0.0630266964435577,0.1013790965080261,0.1013787537813186,0.0904365330934524,-0.0977692753076553,-0.1014570146799087,-0.0850701928138732,-0.0991514921188354,-0.100344032049179,-0.0976972877979278,0.084812544286251,-0.1003810539841651,-0.082810640335083,0.1008630245923996,0.1010154113173484,-0.1013892292976379,-0.0214899666607379,-0.0476411283016204,-0.1014571860432624,0.1009979322552681,-0.1011818870902061,-0.1009616106748581,0.1014393717050552,0.0867248326539993,-0.1010520309209823,-0.0332533344626426,0.101457804441452,0.1011448726058006,-0.0960371941328048,-0.0771694332361221,-0.0344209671020507,-0.0959352403879165,-0.1003618761897087,0.097431793808937,-0.1009887680411338,0.0747456848621368,0.1013834774494171,0.1009965389966964,-0.0968704968690872,0.1014483720064163,0.1013709008693695,-0.1013949811458587,0.1014078557491302,-0.0902535766363143,-0.1004200428724289,0.101262979209423,0.1011822074651718,0.1008286774158477,0.0972686186432838,-0.1005275920033454,0.1014467179775238,0.0006487782811746,-0.0843681469559669,0.0034771622158586,-0.0632582306861877,0.0916578844189643,-0.0981954783201217,0.0912353247404098,-0.0233711171895265,0.1011374071240425,0.1014434993267059,-0.1009300798177719,0.1014534756541252,-0.0610994324088096,0.0606773868203163,-0.0402504950761795,-0.1012803167104721,0.1013238728046417,-0.1011916399002075,0.1014580726623535,0.1013429909944534,0.0981142222881317,-0.0767684355378151,0.0491355881094932,0.0071221604011952,0.1014580801129341,0.1001668870449066,-0.0946680754423141,0.0032263523899018,-0.101456418633461,0.1012706756591796,-0.1014523133635521,0.0411424413323402,-0.0948425158858299,-0.0633624717593193,-0.0963422358036041,-0.1014301925897598,-0.101453498005867,-0.0548276156187057,-0.008242767304182,-0.0732339844107627,0.0954964011907577,-0.0899414643645286,0.0993178784847259,0.0587829984724521,0.0795363336801529,0.0814447999000549,0.0370158851146698,0.0728408321738243,0.1004615426063537,0.0421858131885528,0.0768419057130813,-0.0761080160737037,0.0946475192904472,0.095907062292099,0.0413441881537437,-0.0390404500067234,0.095749631524086,0.0868972316384315,0.0960065573453903,0.0867272689938545,-0.0363848991692066,0.0678577572107315,-0.0960064679384231,-0.095959834754467,0.0960035473108291,0.0906062647700309,-0.0743137970566749,0.0959606915712356,-0.0956558510661125,-0.0956859812140464,-0.0959205776453018,0.0956667810678482,-0.0954324305057525,0.0613327510654926,-0.0916186720132827,0.0103379562497138,-0.0957357436418533,-0.0779150649905204,-0.0957705825567245,0.0866729468107223,-0.095999389886856,0.0958772972226142,0.0954403728246688,-0.0959395915269851,0.0920724049210548,-0.0554439276456832,-0.0959074720740318,-0.0362242273986339,-0.0960050970315933,-0.083284355700016,-0.0957391709089279,0.0956929847598075,0.0839100256562233,-0.0853261351585388,-0.0502327196300029,-0.0876796543598175,-0.0898414626717567,0.0844439342617988,0.0499623715877532,0.0928329154849052,-0.0952502340078353,0.0922255516052246,0.0950259938836097,0.0960062146186828,-0.0960000231862068,-0.0944355651736259,0.089460015296936,0.0960055440664291,-0.0909727737307548,-0.0959946736693382,0.0960066393017768,0.0957913771271705,-0.0959953367710113,-0.0922661051154136,-0.0944652184844017,-0.0960066318511962,0.0949847251176834,0.0803448036313057,0.0959711521863937,0.0960016548633575,0.0953968539834022,0.0078015141189098,-0.0949069485068321,0.0933537110686302,0.0960065126419067,-0.094841867685318,0.0957217589020729,0.0950431749224662,0.0960056707262992,0.0959892496466636,-0.0513931885361671,0.0959562808275222,0.095682255923748,-0.0954233556985855,-0.094783529639244,0.0915970280766487,0.0960065796971321,-0.0959952622652053,-0.0904911309480667,0.0510780587792396,-0.0599487423896789,0.0377964600920677,-0.0843230783939361,0.095973402261734,-0.0960031077265739,-0.0960066393017768,-0.0947781577706337,0.0915226191282272,0.0786443427205085,0.0959779545664787,-0.0960034653544426,0.0918527096509933,0.0945543572306633,0.0912815034389495,-0.0960066094994545,0.0953320786356926,-0.0959786847233772,0.0960066467523574,0.0924818664789199,0.0887739658355712,-0.0958297178149223,-0.0960066393017768,0.0919711515307426,0.0960035994648933,-0.0621118657290935,-0.0811730325222015,0.0898699536919593,-0.0958916321396827,0.0960066244006156,0.0586587972939014,-0.0828469470143318,0.0960065796971321,-0.0943675711750984,0.0960066467523574,0.0945921167731285,-0.0960014536976814,-0.0947374105453491,0.0958587825298309,0.0163164380937814,-0.1122007071971893,-0.0686808750033378,-0.0854334905743599,0.1053942516446113,-0.108003444969654,0.095836229622364,-0.105865404009819,0.0847950056195259,-0.0450740307569503,-0.1129928901791572,0.1021128073334693,0.0476311221718788,-0.1117927953600883,0.0718671828508377,-0.1029126271605491,-0.1142886355519294,0.0893277004361152,0.1040416285395622,-0.0940172895789146,-0.0010106976842507,0.1054140627384185,0.1072291582822799,0.0958242118358612,0.0487244576215744,0.0286285616457462,0.0079497182741761,-0.0287820640951395,0.1116349473595619,-0.0435899421572685,0.058144312351942,0.110451802611351,0.0478410013020038,-0.0252028163522481,0.0034342592116445,0.1036721393465995,0.0039814333431422,0.113916628062725,0.1111184284090995,0.0554205439984798,0.1136004403233528,0.1077015623450279,0.1136814951896667,0.0360619314014911,0.0830692872405052,0.0148342503234744,-0.0870790779590606,0.0502419546246528,-0.0844305828213691,0.1137849986553192,-0.042265310883522,-0.0564162284135818,0.1126010939478874,-0.0074466406367719,-0.1129157543182373,-0.0998382195830345,0.0303697604686021,0.1049089133739471,-0.097831480205059,0.1127184405922889,-0.0328649282455444,0.0364721901714801,0.0514542497694492,-0.1074050366878509,0.1102473959326744,0.0780315026640892,0.0957311317324638,-0.1140024811029434,0.1138015463948249,-0.1000857129693031,-0.1073843538761138,0.1085427775979042,-0.092110089957714,-0.0408494062721729,-0.0491679832339286,0.0866065844893455,0.0969804152846336,0.1070622950792312,-0.1056476756930351,-0.1055357456207275,0.0229836776852607,0.1093199625611305,-0.1143927425146102,-0.1096702888607978,-0.0113950027152895,0.1105012521147728,-0.1140039041638374,0.1144996136426925,0.1110732331871986,0.1089706569910049,0.0548764467239379,0.1135218366980552,-0.1030241996049881,-0.1119592487812042,0.0127917816862463,-0.0986300706863403,0.1036761999130249,-0.1119984909892082,0.0363069362938404,-0.1002432480454444,0.0839521512389183,0.0930730476975441,-0.0861730352044105,-0.1140711158514022,-0.0410596765577793,0.1101503819227218,0.1076493337750434,-0.0532581508159637,0.0786332190036773,-0.1064139828085899,0.0491112694144248,-0.0083995619788765,-0.0630040913820266,0.1138965934514999,-0.1138188987970352,-0.069852590560913,-0.1113876029849052,-0.0013849869137629,-0.0334447734057903,-0.1128913909196853,-0.0974095240235328,0.0821182876825332,0.0913631245493888,-0.0980572775006294,-0.0584820881485939,-0.1049524471163749,0.113056480884552,0.1119702011346817,0.000413069181377,-0.1004844605922699,0.1221351251006126,-0.0899676531553268,0.1125707998871803,0.1141721978783607,0.0390137173235416,0.0926592051982879,0.010848943144083,0.0259497482329607,0.0229878611862659,-0.0518162585794925,0.1224049776792526,0.1049379035830497,-0.0055773817002773,-0.111757718026638,0.1117213070392608,0.060266938060522,-0.1214711219072341,-0.1163247153162956,-0.1100000143051147,-0.1200934275984764,-0.1114655137062072,-0.1015007570385932,-0.1172715276479721,0.055644903331995,-0.111068420112133,0.1174589097499847,-0.1186124756932258,0.1142477840185165,-0.0217308290302753,0.1155018657445907,0.1116409301757812,-0.0878528282046318,0.0883847698569297,0.1110171228647232,0.0123739270493388,0.0846744552254676,-0.0949177518486976,0.0999575927853584,0.0966210961341857,0.1170829683542251,-0.1173503845930099,0.0437258370220661,0.0800763294100761,0.0746220052242279,-0.0501273237168788,0.1186082065105438,-0.0598444454371929,-0.1180774793028831,0.0268997736275196,0.1122671142220497,0.1135394647717475,-0.0773173794150352,0.1097856685519218,-0.0640150308609008,0.0018132982077077,-0.1012962833046913,0.0646417140960693,-0.1087887808680534,-0.0656245648860931,0.1146836727857589,-0.1153432056307792,-0.0410396307706832,-0.0196790527552366,-0.0035298648290336,-0.1164223030209541,-0.0256598275154829,-0.1178546696901321,0.1210481896996498,-0.1144035533070564,-0.1087671965360641,-0.0732507556676864,-0.0647870972752571,0.0779851302504539,-0.056816529482603,0.1037291139364242,0.0531335920095443,0.0802197754383087,0.0935649499297142,-0.1139799207448959,-0.0600047893822193,0.0121728433296084,0.0393569506704807,0.0797925069928169,-0.1151784285902977,0.0955893173813819,-0.117894247174263,-0.0383591465651989,0.1179076731204986,0.0914526730775833,-0.0368656553328037,-0.0825253129005432,0.0301636010408401,0.1054559051990509,-0.0420049428939819,0.0690587908029556,-0.1187341958284378,0.0156158488243818,0.0571452714502811,0.0780830010771751,0.0524710528552532,-0.046219378709793,0.0803893133997917,-0.0497528538107872,0.0847106948494911,0.1179171279072761,0.0333601534366607,0.0048653604462742,-0.0118819009512662,-0.1108074486255645,0.0867732614278793,0.1166813895106315,-0.1000350639224052,0.0821843296289444,0.0747503414750099,0.1089405789971351,-0.1190583631396293,-0.0985264107584953,0.1117673143744468,-0.047871358692646,0.0929655283689498,-0.1031940355896949,-0.119573026895523,-0.0946188047528266,0.1049016863107681,0.0295620076358318,0.0685559064149856,-0.0842953249812126,0.0208108611404895,-0.0636759772896766,0.0880020260810852,0.0752363875508308,0.1229494214057922,0.158647209405899,0.1382942795753479,-0.1331187486648559,-0.0715296044945716,0.036143459379673,-0.049638994038105,-0.1439389884471893,-0.0455278791487216,0.0919273570179939,-0.0546567030251026,0.1093056127429008,-0.1232228577136993,-0.1320531517267227,-0.1538547426462173,-0.0363040491938591,0.0894867107272148,-0.0913979634642601,-0.1022432968020439,-0.0201352909207344,0.051365565508604,-0.0882488265633583,0.0651298761367797,0.0822719186544418,-0.0410879626870155,0.0828206166625022,0.08356474339962,0.0365604013204574,-0.0182685814797878,-0.0068155280314385,0.147072747349739,0.0690271332859993,-0.0385884456336498,0.0675378814339637,-0.1087312027812004,-0.0217056814581155,-0.0945568978786468,-0.0661085098981857,-0.0613593682646751,0.1188803240656852,-0.1268043369054794,0.1542249768972396,-0.021852845326066,0.1059184297919273,-0.0306208413094282,-0.1051157861948013,0.0867132619023323,0.030833089724183,0.0561106316745281,0.1001349240541458,-0.1415878683328628,-0.0818033590912818,-0.0194775965064764,-0.0086052613332867,0.1012666821479797,0.0045696538873016,-0.0379221104085445,-0.0609556436538696,-0.1138648092746734,0.0988677367568016,-0.04306011646986,-0.113604187965393,0.0542900785803794,0.0888838991522789,-0.0704441666603088,-0.1223078817129135,-0.0450273230671882,0.0669593811035156,-0.0169156771153211,-0.1263985782861709,-0.1161726266145706,-0.1504107117652893,-0.0255984347313642,-0.0870849639177322,-0.0919478386640548,0.0012698246864601,-0.1370923221111297,0.027835102751851,-0.104511983692646,-0.0892379879951477,0.1404623985290527,0.0077500604093074,-0.115687146782875,-0.0594244934618473,0.0041030431166291,0.1250929534435272,0.0157841928303241,-0.105342261493206,0.0857940465211868,-0.1309398114681244,0.0542537495493888,-0.0265080332756042,0.05140957608819,-0.1240198016166687,-0.0555458441376686,-0.0901638343930244,0.1332124769687652,0.0126505522057414,-0.08112134039402,-0.058956079185009,0.0487911850214004,-0.0732204690575599,-0.0286360383033752,0.0684594511985778,-0.0490931198000907,0.1434714496135711,-0.1463626325130462,0.145051971077919,-0.0256391614675521,0.0027674336452037,-0.038085613399744,-0.1109235659241676,-0.0974032953381538,-0.0628735050559043,-0.081130176782608,0.1163552179932594,0.1221431270241737,0.1532134711742401,0.035373006016016,0.0492197126150131,-0.1187937408685684,0.0224933661520481,-0.027844401076436,GQNYKRQJFAJCKG-UHFFFAOYSA-N,Cc1ccc(C)c(NC(=O)CCN2CCOCC2)c1
-0.0966555401682853,-0.1124923527240753,-0.1134790480136871,-0.0945272222161293,-0.0355586148798465,0.0586101301014423,-0.0291431974619627,0.031366404145956,-0.0067782751284539,0.0646503046154975,0.1008950024843216,0.1072233170270919,0.0188522040843963,-0.1119681224226951,-0.0665580630302429,-0.1081267446279525,0.1004507765173912,-0.1132643073797226,0.0160567946732044,-0.1012481525540351,0.1103541925549507,-0.0991029292345047,0.0030505559407174,0.0138257229700684,-0.0879974961280822,0.1113141253590583,0.0809754878282547,0.1028651744127273,0.0930464044213295,-0.1123163327574729,0.1128924712538719,0.0032919661607593,-0.0971662625670433,0.0285391882061958,0.1030400767922401,-0.0835842341184616,-0.0879232138395309,0.1043668016791343,-0.1134281828999519,0.0931548029184341,0.0001687572657829,-0.1134775355458259,0.1134612783789634,0.1106005012989044,0.0444064252078533,0.0118477130308747,0.0132319824770092,0.1063592582941055,-0.1133721992373466,-0.0361450910568237,-0.1134572029113769,-0.0326261706650257,0.1134740561246872,0.1107809394598007,0.1116174161434173,0.0748248174786567,-0.1106522753834724,0.1115635856986045,-0.1126089096069336,0.0943069010972976,0.0578970424830913,-0.0892176702618599,0.0976616889238357,0.113383337855339,-0.1100424379110336,0.104158915579319,-0.0600689053535461,0.0589775890111923,-0.095803290605545,0.0836098790168762,0.0573753081262111,-0.1134606376290321,0.013228615745902,0.1121679246425628,-0.0237999390810728,-0.0925629138946533,-0.0199655275791883,-0.1020591333508491,0.0911369249224662,0.1122790947556495,-0.1128017008304596,-0.0717082396149635,-0.0919564962387085,0.0042142518796026,-0.0212156660854816,-0.1133303269743919,0.0493818335235118,-0.1127765402197837,0.112615630030632,-0.1075510159134864,0.0382600091397762,-0.0265127010643482,0.1129783689975738,0.0378273092210292,0.1134860962629318,0.0849543362855911,-0.1049702763557434,0.1132621765136718,-0.1035297736525535,-0.0290452092885971,0.0740718394517898,-0.1004951000213623,0.0663701295852661,-0.1011966466903686,0.1113983914256095,-0.0720165893435478,-0.1089936345815658,-0.0146739669144153,-0.0577283464372158,-0.0897734090685844,0.1069168820977211,-0.0989013165235519,0.1050820425152778,0.1131028160452842,0.0615171901881694,-0.1111376732587814,-0.1069281175732612,0.0705779194831848,-0.1064102947711944,-0.0838212296366691,0.1116578206419944,0.0554978922009468,0.0081261787563562,-0.107271134853363,-0.0607561133801937,-0.1025357842445373,0.095101423561573,-0.1113299503922462,-0.1042533814907074,-0.1039060279726982,0.0451667979359626,-0.0860299691557884,-0.0259245969355106,0.0996536388993263,-0.1016796603798866,0.0967798456549644,-0.1043132469058036,-0.0282721128314733,-0.1043435037136077,-0.103659838438034,-0.068765640258789,0.1041478067636489,0.0931574925780296,0.1040284186601638,0.1038039326667785,-0.1030509024858474,0.0879715681076049,0.1028886064887046,-0.0319720916450023,0.0906255766749382,-0.0996774658560752,0.1043447628617286,0.1042100936174392,0.0903432071208953,0.0958402529358863,-0.1030405983328819,0.1043075397610664,0.1003482788801193,-0.0926619470119476,0.1042660325765609,0.1042660251259803,0.0885989367961883,-0.0531684532761573,-0.1043233498930931,0.1043082550168037,0.0159784946590662,-0.0331396535038948,0.101448930799961,0.1033825427293777,-0.0983056798577308,0.1041877791285514,-0.0964235439896583,-0.0955067798495292,0.0955075845122337,0.0253443270921707,0.0670432597398758,0.1043313667178154,0.0854197666049003,-0.0505181923508644,0.0987770333886146,0.0803068801760673,0.1043421030044555,0.0435196720063686,-0.096200406551361,0.104151077568531,0.1042020544409751,0.0997307673096656,0.1043441891670227,0.0949064791202545,0.0848435163497924,-0.0927614793181419,0.1004823222756385,0.0612966604530811,-0.0323302596807479,0.1042980551719665,0.1041867062449455,-0.1043446213006973,-0.0642239451408386,-0.0687597021460533,-0.1035564616322517,-0.1004478633403778,0.1043447777628898,-0.103117935359478,0.1043446660041809,-0.067996084690094,-0.0748604759573936,0.1034054979681968,0.0236543957144022,-0.0384539477527141,0.0337115749716758,-0.0081279464066028,0.1015516445040702,-0.104308396577835,0.1043172478675842,0.1018961146473884,0.0242415238171815,-0.0659535750746727,-0.1042603775858879,0.0896538645029068,-0.0993006527423858,-0.0100796418264508,-0.1043183431029319,0.0898142009973526,-0.0626329556107521,0.1042797565460205,0.1037303730845451,-0.1043318510055542,0.0883940830826759,-0.1000703424215316,-0.1043306812644004,-0.0804999321699142,0.073369912803173,0.1039842814207077,0.0663936659693718,0.1042391657829284,-0.083353117108345,0.0888935625553131,0.0600804239511489,0.1035872250795364,-0.1029038652777671,0.1029063090682029,-0.1041791588068008,0.0781651213765144,-0.0036222049966454,0.0603359565138816,-0.1041782572865486,0.1043131873011589,-0.0214687474071979,0.022592756897211,-0.0178567916154861,0.0653339698910713,-0.0746105685830116,-0.0936322063207626,0.1043444648385047,0.1043432205915451,0.097753420472145,0.1015204042196273,0.0966843217611312,-0.0617825537919998,-0.0016090039862319,-0.1015313193202018,0.1015307530760765,0.0960854142904281,-0.1014326214790344,-0.1004711836576461,0.067100703716278,0.101401187479496,-0.094971053302288,0.0972261130809784,0.101293921470642,-0.0989736765623092,0.0640230402350425,-0.1015312224626541,0.1015189364552497,-0.1014869958162307,0.0973355695605278,-0.095378503203392,-0.1015173122286796,-0.1015293076634407,-0.0839700326323509,0.1007222011685371,-0.0965345650911331,-0.0927750095725059,-0.0902022495865821,0.0310012139379978,0.0930996164679527,-0.1014173105359077,0.1011334955692291,-0.0739616751670837,-0.0931281298398971,-0.10140211135149,0.1011981219053268,-0.0452304519712924,0.101496897637844,0.1014979556202888,0.0506457462906837,0.094985157251358,0.0910726264119148,0.1014436706900596,0.0143437245860695,-0.1015313267707824,0.0995895266532898,0.0118118971586227,0.0778715908527374,-0.100697673857212,0.0976374149322509,0.1006381660699844,0.0926044434309005,-0.0693120136857032,0.1015177443623542,0.1014418005943298,-0.0278558637946844,0.101507730782032,0.100091777741909,-0.1013143360614776,0.0995965152978897,0.1015313416719436,0.1003016829490661,-0.1015286445617675,-0.0114326030015945,0.1013122498989105,0.0834045633673667,0.0999878123402595,-0.1015175208449363,-0.0847926810383796,0.1011325493454933,-0.0991150289773941,0.1015313565731048,0.10147525370121,-0.0653504729270935,0.100520871579647,0.0669556185603141,0.075442150235176,0.0786433741450309,0.1014801934361457,-0.0708720088005065,0.0917476192116737,-0.078044407069683,-0.0992694869637489,-0.0267818700522184,-0.0656221136450767,0.0918214470148086,0.0990907847881317,0.0062144510447978,0.0984923765063285,0.1012170016765594,-0.1014841869473457,-0.1014308184385299,0.0943862795829773,-0.0804061666131019,-0.0914266780018806,0.1014801636338234,-0.0020386732649058,-0.1000424847006797,0.0252944678068161,-0.0752589851617813,0.055060040205717,-0.1008070036768913,0.0949129685759544,0.0946585461497306,-0.099707156419754,0.0200597271323204,-0.0306629966944456,0.1015312820672988,-0.0983130931854248,-0.0914804711937904,-0.0749555006623268,-0.1014493554830551,0.0804742649197578,0.0994832441210746,-0.0130021730437874,0.1006091833114624,-0.0239811595529317,0.098359577357769,0.0748276114463806,-0.0876486301422119,0.0991973355412483,0.1015137061476707,-0.098982460796833,0.1015168130397796,0.0916670337319374,0.0939094796776771,0.1011526510119438,0.0284695643931627,0.0967360436916351,-0.0621914155781269,-0.066618226468563,-0.0839267075061798,0.0868805423378944,0.0980752110481262,-0.0967126488685607,-0.0900683626532554,-0.0976337119936943,-0.097924418747425,-0.0952256545424461,0.0942290648818016,0.0870978608727455,0.0988063439726829,0.0981344357132911,-0.0986563712358474,-0.0684832781553268,0.0980768799781799,-0.0965225249528884,0.0971407070755958,0.0499894581735134,0.09551902115345,-0.09726482629776,-0.0992164686322212,-0.0989101603627204,0.0970987975597381,-0.085892230272293,0.0994504690170288,0.0996105447411537,-0.0891636088490486,0.089356780052185,-0.0942923128604888,0.0785812810063362,0.0986218228936195,-0.0785887464880943,0.092961274087429,0.0754372775554657,-0.0926574096083641,-0.0985972061753273,0.0968675389885902,0.0979522839188575,0.039370272308588,0.0848026648163795,0.0768620446324348,0.0640175640583038,0.0993966609239578,0.0943236649036407,0.099257543683052,0.0928412750363349,-0.0895482301712036,-0.0836265087127685,0.095230832695961,-0.0988824218511581,0.0995060354471206,-0.073214553296566,0.0935110375285148,-0.0978183224797248,0.0991033390164375,-0.0972575694322586,-0.0652205497026443,-0.0723387375473976,0.0982208326458931,-0.0642876029014587,0.0946608930826187,0.0994718968868255,-0.0780279859900474,-0.0922222808003425,0.0621085278689861,0.095673494040966,0.0538221299648284,-0.0974950343370437,0.0984216630458831,0.0556990802288055,0.0970589518547058,-0.0990994870662689,0.0986615866422653,0.0994644165039062,0.0379690043628215,-0.0890474393963813,0.0878663808107376,0.0995269045233726,-0.065101608633995,-0.087830975651741,-0.0955353751778602,-0.0959349274635315,0.0919213369488716,0.055600881576538,-0.0980204343795776,0.0317189022898674,0.0970750227570533,0.0757253393530845,0.0968048349022865,-0.0973633676767349,-0.0828828886151313,0.0876843407750129,0.0992413908243179,0.0946432501077652,0.0817765668034553,0.0698727741837501,0.0978294759988784,-0.0510923117399215,0.0867551267147064,-0.0132622495293617,-0.0896838083863258,0.0957576483488082,0.0884860903024673,-0.099395528435707,0.0990313664078712,0.0986073538661003,0.0918334871530532,-0.0983065515756607,0.0970740839838981,0.0786001533269882,-0.0858914107084274,-0.0989091023802757,0.0896095335483551,0.0958833023905754,0.0836667791008949,-0.0996186211705207,-0.0996344462037086,0.07993945479393,-0.069782368838787,-0.0705781653523445,0.0441884659230709,0.0940776392817497,0.0892393216490745,0.096969336271286,-0.0970226004719734,0.0176262017339468,0.0916837006807327,0.1152042150497436,-0.0207214411348104,0.1659165769815445,0.146495521068573,0.1534907221794128,-0.0740997865796089,0.0339760966598987,0.1271942704916,-0.0094913356006145,0.1475266814231872,0.0501473397016525,0.0377421677112579,-0.0190934874117374,-0.0378789901733398,-0.088893137872219,0.0488028042018413,-0.1137714460492134,0.1536963731050491,0.0364736206829547,-0.0328502021729946,-0.100322239100933,0.0895240679383277,0.0401531904935836,-0.0692470371723175,-0.0140152722597122,0.105478711426258,-0.0226993542164564,0.0784118920564651,0.1306812614202499,-0.1144989654421806,0.116707868874073,-0.0140402810648083,0.0387351661920547,0.0060003963299095,0.1273694634437561,-0.1515212655067443,0.1033411994576454,-0.0672850683331489,0.0061501679010689,-0.0163881834596395,-0.1632303446531295,-0.059051401913166,0.0387120842933654,0.1635754555463791,-0.1625074595212936,-0.0944616496562957,-0.0908595472574234,0.0328119322657585,-0.0658169016242027,-0.1078459993004798,-0.0527046434581279,-0.0316441394388675,-0.0738257095217704,-0.0609642714262008,-0.1310420483350753,-0.0101440586149692,0.101433016359806,-0.0616621747612953,-0.0255824420601129,0.0927241072058677,-0.1185675486922264,0.0395933464169502,-0.1157664060592651,-0.0110381776466965,0.0746261179447174,0.1038079857826232,-0.0434408150613307,-0.0308241005986928,0.016522129997611,-0.113678365945816,-0.1694172918796539,-0.0728749930858612,0.1677082329988479,-0.0463952869176864,0.0732930898666381,0.0632082670927047,0.0083502549678087,0.1136087477207183,0.1646410971879959,-0.0626748502254486,-0.0897721052169799,0.1775983572006225,0.0562829189002513,-2.6397858619020553e-06,-0.0140740731731057,0.037319328635931,-0.1041405722498893,-0.0277784913778305,-0.1236533224582672,0.0618076808750629,-0.1756816059350967,-0.0463427454233169,0.1705307066440582,0.0340137295424938,0.0148385446518659,0.0249479208141565,0.0751248747110366,-0.0396434217691421,-0.0407846979796886,0.0583066157996654,0.018818374723196,0.0758764445781707,-0.0300798621028661,0.0016339132562279,-0.0072707557119429,0.0095515036955475,-0.0618087500333786,-0.0478485971689224,-0.1158782541751861,-0.0815486460924148,0.1777856349945068,-0.0090860361233353,-0.0371229909360408,0.0735035166144371,0.1320081502199173,0.0624064393341541,0.0846989303827285,0.096312791109085,-0.0891137719154357,-0.1477789878845214,0.0397950857877731,-0.0181686356663703,-0.0743107497692108,-0.0855439007282257,0.0313565321266651,-0.0656313672661781,0.0970881655812263,0.0107952840626239,-0.0912155658006668,0.0692576318979263,-0.1417449414730072,-0.0842796117067337,-0.0321590788662433,-0.0449219308793544,-0.0760163962841034,-0.1212061941623687,-0.1329216659069061,0.0432147942483425,0.0171841252595186,0.0672069042921066,0.0612917616963386,-0.0117437252774834,0.0916943028569221,-0.1642666012048721,-0.0346729382872581,0.1025941520929336,-0.1019357144832611,-0.1349906176328659,-0.1280187368392944,-0.1137083247303962,-0.002433183370158,0.0607118234038353,0.0774198099970817,-0.1209616288542747,0.0747243911027908,0.0887312367558479,-0.1463556438684463,0.0488719046115875,0.0114690866321325,-0.0215273853391408,-0.0098372539505362,0.0230252742767334,0.0732381045818328,0.116887591779232,-0.1280803829431533,-0.095704935491085,-0.0842842608690261,-0.1245047599077224,-0.1265868693590164,0.0429974757134914,0.0883800759911537,-0.0636672601103782,0.0473391897976398,0.0328783430159091,-0.0529276505112648,0.1374398022890091,-0.0301300100982189,-0.0178245138376951,0.076226532459259,0.0536429211497306,-0.0332905985414981,-0.0467564649879932,0.1468148231506347,-0.0426546446979045,0.0765406265854835,0.0946306586265564,-0.1225996017456054,-0.0438657253980636,0.071031779050827,-0.0762939825654029,-0.0224572233855724,-0.0804521590471267,0.0979946479201316,-0.014114367775619,0.1297447681427002,0.0230217855423688,-0.0219598803669214,-0.0634368658065795,0.0884405970573425,0.024108450859785,-0.1066124066710472,-0.0446671955287456,-0.155611366033554,-0.0224329642951488,0.079786904156208,-0.1000082418322563,0.0304301418364048,0.0924118012189865,0.1686882078647613,-0.0155174089595675,-0.0739859566092491,-0.0999050140380859,-0.0053503843955695,0.1030501127243042,-0.0331971943378448,0.0414679385721683,0.1006037816405296,-0.1321033090353012,-0.0586912669241428,-0.0781555920839309,0.111700490117073,-0.0205837450921535,-0.1055250987410545,0.0446389652788639,-0.1795042753219604,0.0077827433124184,-0.1229822635650634,-0.0433114245533943,-0.0121876010671257,-0.1192580983042717,0.1454332023859024,-0.1499850898981094,0.0961884111166,0.0892867371439933,0.1492577195167541,0.1345590054988861,0.137252002954483,0.0333109498023986,-0.0016553540481254,0.023293238133192,-0.0520862340927124,0.1203466653823852,0.088123895227909,-0.0912801325321197,0.0885906741023063,0.0469419807195663,-0.0392326824367046,-0.1345191001892089,-0.094282180070877,0.1186476573348045,0.0736120119690895,0.0784602686762809,0.100473940372467,0.0678546279668808,YJYCFAQRFAXYAE-UHFFFAOYSA-N,O=C(O)c1cn(C2CC2)c2cc(-n3cc(CN4CCCCC4)nn3)c(F)cc2c1=O
0.0878400057554245,0.0366952344775199,-0.1021250933408737,0.1024728342890739,-0.080897569656372,-0.1024718061089515,-0.038532119244337,-0.0342895574867725,0.0999905467033386,0.0996274277567863,-0.0895681604743003,0.0910089015960693,-0.1023698672652244,0.0940537303686142,0.1024746894836425,-0.1012787818908691,-0.1024696975946426,0.0988044962286949,0.1023557856678962,0.0966171398758888,-0.0464725121855735,-0.0997431352734565,0.0734504237771034,0.0364965870976448,-0.0722904950380325,-0.0973706245422363,-0.070292592048645,0.0945595800876617,-0.1013903319835662,-0.0399563647806644,-0.1011170521378517,-0.1022540777921676,0.0998643189668655,0.1005665063858032,0.0913988202810287,-0.0719444751739502,0.0947635993361473,-0.0945874378085136,0.0883603617548942,-0.1014726087450981,0.0980537757277488,0.101777397096157,-0.1024633347988128,0.0962249264121055,0.1002004370093345,0.0923324972391128,-0.1024747341871261,-0.0520111210644245,-0.0226658694446086,-0.1023508012294769,-0.1023681536316871,-0.0361949056386947,-0.0879158973693847,0.1024747043848037,0.0899471417069435,-0.1024405881762504,0.1007729992270469,0.0070139775052666,0.0918618887662887,-0.0996825471520423,0.1024644970893859,0.1011366546154022,-0.005628848914057,0.0559743866324424,-0.0471850521862506,0.0744209438562393,0.1008362472057342,0.0232408121228218,0.1002632901072502,0.0776663571596145,0.0902382582426071,-0.1024630516767501,0.0997186824679374,0.0611728951334953,-0.1024658232927322,0.0932857021689415,-0.1024636179208755,0.1020973324775695,0.1024508401751518,-0.0853869467973709,-0.0276124887168407,0.0986882373690605,-0.0963642373681068,-0.0991963148117065,-0.1002355366945266,-0.0715319812297821,0.1013288646936416,-0.0267428085207939,0.0761117711663246,-0.0966547206044197,0.1024747118353843,0.1024703532457351,0.1019273623824119,0.0831949487328529,0.0927137657999992,-0.0928623527288436,-0.1003316193819046,0.102465845644474,0.1009940728545188,-0.1018413454294204,0.0812521278858184,0.0156481619924306,-0.0894699320197105,-0.0270262826234102,-0.0710024014115333,-0.1024662628769874,0.090617299079895,0.034962385892868,-0.0035948161967098,-0.0991631969809532,0.1001318916678428,-0.1024320721626281,-0.1020737066864967,0.0992938727140426,0.1020329445600509,0.1020877063274383,-0.0390821024775505,-0.0726674348115921,-0.1011217311024665,0.1023237705230712,-0.1007900685071945,0.0966706797480583,-0.0942430049180984,-0.1018728762865066,0.1024053916335105,0.0048584043979644,-0.0995223224163055,0.0981211438775062,0.074207566678524,-0.0727153196930885,0.1126089990139007,-0.049500823020935,0.0461237840354442,0.0811658278107643,-0.0347742959856987,0.0892548859119415,-0.1108180433511734,0.0973706915974617,-0.1123657152056694,-0.0040649771690368,0.0662260130047798,-0.0921224430203437,0.1056363806128501,0.0494578033685684,-0.0044664270244538,-0.1079486161470413,-0.1091220006346702,0.0691884830594062,-0.1026392504572868,-0.0939814522862434,-0.1007596775889396,0.1129138618707656,0.1062735021114349,0.1036294475197792,0.0529662072658538,-0.0955939441919326,0.0781750753521919,0.0343591049313545,-0.1122455149888992,0.0934345349669456,0.1031548306345939,0.1122309789061546,0.1102096661925315,-0.0820663347840309,0.1132213547825813,-0.1137607768177986,0.0260695852339267,-0.0752493366599083,0.1121145114302635,0.0120217939838767,0.1135901361703872,-0.1009263470768928,0.1134837865829467,-0.110842578113079,-0.0593816600739955,-0.1094959899783134,0.1004593744874,0.1120397225022316,0.0912241265177726,-0.0682635605335235,-0.0119716441258788,0.1059993579983711,-0.1052414923906326,-0.0990819782018661,0.1035908833146095,-0.1073723882436752,0.0430539771914482,0.0581467039883136,0.0983772501349449,0.1135815531015396,-0.1123404502868652,-0.0466418899595737,0.1135492771863937,-0.0267495270818471,-0.0115416524931788,0.1133653745055198,-0.1137905791401863,-0.0284630060195922,0.009269556030631,-0.1108991205692291,-0.1137298941612243,0.1111937910318374,-0.113469623029232,0.088914968073368,-0.1138711720705032,-0.042106669396162,-0.1080229133367538,-0.1006840839982032,0.0658174529671669,0.0351260118186473,0.0179203059524297,0.0911296159029007,-0.097086988389492,0.0440840423107147,0.1113646253943443,0.113454446196556,0.1133522018790245,-0.083030380308628,-0.1012420207262039,-0.0825214236974716,0.1132570803165435,0.0920019596815109,0.1092860922217369,0.1048974320292472,0.1124847680330276,-0.0757719352841377,-0.1132433637976646,0.0123706767335534,0.1046482846140861,-0.1102994829416275,0.1010127216577529,7.560413359897211e-05,0.0617971532046794,0.0612119436264038,0.1136729195713996,-0.0445885211229324,-0.0975553542375564,0.1118433699011802,0.0383815802633762,-0.1035772338509559,-0.1054341048002243,0.0147957131266593,0.1131673380732536,0.0905421525239944,-0.0070982682518661,-0.078526072204113,0.0793475285172462,0.0728757083415985,0.1100250482559204,0.0096658784896135,-0.0077860774472355,0.0863662362098693,-0.0452806837856769,0.1102474406361579,0.071080595254898,0.0286796558648347,0.0755763724446296,-0.1048705652356147,-0.0834607034921646,-0.0422916747629642,0.0702216178178787,0.1049750819802284,0.1016518697142601,-0.0546697601675987,0.0772719457745552,-0.0236936472356319,0.1049685329198837,-0.1031189858913421,0.1036482155323028,0.0223925802856683,0.097460463643074,-0.0970969721674919,-0.1049750298261642,0.1016363352537155,-0.1041794717311859,-0.0106894504278898,0.0402535907924175,-0.1048728600144386,-0.0818573161959648,-0.1036373004317283,-0.0985430404543876,-0.0854063779115676,0.1035183146595954,-0.0265294034034013,0.1047870963811874,-0.0849540159106254,0.1043796837329864,0.1015334650874137,-0.0876823887228965,0.0664287507534027,-0.0711918100714683,0.0618073306977748,0.1047957316040992,0.1027728468179702,0.1049661412835121,0.0891413912177085,0.1049729064106941,0.092802956700325,-0.0665109381079673,-0.1044651716947555,-0.1049727499485015,-0.0184873025864362,0.1006376594305038,-0.0659303143620491,-0.1047149375081062,-0.1000299602746963,0.0033029622863978,-0.0663639679551124,-0.1049441918730735,0.1049748957157135,0.0931328907608985,0.0066688782535493,0.1048022508621215,0.0967680066823959,-0.1048811674118042,0.1039660722017288,0.1049750596284866,0.1049576997756958,-0.1025184690952301,-0.1040402427315712,0.0758403837680816,0.103809006512165,0.1032962128520011,0.0031733592040836,0.0436108782887458,-0.0592364221811294,-0.1047795936465263,0.104973517358303,0.1043021976947784,0.0755575820803642,0.0873562470078468,-0.0799505934119224,-0.0595487095415592,0.0018434514058753,0.1049691811203956,-0.1018103584647178,-0.103039763867855,-0.0624765418469905,-0.1038723438978195,-0.0036958765704184,-0.104911483824253,0.0593106336891651,0.1044605299830436,-0.1049602031707763,-0.0774512141942977,-0.0280172936618328,-0.1049274280667305,-0.1034684479236602,0.1049750000238418,0.1047821640968322,0.1014402657747268,-0.1038668528199195,-0.0787584483623504,0.0404785461723804,0.015129686333239,-0.1049175038933754,0.1033426597714424,0.0892320498824119,0.1042742133140564,-0.0930430516600608,0.0911726430058479,0.1045771390199661,-0.1042301878333091,0.0153514528647065,0.1020167395472526,0.0999141708016395,-0.089469090104103,-0.1047501862049102,0.0926342904567718,-0.104144848883152,0.0629315376281738,-0.0863348320126533,0.1044976413249969,-0.0157436709851026,0.1047384813427925,-0.059538647532463,0.1009326130151748,0.1041053533554077,-0.1043530330061912,0.1049737185239791,-0.0242157354950904,0.1049425527453422,0.0211069229990243,-0.1037009879946708,0.0808441042900085,0.0379601642489433,-0.1293614357709884,0.1186539903283119,0.1327477097511291,-0.0513582192361354,-0.1006246358156204,0.1101597920060157,-0.1308480203151703,-0.0838430821895599,0.1237450093030929,-0.028459470719099,-0.0611910223960876,0.1223102509975433,0.099937655031681,-0.0948465391993522,-0.1273527443408966,0.1044854670763015,0.1212151497602462,0.0392481051385402,0.1138634383678436,0.025403406471014,0.0305812619626522,-0.0467198640108108,0.0825909674167633,0.0382755510509014,-0.132635086774826,-0.0863084271550178,-0.1277001053094864,0.1063806638121604,-0.0359203703701496,0.0872493386268615,-0.1330333799123764,0.0281473156064748,0.0312782488763332,-0.1341822743415832,-0.1305150091648101,-0.0723943784832954,-0.1247487589716911,-0.0619530640542507,0.0661361441016197,0.0411744192242622,-0.0648046657443046,-0.0725079625844955,0.0808177217841148,-0.0569887496531009,-0.0482615530490875,0.0301077365875244,0.1014927849173545,0.0936082080006599,-0.0414158813655376,0.0761900395154953,0.132817342877388,0.0392768830060958,0.0371817424893379,0.0893810614943504,-0.13037671148777,-0.1310454756021499,-0.0877046361565589,-0.0950452983379364,-0.005769376643002,-0.0498233027756214,0.1229920014739036,-0.0108208628371357,-0.0433512851595878,0.1098960116505622,-0.0460724681615829,0.1135646700859069,0.0016106441617012,0.0307059008628129,0.0878121927380561,-0.0873777121305465,-0.0305830091238021,-0.045117724686861,-0.0155965434387326,0.0900265052914619,0.1229549944400787,-0.1107244491577148,-0.0385330244898796,0.0027765796985477,0.0927321761846542,-0.0146018350496888,-0.093175008893013,0.1288381814956665,0.0798102840781211,-0.122765727341175,0.0527259111404418,0.0799001902341842,-0.0964201688766479,-0.007915093563497,0.0711729228496551,0.0977491810917854,0.1174290776252746,0.0571254529058933,-0.0460757575929164,-0.0196611527353525,-0.1185757666826248,-0.1075064837932586,-0.0488082505762577,-0.110786385834217,0.1101361364126205,0.092499665915966,0.1260034590959549,-0.0495549440383911,-0.134272426366806,-0.1026841774582862,-0.074418231844902,-0.0365852192044258,-0.1093066781759262,-0.0538622662425041,-0.0931455492973327,0.1104857251048088,0.1121740862727165,0.0828054472804069,-0.0737659409642219,0.0791245326399803,0.1339112967252731,-0.1012066379189491,-0.0102419983595609,-0.0648721605539321,0.1274532675743103,-0.1129648759961128,-0.0523850657045841,0.0736012682318687,-0.0585488341748714,0.0499741807579994,-0.1328173577785492,-0.1037175059318542,0.1156959533691406,-0.114917017519474,-0.0653711855411529,0.115602433681488,0.1129787489771843,0.1154145672917366,-0.0880595445632934,0.0386935696005821,-0.0364190004765987,0.1083249077200889,0.0231136679649353,0.1104213893413543,0.1168514713644981,-0.0877023264765739,0.1191747859120369,0.0623926557600498,-0.0576377213001251,-0.0886596143245697,-0.1075570806860923,0.001964169088751,0.0958695113658905,-0.0932817682623863,-0.0912329331040382,0.1085497736930847,0.1024676635861396,-0.1194861233234405,-0.0853562280535698,0.1204966008663177,-0.0201325584203004,0.0940310284495353,-0.0318281203508377,-0.1202465072274208,0.0643675550818443,-0.1047600582242012,-0.0168673917651176,0.1163576766848564,-0.0297581497579813,-0.0365525260567665,0.0986736714839935,-0.1009384915232658,-0.060767438262701,-0.091240257024765,-0.1207728460431099,-0.029780063778162,0.0991721078753471,0.1190761476755142,-0.1073318570852279,0.0476014614105224,-0.0985447913408279,-0.0802253782749176,0.0654033124446868,-0.0766842514276504,-0.0015834093792364,0.0577881708741188,-0.0758383870124816,-0.078698843717575,-0.0475374311208725,-0.0951631665229797,0.0883101969957351,0.0185603145509958,0.1034352779388427,0.1016581803560257,-0.0321293361485004,-0.1063976362347602,0.1012080088257789,0.1036903858184814,0.0916531234979629,0.0824091657996177,-0.1168112009763717,0.1121322661638259,0.060971662402153,-0.1059903874993324,-0.1159303039312362,-0.104700319468975,0.0977465510368347,0.1120328679680824,-0.0846870467066764,-0.0601975508034229,0.0252270642668008,-0.0980129763484001,0.1148274466395378,-0.0734761282801628,-0.0793011859059333,0.1085250452160835,0.1138776317238807,0.1177159324288368,-0.1153264492750167,0.054121259599924,0.0875649526715278,-0.0489822849631309,-0.0088056940585374,0.1038602516055107,-0.0747968330979347,0.0687499195337295,0.1207861676812172,0.0265784244984388,-0.050274945795536,0.0618973635137081,-0.0401777029037475,0.1097855865955352,0.0915826261043548,0.04281747341156,0.1127368211746215,-0.0780734270811081,-0.0905405580997467,-0.1111207827925682,0.1106528937816619,-0.1113367900252342,-0.0997954979538917,-0.1142875254154205,-0.1104898154735565,0.0840767994523048,0.1135470196604728,-0.0128882071003317,-0.1033278256654739,-0.0243688710033893,-0.1091502234339714,0.1093583479523658,0.0473316870629787,0.0954381898045539,-0.0923326388001442,-0.1167313829064369,0.0912920981645584,-0.0076612741686403,0.0264125559478998,0.0029262925963848,0.0937155410647392,-0.0711297839879989,-0.1163444519042968,0.0242136362940073,-0.0625774040818214,0.06034567207098,-0.1219007298350334,-0.0636716112494468,0.0204452872276306,0.050204612314701,0.050823625177145,-0.1204426810145378,-0.1074161902070045,-0.0838285759091377,0.1015281677246093,0.1099096238613128,-0.0788436532020568,0.0995700806379318,0.0826559886336326,-0.1139735728502273,0.0480660088360309,0.08883798122406,-0.1200860440731048,-0.0118581056594848,0.0377028882503509,-0.1144808903336525,-0.0842388793826103,0.0694338306784629,0.1100736483931541,-0.1184874176979065,0.0708838626742363,0.1152308210730552,-0.1206561997532844,0.1188713610172271,0.0340718924999237,0.0615190491080284,0.0914109945297241,0.0982118174433708,0.0750676244497299,-0.0887600034475326,0.1057036444544792,-0.0908903107047081,-0.1178617477416992,-0.1223067268729209,-0.0661307424306869,0.1113365665078163,0.1205182820558548,-0.0361833684146404,0.1219348460435867,-0.0831070467829704,-0.0786459520459175,0.1228779479861259,-0.1006047874689102,0.0222867280244827,-0.0207471400499343,0.1009940505027771,-0.1109103634953498,0.1158189177513122,0.1210599839687347,0.0370007529854774,0.0981787964701652,0.1057630330324173,0.0473716370761394,0.0545533783733844,0.1060257777571678,0.1152615770697593,-0.0702080801129341,-0.1123193427920341,-0.0214516669511795,0.1143947020173072,0.1226997449994087,0.0898760482668876,-0.0838938355445861,0.0825443416833877,0.1216872110962867,0.1068330705165863,-0.1088377311825752,0.0450214780867099,-0.0646840184926986,-0.0765265002846717,-0.0242965687066316,-0.0584682710468769,-0.0495138615369796,0.10230103880167,0.1143641769886016,0.0592543669044971,-0.1206767335534095,-0.1222478523850441,0.1118278875946998,-0.0647275671362876,-0.0403739772737026,0.110787808895111,0.0799628421664238,-0.0409797951579093,0.0968008413910865,0.0821432247757911,0.043170541524887,0.0854450538754463,-0.0150319952517747,-0.051344159990549,-0.1192190796136856,0.1225416511297226,0.0449345037341117,-0.1172860562801361,-0.0588950738310813,0.0377009697258472,0.1205074191093444,-0.1141415834426879,-0.0084501327946782,-0.0513080060482025,0.0799348279833793,0.0658296644687652,0.1226420179009437,0.1105971559882164,0.0736880227923393,-0.109273113310337,0.1164435371756553,-0.0175619591027498,0.1216016188263893,-0.0482890084385871,-0.0002760870556812,0.1226334124803543,0.0183472596108913,-0.0762149915099144,0.1220508441329002,0.0011163818417117,-0.0160851385444402,0.0574945583939552,-0.086794413626194,0.049174927175045,MBCRACSOWPTXSS-UHFFFAOYSA-N,CC(C)C1CN(C)CCN1Cc1ccccn1
0.1053907871246337,0.1061875000596046,0.0998428985476493,0.058987058699131,0.0992758199572563,-0.0913932919502258,-0.1063452810049057,0.0815201103687286,-0.0717535763978958,-0.0853212401270866,-0.0932238772511482,0.0772643461823463,0.1041097044944763,0.1065923497080802,-0.0165631342679262,-0.1029078289866447,-0.0032586704473942,0.1046677902340889,-0.106605127453804,0.1017233431339263,-0.1063344106078147,-0.1023802086710929,0.1018323972821235,0.0902610942721366,0.045449249446392,-0.1052141040563583,-0.0743448808789253,0.0871162265539169,0.1036191955208778,-0.1046170815825462,0.0458858609199523,0.0590951293706893,-0.0879897475242614,-0.0952581167221069,-0.1057935655117034,-0.0480399765074253,-0.0897715464234352,0.0937202647328376,-0.0946415364742279,0.0762697383761406,-0.1066397950053215,-0.0997595787048339,-0.106443166732788,0.0863356068730354,0.065563216805458,0.1056841015815734,0.0306373666971921,-0.1065452918410301,-0.1064227297902107,-0.0170088522136211,0.038558654487133,-0.0982258915901184,0.1061692610383033,0.0796271711587905,0.0056277965195477,0.1062979400157928,0.0283359829336404,-0.1030563190579414,0.0293780919164419,-0.0820617452263832,-0.0384582765400409,0.1066533625125885,-0.0773679465055465,-0.0165385585278272,0.0741424337029457,0.1046019345521926,-0.1065671443939209,-0.0700498893857002,-0.1035572960972786,-0.1064506843686103,0.0732960253953933,0.106653444468975,-0.0411595217883586,-0.0951389074325561,0.0954943671822547,-0.1066127941012382,-0.1063079684972763,-0.09871556609869,-0.1010647341609001,-0.0205482374876737,0.0671897381544113,0.106561079621315,0.1063296496868133,0.0844232514500618,-0.059401299804449,0.1029659360647201,-0.0288130491971969,0.1032409891486167,-0.1049269810318946,0.0718558207154274,-0.0872258469462394,0.0999387949705123,0.0962278619408607,0.1056303605437278,-0.1066299304366111,-0.097035713493824,-0.1021475121378898,0.0584851540625095,0.1046985015273094,0.1042476892471313,0.0830493792891502,-0.0879437401890754,0.1035512164235115,0.1064651682972908,-0.1051291599869728,0.0858385413885116,0.098041296005249,0.05955521017313,-0.106088787317276,0.104251243174076,-0.0981110483407974,0.1052714362740516,-0.1059620007872581,-0.1026583984494209,0.1033827513456344,0.106584645807743,-0.0923367291688919,-0.0413162931799888,0.0519960708916187,0.0777721852064132,0.1038718223571777,0.0684231221675872,0.026631586253643,-0.0519630275666713,-0.0875022411346435,0.0982847511768341,-0.0031272242777049,-0.0812762454152107,0.0985177159309387,-0.0984951555728912,0.0971592515707016,0.0986374765634536,-0.096590057015419,0.0977518260478973,-0.0820621028542518,0.0956170782446861,-0.0147056235000491,0.0985472649335861,0.0986186638474464,0.0986317098140716,0.0948094874620437,0.0953280180692672,0.0817810371518135,-0.0963665395975112,0.0958291515707969,0.0964400842785835,-0.0986368060111999,-0.0954570919275283,-0.0982973501086235,-0.0913546085357666,-0.0986333265900611,0.0338805541396141,0.0705129206180572,-0.0777650475502014,-0.0976936221122741,0.0957660004496574,0.098535843193531,-0.0451544225215911,-0.093450129032135,-0.0985912308096885,-0.0986374467611312,0.0983339175581932,-0.0984428226947784,-0.0876177176833152,-0.0973750203847885,-0.0977467373013496,0.0985359475016594,-0.0947710797190666,0.0985320657491684,0.0967375934123992,-0.0732819065451622,-0.0685530304908752,0.0981668606400489,-0.0985782369971275,-0.0960275158286094,0.0971430465579032,-0.0980538427829742,0.0986349806189537,0.0967438146471977,-0.0937672778964042,-0.098353274166584,0.0707864463329315,0.0571332424879074,0.0984788313508033,-0.0986361280083656,-0.0968820750713348,-0.0985271707177162,-0.098635159432888,0.0986280515789985,-0.0982956513762474,0.0196282919496297,0.0986360237002372,0.0985847488045692,0.0985434651374816,-0.0264588333666324,0.098595529794693,-0.0980650186538696,0.0986354500055313,-0.0959065854549408,-0.0983517244458198,0.0772012993693351,-0.0972219109535217,-0.0985211059451103,-0.0271835681051015,-0.0986113548278808,0.0986021980643272,-0.0826954469084739,0.0973523780703544,-0.0800441205501556,0.008166410960257,-0.0972330346703529,-0.0267432499676942,-0.085808016359806,0.0684595182538032,-0.0972405970096588,0.0135427322238683,-0.098636969923973,0.0986347198486328,-0.0985514298081398,0.0459138974547386,-0.0984717458486557,-0.0576856024563312,-0.0378549247980117,-0.0025512587744742,-0.0820219442248344,0.0975681021809578,0.0641291067004203,0.0609598495066165,0.0980742946267128,-0.0886259153485298,0.0797797292470932,0.0985587984323501,-0.094008095562458,0.0220867469906806,-0.0935785770416259,0.0778907313942909,-0.0985214412212371,-0.0986267179250717,0.0955997109413147,0.0986371263861656,0.0985055044293403,-0.0985801890492439,-0.0684875845909118,0.0981680154800415,-0.0028461951296776,0.0986271649599075,-0.0843658223748207,-0.0979571714997291,0.0985406339168548,-0.0970091596245765,-0.0978801473975181,0.0985037386417388,-0.0981381982564926,-0.0986231714487075,-0.0986350700259208,0.0267162062227726,-0.1024889573454856,0.0743229910731315,0.0546824298799037,0.073927916586399,0.0936533212661743,-0.1030011996626854,0.0883243680000305,0.0894785746932029,-0.0600785836577415,0.0949368849396705,0.1021766439080238,-0.0178054478019475,-0.1033855006098747,-0.1025991663336753,0.1028979644179344,-0.0881775543093681,0.0961458906531333,0.1030717566609382,-0.0789703801274299,-0.1008389517664909,-0.0610511265695095,0.1008739098906517,-0.0052396552637219,0.0397123433649539,-0.1031687706708908,0.1027145683765411,0.0107074109837412,0.102801077067852,-0.0587824843823909,-0.1016301736235618,-0.1029016375541687,-0.0912249535322189,0.0029580167029052,-0.1000463366508483,0.0433826074004173,0.0979814901947975,-0.1032407283782959,-0.0947966873645782,-0.0929682478308677,-0.0998847559094429,-0.1006156429648399,0.0900837033987045,0.1030115634202957,0.0014609342906624,0.1021331623196601,-0.0578229539096355,-0.0956978276371955,-0.1015784963965416,0.0963829085230827,0.0546709671616554,-0.1005871444940567,-0.1021328642964363,0.0162079557776451,0.1033843979239463,-0.1033873781561851,-0.0655485466122627,-0.1033144742250442,0.1021604090929031,0.0856528729200363,0.0920522138476371,-0.0970879271626472,-0.1014328002929687,0.1033831313252449,-0.1020053625106811,0.0871840938925743,-0.0926975011825561,0.1018938422203064,0.0159925259649753,0.1032416149973869,0.1019764766097068,0.093545414507389,0.0590178668498992,0.0837207734584808,0.0951798558235168,0.0959009826183319,-0.1019725129008293,0.09992066770792,0.1031555160880088,-0.1032739281654357,-0.1028595715761184,0.0810311138629913,0.101031981408596,0.1033807247877121,-0.0925056487321853,-0.1000948771834373,0.0848143026232719,0.1030424013733863,0.1027390956878662,-0.0731371417641639,-0.1032884716987609,-0.0720403492450714,0.0657126083970069,-0.0888671427965164,0.1008035317063331,-0.0849844068288803,-0.1033746227622032,-0.0189255531877279,0.1017318144440651,-0.0870062708854675,-0.1018763780593872,-0.1028813794255256,-0.0205004457384347,0.0870629847049713,0.101861797273159,-0.1033490598201751,0.1019744053483009,0.0176163204014301,-0.0300056729465723,0.0900111347436904,0.0907372310757637,0.0604483783245086,0.0813556537032127,-0.0977754369378089,0.1028604730963707,0.0056075835600495,-0.074325680732727,0.0823618024587631,-0.1033876314759254,0.1033868864178657,0.0976394265890121,0.0877455249428749,0.1026701107621193,0.1032476499676704,0.1018989458680152,-0.0163979902863502,-0.0943915992975235,-0.1033583581447601,0.0071324757300317,0.1220491528511047,0.0640110149979591,-0.121480606496334,-0.0089638195931911,0.173304870724678,-0.1381837427616119,-0.0781157836318016,-0.0272426642477512,-0.1260364204645156,-0.040481649339199,0.1016082018613815,-0.0469957254827022,-0.1592572629451751,0.0541908219456672,-0.0162400994449853,0.1139188632369041,-0.0752418041229248,0.0905308350920677,0.1246599927544593,-0.0203856136649847,0.0308009684085845,-0.0558048114180564,-0.0624286830425262,-0.0969932824373245,0.0731975734233856,0.0311173349618911,0.0130934985354542,-0.1335886418819427,-0.15226511657238,-0.0129220765084028,-0.117060013115406,-0.0866766646504402,-0.1676840484142303,0.1203225180506706,-0.0216669235378503,-0.0828864574432373,-0.1283821910619735,-0.0083983484655618,-0.1286218911409378,-0.1275782883167266,-0.0871225148439407,0.0764288529753685,-0.0198998693376779,0.0296563804149627,0.0097257206216454,-0.0399789735674858,-0.0456638745963573,0.0147812906652688,-0.085653968155384,0.0271770004183053,0.0150557281449437,-0.1429495960474014,0.0910295620560646,-0.0144587354734539,-0.0391606017947196,-0.0485452301800251,-0.0198749545961618,-0.0938091427087783,0.0741753056645393,-0.1255656480789184,-0.00972440559417,0.0171888191252946,0.1490022093057632,0.008196267299354,-0.1183623820543289,-0.1108545437455177,-0.1237988248467445,-0.0811084434390068,-0.0941020771861076,-0.0556756928563118,0.052990723401308,0.0449690632522106,-0.0317975506186485,-0.0438721142709255,-0.0219754073768854,0.0353000611066818,0.1141267120838165,0.0744746252894401,-0.0705716758966445,-0.057052057236433,-0.0458136387169361,0.1345227062702179,-0.1007523313164711,0.1468950062990188,-0.072576880455017,-0.1938535273075103,0.1356294155120849,-0.0066588916815817,-0.1052430346608161,0.0637672767043113,-0.0391884371638298,0.1302940845489502,-0.0108987474814057,-0.1256892085075378,0.0418548919260501,0.091581143438816,-0.0775358825922012,-0.0382968001067638,0.0675976201891899,-0.1115244030952453,0.1706058382987976,0.0038289418444037,0.0894782096147537,-0.0647128969430923,-0.158896192908287,0.1130603402853012,-0.0756140723824501,0.0179797764867544,0.0256476048380136,0.0028670646715909,0.034638337790966,0.1156885176897049,0.148013174533844,0.0326989144086837,0.114655464887619,-0.0407815463840961,0.0973140075802803,-0.0230740662664175,0.0274202860891819,-0.0382419005036354,0.0959349200129509,0.1234585270285606,0.0143414996564388,-0.0719354972243309,-0.0203520003706216,-0.0422243773937225,-0.1770917177200317,-0.0485774353146553,-0.0822046846151351,-0.1218925938010215,0.1321515291929245,-0.1255175620317459,0.1172261014580726,0.1393151730298996,0.0111347828060388,-0.0506095290184021,0.0458100624382495,0.0366531312465667,0.0858040526509285,-0.038046158850193,0.0715290382504463,0.070088967680931,0.0879327952861785,-0.0480066463351249,0.0851538851857185,0.0800383612513542,-0.0172712318599224,0.0998804420232772,-0.0845398232340812,0.0665944144129753,-0.0768248587846756,-0.0454619936645031,-0.0566665641963481,0.1078338772058487,-0.0512636639177799,0.0591412149369716,-0.0782170593738555,-0.025260018184781,0.0283670965582132,0.103512980043888,-0.01479232031852,0.0733460634946823,-0.1576164960861206,-0.0823658034205436,0.0717409551143646,-0.1696795523166656,0.0445533208549022,0.021021656692028,-0.0792300254106521,0.0246873553842306,-0.010027945972979,0.0947506576776504,-0.0897524952888488,0.0524764508008956,-0.0291883274912834,0.0184410475194454,-0.0402513407170772,-0.0653903037309646,0.0122609343379735,-0.110505424439907,0.1323925852775573,-0.0250157099217176,-0.0805606320500373,0.0634553208947181,-0.0829006806015968,-0.0006662392406724,0.1569129675626754,-0.0572778061032295,0.0800977349281311,0.0581950172781944,-0.137261763215065,0.0167819857597351,-0.0957617983222007,-0.0635858178138732,0.0918826460838317,0.0073247626423835,-0.1257592141628265,-0.0233589336276054,0.069564901292324,-0.1517854481935501,-0.1561925262212753,-0.093263566493988,0.0536307096481323,-0.0183321293443441,0.0672245770692825,0.0107819763943552,-0.0339683890342712,-0.0624944679439067,0.041240818798542,0.0382456928491592,-0.1247467100620269,0.1432231813669204,-0.0348240286111831,-0.1128571853041648,0.0018431032076478,0.0363216437399387,-0.124668926000595,0.1680065393447876,0.1310457438230514,-0.1045210361480712,-0.1422370970249176,0.0842894315719604,0.1482264250516891,0.0412900745868682,0.0851883590221405,0.0472876876592636,0.0726622641086578,-0.0115618510171771,0.0391050726175308,0.1261119842529297,0.0607565976679325,0.1462608873844146,-0.032241154462099,0.0757661461830139,-0.1579233556985855,-0.0547730848193168,-0.1068015173077583,0.0887780785560607,0.0056421947665512,-0.0154781937599182,0.1326512694358825,0.0107117965817451,0.1093243360519409,-0.0941013172268867,0.1701895147562027,-0.0757954344153404,-0.0299211479723453,-0.0192873384803533,-0.1211452037096023,-0.0823357179760932,0.1571964919567108,-0.0798921361565589,-0.1145296096801757,0.1312040388584137,-0.1012705266475677,0.1158969327807426,-0.1280066221952438,-0.0156335271894931,-0.0924074873328208,-0.0617857985198497,0.040373858064413,0.1511359512805938,0.1470762342214584,0.1643309444189071,-0.0100985737517476,-0.0126426387578248,0.1302186548709869,-0.0608646124601364,-0.0033119723666459,0.0163978263735771,0.0992484912276268,0.0081342393532395,0.0285886768251657,-0.1131657063961029,-0.1400638967752456,-0.1367863267660141,0.040339421480894,0.0886140242218971,0.0433296002447605,-0.0959292948246002,0.0481163822114467,0.0187434870749712,-0.0413468368351459,0.0961985439062118,-0.049649279564619,-0.1588722914457321,0.0096148625016212,-0.0055711739696562,0.0272411908954381,-0.0685888081789016,-0.1352270394563675,0.1194646134972572,0.1441888809204101,0.0485660098493099,0.0562998726963996,-0.0157855842262506,0.1321485340595245,0.0410011559724807,-0.1428985148668289,-0.1325868666172027,0.0569707676768302,0.018562139943242,0.087897315621376,0.0126577802002429,-0.0488484688103199,0.0668786093592643,-0.159445583820343,-0.0165853910148143,-0.1080128774046897,0.009599283337593,-0.0359379947185516,-0.0879055857658386,-0.1212861835956573,-0.1224140152335167,0.0042141089215874,0.1187441125512123,0.0975080206990242,0.0237868353724479,0.0421594679355621,-0.0259760487824678,0.1183130368590354,-0.0819273442029953,0.0745965167880058,-0.1322333514690399,0.1232703030109405,0.1351153403520584,-0.0229038279503583,0.0213718879967927,-0.0495693795382976,-0.1041567549109458,-0.1308090388774871,-0.0616036765277385,-0.0384371504187583,0.0337889716029167,0.0200071595609188,-0.0133762573823332,0.1164017543196678,-0.1390503197908401,0.0599359050393104,-0.0820140913128852,-0.1274290382862091,0.1514488160610199,-0.1057837009429931,-0.036385528743267,-0.1590611487627029,-0.1189036518335342,0.0089504849165678,0.054411843419075,-0.1052001044154167,-0.0106799704954028,-0.1022910848259925,0.0146564580500125,0.1160779744386673,0.1478040367364883,0.0899117961525917,0.0154208000749349,0.0054698996245861,0.0750588029623031,0.0405510179698467,0.1345261186361313,0.0288981944322586,0.0597311221063137,0.0468683987855911,0.0261563248932361,-0.0182875487953424,-0.0825684517621994,0.0456206612288951,0.0242786966264247,0.1282747238874435,0.0254478994756937,0.0817510187625885,-0.1195974424481391,-0.0998098701238632,-0.1079130619764328,0.102227509021759,-0.0112893655896186,0.0312075391411781,0.1642686128616333,0.1335057020187378,-0.0779761746525764,0.0131041975691914,-0.0847342312335968,0.1391881853342056,0.0099500771611928,ZWCIYLIDLAGVLD-UHFFFAOYSA-N,C=C(C)CNC(=O)Nc1cc(F)cc(OC)c1
0.0946557223796844,-0.0001164747664006,-0.0123024005442857,0.1229845508933067,0.0912992879748344,0.1090774834156036,0.0112026901915669,-0.0355094857513904,-0.1157549992203712,-0.0748299807310104,-0.0907439216971397,-0.0292560346424579,-0.0682671293616294,0.0943149328231811,0.0925758481025695,-0.1135695427656173,0.1153309419751167,-0.0925889313220977,-0.0619706697762012,0.1190196424722671,0.031565599143505,-0.1076888665556907,-0.0209921002388,-0.1060739532113075,0.1097897738218307,-0.0370490886270999,0.0436160713434219,-0.0387063175439834,0.116732083261013,-0.0611482709646225,0.007595729548484,0.0361032523214817,-0.0175115689635276,-0.106588177382946,-0.1230315864086151,-0.1135384812951088,0.1086968854069709,0.1105214208364486,0.1094932779669761,0.1223268285393714,-0.1029429286718368,0.0098721627146005,-0.1006526798009872,0.1183778718113899,0.102789469063282,0.1125633716583252,-0.0829604864120483,-0.1123756095767021,-0.1224258169531822,-0.0871396362781524,0.0389070473611354,0.0488274879753589,0.091232068836689,-0.0507653504610061,-0.1147891953587532,0.1115557551383972,-0.0725911259651184,-0.1185585781931877,-0.1115922331809997,0.0345559231936931,-0.0340541712939739,0.118448682129383,0.1009016558527946,0.020178947597742,0.1112938225269317,-0.0012586944503709,-0.1146822348237037,0.0166785586625337,-0.0976258367300033,-0.0922339856624603,0.0510170757770538,0.1233648210763931,0.0978239253163337,-0.1093958616256713,-0.0304887536913156,-0.0188251044601202,-0.1065488904714584,0.0909238308668136,-0.0231445934623479,-0.0995496660470962,0.1016636565327644,0.1095228567719459,0.0727300494909286,0.1121407449245452,0.109250895678997,0.1208930760622024,0.0686471760272979,0.1065765246748924,-0.0681368112564086,-0.0874166786670684,-0.0557103157043457,0.0842344611883163,0.1068504601716995,0.1224074736237526,-0.1130405068397522,-0.0698338225483894,-0.1232808902859687,0.0851106494665145,0.0219288635998964,0.0634520128369331,0.0977970659732818,0.0860667675733566,0.0895808339118957,0.0150167159736156,-0.114414244890213,-0.014749938622117,-0.0235826075077056,0.0744816809892654,0.0581302642822265,0.0715755298733711,-0.0797037258744239,-0.0710372999310493,-0.1200756505131721,-0.0918405577540397,0.1112434491515159,-0.0486690886318683,-0.0918731242418289,-0.0729091316461563,-0.0419854708015918,0.1172840446233749,-0.0031673663761466,0.1109761595726013,-0.113648772239685,0.1102397888898849,0.0860653445124626,0.107369489967823,-0.1050620898604393,-0.1079419180750846,0.1166917011141777,-0.0911465436220169,0.037088394165039,0.1144900172948837,-0.1044366508722305,0.1096829921007156,-0.0859220325946807,0.1147403046488761,0.1078250706195831,0.0581754893064498,0.1165501922369003,-0.0254682134836912,-0.1050051152706146,-0.0521052703261375,0.0425841137766838,0.0053257909603416,0.0219328440725803,0.1004295572638511,-0.1167602017521858,-0.1105423048138618,0.0264495685696601,0.0488283261656761,-0.1105717495083808,-0.0836087614297866,-0.0647328197956085,0.1147208958864212,-0.1044623553752899,-0.0107866860926151,-0.0222693178802728,-0.1072010546922683,-0.0656104758381843,-0.0785042122006416,-0.1128322631120681,0.1143371015787124,0.0901482924818992,0.0758970007300376,-0.0009357018861919,-0.1110150665044784,-0.0775096639990806,-0.0540548227727413,0.0929664745926857,-0.018552104011178,-0.0756110250949859,-0.1177728995680809,0.0692281872034072,-0.0924035310745239,-0.1117475032806396,0.114979587495327,-0.1155934557318687,0.1180254742503166,0.0980628132820129,-0.1094943359494209,-0.112318642437458,-0.0059250649064779,-0.006698730867356,-0.1027400493621826,-0.0224913489073514,-0.1105361133813858,-0.1089952737092971,-0.1111792474985122,0.1006223484873771,-0.0944674983620643,-0.0824792310595512,0.0993279889225959,0.1179452612996101,0.0620969533920288,-0.0949435606598854,0.1053437143564224,-0.1103924140334129,0.1085051894187927,0.0556514933705329,-0.1177254915237426,0.0481636822223663,-0.1011129841208458,-0.1151708364486694,0.0614145547151565,-0.1113517731428146,0.1147990152239799,0.08820690959692,-0.0454909428954124,-0.1135982871055603,-0.0112216165289282,0.1143065020442009,0.0826828777790069,-0.1042347848415374,-0.057291742414236,0.0752767547965049,-0.0262106582522392,-0.1155159324407577,0.0906615331768989,-0.1064964607357978,-0.1138287857174873,-0.0648523643612861,0.0624667219817638,0.0224292054772377,0.1158182322978973,-0.0299192164093256,0.0890148356556892,-0.0357843041419982,-0.0284824408590793,0.0554870069026947,0.0773515850305557,0.0768901035189628,0.1039722710847854,0.0124019859358668,0.0765228047966957,-0.1162898689508438,0.0220164731144905,-0.094830572605133,-0.1159482970833778,0.0963452979922294,0.1139744371175766,-0.0977604165673255,-0.0594579651951789,-0.1065215095877647,0.0788696929812431,-0.115786999464035,-0.044807843863964,0.0609533004462718,-0.1150924563407898,0.1112565994262695,-0.1006499975919723,0.0271853934973478,0.1119797602295875,0.0151718230918049,-0.1177754551172256,-0.062262512743473,0.0948118194937706,-0.0901719480752945,0.0955399870872497,0.0924172773957252,-0.0468758679926395,0.0593010485172271,-0.1129394471645355,-0.0528902113437652,-0.1126918122172355,-0.1110307648777961,-0.080351173877716,0.111122190952301,0.0965050160884857,-0.112401008605957,-0.1124576404690742,0.0921447947621345,0.0654003769159317,0.0342875458300113,0.1125827059149742,-0.1114426106214523,0.0760412886738777,-0.0979806631803512,-0.0567421652376651,0.0708041042089462,0.109503649175167,0.0964781641960144,0.1082048565149307,0.1106041520833969,0.1124343574047088,-0.1071994081139564,-0.0262688528746366,0.0966561064124107,-0.1129480972886085,0.1040331870317459,-0.0446754917502403,0.0502001978456974,-0.1068960428237915,-0.0898760259151458,-0.1065355837345123,-0.0742141976952552,0.0642420947551727,-0.0294528659433126,0.0489884763956069,0.1069424152374267,-0.0334883965551853,0.082034021615982,0.1107119992375373,-0.0440919212996959,-0.0705507472157478,0.1072838827967643,-0.0934652537107467,0.0674006789922714,0.0506775379180908,-0.1101132780313491,-0.0054969959892332,-0.0522786863148212,-0.1116852164268493,0.0328845456242561,0.0071087535470724,0.0573914349079132,-0.0407113693654537,0.0295889861881732,-0.0621446035802364,0.1127199232578277,-0.0919076576828956,0.1099673584103584,-0.0159437786787748,0.0362871475517749,0.0820376053452491,0.0492585971951484,0.0492697246372699,-0.1110715419054031,-0.0419359542429447,-0.0200252775102853,0.1128883510828018,0.1121506243944168,-0.1129138022661209,-0.1116687357425689,0.1128075420856475,-0.1068154871463775,-0.112820841372013,-0.1064827814698219,0.1063609048724174,0.1057074442505836,-0.1040074154734611,-0.0564386807382106,-0.1125678345561027,0.1071836277842521,-0.1002257838845253,-0.1101744472980499,-0.0822564885020256,0.0888386890292167,-0.053811177611351,-0.1044444739818573,0.0089481864124536,0.1107114851474762,-0.1124984845519065,-0.1058168038725853,0.0903602913022041,0.0922464579343795,-0.080715924501419,-0.1082886531949043,-0.0423297546803951,0.0523110404610633,-0.0348397642374038,-0.1107401177287101,0.1097906976938247,-0.1122656315565109,0.1080952286720275,-0.1107816323637962,0.1077307760715484,0.0147843603044748,-0.076531246304512,0.0612958371639251,0.1072123721241951,0.0427116528153419,-0.1085354164242744,-0.0918409749865531,-0.1121331974864006,0.1129991263151168,0.1102745607495307,0.090576447546482,-0.1107145249843597,0.0520879887044429,-0.105819933116436,0.0149548836052417,0.0717766284942627,-0.0569813810288906,0.1116129383444786,0.0909528061747551,0.09224783629179,-0.005568291991949,-0.0799663141369819,-0.0588251464068889,0.1108950972557067,-0.1395539194345474,-0.0542337149381637,-0.0542811676859855,-0.0999515950679779,0.126759722828865,0.0999067574739456,0.1149599775671958,0.0777192786335945,-0.1031094640493393,-0.0535864904522895,-0.0647085532546043,-0.1182900071144104,0.073877215385437,0.003326327772811,-0.0937704145908355,0.1395994573831558,-0.0908394604921341,-0.0574846006929874,0.0060242721810936,-0.0532579608261585,-0.0904386341571807,0.0266891084611415,-0.0584359914064407,-0.1429318189620971,0.0119328536093235,0.0957721695303917,-0.0674243196845054,0.0462742857635021,0.1659954935312271,0.0809253081679344,0.0721364989876747,-0.1786954551935196,0.029427845031023,0.1409990191459655,-0.0128290094435215,-0.0858689472079277,0.0922362804412841,0.116035409271717,-0.0948811098933219,-0.0472209230065345,-0.0547000430524349,0.0741065740585327,-0.0821415036916732,-0.0150979170575737,0.1286831051111221,-0.0645777732133865,-0.0446410402655601,0.0577537193894386,-0.028163693845272,-0.0912334099411964,0.0783425495028495,0.146314263343811,0.0288041252642869,0.1518199294805526,-0.0917676463723182,0.1066201999783515,0.1267329305410385,0.0585909597575664,0.0524518564343452,-0.1136416271328926,-0.1598914265632629,0.0637893304228782,-0.087731584906578,0.1035567000508308,0.0122973714023828,0.0526521503925323,0.0038970494642853,0.0636619850993156,-0.0925026088953018,0.0470467247068882,0.0443930700421333,-0.1200139969587326,-0.1324172765016555,-0.0268051903694868,0.0437666550278663,0.1226527839899063,-0.1257362514734268,-0.1625194698572158,-0.0692581534385681,-0.0809238702058792,0.0627239719033241,0.1129543334245681,0.0455106347799301,0.155451089143753,0.0209387615323066,-0.0312740504741668,-0.1213424578309059,-0.0929621905088424,0.0284262206405401,-0.0132936518639326,-0.0272628609091043,0.1231148019433021,0.0714127346873283,0.0393226630985736,-0.0036792890168726,-0.0330378822982311,0.0880784168839454,0.0230232458561658,0.0144371772184968,0.0810535922646522,-0.0590438060462474,0.0882992297410965,0.174754798412323,0.1541159451007843,-0.0792078599333763,-0.0568156763911247,0.1357709765434265,-0.0883034467697143,-0.0613785609602928,-0.0741587430238723,0.0507272072136402,0.0662914738059043,-0.0941866934299469,-0.0048920232802629,-0.0182729139924049,0.0912379547953605,0.1074844747781753,-0.1248046681284904,-0.1160288602113723,-0.0819909796118736,-0.0100580239668488,-0.0338490642607212,-0.0652444884181022,0.0302695892751216,0.1688553690910339,-0.1299899518489837,0.1272181570529937,0.1457357704639434,0.1219202354550361,0.0006419148994609,0.1186444982886314,0.0261137895286083,-0.0520922914147377,-0.0024317183997482,0.1540941148996353,0.1066841930150985,0.0045105116441845,-0.0962322726845741,0.1345931738615036,-0.0233965069055557,-0.1062516942620277,-0.069919928908348,-0.1008617505431175,-0.1364520043134689,-0.0987333506345748,-0.0953220054507255,-0.1321612149477005,0.1547989696264267,-0.104426085948944,0.0239013694226741,-0.1420836150646209,0.1089875847101211,-0.0035391934216022,0.1529463231563568,0.124218501150608,-0.0806162506341934,0.0136064067482948,0.0534612871706485,0.086324855685234,0.0062532247975468,0.0040043299086391,-0.0273860972374677,-0.003442918183282,0.1339815109968185,-0.0753596648573875,0.0334957316517829,0.0355559550225734,-0.0451763905584812,0.0046770316548645,0.0812470316886901,-0.0274004824459552,-0.1285087019205093,-0.007234236691147,0.1293761432170868,0.1377194672822952,-0.1278285533189773,0.1062656641006469,-0.0026029020082205,-0.0630064457654953,-0.105688452720642,0.0367049761116504,-0.0720048397779464,-0.052980501204729,0.1132237166166305,-0.0551666617393493,0.0664224177598953,-0.0918134152889251,-0.1147584915161132,-0.1147715151309967,-0.0391060225665569,-0.0996986553072929,0.0901165008544921,-0.0870808884501457,-0.1395845562219619,-0.0312792882323265,-0.1072122603654861,0.0125425616279244,-0.0066376202739775,0.1306256651878357,0.0344607234001159,0.0394922159612178,0.0804930180311203,-0.1063997894525528,-0.0408680289983749,0.0380081012845039,-0.0025755402166396,-0.0356453843414783,-0.1051837876439094,0.1073098480701446,-0.0464365668594837,-0.0309766232967376,0.1306054443120956,0.0544315017759799,-0.112269751727581,-0.0662799328565597,-0.0170803423970937,0.1020802035927772,0.0336385071277618,0.0927877575159072,-0.1038047820329666,0.0500533916056156,-0.0211357101798057,0.0569807402789592,-0.0025770228821784,-0.0968228206038475,0.0553911179304122,0.0109467888250947,0.128090426325798,0.0520126521587371,0.1304547190666198,-0.034317746758461,0.047336172312498,-0.1286103874444961,0.0177237633615732,0.1404805779457092,-0.1010196730494499,0.0489166863262653,0.0042791990563273,0.1518784612417221,-0.1248921826481819,0.0380196757614612,0.1103798747062683,-0.0924261286854744,0.0113057969138026,-0.105163462460041,-0.1463497579097747,-0.0369789451360702,0.0551326163113117,-0.1149248629808425,0.0493439473211765,-0.0983124300837516,0.0194711908698081,-0.0207822509109973,0.0528422854840755,0.0166504085063934,0.0799050703644752,0.0741330310702323,0.1602474451065063,-0.0333543606102466,-0.1446800082921981,0.1048007681965828,-0.0112888207659125,-0.041210938245058,-0.1161034554243087,0.141578808426857,0.0084026679396629,-0.0085087912157177,-0.0272911265492439,-0.1297154426574707,-0.1211307123303413,0.1050385311245918,0.129289299249649,-0.0234058070927858,-0.1560797244310379,0.1434034705162048,-0.0103212213143706,0.0749979391694068,0.1277974247932434,-0.0708587393164634,-0.1198711618781089,-0.0286477394402027,0.0320346802473068,0.1151729226112365,-0.0221572685986757,-0.0954835787415504,0.1103368550539016,0.1375731527805328,-0.0279810596257448,-0.0026274232659488,0.0017167230835184,0.149305909872055,0.0667594894766807,-0.098753422498703,-0.1532389372587204,-0.0614623613655567,0.0914054960012435,0.1786402612924575,0.0025329296477138,-0.0183973647654056,0.0823158621788024,-0.0663352832198143,0.0177391413599252,-0.0889238566160202,0.032420627772808,0.028344590216875,-0.0241573918610811,-0.0363606140017509,-0.0315456762909889,-0.0765893906354904,0.0898442789912223,0.118650808930397,0.0933689624071121,-0.0344164669513702,-0.015211172401905,0.1218414679169654,-0.0745832473039627,0.0282399728894233,-0.004946295171976,0.0886551439762115,0.1466451287269592,-0.1363164782524109,0.0448952838778495,-0.0163156148046255,-0.085831694304943,-0.0067194709554314,0.0936989858746528,-0.0301657877862453,0.0362656079232692,-0.1467946767807006,-0.0110713671892881,0.1355266720056533,-0.086161769926548,0.0522786825895309,-0.0016602401155978,-0.1081017404794693,0.0988273322582244,0.1302074790000915,-0.0108068352565169,-0.1134409755468368,0.0365929305553436,0.0792107209563255,-0.0061323796398937,-0.0897960662841796,0.1173863485455513,-0.0354587361216545,0.1067498549818992,0.0535370782017707,0.1282002180814743,0.0177718214690685,-0.0798488557338714,0.083617091178894,0.1250766217708587,0.0697487965226173,0.0415573380887508,0.0594002902507782,0.0149764381349086,-0.1428712904453277,-0.1220249831676483,0.0277692750096321,-0.1579682379961013,0.0982126519083976,-0.1021079570055008,0.1541992127895355,-0.0006462599267251,0.0521755255758762,-0.1149918735027313,-0.1044446676969528,-0.0878313854336738,-0.1143239438533783,-0.0633812025189399,0.0018486395711079,0.1028672158718109,0.0891493558883667,-0.1057526692748069,0.1140126064419746,-0.0219045057892799,0.1187661364674568,0.0611917041242122,CFDQAPYKOMNJEG-UHFFFAOYSA-N,COC(CNC(=O)c1ccn(C)c(=O)c1)C(C)(C)C
0.093522235751152,0.0958175361156463,-0.0958935543894767,-0.0953671187162399,-0.0958977863192558,-0.0958988144993782,0.0958976224064827,0.0937288776040077,0.0810088664293289,-0.0958984419703483,0.0956545993685722,-0.095891386270523,-0.0942456200718879,-0.0958979651331901,0.0957821905612945,0.0958877578377723,0.095869205892086,-0.0955008640885353,-0.0954228788614273,-0.0958987325429916,0.0958903506398201,-0.0956205502152443,-0.0866056755185127,-0.0958910882472992,0.0958987846970558,-0.0958872660994529,-0.008208311162889,-0.0046420716680586,0.0363803133368492,-0.0958967730402946,-0.0958971008658409,0.0958297625184059,-0.0955254584550857,0.0958853438496589,-0.0217802599072456,0.0712429359555244,0.0761512443423271,-0.0958921685814857,0.0958988144993782,-0.0958080813288688,-0.0623976103961467,0.0958782285451889,-0.0958309695124626,-0.0842746496200561,-0.0651309788227081,0.0958987027406692,-0.095778964459896,0.0297980420291423,-0.0103257438167929,0.0957739055156707,-0.0958909317851066,-0.0958988144993782,0.0831963345408439,-0.0958987846970558,-0.0727887973189354,0.0958962440490722,-0.0838928148150444,0.0925187841057777,0.0958988144993782,-0.0958975777029991,0.0955648869276046,0.0958608090877533,-0.0935700386762619,-0.0958988144993782,0.0958987697958946,-0.0957638472318649,-0.0804346650838851,0.0941713824868202,0.0957182720303535,-0.0593607798218727,-0.0958818942308425,0.0958976596593856,-0.0958987548947334,-0.095897376537323,0.0958034694194793,-0.0937241166830062,-0.0958988144993782,-0.0251504592597484,-0.0957042500376701,-0.084287017583847,-0.092510774731636,-0.0958965197205543,-0.0958986729383468,-0.0958135053515434,-0.0846915394067764,-0.0958928391337394,0.095898799598217,0.0958987846970558,-0.0958903804421424,0.0958436354994773,0.0955637693405151,0.0958852469921112,0.0956763923168182,0.0958931222558021,-0.0958988144993782,0.0830514505505561,0.0889046564698219,0.0374449081718921,0.0957926139235496,0.0217539928853511,0.0958987027406692,-0.0950338765978813,0.0956882685422897,-0.077356033027172,-0.095898799598217,-0.0958986803889274,0.095891386270523,-0.055731326341629,0.017638087272644,-0.0397672280669212,-0.0958988144993782,-0.0948292464017868,-0.0018407879397273,0.0958093777298927,0.0958940088748931,0.0954653695225715,0.0958987846970558,-0.0937723517417907,-0.0958988144993782,0.0958988144993782,0.0955361127853393,-0.0958954766392707,0.0665618702769279,0.0958976745605468,-0.0958986580371856,-0.0957224145531654,0.0902368873357772,-0.066870741546154,0.1039647683501243,0.1139015927910804,0.1140492185950279,-0.1046499088406562,-0.0963321700692176,-0.0899172201752662,0.106206513941288,0.0913843363523483,-0.0656632855534553,-0.0844349190592765,-0.0974456593394279,-0.1122956722974777,-0.1062120348215103,-0.1106567084789276,-0.0535057596862316,0.1086075082421302,0.0297047067433595,0.1110463589429855,0.0761451497673988,0.0763457342982292,-0.1107402592897415,0.072374515235424,-0.0690966099500656,-0.113978087902069,-0.1125024184584617,-0.1128149852156639,-0.1061536446213722,0.043815292418003,0.101159781217575,0.0931252539157867,0.0471669621765613,-0.0088863437995314,-0.1124338060617446,0.0997041463851928,0.001648390549235,-0.093609407544136,0.0660765618085861,0.1079417318105697,0.0092407288029789,-0.1139239445328712,-0.1024872213602066,-0.089044950902462,0.1086969748139381,-0.0611555762588977,-0.0168291833251714,-0.0991947799921035,-0.1006592586636543,0.0311891138553619,0.0711850449442863,0.1100301891565322,-0.0757741034030914,0.057879202067852,-0.1094458326697349,-0.0898961573839187,0.066708892583847,0.1033592149615287,-0.0563496798276901,0.1084974333643913,0.0802737101912498,0.010233050212264,-0.064415693283081,0.0485668517649173,0.0135382795706391,0.0932706296443939,0.0286390222609043,0.0552996769547462,-0.1135682314634323,0.0139545435085892,0.1138131842017173,0.0286749117076396,-0.1021615117788314,-0.0983621627092361,-0.0429200418293476,-0.1127455085515976,-0.1131803169846534,0.0876430869102478,-0.0076021538116037,-0.0881044715642929,-0.0389239490032196,0.1036365777254104,-0.110187791287899,-0.1082763075828552,0.1125268265604972,0.1088544204831123,0.1078971102833747,-0.1115127280354499,-0.1115193963050842,0.093754306435585,-0.1024448797106742,0.0034527403768152,0.0921804159879684,-0.0571794509887695,0.0005603426834568,-0.0842813774943351,0.0897520706057548,0.1086983829736709,0.1030391082167625,-0.1097306832671165,-0.108205460011959,-0.1135770678520202,0.097147636115551,0.0385236702859401,-0.0172530766576528,-0.0607901029288768,0.0991772711277008,0.1066590771079063,0.1131210774183273,-0.09097670763731,0.0907348096370697,0.1122161149978637,0.0601966679096221,0.0559870675206184,-0.09828732162714,0.111620120704174,0.0300852693617343,0.0561853945255279,-0.0606859624385833,-0.0578701011836528,-0.0937972217798233,0.1123327389359474,0.1000164821743965,-0.1024450585246086,0.1134485974907875,0.0691794827580452,-0.102797083556652,-0.1124194115400314,-0.0326143018901348,0.1079008653759956,-0.0932279303669929,-0.0932279229164123,0.09322539716959,-0.0929053127765655,0.0932279005646705,0.0889573395252227,0.0932276546955108,0.0725243538618087,-0.0859984084963798,-0.0931730642914772,0.0932266041636467,-0.0930231586098671,0.0932277888059616,-0.0932279229164123,0.0921101346611976,-0.0921385958790779,-0.0932279080152511,-0.0932277739048004,-0.0859860703349113,0.0657048225402832,0.0932279303669929,-0.0886846035718917,0.0932240784168243,-0.0932279303669929,-0.056090984493494,-0.09157195687294,-0.0227262638509273,0.0931400656700134,0.0932258814573288,-0.0928876399993896,-0.0932256877422332,-0.0932255089282989,-0.0863820537924766,0.0930217504501342,0.0832649767398834,-0.0932274088263511,-0.0932279303669929,-0.0932099893689155,-0.0884181857109069,-0.0932267159223556,-0.0256422944366931,0.0905882939696312,-0.0924528017640113,0.0902458280324935,0.0017945487052202,0.0932025834918022,-0.09317597001791,-0.092143714427948,0.0932279303669929,0.0926203727722168,0.0914068818092346,-0.0932279303669929,-0.0932080894708633,0.0932278856635093,-0.0932263731956482,0.0897677019238472,-0.0932278558611869,-0.0932277590036392,0.072165310382843,0.0866749882698059,-0.0930499657988548,0.0932279303669929,0.0932262986898422,-0.0927546620368957,-0.0932255089282989,-0.0932279229164123,-0.0929310470819473,0.0910448282957077,-0.0931752249598503,-0.0932277962565422,0.010765491053462,0.0932279303669929,-0.088822454214096,0.0931997299194336,0.0660343915224075,-0.0932278707623481,-0.0932054817676544,-0.0915511772036552,-0.0932278111577034,0.0837605595588684,0.0906276479363441,-0.0814340785145759,0.0758469030261039,-0.0931785553693771,-0.0932279303669929,0.0309642273932695,-0.0932256132364273,0.0857904106378555,-0.0932246297597885,0.0932270959019661,0.0932279303669929,0.0925936549901962,0.0919448807835578,-0.0504000149667263,0.0932279229164123,-0.0911424085497856,0.0931744277477264,0.0932279229164123,-0.0931570902466774,-0.0932267382740974,0.092601329088211,0.0932279303669929,0.0932278856635093,0.0932278633117675,0.0931788459420204,-0.0931668356060981,-0.0930331721901893,-0.0873321667313575,-0.0932278782129287,-0.0007752304081805,0.0931899473071098,0.0932221636176109,-0.0932279080152511,-0.0918148458003997,0.0932242348790168,-0.0917246341705322,0.0931994244456291,-0.0932279303669929,0.0932279303669929,0.0086073568090796,0.0874004438519477,0.0932279303669929,0.0932279303669929,0.0925763025879859,-0.0932241305708885,-0.0928246602416038,-0.0932253152132034,0.0932269915938377,0.0904423370957374,-0.0904280990362167,-0.0381713062524795,-0.0904426127672195,-0.0904426947236061,0.0904422774910926,0.0903983786702156,0.0904426947236061,0.0904174521565437,-0.0763480886816978,0.0901788771152496,-0.0900266990065574,0.089910589158535,-0.0484306067228317,0.0904426947236061,-0.0904237478971481,-0.0868881046772003,-0.0903669521212577,-0.0903398245573043,0.0904425457119941,0.0904426872730255,-0.0904186591506004,0.0904241502285003,0.0904426649212837,0.0904426872730255,0.090436153113842,-0.0901629328727722,-0.0904426425695419,0.0904357284307479,-0.0903596356511116,0.0904406756162643,0.0903989449143409,-0.0904426947236061,-0.0870633646845817,-0.0904426872730255,-0.0904426425695419,0.0897482186555862,-0.0904426872730255,0.0904426947236061,-0.0904426798224449,0.0904426798224449,-0.0903345122933387,-0.0904274135828018,0.0904388353228569,-0.0904422253370285,-0.090224489569664,0.0375728644430637,-0.0904426872730255,0.0904423743486404,-0.0904421806335449,0.089974507689476,-0.0904377102851867,-0.0904233828186988,0.0904426872730255,-0.0265844371169805,-0.0892054587602615,0.0904289409518241,-0.0904426947236061,0.0904426947236061,-0.0904415920376777,-0.0903805419802665,-0.0904426947236061,-0.0904413014650344,0.0903134495019912,-0.0904423519968986,-0.0903738364577293,0.0904426947236061,-0.0904382988810539,0.0898235589265823,0.0894060209393501,0.0892012566328048,0.0898222029209137,-0.0895775780081749,0.0904426798224449,-0.0904426947236061,-0.0899827778339386,-0.0904426947236061,0.0904426649212837,-0.0903934761881828,0.0903868153691291,-0.0904422625899314,-0.0904426947236061,0.0904230624437332,-0.0901361405849456,-0.0902990102767944,0.0904426500201225,-0.0904420763254165,-0.0904426798224449,-0.0899587124586105,-0.0904426947236061,0.0904218181967735,-0.0904426947236061,-0.0904294624924659,0.0904418528079986,-0.0904426947236061,0.0903446301817894,-0.0563939958810806,0.0904367193579673,-0.0904399082064628,-0.0904038771986961,-0.0904416739940643,0.0904426947236061,-0.0904426872730255,0.0904426872730255,-0.0904426947236061,0.0903191342949867,-0.0904426872730255,-0.0904074534773826,-0.0904419347643852,0.0899352431297302,0.0904426947236061,-0.0218847002834081,-0.0904426872730255,0.0904021263122558,0.0902722552418708,0.0904426947236061,-0.0894958302378654,-0.0904357433319091,0.0897699669003486,0.090441919863224,-0.0904418379068374,-0.0904426649212837,-0.0904400199651718,-0.0904187485575676,-0.0904426649212837,-0.0904426947236061,0.0818249508738517,0.0904204919934272,0.0904029086232185,-0.0904036462306976,-0.0904005989432334,0.0904043391346931,-0.0901908352971077,-0.0904042646288871,-0.0904043242335319,0.0893851295113563,0.0903985723853111,-0.0794515535235405,0.090325117111206,-0.0904043465852737,0.0901435539126396,-0.0797498598694801,-0.090355060994625,0.0904042273759841,0.0897783935070037,0.079617790877819,0.0903989598155021,-0.0891467332839965,-0.0868875980377197,0.0903819724917411,-0.0904043465852737,0.0904042199254036,0.0903818383812904,-0.0904043465852737,0.0887019410729408,0.0904043465852737,0.0904009118676185,0.0903957784175872,0.0897911041975021,-0.0902210101485252,-0.0903772786259651,-0.0904041603207588,-0.0903776809573173,0.0904034227132797,0.088697612285614,0.0129367774352431,-0.0904043465852737,-0.0903923064470291,0.0904043391346931,-0.0894349217414856,0.0896446108818054,0.0904023349285125,-0.0850252360105514,0.0884148329496383,-0.0904034003615379,0.0904043465852737,-0.0903996229171752,0.0904042199254036,0.0902871340513229,-0.0904043167829513,-0.0904042646288871,-0.0488818138837814,0.0903501510620117,0.0903930738568306,-0.0903993993997573,0.0904041454195976,0.025398563593626,-0.0904043316841125,-0.0904043465852737,-0.0897047594189643,0.0904041156172752,0.0904043391346931,-0.0904042944312095,0.0904043465852737,0.0904043391346931,-0.0904043465852737,0.0900854021310806,-0.0903968587517738,0.0904041156172752,0.0904043391346931,-0.0904043465852737,0.0904043167829513,-0.0903965309262275,-0.0904043391346931,0.0904041454195976,0.0904042273759841,0.0904040932655334,0.090403638780117,-0.0904004648327827,-0.0904004126787185,-0.0897728279232978,0.0904043465852737,-0.0904042050242424,0.0877061709761619,-0.0904043465852737,-0.0903632491827011,-0.0904039368033409,-0.0902366340160369,0.0903911963105201,0.0903207957744598,-0.0903864651918411,0.0904043167829513,0.0358636528253555,-0.0904043465852737,-0.0904039591550827,-0.0887427553534507,-0.090266115963459,-0.0904034972190857,-0.0901797264814376,0.0903517752885818,-0.0904043018817901,0.0904043465852737,0.0904034227132797,-0.0898567140102386,-0.0902459025382995,0.0903882309794426,0.0781116187572479,-0.0904043391346931,-0.0903898105025291,-0.0903983190655708,0.0904042720794677,-0.0904038473963737,0.0676887258887291,-0.0885978862643241,-0.0825770199298858,-0.0903876721858978,-0.0903978869318962,-0.0904039666056633,-0.0903938114643096,0.0904032588005065,-0.0902183055877685,-0.0903383120894432,0.0903951376676559,0.0903948843479156,0.0904022306203842,0.0903917998075485,-0.0888334661722183,0.0888190567493438,-0.0888331532478332,-0.0888303369283676,-0.0888333395123481,0.0888333544135093,-0.0888265892863273,-0.0888333693146705,-0.0888297706842422,-0.0879599899053573,0.088833250105381,-0.0888334885239601,0.0885275900363922,-0.0888331234455108,-0.0888334959745407,0.0887913852930069,-0.0888334959745407,-0.0888334661722183,0.0888334959745407,-0.0872682705521583,-0.0888310745358467,-0.0888334065675735,0.0887016057968139,0.0888311564922332,0.0887967720627784,-0.0888334810733795,-0.0888334885239601,-0.0888290107250213,0.0888334959745407,0.0888334959745407,-0.0888334587216377,-0.0888334959745407,-0.0888334214687347,0.0888334959745407,0.0888334885239601,-0.0888330563902854,-0.0885945707559585,-0.0888333767652511,-0.0888139456510543,0.0888334736227989,-0.0888334959745407,-0.0888322070240974,-0.0863633900880813,0.0888334959745407,-0.0888332352042198,-0.0887336283922195,-0.0888334959745407,0.0888334885239601,0.0888303592801094,-0.0888123288750648,-0.0888334959745407,-0.0888292714953422,-0.0836473405361175,-0.0888334587216377,0.0888311043381691,-0.0888334959745407,0.0888334959745407,0.0888334959745407,0.0888189896941185,-0.0888333618640899,0.0888275504112243,0.0887705087661743,-0.087282970547676,-0.0887650027871131,-0.0888334959745407,0.0888334959745407,-0.0888323336839675,0.0888334885239601,0.0888334661722183,-0.0888334736227989,0.0888334959745407,0.0888334959745407,-0.0858203619718551,-0.0888330489397049,0.0549125894904136,-0.0888233110308647,0.0888268277049064,0.0888334959745407,-0.0882608667016029,-0.0888314470648765,-0.0888334959745407,0.0888334959745407,-0.0888334959745407,-0.0888331681489944,0.0886726975440979,-0.0888334885239601,0.088750347495079,-0.0888045206665992,0.0885430574417114,0.0888186395168304,0.0887755304574966,-0.0888314917683601,0.0888327583670616,-0.0888334959745407,-0.0888330414891243,0.0857891738414764,-0.0888334959745407,-0.0888334959745407,-0.0888333916664123,-0.0888262838125228,0.0888334959745407,0.0888331457972526,0.0888334959745407,0.0886003226041793,-0.0888334214687347,-0.0888005495071411,-0.0888330116868019,0.0888334885239601,0.0888325572013855,-0.0888334959745407,0.0888321623206138,0.0888334959745407,-0.0888334959745407,0.0886862203478813,0.0888334959745407,-0.088801272213459,0.0846611931920051,-0.0888331905007362,0.0888197571039199,0.0888334885239601,0.0888334959745407,-0.0888334885239601,0.0888323113322258,0.0888323336839675,0.0879254564642906,-0.0888334959745407,-0.0846277698874473,-0.0887087732553482,GIIZNNXWQWCKIB-UHFFFAOYSA-N,OCc1cc(C(O)CNCCCCCCOCCCCc2ccccc2)ccc1O
0.0806398540735244,0.1084519997239112,0.1094413474202156,-0.0657917112112045,0.0935748219490051,-0.0524277314543724,-0.1098015159368515,0.1088332459330558,0.0178395975381135,-0.1096592620015144,-0.0235540363937616,-0.1042558625340461,-0.0757934004068374,0.0008102426654659,0.1097569912672042,0.0596494525671005,-0.109855368733406,0.1098630875349044,-0.1092071086168289,0.1018284708261489,-0.1041871160268783,0.0967502892017364,0.0962873473763465,0.0650463700294494,-0.0493601746857166,0.0107913659885525,0.0579396113753318,0.0250524803996086,0.1020214408636093,0.1091957464814186,0.0123308394104242,0.0880591049790382,0.1097087487578392,-0.0633831620216369,0.1053102537989616,0.1098544523119926,0.1098714545369148,-0.0360537990927696,-0.1086136177182197,-0.1094794198870658,-0.1098337769508361,-0.0443828739225864,-0.0945202484726905,-0.1093430295586586,0.02388178370893,-0.1037666574120521,-0.0324713811278343,-0.1093772202730178,0.0070848716422915,-0.108257308602333,0.0633343011140823,-0.1032830104231834,-0.0987946465611457,0.1096791326999664,0.083232931792736,0.0811383053660392,0.1096217632293701,-0.1089813634753227,0.1093193963170051,0.0391845442354679,0.1097206324338913,0.1082348078489303,-0.1070778220891952,-0.0640584826469421,-0.109724685549736,0.0602521002292633,0.0798204988241195,-0.0969992280006408,-0.104551076889038,-0.0977329835295677,-0.0075464085675776,-0.0469580702483654,0.0981331467628479,-0.0042360876686871,0.1096506789326667,-0.0489788427948951,-0.0344209633767604,-0.0695984810590744,-0.0349089056253433,-0.0887736603617668,-0.0068275444209575,0.10986839979887,0.1098192632198333,-0.0599799938499927,0.0688276663422584,-0.1068707257509231,0.0991154760122299,-0.0791534185409545,-0.1093813702464103,-0.0310854334384202,0.0851391851902008,0.1094874367117881,0.0646132305264473,-0.0978219881653785,-0.1089340522885322,0.009636684320867,-0.1066140457987785,0.1097917631268501,0.1019965931773185,0.1068724691867828,0.1085919067263603,-0.1096610277891159,0.0936752930283546,0.1098743379116058,-0.1023185402154922,-0.0977025851607322,0.089323416352272,-0.0349060855805873,-0.1098259314894676,0.0994376763701438,0.1094378679990768,0.0037650682497769,-0.109204314649105,-0.0891653820872306,0.0039256676100194,0.0913296639919281,-0.1087968498468399,-0.1071977242827415,0.086720585823059,0.1097817942500114,0.0936345383524894,-0.0050874133594334,0.1093703806400299,0.0684650763869285,0.1082651391625404,0.1095116734504699,-0.0956423059105873,0.0097139840945601,0.1069117859005928,-0.0575689971446991,0.088082231581211,0.1046706512570381,0.0613082498311996,0.0942052528262138,-0.0953625068068504,0.0941415354609489,0.1050325855612754,0.1067286506295204,-0.0191049445420503,0.0992783233523368,0.1069716960191726,-0.0199206285178661,0.1069001406431198,0.0192444678395986,-0.1018322557210922,0.0365163199603557,0.051218707114458,-0.1010733395814895,-0.0720499157905578,-0.0982164964079856,-0.0663716718554496,-0.0583135113120079,-0.0651260986924171,0.1070062294602394,-0.1067497655749321,0.1020340695977211,0.0907661095261573,-0.1059292256832122,-0.1015139147639274,-0.0997429117560386,0.0922828987240791,0.0728847235441207,0.0370315052568912,0.1064223796129226,0.0613410584628582,-0.0525568015873432,0.0787594765424728,0.0738313272595405,0.0977635607123375,-0.0192800089716911,-0.1070191338658332,-0.0871368497610092,0.1027742847800254,-0.0989032089710235,-0.1070313230156898,-0.1065584048628807,0.1053371280431747,0.1067380234599113,-0.0846929103136062,0.1007538363337516,-0.1012106388807296,0.1069962680339813,0.0873530730605125,-0.1063178852200508,-0.025650018826127,-0.0847397148609161,-0.0657153278589248,-0.1068186163902282,0.0882276594638824,-0.0384462401270866,-0.1056053340435028,-0.0866126269102096,0.1000533476471901,0.0870886519551277,0.1011659204959869,0.1065531745553016,-0.1061783730983734,0.1066822707653045,-0.0848288834095001,0.0507523417472839,0.0612720064818859,0.0392482317984104,-0.1021113321185112,-0.1068924665451049,-0.1016828864812851,0.106798231601715,-0.1069185882806778,-0.1012419685721397,-0.106492169201374,0.0955333784222602,-0.0842927768826484,0.0890142247080802,-0.0860574021935463,-0.0033044489100575,0.0941522568464279,-0.0753873959183693,-0.0879972875118255,0.0598554834723472,0.0570181272923946,0.0920046642422676,0.1060985475778579,0.1045758947730064,0.1054888069629669,0.1068467572331428,0.102032832801342,0.0810815393924713,-0.1037361100316047,0.106028527021408,-0.0793052166700363,-0.101374365389347,-0.0896752402186393,-0.1025926321744918,-0.1004926040768623,-0.1046262755990028,-0.1057416200637817,0.085499383509159,-0.0964046567678451,0.0969071015715599,0.1001919656991958,0.1045396625995636,0.0062288739718496,0.0523853972554206,0.0411497093737125,0.1069164127111435,-0.1059524565935134,-0.0146660525351762,0.0760059058666229,-0.106787733733654,0.0976104065775871,-0.0977738276124,-0.0392941087484359,0.0557062141597271,0.0870686322450637,-0.089632011950016,-0.0042674429714679,0.0434090234339237,0.0429921932518482,-0.0949030295014381,-0.097518466413021,-0.0904325023293495,0.0551172047853469,0.0657850876450538,0.0911768525838851,0.1000979021191597,0.1015768125653266,0.0970632657408714,-0.0474427789449691,-0.0969430059194564,-0.1013721898198127,-0.1009537056088447,0.1015819832682609,-0.0645618289709091,-0.0912922322750091,0.0602638982236385,0.1012834012508392,-0.0620176643133163,0.1010811626911163,0.1006871089339256,0.1015589460730552,0.095362402498722,-0.101285845041275,0.0698148682713508,0.1015783697366714,-0.1008763387799263,0.0408876836299896,-0.1012988835573196,0.0097320405766367,0.1015593409538269,-0.0573764964938163,0.0004833100829273,0.090393029153347,-0.0878532230854034,-0.1015804708003997,-0.0397820211946964,-0.1015044674277305,-0.1015337035059928,0.0972582846879959,-0.1015803962945938,0.0977360308170318,0.0970421507954597,0.101580873131752,-0.10151007771492,0.0269526839256286,-0.0950190275907516,-0.0526626594364643,0.0993190109729766,0.1014863029122352,-0.1015022993087768,0.0648534744977951,0.1015819534659385,-0.1015808135271072,0.1015517190098762,-0.0954680740833282,-0.0423110201954841,-0.1014402732253074,-0.1004274562001228,-0.1014672443270683,-0.1015284210443496,0.0972156897187233,-0.0788642838597297,0.0780049860477447,0.0616469271481037,0.1015058904886245,0.1015612855553627,0.1015819907188415,0.0957163348793983,0.0368197001516819,-0.0095499064773321,0.0838967785239219,-0.0756641179323196,-0.0261148028075695,0.1000631377100944,0.1014908850193023,-0.1003740951418876,0.1015334278345108,-0.1011996045708656,-0.0992222502827644,0.0908415839076042,0.1014851927757263,-0.0079315640032291,-0.1005047932267189,-0.0999026373028755,-0.1013144925236702,-0.1005772873759269,0.0716818198561668,-0.1015819013118743,-0.0883528441190719,0.0129115283489227,0.1015707403421402,0.0968176051974296,-0.0978258699178695,-0.1014948189258575,0.0999621897935867,-0.1000318080186843,0.0637266114354133,0.0913353189826011,0.0509738661348819,0.1015819609165191,0.0889472290873527,-0.1005458608269691,-0.1015553772449493,0.1015787124633789,0.0051928339526057,0.0881650149822235,0.1014468669891357,-0.0900249555706977,-0.099918432533741,0.0974992215633392,-0.024702051654458,0.046827595680952,-0.1012719944119453,0.0693386048078537,0.101570263504982,-0.1015151888132095,0.0820982009172439,-0.0936060175299644,-0.0936318337917327,0.0195252187550067,0.1008039265871048,0.0996572449803352,-0.1015733554959297,-0.1003923490643501,-0.1005576997995376,-0.0878439620137214,0.0611419975757598,0.0015511786332353,-0.0052347150631248,-0.0339165553450584,0.0577406696975231,0.0442835167050361,-0.0711880698800087,-0.0744901821017265,0.081906683743,-0.1309234499931335,0.0812190994620323,-0.1272397339344024,0.0988001897931099,-0.124791495501995,-0.1113398820161819,-0.1206569448113441,0.0554846189916133,0.0064223683439195,0.0018320663366466,0.0478066839277744,-0.0954990684986114,-0.0082129659131169,-0.1232227236032486,0.1370080560445785,0.0754331722855568,-0.1485867500305175,-0.1370661556720733,0.0356607474386692,-0.0808725953102111,-0.088074006140232,-0.0466891601681709,0.0301167424768209,0.1113559827208519,-0.0676924437284469,-0.0691148415207862,0.0490652583539485,0.0528247654438018,0.0365727357566356,0.1319271475076675,0.0473367348313331,-0.0421097576618194,-0.0661354660987854,0.0030219431500881,-0.11038838326931,0.178088441491127,0.1124969720840454,0.089844025671482,-0.0102129196748137,0.044567234814167,0.1063269451260566,0.0115217342972755,-0.0247810985893011,0.1491541117429733,0.049461506307125,-0.0522715374827384,0.0011602758895605,-0.1547266244888305,-0.0522628538310527,-0.0178368873894214,0.0874046683311462,-0.1633687019348144,0.1128949150443077,0.0396055988967418,0.0386084839701652,-0.0107531566172838,0.1259701550006866,-0.1403717249631881,-0.054493099451065,-0.1139492020010948,0.1026449725031852,0.0487286075949668,-0.0937224701046943,-0.165076658129692,-0.0540702603757381,-0.0792100206017494,0.1411089450120926,-0.0696490630507469,0.0245058517903089,-0.0620510205626487,0.0545224510133266,-0.004154316149652,0.1577331870794296,0.0027166663203388,-0.1172465160489082,-0.1058969125151634,-0.0812544450163841,0.0980079472064971,0.0930248722434043,-0.0742899477481842,0.0412360094487667,0.0905562713742256,-0.0062065171077847,-0.0953621119260788,-0.0297939665615558,0.0089998850598931,0.1562035530805587,0.1423972398042678,-0.0423123985528945,-0.0733989998698234,-0.1130466163158416,-0.0597182847559452,-0.0722776353359222,0.076366014778614,-0.0839471593499183,0.0476711764931678,0.1085326224565506,-0.1093587428331375,-0.0965750515460968,0.0490025468170642,0.1212366968393325,-0.1353113651275634,-0.0236181691288948,0.1058369576930999,0.0678285583853721,0.1117544844746589,-0.0797144398093223,-0.0142705608159303,0.1377853006124496,0.0742301642894744,0.0888500213623046,0.0517561435699462,-0.0183630511164665,0.0503746941685676,-0.0594872236251831,0.1107848957180976,0.1251603364944458,-0.1457738578319549,0.0609796270728111,-0.1454239636659622,0.0347442217171192,0.1311954855918884,-0.076600857079029,0.1192970871925354,0.0930810123682022,0.1364529579877853,0.1073453649878501,0.1262297183275222,-0.0997975021600723,0.077351875603199,-0.1080086156725883,0.0801723226904869,-0.0342104062438011,0.0394446216523647,-0.1425434798002243,0.0791979134082794,-0.0561944916844368,-0.0143805900588631,0.0487574152648448,-0.0170876663178205,-0.1462098807096481,-0.0498028546571731,0.0125270634889602,-0.106774091720581,0.1590931564569473,-0.1159959807991981,-0.0784668996930122,-0.1371709257364273,0.0662325397133827,0.0197529923170804,0.145397663116455,-0.003219851758331,0.1243897005915641,0.0154129862785339,-0.1245727315545082,-0.0397381298243999,-0.1086882725358009,-0.0092512080445885,-0.0292384028434753,-0.0696628019213676,0.0116014583036303,-0.1236385926604271,-0.0089277205988764,-0.1227383539080619,-0.0117019265890121,0.0620306804776191,-0.089806355535984,0.0141802662983536,-0.0791201889514923,0.1450580060482025,0.0641621276736259,0.087211012840271,-0.0905289649963378,-0.0016250610351562,-0.0882698148488998,0.0734605863690376,0.0956811606884002,0.1272719204425811,-0.1078600734472274,0.0180763695389032,0.0359245054423809,0.0083238752558827,0.0419879555702209,-0.0930008664727211,-0.0662877261638641,0.0244535617530345,0.0712125152349472,0.0852047801017761,0.0583627559244632,-0.0750050470232963,-0.1197412461042404,-0.1406902968883514,-0.0761752277612686,0.0371506623923778,-0.056141197681427,0.0261853504925966,0.1156741976737976,-0.1068744882941246,-0.0145052792504429,-0.0645393952727317,-0.0201984625309705,-0.0129482811316847,-0.0213319044560194,-0.0744275897741317,-0.1030944213271141,0.1131457537412643,0.0456075854599475,-0.048326164484024,0.1520162373781204,0.1302596628665924,-0.0664186477661132,-0.159908652305603,0.019116012379527,0.1460007131099701,-0.0954016521573066,0.1094923391938209,-0.0510975606739521,-0.102731242775917,0.0872218459844589,-0.0321856029331684,-0.0850024223327636,-0.0257878340780735,0.0020745971705764,-0.1103930473327636,0.1480320245027542,-0.1216425150632858,0.0893865451216697,0.0127939544618129,0.099311850965023,-0.1262696385383606,0.0331045612692832,0.0959080904722213,-0.0433956384658813,0.1061185896396637,-0.0962323471903801,0.1597833037376403,-0.0771462619304657,0.0791128054261207,0.1085971370339393,-0.1501415073871612,0.0201825331896543,0.0310404319316148,0.007866920903325,-0.0587558187544345,-0.0023990038316696,-0.1344255805015564,0.0129174403846263,-0.0402268916368484,-0.0280084609985351,-0.070662721991539,0.1420302093029022,-0.0077888229861855,0.1193587630987167,0.0886890292167663,0.1610076874494552,-0.0346410721540451,-0.1250215321779251,0.1619417816400528,0.0495187379419803,-0.0276900213211774,-0.0838197991251945,0.1465080827474594,-0.057781521230936,0.0440904647111892,0.019529890269041,-0.1035952270030975,-0.1202212125062942,-0.1059334427118301,0.0815594121813774,0.0832089781761169,-0.1605867743492126,0.0867827832698822,0.0621271692216396,0.1000840812921524,0.094161681830883,-0.0281919948756694,-0.089278757572174,-0.0092965299263596,0.0477704182267189,-0.0217886138707399,-0.0067902375012636,-0.0705450326204299,0.0760171711444854,0.119179755449295,-0.0314313285052776,0.0954655185341835,-0.0330848693847656,0.1391316056251526,-0.083541452884674,0.0118308272212743,-0.0209065768867731,0.0854930207133293,0.0126171419396996,0.168189987540245,0.0687416493892669,-0.0454258471727371,0.1567553877830505,0.0678752362728118,0.0662746503949165,0.0493661165237426,-0.0029463600367307,-0.1022480875253677,-0.0486724525690078,-0.0267275869846344,-0.1251065880060196,-0.027253795415163,0.0518964119255542,-0.011576909571886,-0.0692207440733909,-0.1101352199912071,-0.0126847950741648,0.0859435647726059,-0.0467002391815185,0.0271046720445156,-0.0496471300721168,0.1327665448188781,0.1207080408930778,-0.1574574112892151,0.0042512766085565,0.0772778764367103,-0.0051608895882964,-0.1203297451138496,0.0181524734944105,-0.1406313776969909,-0.0368539169430732,-0.0798322856426239,-0.0816177502274513,0.1459258943796157,-0.1232899874448776,0.1393965631723404,0.0949023589491844,-0.0891729369759559,0.1100470647215843,0.0609143748879432,-0.0686427801847457,-0.1275386214256286,-0.0527023151516914,0.0275770686566829,0.0229446124285459,-0.044953852891922,0.0918277353048324,0.0061898757703602,0.0503241680562496,-0.0296526569873094,0.0800641253590583,-0.0594439096748828,0.0389229543507099,-0.0132000278681516,0.1072401106357574,-0.0592787414789199,0.0137006910517811,0.1242898777127265,-0.1143822968006134,-0.1230742707848548,-0.1114916503429412,0.1288474947214126,-0.1544138491153717,0.1359588950872421,0.0206313114613294,0.1672761589288711,-0.0549795106053352,0.1532680392265319,-0.0362183302640914,-0.0484801121056079,-0.0457750335335731,-0.1167012900114059,0.1221116706728935,-0.0270137879997491,0.1082141175866127,0.1451610028743744,-0.0297103729099035,0.1066956222057342,-0.0289014019072055,-0.0251525565981864,0.0632472187280654,GBMYGPIXHCBDAL-UHFFFAOYSA-N,COCC(=O)NCC1(N2CCOCC2)CCCCC1
0.1034160405397415,-0.1071718111634254,-0.0306862499564886,0.0795796364545822,-0.020125962793827,-0.1124504059553146,-0.1128179654479026,-0.051266074180603,-0.0276494137942791,0.0594432577490806,0.0522277355194091,-0.0060917460359632,0.1126812547445297,0.1114000454545021,-0.002119192155078,0.0409445948898792,-0.1071532741189003,0.0157655868679285,-0.1093992367386818,0.1125893965363502,-0.1126760989427566,0.0138248698785901,0.1128945648670196,-0.0872927978634834,-0.1073434799909591,-0.1126479431986808,-0.1117436438798904,0.0840451493859291,0.111791156232357,-0.0916678160429,0.1121230125427246,-0.1047543361783027,-0.0388780087232589,-0.1125366166234016,0.1123613715171814,0.0340083204209804,-0.0880497545003891,-0.0142651321366429,-0.1127479523420333,-0.1119929477572441,-0.1126103997230529,-0.1113033443689346,-0.0926339849829673,-0.0095762610435485,0.0706746652722358,-0.1127174943685531,0.0880099609494209,-0.0037292880006134,-0.0906853973865509,-0.1113158240914344,-0.0903950706124305,-0.1124051734805107,-0.0179152712225914,0.1128918677568435,0.1117127537727356,0.1086420342326164,0.1065857708454132,-0.022767225280404,-0.1088277399539947,0.0940210670232772,-0.1069882437586784,0.1128671616315841,-0.1032769829034805,-0.0941853746771812,-0.1127893477678299,0.1128879562020301,-0.0263965502381324,-0.1045494154095649,-0.0972582846879959,-0.0432661511003971,0.0137133607640862,-0.0187693070620298,-0.1106378957629203,0.1126480177044868,0.1089683398604393,-0.1128923296928405,-0.1127373054623603,0.0577796548604965,0.0242218319326639,0.1003988832235336,0.0425609201192855,0.0060013639740645,0.1104505434632301,-0.0779899358749389,-0.1126112565398216,-0.110446773469448,0.0954490005970001,0.1000279337167739,-0.1003066524863243,-0.0238138809800148,0.1122732385993003,0.0392986163496971,0.1123712286353111,0.0869887992739677,0.0714976117014885,0.0265967920422554,0.0267282947897911,0.1123682409524917,-0.0945774838328361,0.1112296879291534,0.0456594750285148,-0.0581075847148895,0.1088316887617111,0.1127105727791786,-0.0012566009536385,-0.0185745507478714,0.0992517173290252,0.097383514046669,-0.1109122037887573,0.0657163858413696,0.1068560108542442,0.0760033503174781,0.0303071942180395,-0.0978519693017005,0.1110801175236702,0.0505005680024623,-0.0948966816067695,0.1053582727909088,0.0670713260769844,-0.0647561475634574,-0.1075392663478851,-0.0905170887708664,0.1116832643747329,-0.06193682923913,-0.1016644090414047,0.0628907680511474,0.000219634064706,-0.1103692054748535,0.1065367385745048,-0.104198470711708,0.1027035638689994,0.1065396219491958,0.0004899145569652,0.0908283442258834,-0.0896377637982368,-0.1061499044299125,-0.0156594011932611,0.1064855754375457,-0.0694988369941711,0.1022842526435852,0.0992773100733757,-0.0827168151736259,0.0664813742041587,-0.0003566825471352,0.0783992782235145,-0.1049519106745719,-0.0424134321510791,-0.1055965200066566,-0.0678566768765449,-0.039482407271862,0.1012955754995346,0.1063897013664245,-0.1052674427628517,0.1065282970666885,-0.0986600667238235,0.1028830185532569,0.0993410944938659,0.1054348349571228,-0.0999677702784538,-0.0932366624474525,0.0453475937247276,-0.105816826224327,0.0659341886639595,-0.0347872450947761,0.0996166765689849,0.0924217626452446,-0.0289127063006162,-0.0573981367051601,0.1027396544814109,0.0265376772731542,-0.1065274402499198,-0.0479009486734867,-0.0154901072382926,-0.1058554649353027,-0.1012006774544715,-0.1065291762351989,0.0524916611611843,0.1036734879016876,0.1021633148193359,-0.0925364568829536,-0.106456771492958,0.106544129550457,0.0739976018667221,-0.1050874218344688,0.0755522400140762,0.1063639223575592,-0.0229641254991292,-0.059910375624895,0.101075030863285,-0.0892857685685157,-0.1061073765158653,0.0708769932389259,-0.089470088481903,-0.0060993963852524,0.1015960499644279,0.0289624258875846,-0.1063648760318756,0.092538833618164,-0.0700232237577438,-0.0863784179091453,0.1065017580986023,0.1063288748264312,-0.0762831941246986,-0.0945358350872993,-0.1065210327506065,0.0816810503602027,0.062168251723051,-0.1044720187783241,-0.0855650082230568,0.0978718400001525,-0.0773993507027626,0.1006935611367225,-0.0849224105477333,0.0892913043498992,0.1064265593886375,0.1060694232583046,-0.1061070263385772,-0.0021295747719705,-0.0890879780054092,0.0108841797336936,0.1063631474971771,-0.0276587884873151,0.1064206212759018,0.1059100553393364,0.1065378859639167,0.1065426915884018,-0.10282464325428,-0.104347787797451,0.0783190056681633,-0.1065093800425529,0.0581250265240669,0.1010894179344177,-0.0968634784221649,-0.0994845554232597,-0.1065441966056823,0.1010109260678291,-0.1060254648327827,0.1062188446521759,-0.0604845210909843,0.1037554442882537,-0.0825641974806785,0.045615267008543,-0.1065378636121749,0.103968359529972,0.0378499403595924,-0.1055611371994018,0.0967748910188674,-0.1064763069152832,0.1063843220472335,0.0098333321511745,-0.0218970961868762,0.0533175803720951,0.1040262877941131,0.1044422015547752,-0.0889073610305786,0.0728532299399375,-0.0637988150119781,-0.0720045641064643,0.1021924689412117,0.0028095096349716,-0.0969577506184578,-0.1009394377470016,-0.0246110279113054,0.100808285176754,0.0766312405467033,0.1034635156393051,0.1034033000469207,-0.0957592278718948,-0.1040575429797172,-0.1035026535391807,0.1040237545967102,-0.0579110048711299,-0.036413375288248,0.103623129427433,0.098718374967575,0.0959383472800254,-0.099036619067192,0.0407148152589798,-0.0884649232029914,-0.0141256731003522,0.0243382956832647,-0.0887303948402404,0.0653797015547752,-0.1038031876087188,0.0932806432247161,0.1005560830235481,-0.0960712432861328,0.0906384736299514,-0.0754962638020515,-0.100148007273674,0.1039153039455413,-0.0885982289910316,-0.1038650572299957,-0.0938665345311164,-0.101065494120121,-0.0809784010052681,0.0990023836493492,-0.0599649958312511,0.1027034223079681,-0.0963166207075119,0.0862366557121276,0.0802401751279831,-0.0963175445795059,0.0998074188828468,-0.0852603837847709,0.064053438603878,0.102616511285305,-0.079359695315361,-0.0495953299105167,0.1039124429225921,-0.1015170440077781,-0.1027492731809616,-0.0948828235268592,0.1014062985777854,0.0071002370677888,-0.0993221700191497,0.1028796955943107,-0.103969894349575,0.0100489547476172,-0.043133046478033,-0.063469648361206,0.0461876317858696,-0.0893743559718132,0.071415327489376,0.1039434522390365,0.1013836413621902,-0.0732044726610183,0.0871855616569519,0.0007571545429527,0.053972378373146,0.1040576845407486,0.0923406183719635,0.0894501358270645,0.1040569618344307,0.0844506993889808,-0.1038077026605606,0.0264946799725294,0.0726996958255767,0.1040001064538955,-0.0943946316838264,-0.0922853946685791,-0.0791219472885131,0.1007798239588737,-0.1040179282426834,-0.0927225649356842,-0.1040468961000442,-0.1040321439504623,0.0101140476763248,0.077531598508358,0.1040516272187233,-0.0927569419145584,-0.1012586280703544,0.1023801565170288,-0.1034758538007736,0.0999180972576141,0.1019825562834739,-0.0321370400488376,0.103630281984806,-0.0161248221993446,-0.1039736568927764,-0.1040564700961113,0.1040577590465545,-0.1040543988347053,0.1040245294570922,0.1030628830194473,-0.0841354578733444,-0.1038590595126152,-0.0529225841164588,0.0852817818522453,0.1040563657879829,-0.102732352912426,-0.0897820442914962,-0.1026754677295684,-0.1039974167943,0.070526972413063,0.1039510518312454,0.1039863675832748,-0.1037137061357498,-0.0936944931745529,0.0980943292379379,-0.0991239175200462,-0.0968075990676879,-0.0598458498716354,-0.0111201684921979,-0.0546771436929702,-0.1001452058553695,-0.0528382323682308,-0.0078556193038821,0.0574194751679897,0.0092765111476182,-0.0909178331494331,-0.0869860798120498,-0.0315835736691951,-0.0171248465776443,0.0076849334873259,-0.1176389306783676,0.0680555403232574,-0.0787941291928291,-0.0320338271558284,-0.0854848250746727,0.0872380882501602,0.0297304242849349,-0.1241900324821472,-0.0198214650154113,-0.0553376823663711,0.0672861114144325,-0.0829701721668243,0.1412340104579925,0.000742521835491,-0.0565883517265319,0.0478692427277565,-0.1057966873049736,-0.0690998807549476,-0.1163965240120887,-0.0291050840169191,-0.0632451549172401,-0.0764499455690383,0.1221740618348121,0.1305622011423111,0.0128768309950828,-0.0174928922206163,-0.1176654919981956,0.0990244075655937,0.13617804646492,0.1348641514778137,-0.1499705910682678,-0.1550002992153167,-0.0920499563217163,0.1220699623227119,0.1139247640967369,-0.104960098862648,-0.0587088651955127,-0.0930681377649307,0.1056254729628562,0.0425888672471046,-0.1215733438730239,0.0473448373377323,0.1296274811029434,-0.0890577137470245,-0.137418583035469,-0.1030690446496009,0.0088655017316341,0.0309215206652879,0.0949742197990417,-0.1429236233234405,0.003111355472356,0.0808115601539611,0.0460709258913993,-0.0507967360317707,0.0530265755951404,0.0484337843954563,-0.1277575343847274,0.0643602311611175,0.0199311506003141,0.1080769076943397,-0.0992356538772583,-0.1421733200550079,0.1525177508592605,-0.1168964952230453,0.1201629415154457,-0.0417411476373672,-0.1459247022867202,-0.1019668132066726,-0.0616939775645732,0.0572363585233688,0.1657991260290146,-0.0205969158560037,-0.1571169942617416,-0.0684070065617561,-0.0645046979188919,0.0150245614349842,0.059706799685955,-0.0244478266686201,0.0966249331831932,0.098829373717308,-0.0685601606965065,-0.1066117137670517,0.0589434131979942,0.0536648035049438,-0.0331289134919643,0.0223098006099462,-0.0072205872274935,-0.0565665178000927,-0.0853708237409591,0.0836977958679199,0.0915645733475685,-0.135043665766716,0.0100457808002829,-0.079575628042221,0.0515774115920066,-0.0018932250095531,-0.0215210206806659,-0.0622488297522068,0.0583192110061645,-0.1262784153223037,-0.137999951839447,-0.0949134454131126,0.144734188914299,0.0382301099598407,-0.1189321801066398,0.0522506982088089,0.1424399316310882,-0.0371261686086654,0.0733658894896507,0.0591426379978656,-0.0173810198903083,0.1363380700349807,0.0219012219458818,-0.0317930094897747,0.0970506519079208,-0.1648961305618286,-0.0303480345755815,0.1228479817509651,-0.1251126378774643,-0.0535709224641323,0.0866898596286773,0.1206065639853477,0.0986560210585594,-0.1213394105434417,0.0210171174257993,-0.0365091525018215,0.092530146241188,0.0857344940304756,0.1048362776637077,0.1061599776148796,-0.0149496374651789,0.1204278916120529,0.120747335255146,-0.1077017113566398,-0.0315900593996048,-0.0901567637920379,0.0718486085534095,-0.0154361966997385,0.0137734245508909,-0.0410045124590396,0.1082362905144691,0.0217683184891939,-0.1247563436627388,0.0576707907021045,0.1266012638807296,-0.1143045052886009,-0.0458259917795658,-0.0776333138346672,-0.1237485110759735,-0.0081795742735266,0.0050951866433024,-0.0984842330217361,0.0680529624223709,0.0893665701150894,-0.0609278865158557,0.0921594128012657,-0.0436430126428604,-0.1046672090888023,0.0425235219299793,-0.1251311749219894,0.0948589295148849,-0.0402715951204299,0.1246851161122322,-0.09771628677845,0.1093440651893615,-0.1038831770420074,-0.1119739115238189,-0.0067561804316937,-0.1014107018709182,0.0263977628201246,-0.0548921190202236,-0.1117850840091705,0.0853516608476638,-0.0980260521173477,-0.1030631139874458,0.0399654433131217,0.0593781620264053,0.1081242188811302,0.119726225733757,-0.0802299380302429,-0.0718637183308601,0.1136687621474266,0.0716243237257003,0.1214069500565528,0.0990808382630348,-0.1236086636781692,0.0805587023496627,0.0038188816979527,-0.1086117625236511,-0.1110532060265541,-0.0456840954720974,0.1004793941974639,0.0431437455117702,-0.0915464907884597,-0.064481072127819,-0.1072131544351577,-0.1209727227687835,0.1151339709758758,-0.0304106455296278,-0.0991520211100578,0.1166444346308708,-0.0537757016718387,0.1173366382718086,-0.0814139321446418,-0.0132430847734212,0.082579605281353,0.0731605440378189,-0.076183021068573,-0.0975545644760131,-0.1139878705143928,0.1180010885000228,0.121995635330677,0.0596057698130607,0.0658800080418586,0.0617238394916057,0.0731373652815818,0.0815559923648834,0.1162377223372459,0.0944916531443595,0.1154105141758918,-0.0947531461715698,-0.1087043806910514,-0.1102764457464218,0.0595968067646026,-0.1176128014922142,-0.0891323611140251,-0.1125529035925865,-0.0705506727099418,0.0983791798353195,0.0268238056451082,0.1065585538744926,-0.0092067075893282,-0.0678572207689285,0.0144355250522494,0.1189549714326858,0.0833020135760307,-0.0427906289696693,0.0024067864287644,-0.1174435243010521,0.1225516647100448,-0.0670019909739494,-0.0389689169824123,-0.1018964052200317,0.0202774293720722,-0.063801072537899,0.0899124890565872,-0.0293358080089092,-0.1051091030240058,-0.0442730337381362,-0.1044673696160316,-0.1138608530163765,-0.0918387696146965,-0.0996739044785499,0.0145594496279954,-0.1092356070876121,-0.1192494481801986,0.0608698166906833,-0.0469327867031097,0.1077099069952964,0.0984645709395408,-0.0578966252505779,0.1077985316514968,-0.1157169789075851,0.0044463723897933,0.0520571507513523,-0.1260940730571746,-0.1173454746603965,-0.1100215017795562,-0.1077262163162231,-0.0613961480557918,-0.0834254249930381,0.1212887540459632,-0.125094398856163,0.1039707511663436,0.1064183712005615,-0.1015738174319267,0.1062235906720161,0.0529319643974304,0.0763746201992034,-0.0395349711179733,-0.019351202994585,0.1031190007925033,0.0929426103830337,-0.0921812951564788,-0.1210684776306152,-0.0960741713643074,-0.0721341073513031,-0.1104515343904495,0.1161292567849159,0.116485022008419,0.0793403312563896,0.0889896526932716,-0.0037594784516841,-0.0783045515418052,0.134441539645195,-0.016807796433568,-0.0748536884784698,0.123445026576519,0.0336966179311275,-0.096208743751049,0.0749757066369056,0.092268481850624,-0.1239054724574089,0.0998504310846328,0.0851040184497833,-0.0639090687036514,0.0030529960058629,0.0654549598693847,0.0015716048656031,-0.1185607686638832,-0.0639639496803283,0.118627592921257,-0.0065836077556014,0.1212639436125755,0.0908343791961669,-0.0457387790083885,-0.0903639495372772,0.0604264214634895,0.0729377046227455,-0.0809618383646011,0.0351534523069858,-0.0944686606526374,-0.0943604782223701,-0.0180783960968256,-0.0521168150007724,0.0558259151875972,0.0330910608172416,0.1225926503539085,-0.0257254969328641,-0.112564630806446,-0.1189343258738517,0.0498376712203025,0.0758932903409004,-0.0036290611606091,-0.0705755278468132,0.1207330152392387,-0.1086549833416938,-0.0448649413883686,-0.0715106800198555,0.0729361250996589,-0.0994954407215118,-0.1260474920272827,0.0484413057565689,-0.1342415660619735,0.0514237470924854,-0.0803348496556282,0.061318714171648,-0.0671653524041175,-0.078576274216175,0.132013201713562,-0.1316033452749252,0.0549320541322231,0.106879711151123,0.1273823529481887,0.1144372224807739,0.1118198856711387,0.045161385089159,0.1288546621799469,-0.0489997081458568,-0.0044587673619389,0.1159064769744873,0.1093082875013351,0.036526646465063,0.0543470904231071,0.1018192842602729,-0.0880244746804237,-0.1266155391931533,-0.0768255740404129,0.0764514058828353,0.0129011804237961,0.1141663864254951,-0.0353688150644302,-0.0867743864655494,MUJMMLMSLUQGDX-UHFFFAOYSA-N,Cn1cc(C(=O)NC2CCN(CCC(N)=O)CC2)cn1
0.0846467018127441,0.1042834445834159,0.0989257916808128,0.1043127924203872,-0.1045804917812347,-0.090054839849472,-0.0876444205641746,0.098250113427639,0.0081771118566393,-0.0987629815936088,0.1019127815961837,-0.1042192578315734,-0.0631157681345939,-0.1040975302457809,0.104607917368412,0.1041222512722015,0.1000846624374389,0.0874079838395118,0.0173852071166038,0.0881279334425926,0.0280047710984945,-0.0928782150149345,0.1031773462891578,-0.0943960025906562,0.1046291589736938,-0.0955602973699569,-0.1045923084020614,0.1044620126485824,0.0187378879636526,-0.0623256005346775,-0.0986633747816085,-0.0524589195847511,0.0954425334930419,0.1008732393383979,-0.1026969254016876,0.0953939035534858,0.1037959903478622,-0.089121788740158,0.1045856401324272,-0.0856708511710167,-0.1022372916340828,0.0809197053313255,-0.1025771424174308,0.1038521379232406,0.1046237275004386,0.1046094223856926,-0.1018615514039993,-0.1045281440019607,-0.1023754850029945,0.0527607202529907,-0.0896109864115715,-0.1020951867103576,-0.0980437472462654,-0.0362741276621818,-0.0087637836113572,-0.0385002642869949,-0.0880038514733314,-0.0117892231792211,0.0353960432112216,-0.1000987887382507,0.1032713428139686,0.1045937612652778,-0.0702387169003486,-0.1041736751794815,0.1046290025115013,-0.1033382713794708,-0.0193733070045709,-0.0761781483888626,0.0941064059734344,-0.101449154317379,-0.035770695656538,0.1045001894235611,0.0219398755580186,-0.1046015247702598,0.0400817766785621,0.0835169777274131,-0.1045476049184799,0.1045065745711326,0.0896638184785842,0.0111551824957132,0.1030253246426582,0.1013888120651245,-0.104544773697853,0.0613424964249134,0.1025312095880508,-0.0687309727072715,0.0854717940092086,0.0953554064035415,-0.0420649275183677,0.1030787602066993,-0.0085559757426381,0.1041374281048774,-0.0887745097279548,0.1046105399727821,-0.1046298593282699,-0.0427488349378109,-0.1045762300491333,0.1045668870210647,0.0643686801195144,0.0979305207729339,0.1029969453811645,-0.1036191284656524,0.1043412238359451,0.1039772108197212,-0.099808357656002,-0.10257388651371,0.1044754385948181,0.0649939179420471,0.0089178578928112,-0.0204702690243721,-0.1041529774665832,-0.0988361313939094,-0.0928658694028854,0.0921857804059982,0.1038404405117034,0.0518449805676937,0.0148127423599362,-0.1044754385948181,-0.1042000278830528,0.1046297848224639,-0.027723928913474,0.0430941246449947,-0.1017555966973304,0.1045784652233123,-0.0897807255387306,-0.0614011138677597,-0.0969372689723968,-0.1017270311713218,0.1024264842271804,0.0191385596990585,0.1024079397320747,0.0980894789099693,-0.0842204689979553,0.099285289645195,-0.0058131720870733,0.0681679546833038,0.1022780388593673,0.0260329153388738,0.0746104270219802,-0.1023930162191391,-0.1018226668238639,-0.1022828966379165,0.0869748368859291,-0.0941821262240409,0.1005116328597068,0.1023830845952034,-0.1024396568536758,-0.0134125864133238,0.0671459883451461,-0.0977554991841316,-0.1024389639496803,-0.0935562700033187,0.0401437357068061,0.0816405713558197,-0.0456915721297264,-0.0896406844258308,-0.0996214672923088,-0.0821568742394447,-0.0751428082585334,0.0607814416289329,-0.1021115109324455,0.1024396270513534,0.0955780521035194,0.0556630380451679,0.0883017256855964,-0.1024396568536758,-0.0507996380329132,-0.0941488966345787,0.1012206375598907,0.1020415648818016,0.1021911278367042,-0.1024397760629654,-0.0470325797796249,-0.0513434298336505,-0.0983629375696182,0.0228243079036474,-0.1024369671940803,0.1024396270513534,0.1023901998996734,-0.1024380773305893,-0.1024218276143074,-0.1010816767811775,0.0706947371363639,-0.0999664440751075,0.0738758668303489,-0.1024392321705818,-0.1024313569068908,-0.1023163273930549,0.0102215288206934,-0.0646100342273712,-0.1024240776896476,-0.0665440335869789,0.1024397909641265,-0.1002056971192359,-0.1023043990135192,0.1024065017700195,-0.102196529507637,0.102294772863388,0.0885175243020057,-0.1024397611618042,-0.1024354621767997,-0.1022147312760353,-0.1024176180362701,0.1021309420466423,-0.1024289801716804,0.1023324131965637,-0.0157331749796867,-0.0885719135403633,-0.1013976112008094,-0.0438074804842472,0.1024255380034446,-0.0169967543333768,-0.098733440041542,-0.1023771539330482,-0.097757339477539,0.1023853048682212,0.095254473388195,0.0735048502683639,-0.0717819258570671,-0.0900172218680381,-0.0131554948166012,0.1024333909153938,0.0637810081243515,0.1024345979094505,0.1023725941777229,-0.1023870706558227,-0.0647868886590004,-0.0984771326184272,0.1024031341075897,0.1024200916290283,0.1020594909787178,-0.0908358171582222,0.08854391425848,0.1018079444766044,0.0174952149391174,0.0975997298955917,-0.1024323254823684,-0.082026407122612,-0.0994259119033813,0.1003441587090492,-0.1010697782039642,0.0154737439006567,0.0572819113731384,0.0998365134000778,-0.1024186015129089,-0.0802812054753303,0.0919219255447387,-0.1009958311915397,0.102422758936882,0.0031829085201025,-0.0577803961932659,0.0992216318845748,-0.0095679005607962,-0.102438747882843,0.0965698137879371,-0.1010630875825882,-0.1040180549025535,-0.1042342334985733,0.07489063590765,0.1020730584859848,0.1051227301359176,0.1048387587070465,0.1046532094478607,-0.0983785092830658,0.0077396626584231,0.0702703818678855,0.1044480577111244,-0.0835594683885574,0.0927710831165313,-0.041140217334032,0.0001526528794784,0.1048822924494743,-0.0930832996964454,0.0681222006678581,0.0874819234013557,0.0851901695132255,0.1050167232751846,0.1047538369894027,0.1051197052001953,-0.1046093255281448,0.0629429966211319,0.0161289051175117,-0.0124273607507348,0.1050895825028419,0.1046168431639671,-0.0480254366993904,0.0598864220082759,-0.0959913879632949,0.0545716360211372,0.105050541460514,-0.0010182466357946,-0.1039927825331687,-0.1050937175750732,-0.0389508679509162,-0.0538637526333332,-0.0108570931479334,0.1049050614237785,0.0590887926518917,-0.0774431526660919,-0.1032461374998092,0.0793470740318298,-0.023182887583971,0.0503147318959236,-0.1050742045044899,0.1051252484321594,0.1022113636136055,-0.0867644995450973,-0.1005798205733299,-0.1050725430250167,0.1051305457949638,-0.1007723733782768,0.1029280498623848,0.1025738194584846,0.0686914548277854,-0.1024626046419143,-0.086329884827137,0.1039326786994934,0.1050396040081977,0.105014756321907,-0.1026235520839691,-0.0944768339395523,-0.1040461584925651,0.0461752116680145,0.0095839528366923,0.0644379332661628,-0.0992185249924659,-0.1030110418796539,0.1051193103194236,-0.1049212217330932,0.1023754552006721,0.0759723186492919,-0.1038545370101928,-0.037468034774065,-0.0937848538160324,-0.0967485308647155,-0.093341939151287,0.0346888452768325,0.1047209277749061,-0.0993545278906822,-0.1049638539552688,-0.1051289141178131,-0.1004032045602798,0.0835911929607391,0.0677582323551178,-0.1050774827599525,0.1048897430300712,0.1027425751090049,0.0970202907919883,0.080030009150505,-0.0873274803161621,-0.0181435793638229,-0.1050833016633987,-0.0128195090219378,0.1048362106084823,0.0885371938347816,-0.1037400364875793,-0.0811143815517425,0.1051062121987342,0.104738600552082,0.1030800119042396,-0.1021689400076866,-0.1014659255743026,-0.0633554458618164,0.088146224617958,0.0978762283921241,-0.0489891171455383,0.0940570086240768,-0.0659369602799415,-0.0990888997912406,0.0281188320368528,0.1044341698288917,-0.089580588042736,0.0257829260081052,-0.1051308289170265,0.1051308289170265,-0.0939967632293701,0.0368403047323226,0.1050780117511749,0.0438162647187709,0.1048169881105423,-0.1018121838569641,-0.0998310968279838,-0.0979201793670654,0.1049991250038147,0.0930321961641311,0.0711527615785598,-0.0360575057566165,-0.0361267551779747,0.1082780361175537,-0.0114490753039717,-0.1021895706653595,0.0769753828644752,0.0376384705305099,-0.0821739360690116,0.1146657690405845,-0.0009734350605867,0.0765087231993675,0.0300329588353633,-0.035479437559843,-0.0786570161581039,-0.1122777685523033,0.0398233793675899,0.137332335114479,-0.0761961936950683,-0.0162332858890295,0.1628546118736267,-0.1353547126054763,-0.1056228503584861,0.0990907102823257,-0.0213313587009906,0.0186646468937397,0.0551399029791355,-0.1216862723231315,-0.1745906472206115,-0.0083319749683141,0.0670949444174766,-0.1684824824333191,0.1720870584249496,0.1063292399048805,-0.0132025713101029,0.0395990833640098,-0.1060945391654968,0.0967263504862785,0.1656001508235931,0.0350682027637958,-0.0441037900745868,0.0468891188502311,0.047139573842287,-0.0864040702581405,0.0243375543504953,-0.1261807382106781,0.0354265496134758,0.0064508127979934,0.0053292736411094,0.107421875,-0.0898284688591957,0.0911140069365501,0.1194264516234397,-0.0103127965703606,-0.1198634058237075,-0.0552664697170257,0.1249713152647018,0.0120379040017724,0.1472066342830658,-0.1455223262310028,-0.0343428030610084,0.0862920805811882,-0.0142562603577971,0.0609655901789665,-0.0894670039415359,-0.132403552532196,-0.0056094960309565,-0.1041313931345939,0.0817721933126449,0.1459190249443054,-0.0589786879718303,-0.0461253151297569,0.0706898495554924,-0.0638668090105056,0.1000801399350166,0.141884759068489,-0.1641497761011123,-0.104955606162548,-0.0102152600884437,0.0234317239373922,0.1606712937355041,-0.0380359478294849,-0.1772691160440445,0.0034643420949578,0.0299266446381807,0.0751146227121353,0.1588622778654098,0.0662669837474823,0.10589399933815,-0.0107675129547715,0.0985845178365707,-0.1295699477195739,-0.0224459283053874,0.0912127271294593,-0.0219842717051506,0.0307144429534673,0.1351128965616226,-0.1013622060418129,0.0086701503023505,0.0136513272300362,0.0289823412895202,0.1176081523299217,-0.0198809336870908,-0.0405205003917217,0.0401494018733501,0.0321744605898857,0.07289769500494,0.0831258818507194,0.0942956730723381,-0.0895751416683197,0.0704430416226387,0.0515507869422435,-0.0060671344399452,-0.0385144688189029,-0.0808468088507652,0.1156619861721992,0.1328757107257843,-0.1409612894058227,-0.0760185867547988,0.0327275469899177,0.0523182488977909,-0.0198997501283884,-0.0999471098184585,-0.1068854331970214,-0.0755164995789527,0.0215332470834255,-0.0789672061800956,0.0378125272691249,-0.0294165350496768,0.1353961527347564,-0.0043337070383131,0.1158580183982849,0.0908919870853424,-0.0447120107710361,-0.0273524057120084,0.0149002783000469,-0.0321042612195014,0.0036628895904868,-0.0365135185420513,0.0672954469919204,0.1100522875785827,0.1034699454903602,0.1273689270019531,0.0461687073111534,-0.0677402466535568,0.0746024474501609,0.1287878900766372,-0.0169639773666858,0.1402977257966995,0.0634265169501304,0.1046587601304054,-0.0707220286130905,-0.1216923668980598,-0.0978831201791763,0.1479380577802658,-0.0558775179088115,0.0366960801184177,0.1352257579565048,-0.0475630536675453,0.1199089437723159,0.0185455102473497,-0.1432968378067016,0.1034265160560607,0.0465689934790134,-0.1339516788721084,0.1200057938694953,0.0078619215637445,-0.1125480011105537,-0.0449379570782184,-0.1135233491659164,0.0022923932410776,0.0686056315898895,0.1377149522304535,-0.0375356711447238,0.1296823173761367,-0.1506979614496231,-0.0048959786072373,-0.0628650337457656,-0.1290463060140609,0.1045800670981407,-0.0660091042518615,-0.0020214461255818,0.1011856496334075,-0.0252463482320308,0.0761841386556625,0.1425322294235229,-0.0056978892534971,-0.1059310287237167,0.1046699807047844,-0.1122091859579086,0.0728712379932403,0.0966660976409912,0.1252234876155853,0.127592995762825,0.025947293266654,-0.0972014516592025,-0.0955114886164665,0.1087910532951355,-0.0907782763242721,-0.0450704954564571,0.110169917345047,0.0637506246566772,-0.1250738799571991,-0.0185398757457733,-0.0986426174640655,-0.06858541816473,-0.122204951941967,0.1218639388680458,0.0435766652226448,-0.1431560516357422,0.1442762464284896,0.0010393507545813,0.1268499493598938,-0.0611836276948452,-0.0887446403503418,-0.1293386667966842,0.1452076286077499,-0.0568075627088546,-0.0690593123435974,-0.1490899920463562,0.078099250793457,0.1217841282486915,-0.0378087684512138,0.0581305511295795,0.0986879914999008,0.0780788734555244,0.0428764261305332,-0.0301198977977037,0.1066959202289581,0.0599344596266746,0.1293758749961853,-0.0233086720108985,-0.082764558494091,0.0068596745841205,-0.0131283048540353,-0.0653572827577591,-0.0405363403260707,-0.0512274987995624,-0.0793249532580375,0.1020359694957733,-0.0786784067749977,-0.047330979257822,-0.0579146780073642,0.090283989906311,-0.0174653586000204,0.0646523758769035,-0.020006813108921,-0.0196532048285007,-0.0603298172354698,0.1230502426624298,-0.0447235479950904,-0.1407001316547393,0.0164070054888725,-0.0366697534918785,0.0926249027252197,-0.0711857229471206,0.0517566390335559,-0.0940645858645439,0.0013514015590772,-0.1256029605865478,-0.0749139040708541,-0.0208235140889883,0.0003154619189444,0.014494789764285,-0.1074514910578727,0.0934210494160652,-0.1139624863862991,0.0215241871774196,0.1180218756198883,-0.1258215904235839,0.0820403471589088,0.081876739859581,-0.0041538425721228,-0.0919037461280822,0.1292092055082321,-0.1282921433448791,-0.0622328333556652,0.1197283342480659,-0.0991451516747474,0.0443167388439178,0.0833618193864822,0.1186137050390243,-0.0739826336503028,-0.0218583010137081,0.0814020708203315,-0.1335641294717788,-0.0078141493722796,-0.059922344982624,-0.017844645306468,0.1100334674119949,0.0969526693224906,-0.0952069237828254,-0.1186050251126289,0.0643571764230728,-0.0934258252382278,0.0009190079872496,-0.1310660541057586,0.0840186476707458,0.1008376255631446,0.1230677962303161,-0.0212516337633132,0.0987244173884391,-0.088358461856842,-0.1172905266284942,0.1323303133249282,0.0118513237684965,0.1114489734172821,-0.0981072783470153,0.1039764881134033,-0.0923575535416603,-0.0192680284380912,0.1320691108703613,0.1124280095100402,0.0287586376070976,0.0172116383910179,-0.0083381943404674,0.0963102355599403,0.0447311624884605,0.1158723384141922,0.0855834186077117,0.0042125270701944,-0.0973561331629753,0.106047548353672,0.1310513913631439,-0.0463177897036075,-0.1119336858391761,0.1163082495331764,0.1246857047080993,0.0004452618886716,-0.0475562885403633,0.0301546715199947,0.0907667949795723,-0.069074161350727,0.1062197685241699,-0.096051312983036,-0.0774788260459899,0.0948006957769393,0.050600629299879,-0.0643860325217247,-0.1158122196793556,-0.1325668394565582,0.0998186096549034,-0.0794881135225296,-0.1049014031887054,0.1250324994325637,0.0330728217959404,0.0914526209235191,0.1266780942678451,0.0855474323034286,0.0231876112520694,-0.0462303794920444,0.0001945118710864,-0.1012489646673202,-0.1326651722192764,0.1250695884227752,-0.0847352892160415,-0.128993272781372,-0.0117293093353509,-0.0056997206993401,0.1125305071473121,-0.0570652559399604,0.097865879535675,-0.1211211234331131,0.0603369064629077,0.0059308274649083,0.1324766427278518,0.1220612600445747,0.0480092503130435,-0.0121540986001491,0.1277818977832794,0.037740308791399,0.0790222212672233,0.0556820034980773,0.0837389528751373,0.1340759247541427,0.0496263168752193,-0.0457434132695198,0.1318507939577102,-0.0069515667855739,-0.0091781141236424,-0.0845699980854988,-0.1062338203191757,0.0872546285390853,FTJCIUASGJLQAR-UHFFFAOYSA-N,NCCNCC(CN)(Cc1ccccc1Br)Cc1ccccc1Br
-0.0698829963803291,-0.095432236790657,-0.0688243955373764,0.0897247120738029,-0.0959197804331779,-0.0947959199547767,0.096280924975872,-0.0432951524853706,-0.0962916389107704,0.0859849229454994,-0.0946537777781486,0.0765178576111793,0.096298724412918,0.0784980878233909,-0.0962990224361419,-0.0522217750549316,-0.0909034460783004,0.0962990224361419,0.0610407926142215,-0.0962990224361419,-0.0962802916765213,-0.0960552245378494,0.0941811949014663,0.0944365710020065,0.0684611722826957,0.0962990224361419,0.0962990224361419,-0.0947121754288673,-0.0962298363447189,-0.0876641348004341,0.0513704381883144,0.0945430696010589,-0.0761914476752281,0.0962965115904808,0.0897143632173538,-0.0111308153718709,0.0890241861343383,-0.0959798917174339,-0.0962935537099838,-0.0962773635983467,-0.096298947930336,-0.0962701216340065,-0.0962835103273391,-0.0955586433410644,-0.0962990000844001,-0.0962542071938514,-0.09626005589962,0.0215015821158885,0.0962990149855613,0.0962356403470039,-0.0962798297405242,-0.0147157944738864,0.0817999020218849,-0.0962990224361419,-0.0962985083460807,0.0908467695116996,0.0962558016180992,0.091007076203823,0.0174039509147405,-0.0802689492702484,-0.0962446182966232,-0.0962990224361419,-0.0962882563471794,0.0648006349802017,0.0962155610322952,-0.0847795009613037,0.0962980017066001,-0.0962970480322837,0.091432936489582,0.0962781757116317,-0.0962781831622123,-0.0952116996049881,-0.0960953831672668,0.0824703723192215,0.0962734371423721,0.0962988287210464,0.0949250236153602,-0.0587412528693676,-0.0860848799347877,0.0962989702820777,0.0962934121489524,-0.064951367676258,-0.0220993384718894,0.0962928608059883,-0.0921417400240898,0.0961652472615242,0.0874688997864723,0.0962735116481781,-0.0962958112359047,-0.0950032174587249,-0.0962990224361419,-0.0961522608995437,-0.0962921604514122,0.0962895452976226,-0.0962677672505378,-0.0962985605001449,-0.0962990224361419,0.0962987542152404,-0.0767266303300857,-0.0617419853806495,-0.0962990149855613,0.0603047981858253,-0.0962990224361419,-0.0960551127791404,0.0962990224361419,0.004788177087903,-0.0962989628314971,-0.0952946916222572,-0.0962929129600524,-0.0813601091504097,0.0934299230575561,-0.0961673855781555,0.0962976366281509,0.0939291417598724,-0.0962985381484031,-0.096297338604927,-0.0036274713929742,-0.0962706431746482,-0.0927622392773628,-0.0962976217269897,0.0502109043300151,-0.0962392464280128,0.0960041061043739,-0.0962989926338195,-0.0930434539914131,-0.0962989628314971,0.0811322703957557,0.0960166081786155,-0.0939169079065322,-0.0940411016345024,-0.0940410941839218,-0.0940401703119278,0.0940411016345024,-0.094034619629383,0.0940411016345024,-0.0914742350578308,0.0440721772611141,0.0893831178545951,0.0814981907606124,0.0938737466931343,0.0940393507480621,-0.0940084382891655,0.0935080423951149,0.0940195620059967,-0.0940411016345024,0.0568788386881351,-0.0938651263713836,-0.0911256521940231,0.0479077100753784,0.09404057264328,0.0940411016345024,-0.0940410941839218,0.0940401777625083,-0.0938774272799491,0.0940379649400711,-0.0940410792827606,-0.0940409526228904,0.093973271548748,-0.0801830813288688,0.0940402895212173,0.0940411016345024,-0.0940411016345024,-0.0369602404534816,0.0940410941839218,-0.09404107183218,-0.0940152704715728,-0.0905923023819923,0.0940393730998039,0.0940410643815994,0.0861595720052719,0.094039186835289,-0.0940410867333412,-0.0940411016345024,0.094026893377304,-0.0940410941839218,-0.0939141660928726,-0.0940411016345024,-0.0939318463206291,0.0940110385417938,-0.0940411016345024,0.0940411016345024,-0.0940264537930488,0.0940410494804382,0.0940408408641815,0.0844997465610504,0.0257768984884023,0.0904441252350807,0.0940392091870307,-0.0320496931672096,-0.0940311625599861,-0.0932353660464286,-0.0940411016345024,0.0185993667691946,0.0004833199782297,0.0746556296944618,0.0933239087462425,0.0928375869989395,-0.0913921371102333,0.0940392613410949,0.0940317437052726,0.0912332534790039,0.0940398573875427,0.0940411016345024,0.0940409526228904,0.0940369293093681,-0.0940250605344772,0.0940411016345024,-0.0933162048459053,0.0940355062484741,-0.0940411016345024,-0.0929261744022369,-0.0939432084560394,0.0940410047769546,0.094031810760498,0.0254217404872179,0.094029501080513,0.0940139666199684,-0.0867494568228721,-0.0940254405140876,-0.0940347984433174,0.0932623818516731,-0.081940472126007,-0.0940410792827606,0.0940385088324546,-0.0937044024467468,0.0940411016345024,0.0940411016345024,-0.0940410494804382,-0.0940406322479248,0.0176027212291955,0.0940247252583503,0.094024159014225,-0.0940409153699874,0.0932697728276252,-0.0940411016345024,-0.0565933585166931,0.0940411016345024,-0.0932980477809906,0.0674107670783996,-0.0940410792827606,0.0940411016345024,-0.0940346643328666,-0.0093281501904129,-0.0940411016345024,0.0940389409661293,-0.0940411016345024,0.0797368288040161,-0.0939922332763671,0.0940411016345024,0.0940409675240516,-0.0629265010356903,-0.0940411016345024,0.0940407738089561,0.0940123721957206,0.008052141405642,-0.0930260941386222,0.0934701338410377,0.0935533791780471,0.0885390490293502,0.0935531035065651,-0.0568349063396453,-0.0935496240854263,-0.0935536697506904,-0.0935537293553352,0.0933452472090721,-0.0935500636696815,-0.0935134068131446,0.0935528203845024,-0.0935537368059158,0.0935537368059158,-0.0935537368059158,0.0935511291027069,0.0935537368059158,0.0710410922765731,0.0933768227696418,0.0935463979840278,-0.0935448259115219,-0.0935537219047546,0.0935525223612785,0.0508637428283691,-0.0935537293553352,-0.0934325233101844,-0.0933558568358421,0.0917012691497802,-0.0935537368059158,0.0935382843017578,-0.0935532674193382,0.0933310538530349,0.0935537293553352,0.0926534757018089,-0.0935410037636756,0.0935537368059158,0.0935537368059158,-0.0831908881664276,0.0368888825178146,0.0912577286362648,0.0935536548495292,-0.0924079716205596,0.0934147760272026,0.0905105993151664,0.0934024825692176,0.0935532376170158,0.0907029435038566,0.0912024080753326,-0.0935358628630638,0.0935537368059158,-0.0933997631072998,0.0935320705175399,0.0935536697506904,-0.0935537070035934,0.0935515537858009,-0.0131849069148302,-0.0935534015297889,0.0935471802949905,0.0898026823997497,0.0935518890619278,-0.0935532227158546,0.0811363905668258,0.0934583395719528,-0.0935537368059158,0.0933881029486656,-0.0935534238815307,-0.0039688162505626,0.0933331623673439,-0.0922280400991439,-0.0933102592825889,0.0935522466897964,0.093524046242237,-0.057706955820322,-0.0772120952606201,-0.0935442373156547,0.0935536921024322,0.0935537368059158,0.0935537219047546,-0.0916424989700317,0.0857280194759368,-0.0522199124097824,-0.0935266315937042,0.0924611464142799,0.0519508570432662,0.0824753791093826,-0.0935212820768356,-0.0935061797499656,-0.0935012772679328,-0.0935486778616905,-0.0926785618066787,0.0935483649373054,-0.0811704695224762,-0.0935537368059158,0.0437992364168167,0.0935537368059158,0.0935534760355949,-0.0935084968805313,0.0935126543045044,0.0362484380602836,0.0935498923063278,-0.0935537368059158,-0.0935537368059158,-0.0935537368059158,-0.0935535803437233,-0.079015351831913,0.0820262506604194,0.0321177281439304,-0.0935517996549606,0.09290511906147,0.0515592545270919,-0.0911124572157859,-0.0933843106031417,-0.0933356434106826,0.0935537368059158,0.0108261341229081,-0.0933934673666954,0.0933184176683425,0.0926618427038192,0.0926988944411277,-0.093552716076374,-0.0806061848998069,-0.0935537368059158,-0.0935537219047546,0.093501016497612,-0.0933462008833885,0.0932526513934135,0.0935536846518516,-0.0935534834861755,0.0383741930127143,0.0681306198239326,0.103736974298954,-0.0525780543684959,-0.0659852027893066,0.0715831220149993,0.0667191296815872,-0.1195459812879562,-0.0108804712072014,-0.0988866314291954,-0.0791110470890998,-0.1372096836566925,0.0934886112809181,0.0983353108167648,-0.0829830393195152,0.0620108731091022,-0.1216464713215828,-0.0777202472090721,0.0910483747720718,0.0144790038466453,-0.1063124164938926,-0.1062821596860885,-0.0989618971943855,-0.1277037262916565,0.0407522320747375,-0.1063044667243957,0.0571278408169746,0.1195059120655059,0.0920011550188064,-0.0489294901490211,0.116524800658226,0.0085569117218256,0.0458005517721176,0.064910814166069,0.073025532066822,-0.1153928861021995,0.111661672592163,-0.0193649064749479,-0.0508852489292621,0.1393284499645233,0.0489147156476974,-0.1318170130252838,0.0839681401848793,-0.0452191829681396,-0.0780838131904602,0.0900010094046592,0.0477158017456531,-0.0043697739019989,0.0864127799868583,-0.0949871838092804,0.028959359973669,0.1027574688196182,-0.0509830527007579,0.021079197525978,0.0101031344383955,0.032238133251667,0.0575288161635398,0.0957568064332008,0.0678831189870834,0.1377977728843689,-0.1047214716672897,-0.0295020751655101,0.0369823612272739,0.0871703326702117,0.1390530914068222,-0.0439573749899864,0.0082241119816899,0.1328008472919464,0.0562911182641983,0.122383028268814,0.0612969733774662,0.1280452609062194,0.1008048430085182,-0.0951660796999931,-0.102433368563652,0.0779934525489807,0.0587013438344001,0.0200092196464538,-0.0024648804683238,-0.0275978501886129,0.0012434188975021,-0.0719763338565826,0.1212981790304184,0.058354802429676,-0.0367439538240432,0.0331926941871643,-0.0982856675982475,0.1149038597941398,0.1329715549945831,-0.0677169561386108,-0.1195466369390487,0.1362121105194091,0.0802277475595474,-0.1263921707868576,-0.044138990342617,0.0755578950047493,-0.1183002591133117,0.1393604278564453,0.0509251654148101,0.1266486793756485,-0.1328925043344497,-0.134280577301979,0.0074011906981468,-0.1339410096406936,0.1313531398773193,-0.0170044489204883,-0.1035324484109878,-0.1035105437040329,0.1339017897844314,-0.0391852594912052,-0.0786204040050506,-0.0734559819102287,0.1358810514211654,0.0176055841147899,-0.0423288457095623,-0.1105745732784271,0.1289070546627044,0.0679695978760719,-0.1297869533300399,0.0084511218592524,0.0792656391859054,0.0530363731086254,0.1162329539656639,-0.0245619565248489,0.1344544440507888,0.0174018535763025,0.0988604351878166,-0.1063538193702697,-0.0966517254710197,0.0748017057776451,0.1083461865782737,-0.1041888669133186,0.0508391410112381,0.1021140813827514,0.1076405793428421,0.1074209958314895,-0.0111122038215398,-0.0666490197181701,-0.0540832988917827,-0.1048586815595626,0.1084593459963798,0.1061751395463943,-0.08832498639822,-0.0989685878157615,0.0959826186299324,-0.0783249512314796,-0.1077144667506218,-0.1080726236104965,-0.106961965560913,-0.1084350794553756,-0.1071505472064018,-0.1025919392704963,-0.1075142323970794,0.1077344268560409,-0.1075831800699234,0.1077910810708999,-0.1084531396627426,0.0986824110150337,-0.104554645717144,0.1056147292256355,0.0957165360450744,0.0760975107550621,0.108071245253086,0.0493861101567745,-0.0699180588126182,0.1074878573417663,-0.0544095113873481,0.1071665957570076,0.106686994433403,0.1016832664608955,-0.0985240340232849,0.0949702411890029,0.1017953902482986,0.0437005273997783,0.0922843888401985,0.0993514358997345,0.0196433588862419,-0.105095699429512,0.1020999550819397,0.107692651450634,0.0929299220442771,-0.0988649353384971,0.0997828096151351,-0.0864061936736106,-0.0967849716544151,-0.1011993587017059,0.0252967365086078,0.0621263906359672,-0.0651338696479797,0.0888507142663002,0.0434841215610504,0.099321611225605,0.0023319160100072,-0.075649656355381,-0.1075823307037353,0.0666466131806373,-0.1055644080042839,0.1078996583819389,-0.1082170903682708,0.0772445276379585,-0.00141966517549,0.0759155079722404,0.1072082072496414,-0.1071314066648483,0.0456723943352699,0.0738881155848503,0.0905644595623016,0.0231400076299905,-0.1061244159936904,-0.0207237545400857,0.0950805023312568,0.0270063262432813,0.0677182748913765,-0.1078118309378624,0.1018475294113159,-0.1081769987940788,-0.0689138397574424,0.1083940863609314,-0.0935744941234588,-0.0958416983485221,-0.1063451841473579,0.0528626143932342,0.0973481833934784,-0.098592571914196,0.1071869432926178,-0.108011893928051,-0.0482615455985069,0.002137002069503,-0.0654573068022728,-0.0306017361581325,0.0124709513038396,-0.0519809685647487,-0.1052650436758995,0.0433206632733345,0.1072729751467704,0.0803666189312934,0.029749933630228,-0.0666859373450279,-0.1079150810837745,0.0960743427276611,-0.003774361917749,0.0306391697376966,0.1047097742557525,0.0642487257719039,0.1083791553974151,-0.1074694171547889,-0.1055497005581855,-0.077520452439785,-0.0130537692457437,0.1073657348752021,-0.1071878522634506,-0.1063511967658996,-0.0992968454957008,0.1029656082391738,0.0026699288282543,-0.0906056463718414,-0.0312072113156318,0.0234129056334495,-0.0287180580198764,0.1064358279109001,0.0559316128492355,0.1409297287464141,0.1446423232555389,0.0916114971041679,-0.0249560885131359,-0.0608451403677463,0.0340787135064601,0.0183676797896623,-0.0949322059750557,0.0566770993173122,0.0344763025641441,-0.104461133480072,0.1357141733169555,-0.108020544052124,-0.0142326140776276,-0.1337709873914718,0.0832924023270607,0.0425913967192173,-0.0944481790065765,-0.0531041137874126,-0.0581414513289928,0.0179292578250169,-0.1020262092351913,-0.015443867072463,-0.0447109267115592,-0.0113594299182295,0.1363475918769836,0.0362977758049964,0.0690735056996345,0.0810039043426513,-0.0484657660126686,0.1217720359563827,0.0354528352618217,-0.0046154526062309,0.0225015729665756,-0.1138586327433586,-0.0304905250668525,-0.1149387061595916,0.0135339694097638,-0.0589957162737846,0.0895934551954269,-0.1063698381185531,0.1446373015642166,-0.0563529655337333,0.0276918094605207,-0.1216428354382515,-0.1122971177101135,0.1252316832542419,-0.0340400747954845,0.0789683610200882,0.1340777575969696,-0.1424477398395538,-0.1056500673294067,-0.0938499346375465,-0.1372082978487014,0.0572463907301425,-0.0281296148896217,-0.0889544934034347,-0.1223479062318801,-0.0445866920053958,0.0730075240135192,-0.0634632334113121,-0.0958400294184684,-0.0413437411189079,0.0460284054279327,-0.1052500903606414,-0.1087705418467521,-0.0679197609424591,0.0954899862408638,0.071803018450737,-0.1286147981882095,-0.1127878874540329,-0.1067130714654922,-0.0415333360433578,-0.0498441681265831,0.0234597790986299,-0.1216118931770324,-0.13034588098526,-0.0365092232823371,-0.1228287294507026,-0.0291189178824424,0.1197225078940391,-0.096535287797451,-0.1144206523895263,-0.0190888084471225,-0.0006059542065486,0.139488935470581,-0.0098492763936519,-0.0958300903439521,0.0747594758868217,-0.1273443400859832,-0.0083003044128417,-0.0954073444008827,-0.0687482506036758,-0.0013516509206965,-0.0826685801148414,-0.1254617422819137,0.1395344883203506,-0.0817619487643241,-0.1263176947832107,-0.1032316982746124,0.1072500124573707,-0.074355274438858,-0.036529466509819,0.1184769868850708,-0.0536050871014595,0.1108386144042015,-0.1380445063114166,0.1290273815393448,-0.0296654384583234,0.1115339919924736,-0.0879822075366973,-0.0206956304609775,0.0006933905533514,-0.0509610101580619,-0.1290474086999893,0.097247190773487,0.1050927266478538,0.1461612582206726,0.0871285423636436,-0.0047359056770801,-0.1152416542172432,-0.0348285064101219,-0.116443894803524,HBQLYJWBEMNEJI-UHFFFAOYSA-N,CSC1=NC(=Cc2cn(C)c3ccccc23)C(=O)N1C
0.0877104103565216,0.0849135741591453,0.1471482068300247,0.023305581882596,0.0703381672501564,0.0792255103588104,-0.1089843437075614,0.0213423371315002,0.042135052382946,-0.0718334540724754,0.1196253076195716,-0.1211937069892883,-0.0012453295057639,-0.003789794864133,0.1134324073791503,-0.0326515845954418,-0.1494404524564743,0.0953174084424972,-0.0455146543681621,0.1361856609582901,-0.046042576432228,0.0278498902916908,0.1146189719438552,-0.1110222339630127,0.1023975238204002,-0.1226111277937889,-0.060286995023489,-0.0301177576184272,0.0849630087614059,0.1371796578168869,0.0756464004516601,-0.0367722250521183,0.0993823856115341,0.0063171670772135,-0.0158641822636127,0.128298133611679,0.0706204921007156,0.0020846633706241,-0.1375644654035568,-0.0677507668733596,-0.0785345435142517,-0.0953141003847122,0.006627622526139,-0.0923468992114067,-0.0099024949595332,-0.0095084318891167,0.1193152368068695,0.0261654742062091,0.1232117861509323,-0.105246290564537,0.1210827678442001,0.0824106186628341,-0.135892167687416,0.1479784101247787,-0.0102109657600522,0.1203197613358497,0.1178768351674079,-0.1133884042501449,-0.0428872182965278,-0.0871944949030876,0.0403643287718296,0.1310352683067321,0.003779744496569,0.0549569763243198,-0.1471827179193496,0.0684464648365974,0.0952997729182243,-0.0762603133916854,0.0857851430773735,-0.0903528705239296,0.0675842687487602,0.0681704357266426,-0.1051485165953636,-0.0082644037902355,0.0628809258341789,-0.0839897468686103,0.0877858102321624,0.0849642977118492,0.1241027414798736,-0.08095433562994,0.0678201764822006,0.1448422074317932,0.1444935053586959,0.1043815314769744,0.0265197101980447,0.0076982118189334,0.0773457288742065,0.0520864315330982,-0.0585228577256202,-0.047101654112339,0.1391547173261642,0.0928801372647285,-0.0991417989134788,-0.1362218856811523,-0.0583282820880413,0.1155761703848838,0.1029825434088707,-0.0410183928906917,0.0026683129835873,0.0514604896306991,0.0692486390471458,0.0523770079016685,0.0376166999340057,0.1154276207089424,-0.0529849827289581,0.1057992726564407,0.0470931343734264,-0.0842191502451896,-0.0977359041571617,0.145523726940155,0.1317097693681717,-0.0150339268147945,-0.0993057340383529,-0.1383735239505767,-0.0172467492520809,-0.0977528616786003,-0.1427716612815857,-0.0950815603137016,0.1253939867019653,0.075082391500473,0.0348127633333206,0.0465949773788452,0.0746853426098823,0.0744362846016883,0.0161924548447132,-0.0371898263692855,0.0608536824584007,0.0471525005996227,0.127043679356575,-0.0014899156522005,-0.120475172996521,0.1171004176139831,0.0909377560019493,-0.0252240505069494,-0.1272277534008026,0.1184453219175338,0.114973247051239,0.0468339398503303,0.1181447207927703,0.0657115206122398,0.0409690514206886,0.0420389622449874,-0.0649361237883567,0.0567757748067379,-0.0289198160171508,-0.0574683398008346,-0.1116138398647308,-0.101241610944271,-0.1152728423476219,-0.0859164968132972,-0.1212914809584617,0.0139071904122829,0.0997691005468368,0.1220742687582969,-0.0106881745159626,0.0601432733237743,-0.0862353965640068,-0.110741302371025,-0.0156602133065462,-0.0318926684558391,-0.0929144173860549,0.062545321881771,0.1064185947179794,0.1005341410636901,-0.0597556643187999,-0.1241006478667259,-0.1045840308070182,0.1159881502389907,-0.0508666969835758,-0.101907342672348,-0.1149750649929046,-0.0176060236990451,0.0321702063083648,-0.123140349984169,0.0421498641371727,-0.0595715828239917,-0.0078472662717103,0.1241568922996521,-0.1077374368906021,-0.0163192152976989,-0.0012875748798251,-0.0647210925817489,-0.0898589715361595,-0.1201117485761642,0.0580697804689407,-0.0968657433986663,0.0347658358514308,-0.1024917215108871,-0.0989388823509216,0.0668845996260643,-0.0782967433333396,0.08743616938591,0.1279809921979904,-0.090209312736988,0.1220858320593833,0.0990288183093071,-0.1195347905158996,0.0525862909853458,0.0050414158031344,-0.1185695305466651,0.0590822547674179,-0.036559447646141,-0.1223736405372619,-0.0725909173488617,-0.010282464325428,0.1268495172262191,-0.1116014793515205,-0.0880890563130378,-0.1260423362255096,0.117463581264019,0.0254922285676002,0.0416222177445888,-0.1098008826375007,0.0661889016628265,0.0448721088469028,0.0255084615200757,-0.1051665768027305,0.1188170909881591,-0.0460275299847126,-0.0866550654172897,0.0166293401271104,0.0403616614639759,0.0016357320128008,-0.0289444234222173,-0.0598164722323417,0.0052203126251697,-0.1271313279867172,0.1238278746604919,-0.0686883553862571,0.0113352788612246,0.1067212596535682,0.0874508172273635,-0.0187079384922981,-0.0871498808264732,-0.1223108917474746,0.1262291669845581,-0.1156901270151138,-0.0975466519594192,-0.1052915304899215,0.0888796672224998,-0.1101549491286277,-0.0970378816127777,-0.020882936194539,0.0041844630613923,-0.1185576096177101,0.1089874356985092,0.124952994287014,-0.1101280152797699,0.0446067564189434,-0.1251425296068191,0.1158491894602775,0.0914019867777824,-0.0895109474658966,-0.1184801012277603,-0.0849504768848419,0.115758791565895,0.0917447656393051,-0.0193968638777732,-0.0059766382910311,0.0133469318971037,0.1151634752750396,-0.1160476580262184,-0.1153703853487968,-0.1149816438555717,-0.0354622714221477,0.0859397426247596,-0.004598886705935,-0.0584517084062099,0.046591829508543,-0.0931642353534698,0.1086702421307563,-0.0482740402221679,0.0187806971371173,-0.0709421783685684,-0.0668073594570159,-0.0554490908980369,-0.104786142706871,0.0044445996172726,0.1161886379122734,0.1156849488615989,0.0938862487673759,0.0873485580086708,0.1130566969513893,-0.0785121470689773,0.0821205005049705,-0.1010263338685035,0.1155636385083198,-0.0999421998858451,-0.0733553692698478,-0.1092748194932937,-0.0120336571708321,-0.0218824427574872,0.0212789066135883,-0.0807660967111587,-0.1051186695694923,-0.0717712640762329,0.1084939390420913,0.101408950984478,0.0384279564023017,-0.1159227415919303,0.1108139529824256,0.0894234552979469,0.0895278975367546,-0.102804347872734,-0.0277772508561611,-0.1082233041524887,-0.02132816798985,0.0514061041176319,-0.1117511466145515,-0.0407576151192188,-0.0463083311915397,0.071955107152462,0.1159832254052162,-0.1144314184784889,-0.0298330765217542,-0.0109413526952266,0.0786367431282997,0.0947338417172432,0.1157669275999069,-0.0920876488089561,0.0594241134822368,0.1055662184953689,0.1103449985384941,0.0576364547014236,0.1162830665707588,0.1150310784578323,-0.1158115714788436,-0.1157015413045883,-0.1014463976025581,0.1159605532884597,0.106078140437603,0.0957165956497192,-0.0733977034687995,-0.0792023092508316,0.0273105651140213,-0.1140720173716545,-0.1099898517131805,0.1161874905228614,-0.1147696301341056,0.0179457701742649,-0.0932838171720504,0.0952616333961486,0.1154545918107032,-0.1104954779148101,-0.1097111031413078,0.112820878624916,0.0981934666633606,0.062427069991827,0.1161026284098625,0.086362712085247,-0.0900870487093925,-0.1092356592416763,-0.1161680147051811,0.0223044641315937,-0.0288736969232559,-0.0974685102701187,-0.1124074980616569,0.0680828392505645,0.0043695378117263,-0.0954796150326728,0.1086513325572013,-0.0897832438349723,-0.1082870438694953,-0.1129896119236946,0.1067809611558914,0.0501268617808818,-0.0966513529419899,0.0882919207215309,0.1130131557583808,-0.0700670853257179,-0.025440027937293,-0.1127499863505363,0.0062571531161665,0.1079420894384384,0.1007362455129623,0.1159361004829406,-0.1113757863640785,-0.1052475795149803,-0.0708718597888946,-0.066164419054985,-0.0581518746912479,-0.0006234652828425,0.1043057218194007,-0.0310831889510154,0.0435636080801487,0.031069928780198,0.0385915488004684,0.0250931251794099,0.1145545542240142,0.1112973019480705,-0.1093661487102508,0.1630837023258209,0.0720977187156677,-0.1110187023878097,0.1790160983800888,0.0461799502372741,0.0920766815543174,-9.40752070164308e-05,0.0150454519316554,0.0409295000135898,-0.1159603223204612,-0.0437225848436355,0.0763875469565391,-0.0987113639712333,-0.0982816070318222,0.1505815386772155,0.0474990159273147,0.0998899638652801,-0.0160031616687774,-0.0280314646661281,-0.0487001165747642,-0.0252862088382244,-0.077821172773838,-0.1246377751231193,-0.0305828154087066,0.1304761618375778,0.0039667612873017,-0.0242450535297393,-0.0168687589466571,0.0857526659965515,0.1345018148422241,-0.0992308408021926,0.0786739066243171,0.066827118396759,-0.0805812627077102,-0.0058595770969986,0.1403324604034423,0.1262664198875427,0.0185657832771539,0.0413188710808754,-0.0308841597288846,0.036008320748806,0.1476304084062576,-0.0932774096727371,-0.084631435573101,-0.0963022410869598,0.191205158829689,0.0993409007787704,-0.0082602920010685,-0.0012152876006439,-0.0315919630229473,0.0933098867535591,0.004094052594155,0.0805885940790176,-0.0690822452306747,-0.0176423452794551,0.0978020429611206,-0.0633933767676353,-0.0235448237508535,0.0726124495267868,-0.0854320749640464,0.0952484309673309,-0.0795247554779052,-0.0750264301896095,0.0787852928042411,-0.0366758443415164,-0.1136400252580642,-0.0819378495216369,-0.050410509109497,-0.1006680652499198,0.0814892798662185,-0.067674420773983,-0.0140884788706898,0.0505703873932361,-0.0856131911277771,0.0409172475337982,-0.0792693048715591,-0.1496068239212036,-0.0376711674034595,0.0066025773994624,0.1106024384498596,0.1926310062408447,-0.0562313646078109,0.0784799009561538,0.066790834069252,-0.0170653834939003,0.0229772832244634,0.1185363829135894,0.0739595666527748,-0.0996442437171936,0.114972673356533,-0.0067757717333734,-0.0709079131484031,-0.1174956560134887,-0.0018910352373495,0.1458816528320312,0.1657585352659225,0.029324984177947,0.071130983531475,-0.0716784819960594,0.0130882179364562,-0.0450783371925354,0.1324980556964874,0.0696053206920623,-0.1272705942392349,0.2183952778577804,0.0409832969307899,-0.0008188628125935,0.0317473225295543,-0.0777140334248542,-0.0588691234588623,0.0619473867118358,-0.0308533776551485,-0.0694490894675254,-0.1456280797719955,0.1503556221723556,-0.1357642114162445,0.0129936710000038,0.0662309974431991,-0.1668327301740646,0.0963169187307357,-0.0388303138315677,-0.1288220435380935,-0.0041816760785877,0.1452596932649612,-0.107804536819458,0.0618781261146068,0.1310882866382599,0.1377507746219635,0.1156316623091697,0.064855121076107,-0.0879038348793983,0.0856581702828407,-0.122748889029026,0.1230205371975898,0.0788187310099601,0.0123740853741765,-0.1405061483383178,0.124189406633377,-0.0547953806817531,-0.0872747078537941,-0.048329297453165,-0.106820024549961,-0.1411048471927642,-0.0708087161183357,-0.0493922643363475,-0.1218906641006469,0.1468367278575897,-0.1338187605142593,0.0139176994562149,-0.1399941444396972,0.1226285770535469,-0.0484291240572929,0.1469799131155014,0.0199726223945617,0.0718077421188354,-0.0084980828687548,-0.0549274682998657,-0.0232416559010744,-0.0674600601196289,-0.0376704037189483,-0.0131671568378806,-0.003208520822227,0.0939785838127136,-0.0962166115641594,0.0096089374274015,-0.0698904916644096,0.0545618012547493,0.0641798004508018,0.0059569659642875,0.0210157893598079,-0.1028872430324554,0.129008412361145,0.0684388950467109,0.128859668970108,-0.0768034234642982,0.1084177121520042,-0.0704309940338134,0.0430945791304111,-0.0060056787915527,0.1131708323955535,-0.0924524664878845,-0.0034245925489813,0.0784295424818992,-0.0131225232034921,-0.0022914884611964,-0.047789417207241,-0.0581186227500438,-0.0580547451972961,0.0465680733323097,-0.0278394799679517,0.0927994847297668,-0.1191282570362091,-0.0724042579531669,-0.1101475059986114,-0.0190370418131351,0.0682852193713188,-0.0586024560034275,0.105532057583332,0.0890763252973556,-0.0812860280275344,-0.0275454074144363,-0.109968289732933,-0.0716739818453788,0.0168526358902454,-0.0360386818647384,-0.0708340927958488,-0.126827985048294,0.1023589447140693,-0.0863307639956474,-0.0591065697371959,0.1487990021705627,0.1119789034128189,-0.1124109700322151,-0.1376684308052063,0.0951055139303207,0.1376126557588577,-0.1138380020856857,0.1129059791564941,-0.1063134148716926,-0.0753156095743179,0.0975755080580711,0.0103053012862801,-0.0381128005683422,-0.0588267855346202,0.0358888357877731,-0.1123573035001754,0.0998206362128257,-0.0484850779175758,0.1077093034982681,0.0452377088367939,0.0322966799139976,-0.1041064634919166,0.015790220350027,0.1149296462535858,-0.0630311965942382,0.1344538480043411,-0.1006822362542152,0.1485843807458877,-0.1088825538754463,-0.0320051461458206,0.0815823972225189,-0.1312007158994674,0.075294628739357,-0.0455407425761222,-0.0944939032196998,-0.0743704065680503,0.0658696889877319,-0.107257030904293,0.0251554828137159,-0.0489911697804927,0.0600437261164188,-0.0693672522902488,0.0771525204181671,-0.0071356771513819,0.1571255028247833,0.1613295078277588,0.1445572078227996,-0.0464904196560382,-0.0920027196407318,0.0930789038538932,-0.00984922144562,-0.1026965454220771,-0.0353248827159404,0.0906262695789337,-0.0026662803720682,0.0953520908951759,-0.1305067539215088,-0.0742927268147468,-0.1570069044828415,0.0402994155883789,0.0533444248139858,-0.0779964253306388,-0.1188088804483413,0.0150926988571882,0.0411876365542411,0.0265048388391733,0.0618964433670043,-0.0439701192080974,-0.1214565336704254,0.0960471704602241,0.0436308644711971,0.0971515551209449,-0.0367961451411247,-0.1067508310079574,0.1168114468455314,0.1483718305826187,0.0187686756253242,0.0701793879270553,-0.1139466539025306,0.1092388853430748,-0.04149105027318,-0.1037480756640434,-0.107468768954277,0.1088374480605125,-0.076444074511528,0.1653432250022888,0.0182475596666336,-0.007263483479619,0.000593805219978,-0.1366043090820312,0.0866810157895088,-0.0521740429103374,0.0368919633328914,0.0887800753116607,-0.132890522480011,-0.1023905873298645,-0.1043150573968887,-0.090734452009201,0.0865407586097717,0.0288297031074762,-0.0467614382505416,-0.0786158069968223,-0.0809856951236724,0.1043724864721298,-0.0790729075670242,-0.025106456130743,-0.0677047967910766,0.1146786510944366,0.0054430640302598,-0.1231633797287941,-0.0784454867243766,0.0518913120031356,-0.027674451470375,-0.1283584684133529,-0.074462242424488,-0.1415938436985016,0.0261277668178081,-0.0308293383568525,-0.0427642278373241,0.0237211994826793,-0.1383269727230072,0.0709904581308364,-0.0541765801608562,-0.0931118428707122,0.1398669183254242,-0.0114574758335947,-0.0666926875710487,-0.0682625398039817,-0.0952569022774696,0.1389783322811126,-0.0068803136236965,-0.0803553164005279,0.035650011152029,-0.1355690956115722,0.0438878163695335,-0.0754034295678138,0.0829687640070915,0.005202542990446,-0.0112857716158032,-0.073598638176918,0.1538806706666946,0.0103240376338362,-0.0207224432379007,0.0131342625245451,0.0327859297394752,-0.0802462622523307,-0.0991778150200843,0.1365027725696563,-0.1047001481056213,0.1237580254673957,-0.0938388630747795,0.1440348327159881,-0.0396323762834072,0.089880533516407,-0.0984042063355445,-0.0994103550910949,-0.1183264702558517,-0.042437806725502,-0.1198459789156913,0.0164068583399057,0.1334842294454574,0.1658395230770111,0.0170769672840833,0.0978170335292816,-0.0831940993666648,0.0796292349696159,-0.0299391038715839,OKVAOIVZVBIDCR-UHFFFAOYSA-N,CC(C)(C)CNC(=O)Cc1csc(N2CCCC2=O)n1
-0.0811924859881401,-0.0801583528518676,0.0873834267258644,-0.0999456793069839,-0.0976123735308647,-0.085505910217762,0.0015133846318349,0.0262602586299181,0.0127862803637981,-0.101513497531414,-0.0861378759145736,0.015406553633511,0.0875486508011818,-0.0413533262908458,0.1083689033985138,0.0445352420210838,0.1027231439948082,0.1003024950623512,0.0202284157276153,0.0883223712444305,-0.0685777887701988,-0.1004427596926689,-0.1078923642635345,0.0202741809189319,0.1070701107382774,-0.0733945146203041,0.0060878219082951,-0.0621433816850185,0.0563084557652473,-0.1045573726296424,-0.1045116186141967,0.106420911848545,-0.1071202009916305,0.1084003821015358,-0.1082987636327743,-0.1062181517481803,-0.1045726910233497,0.0975124314427375,0.1083258837461471,0.0514152161777019,-0.0613213293254375,0.1031384766101837,0.1079215109348297,-0.0334744937717914,0.1082397699356079,0.1031498685479164,-0.1037735715508461,-0.1074604168534278,-0.0075793601572513,0.105784960091114,0.0954358801245689,-0.1022209674119949,0.1037749052047729,0.0300131235271692,-0.1081797033548355,-0.0752685517072677,-0.0772712230682373,-0.0466963909566402,-0.0574664063751697,-0.0923525840044021,0.0955772176384925,0.0225405860692262,-0.0984876751899719,-0.0844487696886062,0.1065836697816848,-0.1083092987537384,-0.1052518486976623,-0.1081827878952026,0.1048218309879303,-0.1010397747159004,0.1060370579361915,0.1083664521574974,-0.0516747459769248,-0.1083848625421524,-0.0639944151043891,-0.0385808087885379,-0.1061522290110588,0.1073374524712562,0.0832838416099548,-0.1083918139338493,-0.1045160740613937,0.1050370186567306,0.0940658524632453,0.0861229300498962,0.101938359439373,0.1075157523155212,-0.0888226851820945,0.09316136687994,-0.0943770930171012,-0.1064702868461608,0.0428145788609981,0.0462646707892417,0.0941703021526336,-0.1031508147716522,-0.1081549748778343,-0.0884560793638229,-0.1075036004185676,-0.0306613501161336,-0.0215579979121685,0.1022646129131317,0.0830034613609314,-0.0581762790679931,0.107645072042942,-0.10256377607584,-0.1083951815962791,-0.1064033135771751,0.0706687718629837,0.0428201034665107,-0.0547967851161956,0.1083759069442749,0.0768104046583175,-0.0973214134573936,0.0723147764801979,0.1060820594429969,0.107918344438076,0.0239831134676933,0.0184707622975111,-0.1044591441750526,-0.1083999425172805,0.1083264574408531,0.0605303943157196,0.0952489599585533,-0.072993591427803,0.1039962992072105,-0.0986415818333625,0.0911153256893158,0.0970974639058113,-0.1073018312454223,0.1089652478694915,0.1064911559224128,0.0947757810354232,0.090588130056858,0.0669694691896438,0.1112121269106864,-0.0983286648988723,-0.1067033484578132,0.1102592125535011,-0.0939253345131874,0.0197744704782962,-0.0152560612186789,-0.1106075793504715,-0.1105781123042106,0.1110658943653106,-0.1112133786082267,0.1103328019380569,0.0932367891073226,0.1109758242964744,-0.0885765552520752,0.1112146899104118,0.0880715474486351,-0.1088705062866211,0.0245016813278198,-0.0775036066770553,-0.0245853755623102,0.0923265740275383,-0.0958543568849563,-0.0708524286746978,0.1080370396375656,-0.0407100766897201,-0.0145030198618769,-0.0836440697312355,0.1101086363196373,0.1112142503261566,0.062718316912651,0.009192731231451,-0.1092062219977378,0.1112145856022834,-0.0504715219140052,0.0378331504762172,0.1068862453103065,0.1094052121043205,0.1106267943978309,-0.0664543062448501,-0.1037483960390091,0.1074712947010994,-0.0962525233626365,-0.0958471298217773,-0.008691688068211,0.0580448247492313,-0.1108750700950622,-0.0356505364179611,-0.1111541464924812,0.0217958819121122,0.0994891077280044,0.1112067550420761,-0.1110774576663971,-0.1112145110964775,-0.0251224171370267,-0.110404722392559,-0.1111266911029815,-0.0926041677594184,0.1068974137306213,-0.111213780939579,-0.111213706433773,-0.1112147197127342,-0.0223436020314693,-0.0749967470765113,-0.085266500711441,0.1112071797251701,-0.1018552184104919,0.1082785874605178,-0.1106668785214424,-0.1090061664581298,-0.04431813955307,0.1112087368965148,-0.111214704811573,0.0489481762051582,-0.0752410963177681,0.1112070977687835,-0.0474787950515747,0.1106320694088935,-0.1112147122621536,0.058607779443264,0.0730916038155555,-0.1112138479948043,0.0939355492591857,0.1093706786632537,0.0892964005470275,-0.0972774624824523,0.012255753390491,0.0281414594501256,0.1067475974559784,0.0198573525995016,0.0642784684896469,0.0979905948042869,-0.1100266724824905,0.0523000620305538,0.0795835554599762,0.0236291456967592,0.0651813000440597,0.1024332419037818,-0.0903261601924896,0.081548199057579,-0.1112106516957283,0.0433209501206874,0.0681470558047294,-0.1101028248667717,0.0516000427305698,0.0815721303224563,0.0760231539607048,-0.1045834496617317,-0.0337689146399498,-0.0617609731853008,0.1033728942275047,-0.098135732114315,-0.0649250373244285,0.0373709425330162,0.1092323064804077,-0.111214630305767,-0.0581096149981021,-0.1111486181616783,0.1061249822378158,0.0007415506988763,0.0798078849911689,-0.0453976541757583,-0.001951245823875,-0.1094236448407173,-0.1012837290763855,-0.0578001327812671,-0.1075420379638671,0.1128570660948753,-0.0716121718287468,0.1058751717209816,-0.1105218231678009,-0.0961783900856971,-0.1049340516328811,0.0647691637277603,-0.0449511185288429,0.1080008968710899,0.0412642695009708,0.0172505341470241,0.1066086441278457,0.1100165471434593,0.01977383159101,0.0875839665532112,0.1057511791586875,-0.0617735683917999,-0.0632550790905952,0.1105416715145111,-0.0740720480680465,0.09759022295475,-0.0748493522405624,0.0460234433412551,0.1092500612139701,0.1118634045124054,-0.068040020763874,0.1115881651639938,-0.1051778048276901,0.1104717925190925,-0.0784079357981681,0.0047427122481167,-0.1129017695784568,-0.0362024754285812,-0.0745796784758567,0.041703063994646,-0.1135158985853195,0.1089738383889198,0.1062918677926063,-0.1133970245718956,-0.1086317524313926,-0.0188984684646129,0.050911508500576,-0.107666015625,-0.1084283366799354,0.1079335138201713,-0.0946431532502174,0.1017377898097038,-0.0247184466570615,-0.1086855605244636,0.0947525575757026,-0.034713689237833,0.1129745692014694,-0.1013033837080001,-0.0601803101599216,-0.1031590476632118,0.1118039861321449,0.0797697380185127,0.1126430183649063,0.1135119050741195,0.0102446964010596,0.1021025329828262,-0.1024669781327247,0.1075234338641166,-0.1114868819713592,-0.0230317078530788,-0.1063418239355087,0.1041409149765968,0.1043677404522895,0.0044529298320412,0.1129155829548835,0.0095445672050118,-0.1033361032605171,0.1106055229902267,-0.113609030842781,-0.0893964990973472,-0.0849198102951049,0.0101479040458798,0.0317509695887565,-0.1065344810485839,0.0483203418552875,-0.1025988832116127,0.0947703570127487,0.0801514908671379,0.0906894356012344,0.1116785481572151,0.0477503649890422,0.1133196800947189,-0.0980049222707748,0.0801814943552017,-0.1031532287597656,-0.0660945698618888,-0.0766336917877197,0.0164845958352088,-0.0668553858995437,-0.0407025776803493,-0.0646197944879531,-0.1104730442166328,0.0564565360546112,0.0700003802776336,0.021876361221075,0.1126880869269371,-0.0881937444210052,-0.0417077243328094,0.0119207836687564,-0.0891361683607101,-0.1130272820591926,-0.0968945026397705,-0.009430868551135,0.1047032251954078,-0.1117237582802772,0.1135801747441291,-0.0272627044469118,-0.1100912317633628,-0.1125981211662292,0.11245808750391,0.0706649720668792,-0.113374650478363,-0.0721600130200386,0.0673260167241096,-0.1135317906737327,-0.1124597415328025,-0.0763217806816101,-0.0889532640576362,0.0088689299300313,0.116466574370861,-0.0165909957140684,-0.0727457106113433,-0.0224806815385818,0.1027802526950836,-0.0601225532591342,-0.0847136527299881,0.015957236289978,0.0306605249643325,-0.0958453714847564,0.0399132147431373,-0.0093423435464501,0.0320833325386047,-0.048956137150526,0.0015334369381889,-0.0684727281332016,-0.1820048093795776,-0.0099239451810717,0.1811538934707641,0.0292436014860868,0.0034641032107174,0.1627422869205474,-0.0431343205273151,-0.0729800388216972,0.1286985874176025,0.0064422176219522,-0.1247137114405632,0.0709812194108963,-0.0204662419855594,-0.1165009140968322,0.055109653621912,0.0737331509590148,-0.1764929890632629,0.130971148610115,0.1024774760007858,-0.0376461297273635,-0.0565925016999244,-0.0663248002529144,0.1587860435247421,0.1162061616778373,0.1345864832401275,-0.0884381383657455,0.08237936347723,-0.0259342808276414,0.0591866001486778,0.0239546094089746,-0.0825787857174873,0.003319663926959,-0.0257081668823957,0.0893438607454299,0.0431090109050273,-0.0502960011363029,0.1011627838015556,0.0490089803934097,-0.0335695743560791,-0.1334726363420486,-0.0618824027478694,0.0784002393484115,0.0207495503127574,0.2202700823545456,-0.0809651762247085,0.0225798431783914,0.0679011791944503,-0.0953699350357055,0.1339177042245865,-0.0450470261275768,-0.0703705623745918,-0.048394713550806,-0.0336878411471843,0.0776610225439071,0.0117979319766163,-0.0343994013965129,-0.0259803477674722,-0.0186311416327953,-0.0934965163469314,0.1192570850253105,0.0674198046326637,-0.1208051070570945,-0.1184350475668907,-0.1226786077022552,0.1022800132632255,0.1690094769001007,-0.1062508001923561,-0.1769584715366363,0.0352085717022419,0.0454518273472785,-0.0389713644981384,0.2259739935398101,0.1346741467714309,0.0862541794776916,0.0083061726763844,0.1334865689277649,-0.1064992845058441,-0.0867598354816436,0.0322380140423774,-0.0574376061558723,0.072637602686882,0.0917068421840667,0.0042089358903467,-0.0490553863346576,0.0193450916558504,0.0204413644969463,0.0948053300380706,-0.0970753952860832,-0.1064599528908729,0.0362784564495086,0.0305626839399337,-0.0362858064472675,0.1385562717914581,0.0450526103377342,-0.1212856769561767,0.0255349427461624,0.0771666914224624,0.0821064487099647,-0.1068186908960342,-0.0385053344070911,0.1054206639528274,0.0973393991589546,-0.130369022488594,-0.0372272431850433,0.01398117095232,-0.0144511861726641,0.0434694476425647,-0.096992552280426,-0.1596706062555313,-0.0485628135502338,0.0083698602393269,-0.0177325662225484,-0.083288587629795,-0.0821397602558136,0.144969642162323,-0.1143910884857177,0.0648044571280479,0.1424279958009719,0.124869555234909,0.0483537465333938,-0.0533941909670829,0.0195402409881353,0.1490170955657959,-0.0032763939816504,0.1428121626377105,0.0799338221549987,0.1399344801902771,-0.1743833422660827,0.142006829380989,-0.0526580736041069,-0.1265709996223449,-0.0754510536789894,-0.1171344667673111,-0.0828646197915077,0.0411786474287509,-0.0443467870354652,0.0182479750365018,0.1304604858160019,-0.0231084376573562,-0.0473578087985515,-0.0768012925982475,0.019022038206458,0.0187515802681446,0.1440405398607254,-0.0421040765941143,-0.0105510707944631,-0.1092388331890106,0.007016837131232,0.0948606207966804,-0.1262017637491226,0.0426114276051521,-0.0787312909960746,-0.0226660761982202,0.1311116516590118,0.0788129046559333,-0.020787252113223,-0.0176759716123342,0.0873510017991066,0.0154757369309663,-0.089530698955059,0.0062051601707935,-0.0239961259067058,-0.0333791747689247,-0.1053204461932182,0.177576258778572,-0.0698161348700523,0.0075006517581641,0.0309633985161781,0.0327029190957546,-0.0433048419654369,0.134850189089775,0.0200164765119552,0.132877767086029,0.1159511655569076,-0.1572677791118621,-0.1136000528931617,-0.0119128208607435,-0.0366953015327453,-0.0201598145067691,0.0546870902180671,-0.0411069691181182,-0.0730685740709304,-0.1074928790330886,-0.036553643643856,-0.1334016323089599,-0.1094338074326515,0.0926066190004348,0.111666202545166,0.111596331000328,0.0094807986170053,-0.1369212716817855,-0.0485226362943649,-0.0095335571095347,-0.0351332612335681,0.0132081480696797,0.0783544480800628,0.0274712033569812,-0.149503469467163,-0.0087151564657688,0.0546333491802215,-0.0682394206523895,0.1553208082914352,0.1056345179677009,-0.1115005761384964,-0.102175123989582,0.0212613604962825,0.1551927924156189,-0.0964210629463195,0.0067296670749783,0.0755634307861328,-0.0406057424843311,0.1018967851996421,0.1289939880371093,0.1131846010684967,-0.023625174537301,0.0196992047131061,-0.0264672860503196,0.0450447984039783,-0.1175789311528205,0.0847577974200248,-0.0482610240578651,0.1032339632511138,0.1232929527759552,0.0111759221181273,0.1351921260356903,-0.0379313789308071,0.1056072786450386,-0.1422759592533111,0.1189810037612915,0.031458918005228,-0.079298697412014,0.0704449564218521,-0.1092380583286285,-0.1054941862821579,0.0311166606843471,-0.0996080115437507,-0.0308429114520549,0.1041594073176384,-0.0099178487434983,0.0023803722579032,0.0670694410800933,-0.0178559701889753,-0.0570883452892303,0.0582134537398815,-0.0838431641459465,0.0252034589648246,-0.0076937642879784,0.0157069656997919,0.0012823882279917,-0.0712665244936943,0.0686550587415695,0.0489804483950138,-0.0201406739652156,0.0612195543944835,-0.0358756631612777,0.0128019787371158,0.0964698493480682,-0.0944066494703292,0.0040046372450888,0.1073390841484069,-0.1526522785425186,-0.1165711656212806,-0.1102548018097877,-0.1415373980998993,-0.0775351449847221,0.0699565336108207,0.1630093455314636,-0.0742774009704589,0.0092565603554248,0.1267113387584686,-0.1147926896810531,0.0635352507233619,-0.0437252931296825,0.028241166844964,-0.0904130786657333,-0.0625542104244232,0.1241816133260726,0.0438774898648262,0.0092997411265969,-0.115730844438076,-0.0767973884940147,-0.1228344589471817,-0.0800215229392051,0.1332559287548065,0.1590490341186523,-0.0374331884086132,0.1734227687120437,-0.0064322683028876,-0.0736935958266258,0.151572048664093,-0.0097062131389975,0.0208970159292221,0.115916296839714,0.0839921608567237,-0.079383336007595,0.064565286040306,0.079211451113224,-0.0234871357679367,-0.0357276871800422,0.0590291805565357,-0.1173511818051338,-0.0354239977896213,0.0950172841548919,-0.0102595146745443,-0.0804426595568656,-0.0950963720679283,0.0280782096087932,-0.0062006195075809,0.1123237162828445,0.012798074632883,-0.0940309986472129,-0.0740700215101242,0.1138116866350174,0.1228706017136573,-0.1281660199165344,-0.0177046824246644,-0.128549724817276,-0.0407762192189693,-0.0110068460926413,-0.0326602011919021,0.0119032813236117,0.0923372879624366,0.1216268986463546,0.0787394046783447,-0.0967191234230995,-0.1479581594467163,0.0196495447307825,-0.0498342365026474,-0.0143782747909426,-0.0197771862149238,0.1271343380212783,-0.0548705048859119,0.0459123067557811,-0.0378098525106906,0.0766552686691284,-0.0176471658051013,-0.1469830870628357,0.0463925600051879,-0.1013612151145935,0.1610643416643142,-0.0630113184452056,0.0035210035275667,-0.0702914446592331,-0.0850600376725196,0.1654093861579895,-0.1148909926414489,0.0354008972644805,0.0012346962466835,0.1655792295932769,-0.0380391217768192,0.1310430765151977,0.1112822294235229,0.1334611028432846,-0.1318739205598831,0.1537666469812393,-0.0669484660029411,0.1591437458992004,-0.042784396559,-0.0473096072673797,0.1028882637619972,-0.0567502975463867,-0.1004419922828674,0.1481953412294387,0.078121542930603,0.1100178658962249,-0.0102315489202737,-0.1008331924676895,0.0059373495168983,STSRGBAUUGPXNJ-UHFFFAOYSA-N,CCN(CCS(=O)(=O)c1ccccc1)CC(C)C#N
-0.0916925221681594,0.0784509852528572,0.0975449532270431,-0.0638230293989181,0.0023085540160536,0.0843252018094062,-0.0975399911403656,0.0974636897444725,0.0103217903524637,-0.0948225185275077,0.0973403453826904,-0.0968864411115646,0.0163787864148616,0.0961803719401359,0.0957958027720451,-0.0934600085020065,-0.0972460061311721,0.0975400209426879,-0.0975447222590446,0.0975266098976135,-0.0959343314170837,-0.0975403115153312,0.0975441709160804,-0.0974962562322616,0.0961248129606247,-0.0953431725502014,-0.078762337565422,0.0686133727431297,0.0961213409900665,0.095923475921154,-0.0893712639808654,-0.0950771570205688,-0.0973608195781707,-0.0954582914710044,-0.0975113958120346,0.0975443050265312,0.096376396715641,0.0974470227956771,-0.097139187157154,0.0974322259426117,-0.0975449532270431,-0.0973897874355316,0.0966719985008239,0.0764823034405708,0.097311146557331,0.0971310883760452,0.0973809137940406,-0.096184454858303,0.0594470910727977,-0.0865800678730011,0.0946907997131347,-0.0974408015608787,-0.0828337967395782,-0.0929441228508949,-0.0084250485524535,0.0975448787212371,0.0975449532270431,0.0944504886865615,-0.0960157513618469,-0.0970599055290222,-0.0975444316864013,0.0891969725489616,0.078990913927555,-0.0911751613020896,0.0724632814526557,0.0971062555909156,-0.0478330291807651,0.0974776074290275,0.0956646129488945,0.0683159008622169,0.0907818526029586,0.0975449532270431,0.0956648513674736,-0.097532607614994,0.0975449532270431,-0.0975266322493553,-0.0901574939489364,-0.0975434780120849,-0.0365168713033199,0.0157899260520935,-0.0869180411100387,0.0975448861718177,0.0975448489189148,0.000320703460602,0.0966360867023468,0.0971578210592269,0.0974226221442222,-0.0971847847104072,-0.0800179317593574,-0.0935094133019447,-0.0971304252743721,0.0905406773090362,-0.0963460654020309,0.0099131474271416,-0.0975449308753013,0.0975438952445983,-0.0975440517067909,-0.096626728773117,0.0801444128155708,-0.0263410340994596,0.0960544273257255,-0.0506154969334602,-0.0957367271184921,0.0975449532270431,-0.097182959318161,-0.0811593011021614,0.0975103750824928,0.0072226133197546,-0.0972784310579299,0.0469437912106514,0.0840728804469108,0.0975441858172416,-0.0973145812749862,0.097172200679779,-0.0936137661337852,-0.0950163528323173,-0.0975311622023582,-0.0975449457764625,0.0191217735409736,0.096573069691658,-0.096505619585514,-0.0965030342340469,0.0865703299641609,0.09751708060503,0.0965941995382309,0.09741922467947,0.0668341517448425,-0.0630578398704528,0.0984579995274543,0.0028415629640221,-0.0984575748443603,0.0984579473733902,0.0761668980121612,0.0973990932106971,-0.0984579995274543,-0.0592153221368789,0.0967555716633796,0.0980902165174484,0.098457470536232,-0.0665894597768783,-0.0977753549814224,0.0950215458869934,0.0974963009357452,0.0926089659333229,-0.0671077594161033,0.0955111533403396,-0.0984509885311126,-0.0959135144948959,-0.0629475340247154,-0.0974445939064025,-0.0984570011496543,-0.0452231205999851,0.0885117873549461,0.0984577983617782,0.0886535868048667,-0.0013785393675789,-0.0123039577156305,-0.0966513901948928,0.0414196513593196,-0.0954152047634124,-0.0984567105770111,-0.0960717275738716,-0.0911716520786285,0.0941774398088455,-0.0984431207180023,-0.0616792477667331,-0.0983288437128067,0.0902357921004295,0.0676573291420936,0.0964444652199745,-0.0984579473733902,-0.039610993117094,-0.0977243557572364,-0.0984576344490051,0.0752589628100395,0.0838522985577583,-0.0984048396348953,0.0984576493501663,-0.0949601307511329,-0.0922288820147514,-0.0898861959576606,0.0931905955076217,0.0748659372329711,-0.0978607535362243,-0.0966087579727172,-0.096938282251358,-0.0980011075735092,-0.0984556972980499,0.0741913765668869,-0.0984494611620903,0.098381333053112,0.0984434708952903,0.0984579995274543,-0.0982243195176124,0.0984571352601051,0.0973736569285392,-0.0983448103070259,0.0984504893422126,0.0969777256250381,-0.0982974916696548,0.0984516367316246,0.0408709794282913,-0.0142678571864962,0.0762629657983779,0.0119382161647081,0.0984579995274543,0.0526763759553432,0.068272665143013,-0.0977366790175437,0.0719854608178138,0.0983120054006576,-0.0982459336519241,-0.0983664542436599,0.0633806437253952,0.0980975031852722,0.0810818895697593,-0.0984560996294021,0.0984443575143814,0.0465474389493465,-0.0912628024816513,-0.0868809074163436,-0.0983143299818039,0.0978618711233139,-0.0983977243304252,0.0846403315663337,0.0980529561638832,-0.073779322206974,0.0983254760503768,-0.0686026364564895,0.0740207955241203,0.0984575897455215,0.0984493345022201,-0.0978856086730957,-0.0740633085370063,-0.0984579920768737,0.0984575375914573,-0.0984537526965141,-0.098457433283329,-0.0903203934431076,0.0978017821907997,-0.0981637239456176,-0.0983958914875984,-0.0984576269984245,-0.0982818305492401,-0.0984579771757125,0.0983918979763984,0.0984523445367813,-0.0984547957777977,0.0782891735434532,-0.0931402668356895,0.0771823599934578,0.0979715138673782,-0.0360932350158691,-0.0984573289752006,0.0098358523100614,0.0973509699106216,0.0715297982096672,-0.0420507118105888,0.0689783692359924,0.081491008400917,0.01101516187191,-0.1038584485650062,0.1014029011130333,-0.0814881324768066,0.1021823659539222,-0.0553605109453201,0.0566732101142406,-0.0816635340452194,-0.1038740128278732,-0.1038560420274734,0.1001785844564437,0.0217144414782524,0.1037232652306556,0.1037821099162101,-0.1038152426481247,-0.1037914827466011,-0.084437757730484,0.1038262397050857,0.0962255373597145,0.1038471683859825,-0.0845179036259651,0.0915117934346199,-0.0054385419934988,0.1036848872900009,-0.1024519503116607,0.013266360387206,-0.0907475799322128,-0.1038291901350021,0.1033726334571838,-0.1037924736738205,-0.0793472006916999,0.0753961578011512,-0.1038171872496604,-0.1024217754602432,-0.100565493106842,-0.0875652953982353,-0.1028676778078079,0.1029971837997436,0.1034987270832061,-0.0106083787977695,0.093899205327034,0.0837774351239204,0.0782290697097778,-0.0969606637954711,0.1035294383764267,0.1011818572878837,-0.1030782312154769,0.1031503453850746,0.0949417203664779,0.1030588820576667,-0.1037377566099166,0.0287157893180847,0.1017552092671394,-0.0863182097673416,-0.1037939712405204,0.0995155349373817,-0.0395256392657756,-0.0391494706273078,0.1038042455911636,-0.1018450856208801,0.1025744155049324,-0.1038306802511215,0.1029803976416587,0.0624872967600822,0.1036236733198165,0.1035464406013488,-0.1010380238294601,-0.1033415794372558,-0.0827960073947906,0.0969020649790763,0.1037738546729087,-0.1038140207529068,0.0943646505475044,0.0988897606730461,-0.0135813234373927,-0.043232150375843,-0.020910894498229,0.1036846488714218,-0.0776983574032783,-0.1038408651947975,-0.1031008139252662,-0.0016702892025932,0.1038715243339538,-0.0790139287710189,-0.1001067012548446,0.0797571465373039,0.1036562547087669,0.0872572511434555,0.0272707846015691,0.1030968353152275,-0.09842499345541,-0.1038726717233657,-0.0959435179829597,0.1037167161703109,0.0204143896698951,-0.0438560619950294,-0.1038722768425941,-0.0622675381600856,0.0973280668258667,-0.0601800009608268,-0.1035578474402427,-0.0713550746440887,-0.1005036681890487,0.1037918850779533,-0.0143206166103482,0.0446358434855937,-0.0378518439829349,0.0871724560856819,0.0942960754036903,0.1031136065721511,0.0960209667682647,-0.1005430668592453,0.1037007942795753,-0.1038729920983314,0.103874035179615,-0.0181166399270296,-0.1036988794803619,0.1021914556622505,0.0778525918722152,0.0880922973155975,0.0989158451557159,-0.0967547446489334,-0.0821550711989402,0.0028466705698519,0.0430246479809284,-0.0694918930530548,-0.0775107964873313,-0.0429641269147396,0.0485372766852378,-0.1083176955580711,0.1155771613121032,-0.0899605378508567,0.1098248958587646,-0.0287251621484756,-0.1182244792580604,0.1044728830456733,0.036698292940855,-0.1164140105247497,0.0498870126903057,-0.1140999197959899,-0.1332188844680786,0.0838305428624153,0.1056518405675888,-0.0585509501397609,0.0824008807539939,0.1099369674921035,0.0968918576836586,0.0794252380728721,0.1181904450058937,-0.0263279471546411,-0.082761101424694,0.0478359013795852,0.1074365228414535,-0.0652628093957901,0.0362024940550327,0.1273125410079956,-0.0189945455640554,-0.040853101760149,0.0089587438851594,0.1165995672345161,0.0106691410765051,0.1169540360569953,0.129076212644577,0.0237715616822242,0.1208317652344703,0.1072857826948165,0.1293320059776306,-0.0318418517708778,0.0928360000252723,-0.0561864227056503,-0.0769628882408142,0.0170970205217599,-0.0541472062468528,0.1279434412717819,-0.0545325428247451,-0.0522927194833755,0.1250490248203277,0.0378875918686389,-0.0724035426974296,-0.0004078840720467,0.0313892252743244,0.1190923973917961,-0.0862196460366249,0.1294126957654953,-0.0219732318073511,-0.0255113542079925,0.0234694574028253,-0.123741440474987,0.1212921142578125,0.0787326171994209,0.0778171420097351,-0.1207984611392021,0.1202066093683242,-0.0025859740562736,-0.1131592690944671,0.073632888495922,-0.0231147445738315,-0.1138463467359542,0.0389630459249019,0.09053585678339,0.0470199696719646,0.1073758155107498,-0.0870263054966926,-0.1033267080783844,-0.0106394505128264,0.1009130701422691,-0.1211008355021476,-0.1255698949098587,0.018088836222887,0.1253314763307571,-0.1165453717112541,0.133468747138977,0.1150043085217475,0.0962698608636856,0.0728930756449699,0.1273006647825241,-0.0615507736802101,-0.1032834202051162,-0.0727927386760711,-0.0695195943117141,0.1276886910200119,-0.1030178293585777,-0.026380755007267,-0.0787368565797805,-0.0483257994055748,0.0411354564130306,0.0646890103816986,-0.1244910061359405,-0.0199694242328405,0.1157450526952743,0.1204500049352645,-0.1080928146839141,0.1100397482514381,-0.0861546695232391,0.0740651935338974,-0.0019218327943235,-0.0492371395230293,0.0684933140873909,-0.1285189986228943,-0.0075111933983862,-0.1215792670845985,-0.0666826665401458,-0.0680222287774086,-0.1191328093409538,-0.1012473702430725,0.0644393041729927,-0.0257370471954345,-0.0587378554046154,-0.0948027148842811,-0.1187823563814163,0.1268460601568222,0.1013455912470817,-0.1085355654358863,0.0537263751029968,0.1471686065196991,-0.09451924264431,0.0880115255713462,0.1291186958551406,0.1470942944288253,-0.0277867764234542,0.1194480881094932,-0.1111801043152809,0.0784789696335792,-0.0756561756134033,0.1310539692640304,0.1068392246961593,0.1014812961220741,-0.1434548497200012,0.0807432681322097,-0.0421469770371913,0.0614883191883564,0.0482227019965648,-0.1021307408809661,-0.0325249768793582,-0.0284235272556543,0.0608613193035125,-0.1477011293172836,0.1645551025867462,-0.0931978970766067,-0.058352593332529,-0.113515056669712,0.0999140441417694,0.1045158058404922,0.1058854535222053,0.0253567770123481,-0.0162116214632987,-0.1466680020093917,-0.039363358169794,0.0892406851053237,-0.1338434219360351,0.0782707706093788,-0.0061626499518752,-0.0587728507816791,0.0530720464885234,-0.0314121954143047,-0.0518120229244232,-0.0648555308580398,0.0799079909920692,0.0020727696828544,-0.0670519694685936,-0.0609101355075836,-0.094807855784893,0.0986291691660881,-0.0442108325660228,0.1554098129272461,-0.1030767932534217,0.056140374392271,-0.0015630937414243,-0.0361420549452304,0.0452255122363567,0.1597740203142166,0.0231430530548095,-0.0034637113567441,0.0860846787691116,-0.0507069863379001,0.0908113867044448,-0.0560657568275928,-0.0701304897665977,0.0647301748394966,0.0507575385272502,0.0400410257279872,-0.0647943392395973,0.030920485034585,-0.0993881672620773,-0.0949452519416809,-0.0049084019847214,0.0587891414761543,-0.0542184300720691,0.0764942392706871,0.0396337956190109,-0.123980164527893,-0.0822400152683258,0.0150534659624099,-0.09957917034626,-0.1319525241851806,0.0885397568345069,-0.0861969962716102,-0.0669727474451065,0.0285466685891151,0.0328446850180625,-0.0839333534240722,0.1634241193532943,0.0748262256383895,-0.1064115613698959,-0.1679887622594833,0.0588063225150108,0.1719961017370224,-0.0609583333134651,0.0914038717746734,-0.0166886691004037,-0.0539320409297943,0.0387942269444465,0.0472729131579399,0.0005120505229569,-0.090401567518711,0.0606994964182376,0.0120116118341684,0.1192559972405433,-0.1108177229762077,0.0865609273314476,-0.0580795183777809,0.1161266565322876,-0.0522037968039512,0.0244168490171432,0.1416917145252227,-0.1355780810117721,0.0604355037212371,-0.1294644623994827,0.1723464280366897,-0.0194618683308362,0.051304955035448,0.0207389034330844,-0.1616124659776687,-0.0990426912903785,0.0361773930490016,-0.0351520776748657,-0.0645103901624679,-0.0111521305516362,-0.1376505494117736,0.0777452960610389,-0.0764765441417694,-0.0735313668847084,0.0866047516465187,-0.0387289822101593,-0.1207857877016067,-0.026395808905363,0.1044594198465347,0.1251738220453262,-0.0016507868422195,-0.1120223030447959,0.0159371215850114,-0.1066021472215652,-0.070746786892414,-0.0020366893149912,-0.0861561000347137,0.048724353313446,-0.036880999803543,-0.1273148953914642,-0.1291313022375106,0.1159787476062774,-0.0340939313173294,0.1091849207878112,0.0116051221266388,-0.0613361224532127,0.0601986199617385,0.0683253481984138,0.105042777955532,0.0432420894503593,-0.0657058507204055,-0.1045514196157455,-0.1224811598658561,0.124429665505886,0.0335211046040058,0.0614279694855213,-0.0890015065670013,0.1145365312695503,0.0800594985485076,0.0798072516918182,0.111785739660263,0.1030594781041145,0.094602070748806,0.0011325309751555,-0.0089563131332397,-0.0554202608764171,0.1215618625283241,0.0327221564948558,0.0991727411746978,-0.1201766580343246,-0.1203876733779907,0.1167364791035652,-0.032938003540039,0.1002394035458564,-0.1209090873599052,0.1143485084176063,-0.0210690721869468,-0.0054457699880003,-0.0844849497079849,0.0020721615292131,0.0926676914095878,0.1105524823069572,0.0777660831809043,0.1177936494350433,0.1233493983745575,-0.0433177910745143,0.1174415498971939,-0.1273845136165619,0.0900802314281463,0.0268086232244968,0.1125769913196563,0.0995150431990623,-0.1267733722925186,-0.0731378272175788,0.0282223559916019,0.1204633116722107,-0.0015866571338847,0.0110195372253656,-0.095876857638359,-0.1133184805512428,-0.072465993463993,0.0419245399534702,0.0443563610315322,0.096641756594181,-0.0990884825587272,-0.1095066890120506,-0.1272710114717483,-0.1164646819233894,0.0783546268939971,0.1012548804283142,-0.1261788457632064,0.0901189818978309,0.075676791369915,0.1114974841475486,-0.070689707994461,-0.014195580035448,0.0022106461692601,-0.0881515517830848,0.1124431416392326,-0.0435795597732067,0.0543234907090663,0.0465320087969303,0.0914137065410614,-0.0975930914282798,0.0292563401162624,-0.0844154134392738,0.087386168539524,0.0792096555233001,-0.0917296633124351,-0.0857934653759002,-0.0708848908543586,-0.1233139559626579,-0.0111539084464311,-0.0709534212946891,0.1205352842807769,-0.1079035475850105,0.1116782575845718,-0.1283057630062103,0.1140332818031311,-0.1152360364794731,0.0197207313030958,0.1177711263298988,-0.0360373519361019,0.1013782173395156,0.1311640590429306,-0.00306853861548,0.1155527979135513,-0.1199606955051422,-0.0192630086094141,-0.0770035982131958,FBXMXPCFQIEBBC-UHFFFAOYSA-N,CCc1ccccc1NC(=O)CN
0.1055454835295677,0.1051366031169891,0.0943167358636856,0.1043000221252441,0.0852525606751442,0.0910840332508087,-0.1054506078362464,0.1033540517091751,0.0316370762884616,-0.1038192436099052,0.0367366261780262,-0.1056508347392082,-0.0273304022848606,-0.0908533260226249,0.1056651100516319,-0.1056645959615707,-0.1052915453910827,0.1011661365628242,0.0701165273785591,-0.0294791907072067,0.0693000331521034,-0.0537773631513118,-0.0809751972556114,0.0432188734412193,0.1005979403853416,0.1056817770004272,-0.09699547290802,-0.0826907381415367,0.1054517701268196,-0.0711081698536872,-0.1050487160682678,0.0106884287670254,0.1051712334156036,-0.0883078202605247,0.1015539243817329,0.0987666323781013,0.0961858332157135,-0.1056869402527809,0.1047977358102798,-0.0743381604552269,0.0816792100667953,0.1025537326931953,-0.1050877198576927,0.1049974709749221,-0.0958462655544281,0.1040147319436073,-0.1056843623518943,-0.1056660488247871,-0.1035320535302162,-0.0857669711112976,-0.0535826347768306,-0.078657679259777,-0.0861580595374107,-0.0729690343141555,-0.0091963987797498,-0.1045512333512306,-0.0968097820878028,-0.0952952206134796,0.0269077327102422,-0.0155616225674748,0.1056903675198555,0.105687491595745,0.0840835496783256,-0.1053985878825187,-0.0582170411944389,0.1046876460313797,-0.0985118374228477,0.1051920503377914,-0.0955101549625396,0.0587826445698738,0.1053866893053054,0.1025501638650894,0.091646708548069,-0.1021498814225196,-0.089163064956665,0.1056857854127883,-0.1018670722842216,0.0205912981182336,0.0705952942371368,-0.0835313573479652,0.0926341339945793,0.1053538843989372,-0.0915456116199493,0.0937025845050811,0.0958112180233001,-0.1025185957551002,0.0456489883363246,-0.1001389771699905,0.1017695069313049,0.0305921323597431,0.0718489214777946,0.1055816262960434,0.0533173382282257,0.0676548853516578,-0.1056825667619705,-0.0833310484886169,-0.1052372604608535,0.1056817471981048,0.1036164239048957,-0.0667376965284347,0.0954726561903953,-0.0975126028060913,0.0958474278450012,0.1050628572702407,-0.0983374044299125,-0.0233445558696985,0.0345581769943237,-0.1046351492404937,0.1001703962683677,-0.001732277800329,0.0445104762911796,0.0863565430045127,-0.0916564092040062,-0.0958852171897888,0.0376591458916664,0.1056806966662406,0.0468815490603446,0.0041303359903395,-0.0904599577188491,0.1054965704679489,-0.1046603471040725,0.0987665653228759,0.0385686308145523,-0.1048379242420196,-0.0334508791565895,0.1053844541311264,-0.105029672384262,-0.1028953194618225,0.095256321132183,-0.0246944352984428,-0.0472610592842102,-0.0450200624763965,-0.0548340044915676,0.0812962502241134,0.0974880307912826,0.0972584933042526,0.1003919243812561,0.0997502878308296,0.1002725660800933,-0.0675703659653663,0.0945053622126579,-0.0939984396100044,0.0764482244849205,-0.0060704001225531,-0.0978537276387214,0.099050760269165,-0.1002868860960006,-0.0983865857124328,0.0458925627171993,-0.099895179271698,-0.1003668382763862,-0.1000494286417961,0.1003687009215354,0.0993084460496902,-0.0983795449137687,0.0359622798860073,-0.1004098877310752,-0.1004036366939544,-0.1004101186990737,0.048132624477148,0.0823360756039619,0.1004016250371933,0.0812695622444152,0.1002765372395515,0.1001121029257774,-0.1004178524017334,0.0138983894139528,-0.007321095559746,0.1003934741020202,0.1003056466579437,0.100305251777172,-0.1004120111465454,0.0117040714249014,0.094462938606739,-0.1004138588905334,0.0986010581254959,-0.1003798618912696,0.1004173681139946,0.0926661789417266,-0.0976565033197403,0.0979468673467636,-0.1003154516220092,-0.0974269583821296,-0.1001613289117813,0.0995028913021087,-0.1004179865121841,-0.1002735272049903,-0.100415289402008,-0.0493753552436828,0.0975896269083023,-0.0999602600932121,-0.100416250526905,0.1004179865121841,-0.1003972738981247,-0.1000149026513099,0.1000976040959358,-0.1002283915877342,0.0831408202648162,0.0755345970392227,-0.1003205105662345,-0.100415289402008,-0.0957581177353859,-0.0996995344758033,-0.0942524373531341,-0.100401759147644,0.1003335863351821,-0.0706490278244018,-0.0998074561357498,-0.0953651964664459,0.0257567688822746,0.0951822102069854,0.098082311451435,-0.1003435477614402,0.0510656088590621,0.0645297765731811,-0.0794210508465766,0.0980735346674919,-0.0994389876723289,0.0112526230514049,-0.0391105599701404,0.0099304337054491,0.1004179492592811,-0.1002093032002449,0.1004151776432991,-0.0998928397893905,-0.1000763103365898,0.0835153087973594,0.0877850279211998,0.0341644249856472,0.099997267127037,-0.099208615720272,-0.0980087295174598,0.0947921872138977,0.0999974086880683,0.0244287140667438,0.0636664256453514,-0.0835970044136047,-0.1002482175827026,0.0857772380113601,0.0741733536124229,-0.1003982126712799,-0.0946371480822563,0.0951105877757072,0.0716530382633209,-0.1001496165990829,-0.073405809700489,-0.0979953184723854,-0.0996226221323013,0.0979196354746818,0.0962616950273513,-0.1001662537455558,0.0402283668518066,-0.0706664621829986,-0.1004161164164543,-0.0831645280122757,-0.0560412891209125,-0.1022175922989845,0.0991352722048759,-0.0874973833560943,-0.0686866864562034,0.1022176966071128,0.1022166162729263,-0.1011943072080612,0.1022136807441711,-0.0363554321229457,0.090278074145317,-0.0945238918066024,-0.0724780037999153,-0.1021896451711654,0.1022177040576934,0.0638447552919387,0.079074278473854,-0.101541131734848,-0.0990009903907775,0.0505844168365001,-0.1017211079597473,0.1008824706077575,0.1021727621555328,-0.0901419892907142,-0.0962872207164764,0.081017330288887,0.1001469567418098,-0.0317838080227375,0.1022128239274025,-0.0313201583921909,0.0792519375681877,0.1021997332572937,-0.1006312370300293,0.0992407724261283,0.102117158472538,-0.090829849243164,-0.0751904770731926,0.1022091060876846,0.0809681043028831,-0.0968011617660522,0.1019608825445175,0.1008448228240013,-0.0806599482893943,0.0547812208533287,-0.0996236577630043,0.0434245504438877,-0.1022157669067382,0.1021854504942894,-0.1022155880928039,-0.1021748557686805,-0.1015151888132095,-0.0538362115621566,-0.0937668085098266,0.0293619167059659,0.1003263816237449,-0.1022143438458442,0.0872816145420074,0.0931659191846847,-0.1021990403532981,-0.0638700798153877,-0.0452536717057228,0.1020529344677925,-0.0975021123886108,0.1020888611674308,0.1021928042173385,0.1015971899032592,0.1021656319499015,0.0289159677922725,0.0833499655127525,-0.0641556456685066,-0.1014261171221733,-0.1021365001797676,0.0941792279481887,-0.0164607763290405,-0.102217711508274,-0.0812870636582374,0.0966816172003746,-0.0918980240821838,-0.0766678377985954,-0.1022137850522995,0.0985255539417266,0.1011721640825271,0.1016877219080925,-0.06749227643013,0.100311055779457,-0.1022176519036293,0.0611915476620197,0.1016418188810348,-0.1019146293401718,0.098855011165142,-0.1022147983312606,-0.0979581102728843,0.0997491776943206,0.1022166237235069,0.1022071987390518,-0.1020472720265388,-0.0463612601161003,0.1021957620978355,0.0143415732309222,0.1014232262969017,0.0987244620919227,0.0347766429185867,-0.0325538516044616,-0.1022175624966621,0.0792732089757919,0.0899343639612197,0.1021105647087097,-0.1019012928009033,-0.1020944714546203,0.1022165715694427,-0.0681185945868492,0.0936164334416389,-0.0081719337031245,0.0860725715756416,-0.1021991074085235,-0.1013716533780098,0.0742339044809341,-0.0721465721726417,0.0613555982708931,-0.1021278426051139,0.0491767972707748,0.102182999253273,-0.096658319234848,-0.0096537368372082,0.0785083845257759,0.0436742454767227,0.0784142166376113,0.0572025403380394,-0.101227268576622,0.0394441559910774,0.0893395766615867,0.0400884076952934,0.0036830680910497,-0.0390617400407791,0.1290058940649032,-0.1033728346228599,-0.0816153362393379,-0.0545971356332302,-0.1692769676446914,0.0119724357500672,-0.063692107796669,0.1354793161153793,0.0927893668413162,-0.022123159840703,-0.1260130852460861,-0.036228135228157,-0.0962844938039779,0.1320819407701492,-0.0458328984677791,-0.1079429313540458,0.123457133769989,-0.0294170826673507,-0.1015249714255333,0.0664475411176681,-0.044011827558279,-0.0474215187132358,0.1197997853159904,-0.0171398222446441,-0.1327729374170303,0.1020965725183487,0.1142098307609558,0.0150953084230422,0.071128636598587,0.0495309419929981,-0.0135480873286724,0.072504736483097,-0.0075187049806118,-0.0008515593362972,0.1684510707855224,-0.0914267674088478,-0.0120246456936001,0.0695048794150352,0.0157242193818092,0.0263275727629661,0.0430864952504634,0.0182992126792669,0.1218393743038177,0.062747023999691,-0.0150842238217592,-0.0163466893136501,0.1292315274477005,0.0533414185047149,0.1032140105962753,-0.0571688525378704,0.0455306693911552,0.0267638135701417,0.1516299396753311,-0.1144942045211792,0.1499541252851486,-0.1265949010848999,0.0530084632337093,0.1441134661436081,0.0700497031211853,0.1385029703378677,0.0344430804252624,-0.1278351247310638,0.1177823692560195,-0.1062370464205741,0.1554186940193176,0.0925689488649368,0.0555713810026645,-0.128769963979721,-0.0460977815091609,-0.1263281553983688,0.0680435970425605,0.1111363619565963,-0.1266538053750991,-0.0427921488881111,0.0701321437954902,0.1055443435907363,0.0974941700696945,0.0095291305333375,-0.134227305650711,-0.054221149533987,0.0450299754738807,-0.0079629197716712,0.1619691103696823,0.1033071503043174,0.0256540458649396,0.0194150488823652,0.1514889895915985,-0.0561735220253467,-0.0971139371395111,0.0939602851867675,-0.0344403684139251,0.041642177850008,0.1478033810853958,0.0258802007883787,0.0283919554203748,-0.0752331689000129,-0.032172679901123,0.1479024887084961,-0.0250837597995996,0.1238413900136947,0.0677219703793525,-0.0512684732675552,-0.0168867614120244,0.1241371929645538,0.1124300211668014,-0.1422528028488159,0.1261259019374847,0.1337590217590332,-0.0098532596603035,-0.0655127391219139,-0.0882840529084205,0.0836410894989967,0.012134188786149,-0.1122281923890113,-0.0441434830427169,-0.0842783898115158,-0.0150598296895623,-0.0357146486639976,-0.1303358823060989,0.0323726758360862,-0.0539957471191883,0.0523098446428775,-0.0131099093705415,-0.100942388176918,0.1243645474314689,0.162458911538124,-0.0868251621723175,0.1180523484945297,0.1384426057338714,0.1638726741075515,0.0388150662183761,0.0722419470548629,0.0265697035938501,-0.0473033860325813,0.0614869594573974,0.122657224535942,0.0682598799467086,0.0078661208972334,-0.1117881760001182,0.0226094126701354,0.0417854003608226,-0.0660097897052764,0.1178437024354934,-0.0393338501453399,-0.0814679712057113,-0.0753838792443275,-0.0314248800277709,-0.1308654099702835,0.1652370691299438,-0.1519770324230194,0.0401479676365852,-0.0745493844151496,0.1313787102699279,0.0912318527698516,0.0898603498935699,0.1134900525212287,-0.0205455068498849,0.0808164626359939,-0.0124343279749155,0.0835935771465301,-0.0602394454181194,-0.0029697946738451,-0.0303466599434614,0.0265574529767036,0.0026766494847834,-0.1423768103122711,-0.0791558399796485,0.0771966278553009,0.093154489994049,-0.0285527650266885,-0.0076790237799286,-0.0775131955742836,-0.1089249923825264,0.033058326691389,0.1475577354431152,0.1224915161728859,-0.0823887065052986,0.0836894884705543,-0.0755143389105796,-0.0595086216926574,-0.0020212135277688,0.1180760115385055,-0.0778096914291381,-0.085412360727787,0.0083573861047625,-0.0590353123843669,0.1003622710704803,-0.1262804865837097,-0.1033084318041801,-0.0579395517706871,0.0389950163662433,0.051362045109272,0.0836819559335708,-0.0020479133818298,-0.1198708191514015,-0.1126928031444549,-0.0611153356730937,0.0779793784022331,-0.1274288594722747,0.0282315202057361,0.0107051981613039,0.0274642724543809,0.1101186648011207,0.0396019890904426,0.0018001993885263,-0.0975743979215622,0.1318331956863403,0.0532857589423656,-0.0359277762472629,0.102092295885086,-0.0305068008601665,-0.0854322835803031,0.0910732969641685,-0.0191791392862796,-0.0554265417158603,-0.1655700504779815,-0.0826354697346687,0.1420910060405731,-0.021018972620368,0.1191358789801597,-0.0207391642034053,0.0709348544478416,-0.0486076474189758,-0.0330228023231029,-0.0782498866319656,-0.0741465166211128,0.1137328967452049,0.028771610930562,0.0897665247321128,0.1143623292446136,0.0268684402108192,-0.015364272519946,0.0791384205222129,-0.1385962814092636,-0.0570855438709259,0.1400127708911895,-0.1133899316191673,0.0705922916531562,0.0948272719979286,0.1593574583530426,-0.1176147758960723,0.1258492022752761,0.0851725414395332,-0.1462030261754989,-0.0555738843977451,0.0013607833534479,-0.0692908391356468,-0.1104582175612449,0.0132276015356183,-0.1441760063171386,-0.0247574336826801,-0.1373783648014068,-0.0088157011196017,-0.0241039283573627,0.0426060073077678,-0.0305218212306499,-0.0966445729136467,0.0665657222270965,0.109079472720623,-0.0190414525568485,-0.0588518194854259,-0.0481610409915447,0.0010778203140944,-0.0589930601418018,-0.1090821176767349,0.0470852628350257,0.0940059572458267,0.044448796659708,-0.0959888026118278,-0.0709967091679573,-0.0940619707107544,-0.0675205737352371,0.092094786465168,-0.029998380690813,-0.1079500168561935,0.1068118289113044,-0.0598938651382923,0.0975964441895484,-0.0635149925947189,0.0466170720756053,-0.023631066083908,-0.1208616271615028,0.1165194138884544,0.0154725098982453,0.0074895550496876,0.0946800336241722,0.1340620368719101,0.0158942695707082,-0.110844187438488,0.0980335175991058,-0.0908922255039215,-0.0779630914330482,-0.0990142449736595,-0.0826845988631248,-0.105241872370243,0.0196977369487285,0.0692719891667366,0.1332723051309585,0.0026874688919633,-0.0269109494984149,0.123137392103672,-0.1184736564755439,0.013949055224657,-0.1099856868386268,0.0659609958529472,-0.0320904701948165,0.059398103505373,0.0547335594892501,0.0170939974486827,0.0936394780874252,0.1213981434702873,0.102769523859024,0.1132455542683601,0.1257167607545852,0.1008510589599609,-0.036101795732975,-0.084437645971775,-0.097498133778572,0.1248855888843536,0.1115499809384346,0.085524782538414,-0.1205103397369384,0.0784453973174095,0.0731193944811821,-0.0139772705733776,-0.0841393992304802,0.0162820294499397,-0.0331193581223487,-0.077960155904293,-0.1391634196043014,-0.1258235871791839,0.0978899523615837,-0.1005625501275062,0.0060759028419852,-0.0159998033195734,-0.1319735497236251,-0.0785626098513603,0.1242362484335899,0.0046399175189435,-0.0080182971432805,0.0412353798747062,-0.0667490810155868,0.1138888746500015,0.1172825992107391,0.1055726408958435,-0.1210245862603187,0.0868898779153823,0.0943646281957626,0.1065775603055954,-0.0726968869566917,0.1303339600563049,0.1321411728858947,-0.0847391337156295,0.1042336821556091,0.0938247442245483,0.1183352321386337,0.0305013582110404,-0.0880609229207038,-0.0881555303931236,-0.0531500726938247,-0.1014457419514656,0.1362557262182235,0.0006199549534358,0.12250267714262,-0.1327484101057052,0.1136161386966705,-0.0173800364136695,0.0484594702720642,-0.147934004664421,-0.1208560019731521,0.1064417511224746,0.0235205683857202,0.0946490094065666,0.1421949863433838,-0.0465660691261291,-0.0905162692070007,-0.097150482237339,0.0771273821592331,0.1123916208744049,DZOONCSMZVPSHJ-KVQBGUIXSA-N,N[C@@H]1C[C@@H]2CC[C@H]1O2
-0.0891163125634193,-0.1081161051988601,-0.1081902831792831,-0.0800488591194152,-0.0052112080156803,0.07279022783041,-0.0213964693248271,0.0511219203472137,-0.0664585679769516,0.0182176120579242,0.0932472050189971,0.0929705947637558,0.0204510707408189,-0.1062961667776107,-0.076055884361267,-0.1037959605455398,0.1069235801696777,-0.1079159304499626,-0.0940877869725227,-0.0953683257102966,0.1076269522309303,-0.1029350310564041,-0.0548974089324474,0.0587351992726326,-0.0774673447012901,0.1074681207537651,0.1033163145184516,0.0716301724314689,0.0704348087310791,-0.1077925637364387,0.1080545634031295,0.0623262524604797,-0.0930418968200683,0.0420043319463729,0.0794005468487739,-0.0546822734177112,-0.0678378194570541,0.1032632887363433,-0.108157679438591,0.1054272800683975,0.0512337796390056,-0.1081915274262428,0.1081896796822547,0.1046103239059448,-0.0443577878177166,0.0721951574087143,0.0552017539739608,0.1054871752858161,-0.1081648245453834,0.0555244348943233,-0.10817451775074,-0.0484830401837825,0.1081916540861129,0.1055545210838317,0.1066803187131881,0.0943384990096092,-0.1073504090309143,0.1077736839652061,-0.107978381216526,0.0689964741468429,0.0151408882811665,-0.0706874504685401,0.1076162159442901,0.1081455200910568,-0.10390255600214,0.1066517457365989,0.060906246304512,0.0496176593005657,-0.103828877210617,0.0981241092085838,0.0837936103343963,-0.1081623882055282,-0.1016606912016868,0.1058962270617485,0.08144311606884,-0.0701598674058914,-0.0145364394411444,-0.1002498716115951,0.0937614142894744,0.107558436691761,-0.1068630293011665,-0.0951961874961853,-0.0912384241819381,-0.0157175585627555,0.0272879637777805,-0.1081399992108345,0.0544509291648864,-0.1078067198395729,0.1074040308594703,-0.1077295243740081,-0.0693549439311027,0.0570643804967403,0.1079069077968597,0.1023466661572456,0.1081922873854637,0.0872293189167976,-0.1065133437514305,0.1081420853734016,-0.1042565628886222,-0.0877884998917579,0.0920781567692756,-0.07573102414608,0.0949145406484603,-0.1041818484663963,0.1066783964633941,0.0108381593599915,-0.1064390167593956,0.0729679614305496,-0.0795397907495498,-0.0394866578280925,0.1021781787276268,-0.0932144522666931,0.0550426989793777,0.1081524565815925,0.0701427161693573,-0.1064638048410415,-0.10395547747612,0.0979781001806259,-0.106255866587162,-0.0109173338860273,0.1072225421667099,0.0968664810061454,0.018751885741949,-0.0934563130140304,-0.0839536115527153,-0.083795852959156,0.0681867972016334,-0.0996098965406417,-0.0999304577708244,-0.0990494042634964,-0.082520842552185,-0.0739313140511512,-0.0895949229598045,0.0984251350164413,-0.092889979481697,0.09761493653059,-0.0983762890100479,-0.0524595379829406,-0.09993826597929,-0.0991318747401237,-0.0174496229737997,0.0998799204826355,0.0984159484505653,0.0998585075139999,0.0978336185216903,-0.0992211773991584,0.0955889597535133,0.0996947959065437,0.0917164757847786,0.0956600308418273,-0.0696419104933738,0.0999462753534317,0.0994042679667472,0.0699779242277145,-0.016329638659954,-0.0995815843343734,0.0994646400213241,0.0836339965462684,-0.0982572063803672,0.0999024137854576,0.0999402180314064,0.0968760699033737,-0.06494702398777,-0.0999223068356514,0.0999262183904647,0.0603465549647808,-0.0423759631812572,0.0999045148491859,0.0987665727734565,-0.0997708067297935,0.0979603454470634,-0.099744364619255,-0.095204934477806,0.0980897769331932,0.0332679450511932,0.0788322389125824,0.099943071603775,0.0916567668318748,-0.0572270341217517,0.0996701940894126,0.0792280957102775,0.0999447852373123,0.0580025985836982,-0.0882622972130775,0.0992569774389267,0.0996188297867775,0.0995983779430389,0.0999460518360138,0.0965861827135086,0.0516391098499298,0.0583882071077823,0.0955583229660987,0.0308294910937547,-0.0875982344150543,0.0996712893247604,0.0981585085391998,-0.0999462604522705,-0.0966849997639656,0.0455826371908187,-0.0992161929607391,-0.0905452296137809,0.0999462828040123,-0.0998118743300437,0.0999457165598869,-0.0290208235383033,-0.0653523355722427,0.0982567369937896,-0.0793739333748817,-0.0772957354784011,0.0092031070962548,-0.0330205298960208,0.0968833342194557,-0.099938228726387,0.0999182239174842,0.0922773778438568,-0.0865936428308487,-0.0977266654372215,-0.0996208637952804,0.079132430255413,-0.0933533683419227,-0.0751662477850914,-0.0999075248837471,0.0898868888616561,0.0732290595769882,0.0996013209223747,0.099879503250122,-0.0999090448021888,0.0965765044093132,-0.0991392135620117,-0.0996746569871902,-0.0620996467769146,0.0969280824065208,0.0999141111969947,0.0610659085214138,0.0990283861756324,-0.0989635661244392,0.0965091660618782,-0.0031964408699423,0.0995399504899978,-0.0977365225553512,0.0961892828345298,-0.0999232083559036,-0.0660934671759605,-0.0900997593998909,0.0634302347898483,-0.0995065867900848,0.099673755466938,-0.0957031622529029,-0.0767065063118934,-0.0938756912946701,0.0906956419348716,-0.0481459088623523,-0.0886172950267791,0.0999461784958839,0.09993177652359,0.0563901476562023,0.0949933379888534,0.0952067896723747,-0.0950502604246139,0.0950826853513717,-0.0952073484659195,0.0952072441577911,0.0946612432599067,-0.0952071398496627,-0.0952003225684166,0.0559529960155487,0.0951071232557296,-0.0951385498046875,0.0865275859832763,0.095196820795536,-0.0924177318811416,0.0931047573685646,-0.0952072963118553,0.0952066630125045,-0.0952065885066986,-0.0477653890848159,-0.0947487652301788,-0.0951290801167488,-0.0952073410153389,0.0282734744250774,0.0948248654603958,-0.0924534276127815,-0.0951920375227928,0.0330535694956779,-0.0786459743976593,0.0950647667050361,-0.0952072888612747,0.0742695853114128,-0.0952010229229927,-0.0888507217168808,-0.0951538234949112,-0.0119118457660079,-0.0250190254300832,0.095199815928936,0.0952024981379509,0.0783129557967186,-0.0501809529960155,-0.0331346467137336,0.0952032431960105,-0.0889824107289314,-0.0952073112130165,0.0951500535011291,-0.0947439223527908,-0.0871863067150116,-0.0950459167361259,0.0924212783575058,0.0934393629431724,-0.0884966626763343,0.0780419260263443,0.0951893329620361,0.0040743956342339,-0.0951947048306465,0.0951984897255897,0.0952060222625732,-0.0950618013739585,0.0951811149716377,0.0952073484659195,0.0950237363576889,-0.0933588221669197,0.0922614783048629,0.0949537083506584,0.0947467610239982,0.0944201201200485,-0.0951794758439064,-0.0932502746582031,0.0941903591156005,-0.0699818208813667,0.0952073484659195,0.0947073027491569,-0.0952030643820762,0.0951970070600509,0.0909433364868164,0.0952072143554687,0.026909751817584,0.0952036753296852,-0.0939946919679641,0.0924647971987724,-0.0951958075165748,-0.084060899913311,-0.0173047706484794,0.0951648652553558,0.0952053144574165,0.0952060371637344,0.0946060419082641,0.0939241275191307,0.095132440328598,-0.0952070951461792,-0.0952020063996315,0.0739607214927673,0.0884937345981597,-0.0952067524194717,0.0951058864593505,-0.091051809489727,-0.093443252146244,-0.0952050760388374,0.0632876306772232,0.0950585007667541,-0.0951972901821136,0.0951842665672302,0.0911473780870437,-0.0949334725737571,-0.0917051434516906,0.0818958654999733,0.0952073484659195,-0.0950688049197197,-0.0906678512692451,-0.0460649281740188,-0.0951930731534957,-0.0888400226831436,0.0761468559503555,-0.0908778980374336,0.0952058434486389,0.0370963513851165,0.0952066704630851,-0.0948983430862426,-0.0815372243523597,0.0948104560375213,0.0951940491795539,-0.0951441675424575,0.0951947420835495,0.0952060520648956,0.0764797925949096,0.0949088856577873,0.095202051103115,0.0906188860535621,-0.0575474016368389,-0.0900075659155845,-0.0889954715967178,0.0904674604535102,0.0908145904541015,-0.0908106118440628,-0.08770402520895,-0.0907742455601692,-0.0906489714980125,-0.0906987562775611,0.0906932801008224,0.0893525555729866,0.090816706418991,0.0908015817403793,-0.0908266976475715,-0.0296057984232902,0.0908277705311775,-0.090787336230278,0.0908305272459983,0.0897944197058677,0.0906050577759742,-0.0907804444432258,-0.0908303186297416,-0.0908267945051193,0.0906765833497047,-0.0901426821947097,0.0908313915133476,0.0908314883708953,-0.0885119810700416,0.0821955204010009,-0.0906817391514778,0.0897783935070037,0.090740829706192,-0.0854179114103317,0.090353138744831,0.0895395427942276,-0.0876483246684074,-0.0908254832029342,0.0904987603425979,0.0908156111836433,0.0838984623551368,0.0888986960053443,0.0881199911236763,0.090600661933422,0.0908309146761894,0.090661697089672,0.0908106341958046,0.0885655358433723,-0.0880335047841072,-0.0899110287427902,0.0903355404734611,-0.0908213630318641,0.0908313691616058,-0.0672431290149688,0.0908091738820076,-0.0908209383487701,0.0908297151327133,-0.0908253714442253,-0.0901614129543304,-0.081832505762577,0.0907109007239341,-0.0906946137547493,0.0902432203292846,0.090831272304058,-0.084063708782196,-0.0906759276986122,0.0720117390155792,0.0898386687040329,0.071319468319416,-0.0908131822943687,0.0904442816972732,0.0889216735959053,0.0906943306326866,-0.0908286720514297,0.0907810628414154,0.0908310338854789,0.0850162506103515,-0.0904070362448692,0.0895835012197494,0.0908314660191536,-0.0863078087568283,-0.0837248116731643,-0.0905657559633255,-0.0906598046422004,0.0907982885837555,0.0878024473786354,-0.0908311158418655,0.0230493061244487,0.0878629460930824,0.0906410664319992,0.0901072099804878,-0.0907406359910965,-0.0904038995504379,0.0886338502168655,0.0908243581652641,0.0905478000640869,0.0863345935940742,0.0897932946681976,0.0908202975988388,-0.0896132066845893,0.0903195366263389,-0.0790361985564231,-0.0905986800789833,0.0908194258809089,0.0886103734374046,-0.0908298566937446,0.0908285304903984,0.0907792150974273,0.0905783027410507,-0.0906065255403518,0.0908204317092895,0.0865224152803421,-0.0897103548049926,-0.0907990112900734,0.0908055901527404,0.0908148735761642,0.0903839096426963,-0.0908314883708953,-0.0908314883708953,0.0907130017876625,-0.0906811505556106,-0.0899050384759903,0.0747718214988708,0.0903953686356544,0.0908186286687851,0.0907672047615051,-0.0907210931181907,-0.0310667157173156,0.0401937551796436,0.1482990384101867,-0.073931336402893,0.1623692661523819,0.1488724797964096,0.1588088423013687,-0.0992754101753234,0.0556783303618431,0.1328599154949188,0.0440906956791877,0.1536340713500976,0.1118663549423217,0.0620030239224433,0.0793989896774292,-0.1117300689220428,0.0215784460306167,0.0081807514652609,-0.1278686821460724,0.1077994406223297,-0.0533871687948703,-0.0421777330338954,-0.0362879373133182,0.0124888094142079,0.0073754107579588,0.0584204979240894,-0.0920934602618217,0.0503476448357105,-0.0063551147468388,0.1241278275847435,0.0935135707259178,0.0092329736799001,0.1177883520722389,-0.0974837094545364,0.0364242196083068,-7.525769615313038e-05,0.122544065117836,-0.1466367542743683,0.0913337767124176,-0.114364169538021,-0.036937166005373,0.05993228033185,-0.1109595447778701,-0.0956241488456726,0.1250790804624557,0.1394458264112472,-0.1125045493245124,-0.0909226238727569,-0.0521819554269313,0.0164251998066902,-0.115451194345951,-0.0370801798999309,0.0929356217384338,-0.1104665622115135,-0.0053616152144968,-0.022527951747179,-0.1246318221092224,-0.0300679877400398,0.0925977900624275,-0.1110585778951644,0.0034695356152951,0.1306450217962265,-0.1569756269454956,-0.0410126410424709,-0.1141371726989746,-0.0617407262325286,-0.0117322457954287,0.0464354902505874,-0.0602196864783763,-0.0218001063913106,-0.0322277136147022,-0.1056392267346382,-0.1531636267900467,-0.1352458298206329,0.1247674971818924,0.0443235039710998,0.1175242438912391,0.0723241567611694,0.065299667418003,0.1244125217199325,0.1173663288354873,-0.0170364398509264,-0.0482940077781677,0.168307214975357,0.1044501066207885,-0.0411304198205471,0.0359109640121459,0.0389338545501232,-0.1327681094408035,-0.047631062567234,-0.0105058494955301,0.0224949661642313,-0.1605841070413589,-0.1058595851063728,0.1715321540832519,0.0041408189572393,0.0435286201536655,0.0034660773817449,0.0456047467887401,-0.0365290269255638,0.0415152497589588,0.0805604681372642,0.007965100929141,0.0894562378525734,0.0593565255403518,0.0540262572467327,0.0126244621351361,0.0938226655125618,-0.089491568505764,0.0223997514694929,-0.0615595169365406,-0.0284904241561889,0.1713960766792297,-0.0948305055499076,0.0096391020342707,0.0189036671072244,0.1285248547792434,-0.0630213096737861,0.0023429347202181,0.1082709208130836,-0.1205806508660316,-0.1540548205375671,-0.0303657948970794,-0.063036024570465,-0.034002386033535,0.0036273491568863,-0.0241018701344728,0.0013266945024952,0.1202002540230751,0.0150164207443594,-0.06907819211483,0.1120998039841651,0.0889681130647659,0.0985059738159179,0.116668552160263,-0.1078777834773063,0.032039888203144,0.0090226512402296,0.0898038148880004,0.1165526062250137,-0.0950508639216423,-0.0014942212728783,0.1166098192334175,0.0077940886840224,0.0963518843054771,0.1243303418159484,0.1238306611776351,-0.1263115257024765,0.1209680065512657,0.0597119741141796,0.1064010933041572,-0.0827848687767982,0.0982745960354805,-0.0618027746677398,0.0937745869159698,-0.0928003638982772,-0.1264700442552566,-0.0385844223201274,0.1242478340864181,-0.0648067146539688,0.1255379021167755,-0.0012356918305158,-0.1194681748747825,-0.0245315618813037,0.1183447167277336,-0.0872962847352027,0.0776862055063247,-0.1164523884654045,0.1202752068638801,0.0157483220100402,0.09658183157444,-0.1180337220430374,-0.0818037539720535,-0.0581143572926521,0.125942051410675,-0.0049254088662564,0.0879777893424034,-0.1202200353145599,0.0007470394484698,0.076774850487709,0.0130056804046034,-0.0284403283149003,0.1226956993341445,-0.0589978136122226,0.0456869378685951,-0.1255941092967987,-0.1250682473182678,0.025344543159008,0.0785482078790664,0.0452003255486488,-0.1253559440374374,-0.0320810079574584,0.1236245930194854,-0.0539130493998527,-0.0897268131375312,-0.0448338389396667,0.0436111241579055,-0.1053232327103614,-0.123719073832035,-0.0880935415625572,0.0130423912778496,-0.0782551616430282,-0.0676215663552284,0.0792631283402443,-0.0354918763041496,0.0972090065479278,-0.0417282655835151,-0.0076759369112551,-0.1219860687851905,-0.1159329935908317,0.1141689643263816,0.0198193900287151,0.09910798817873,0.1004977002739906,0.0012599775800481,0.1045119613409042,0.124218501150608,-0.0810510516166687,0.125561848282814,0.0728663727641105,-0.1057820692658424,0.0443280450999736,-0.1011497750878334,-0.0281404573470354,-0.1196930631995201,0.1007476970553398,0.083500824868679,-0.0112640783190727,-0.0349260047078132,0.1250467151403427,-0.0893302485346794,-0.1017996296286583,0.0370205044746398,0.122803121805191,-0.0937192365527153,-0.1194619238376617,0.1087888702750206,0.0193063747137784,-0.0368535928428173,-0.1244138404726982,0.0990618243813514,-0.0009967740625143,0.0980071052908897,-0.0050981300882995,-0.104993000626564,0.0400314964354038,0.0780103728175163,-0.1264717876911163,-0.027874682098627,0.0476889349520206,0.1245565116405487,-0.0338894017040729,-0.0681672319769859,0.1090577244758606,0.0558603256940841,-0.1187376156449318,QFFGVLORLPOAEC-SNVBAGLBSA-N,N[C@@H]1CCCCN(c2c(F)cc3c(=O)c(C(=O)O)cn(C4CC4)c3c2Cl)C1
-0.0817694962024688,0.0115092834457755,0.1226842179894447,0.0913591012358665,0.1181037053465843,-0.05514457821846,-0.0893780440092086,-0.088409386575222,-0.0401694066822528,0.1151620894670486,-0.004668082576245,-0.0846548527479171,0.1048254743218422,0.1135483980178833,-0.0862819850444793,-0.0903912112116813,-0.0855161920189857,-0.1127486899495124,0.1210974380373954,0.1104644313454628,0.1080729961395263,0.0322659499943256,0.1231881231069564,-0.0548560880124568,0.1061051338911056,-0.1232513785362243,-0.115045465528965,-0.0870561003684997,-0.02239640802145,0.1127251088619232,0.0802494809031486,-0.0891466066241264,-0.0021484303288161,-0.1018250435590744,0.0525866411626338,0.0415219217538833,-0.0615439489483833,-0.116420492529869,0.0943334177136421,0.1160145327448844,-0.0560062266886234,-0.1032343655824661,0.1145751327276229,-0.0269629284739494,0.0496523380279541,-0.0609861053526401,0.1233129352331161,0.1157562583684921,0.1152675002813339,0.1220886558294296,-0.1174700781702995,-0.0521518215537071,-0.0455224029719829,0.1162167340517044,0.072290189564228,-0.0254844408482313,0.1189512684941291,-0.0407485216856002,-0.1117493286728859,0.120087444782257,-0.1233280301094055,-0.012661300599575,-0.0597589090466499,-0.1197671070694923,-0.0387354306876659,0.0940642207860946,-0.1069424003362655,0.058987807482481,0.1198384016752243,0.1065697222948074,0.1048362404108047,0.0915344655513763,-0.0390955433249473,0.0891986563801765,0.0899890288710594,-0.1230465024709701,0.003469540271908,-0.1185397058725357,0.0253032073378562,0.0178397186100482,0.1193466037511825,-0.1026852279901504,0.0772246867418289,0.0689190551638603,0.0988248512148857,-0.0346041247248649,0.0197822619229555,0.0838880613446235,0.1194934099912643,0.0668235570192337,0.0567912124097347,0.0106934569776058,0.021121323108673,0.0899631157517433,0.1155632510781288,0.0695754662156105,0.1199474558234214,-0.1222252920269966,0.0865092799067497,-0.1109665259718895,0.0178424660116434,-0.0898747518658638,-0.0395058840513229,-0.0052421865984797,-0.1222885102033615,0.0902626439929008,0.0609288364648819,0.0767970532178878,0.0686820596456527,0.0440177284181118,0.1088489145040512,0.1121798083186149,-0.0899064391851425,-0.0687805563211441,0.07882821559906,0.0512852221727371,-0.031401190906763,-0.1184394806623458,0.1133618727326393,-0.1160439327359199,-0.1164397895336151,0.1074674278497695,-0.0899417623877525,0.006656558252871,-0.0470908470451831,0.0780698060989379,0.092549905180931,-0.0823171734809875,0.0744157582521438,0.1019662916660308,-0.0719952136278152,0.1037498489022255,-0.0872965231537818,0.0706609562039375,-0.1036468371748924,-0.0941371917724609,-0.1037472933530807,0.0836811289191246,0.1037510260939598,0.1036815717816352,0.0739218816161155,-0.0627679079771041,-0.1035793200135231,0.0958712548017501,0.0731403976678848,0.0602306388318538,-0.1029337495565414,-0.1030350401997566,-0.1037480160593986,-0.1036416515707969,-0.0993800684809684,-0.0632086396217346,0.0939146354794502,-0.1036020368337631,-0.0131329195573925,0.101283498108387,0.1037020310759544,-0.04769803956151,0.1013515889644622,-0.1034372299909591,-0.1037511229515075,-0.0756294652819633,-0.1037302911281585,-0.1037493050098419,-0.1006738469004631,0.1037398427724838,0.1037003546953201,-0.0774198099970817,-0.1027663424611091,0.0455238781869411,0.0435274876654148,0.1036703810095787,-0.094318650662899,-0.103471964597702,0.0983105301856994,0.1036615148186683,-0.0235983151942491,0.0924639403820037,-0.0909193009138107,-0.0308047700673341,-0.1002640053629875,0.0906563252210617,0.1035589799284935,0.1036750078201294,-0.0972978100180625,0.1035707667469978,0.1021245792508125,0.0786468759179115,0.1000663340091705,0.0382844135165214,0.1028134599328041,0.1026729717850685,-0.0322110950946807,0.0408818311989307,0.1003274768590927,0.0102292504161596,0.0900562107563018,0.1005490571260452,-0.1028283238410949,0.1027694717049598,0.1016888171434402,0.0957442820072174,0.0147064970806241,-0.0534505918622016,-0.0934288129210472,0.0844286605715751,0.0753905922174453,0.1036377847194671,0.0522695481777191,-0.0856550931930542,-0.103522814810276,-0.0055961930193006,0.0996483638882637,0.1035984307527542,-0.1024546846747398,0.1017636433243751,-0.1037511304020881,0.1018741279840469,-0.1036484912037849,0.1024505794048309,-0.1035036742687225,-0.1035800278186798,0.1002821922302246,-0.1037295684218406,0.0422877259552478,0.1036868691444397,0.1030556708574295,-0.0108251255005598,0.0541995055973529,0.0254534743726253,-0.0750171169638633,0.1032621413469314,0.1012108549475669,0.102346584200859,0.0064431796781718,0.0237706340849399,-0.0804726928472518,0.0487303100526332,0.1013431474566459,0.0959141626954078,0.0938781946897506,-0.1036870032548904,-0.0162702985107898,0.1002093032002449,0.098245158791542,0.1037006676197052,-0.1012561544775962,-0.1023570299148559,0.0505451150238513,0.0744112804532051,-0.1023441180586814,0.0856289565563201,-0.0900660306215286,-0.0376381278038024,-0.1037395372986793,0.0726236402988433,0.0997897014021873,-0.0811290889978408,-0.0971461609005928,-0.0933346450328826,-0.1054777726531028,-0.1055018827319145,0.0841146036982536,-0.042878046631813,0.0531895644962787,0.1015972644090652,-0.0620257817208766,-0.0929057300090789,-0.1055019423365593,-0.1055065989494323,-0.1051629707217216,-0.1031525358557701,0.0067493845708668,-0.0340238288044929,-0.1021990031003952,-0.1048503890633583,-0.1055041477084159,0.0707234516739845,-0.1047634482383728,-0.1028427332639694,0.1021935269236564,-0.0984678119421005,-0.1041685715317726,-0.1053778305649757,-0.1051598116755485,0.0320864543318748,-0.1007367894053459,-0.1012672632932663,-0.0791403129696846,-0.1051208600401878,0.1053156182169914,-0.1050875857472419,0.0676036551594734,0.0926117226481437,0.0974204242229461,0.1023371294140815,-0.0815410390496254,0.0598364695906639,0.1007270365953445,0.1054093390703201,-0.1013289242982864,-0.1041971743106842,0.0631126388907432,0.0934238880872726,0.0387885458767414,-0.0784669816493988,0.0447240620851516,0.0981597900390625,0.0139218298718333,-0.0416810810565948,0.10549958050251,-0.1020088642835617,0.1037012636661529,-0.0444214157760143,0.1054421067237854,-0.1053737103939056,0.0594382882118225,-0.0544923990964889,-0.1049290597438812,0.1052454710006713,0.104390949010849,0.1054824888706207,-0.1006049066781997,-0.0475701875984668,-0.0707848221063613,-0.1047370508313179,-0.0979631692171096,-0.1054503172636032,0.0120365200564265,0.1055011749267578,-0.0277555733919143,-0.1042622551321983,-0.1054763346910476,0.1055025085806846,0.104946568608284,0.1054276525974273,-0.0565245971083641,-0.0981206595897674,0.0975931882858276,0.0050217406824231,-0.0037351285573095,0.0059629064053297,0.1031607910990715,0.0468174144625663,0.0953958183526992,0.0659890845417976,-0.0931014046072959,0.1054414436221122,-0.10547836124897,-0.0949587672948837,0.0023652734234929,-0.0370720289647579,0.0939741879701614,0.0879806280136108,0.1055064648389816,-0.1026760265231132,-0.1050792038440704,0.0572360418736934,0.0953580662608146,0.1053527295589447,-0.1053533926606178,0.1055050939321518,-0.098671942949295,-0.1047555804252624,-0.1054034605622291,0.0937540680170059,0.0893750712275505,-0.1027052775025367,-0.1052406504750251,0.1054895892739296,0.1054565757513046,0.062242642045021,-0.0111050074920058,-0.0693112835288047,0.1052605211734771,-0.0628105327486991,0.0290819779038429,0.0207767207175493,0.1054963693022728,-0.0441092476248741,0.1052238121628761,-0.0936789587140083,-0.0214878898113966,-0.1052728593349456,0.0514347441494464,0.0511764846742153,-0.0706895664334297,-0.0047243544831871,-0.0413312688469886,0.1386287063360214,-0.0807500183582305,0.142105147242546,0.0783616155385971,-0.1608542799949646,0.1529698520898819,0.0634047091007232,0.0436421185731887,0.0292903594672679,-0.0311868265271186,-0.050955444574356,-0.1126294806599617,0.0392123274505138,0.0891983062028884,-0.0692244172096252,-0.0997693911194801,0.1665029972791671,-0.0038024359382689,0.0117552420124411,-0.0369270406663417,0.0333122164011001,-0.0553237088024616,-0.022199772298336,-0.0513327941298484,-0.1078811287879943,0.0225109849125146,0.1298871487379074,-0.1010883525013923,0.0422898679971694,0.0683059990406036,-0.0147195691242814,0.0039340802468359,-0.1510436981916427,-0.0430911518633365,0.0708848983049392,-0.0484121218323707,0.0771524608135223,0.0451091118156909,0.080343447625637,-0.0987811088562011,0.0126650892198085,-0.0206861402839422,0.0938352644443512,0.0533458553254604,-0.0320701412856578,-0.0013995632762089,0.0139828948304057,0.0823151990771293,0.1421098113059997,-0.1083664149045944,-0.0691848173737526,0.064636580646038,0.1413736641407013,0.0237555969506502,0.1759171932935714,-0.1496029496192932,-0.044963426887989,0.0984253585338592,0.0286590196192264,0.1562071442604065,-0.0405451953411102,-0.1560775339603424,0.0476702116429805,0.0306228306144475,0.0660361349582672,0.0677419751882553,0.0538172237575054,-0.0820281282067298,0.0889393985271453,-0.1251460313796997,-0.0452547147870063,0.1141444146633148,-0.1197899132966995,-0.1290033608675003,-0.047124583274126,-0.0034616694319993,0.0539529547095298,-0.0714535936713218,-0.1904042810201645,-0.0288885310292243,-0.0210792385041713,0.0417339093983173,0.1930853575468063,0.0773544237017631,0.1590596437454223,0.14280766248703,0.0540065169334411,-0.0025724512524902,0.0782089903950691,0.0170328542590141,-0.0745934769511222,0.1438016593456268,0.0601237677037715,-0.0691758468747139,-0.122265875339508,-0.0442542620003223,0.103121131658554,0.096220962703228,0.0867420807480812,-0.0093552013859152,-0.1008183732628822,-0.027649825438857,0.1054423302412033,0.0667614862322807,0.087902583181858,-0.0440461859107017,0.1626828163862228,0.1044692024588584,-0.0030436762608587,-0.0881066247820854,-0.0550255589187145,0.0306426268070936,0.1052712351083755,-0.1335362195968628,-0.0318787172436714,-0.0446938909590244,0.1187867373228073,-0.0719100683927536,-0.0715424641966819,-0.0549335516989231,-0.1624536514282226,0.1109297052025795,-0.0332166478037834,-0.0858545899391174,0.0171821936964988,0.1226366758346557,-0.0723863840103149,0.1073366403579711,0.0592037513852119,0.1020148321986198,0.0728496015071868,0.0568531081080436,0.0525136813521385,-0.0663324370980262,-0.0794149190187454,0.123156264424324,0.0955330803990364,-0.1148985922336578,-0.0615550242364406,0.1093037500977516,0.0085910893976688,-0.1207581460475921,-0.1151509582996368,-0.1097137182950973,-0.1233026981353759,-0.1217670068144798,-0.1073302403092384,-0.1145732104778289,0.1058795377612114,-0.1098934262990951,0.1025961637496948,-0.1231141164898872,0.0659759938716888,-0.0969109609723091,0.1176086291670799,0.1150643676519393,0.0189109724014997,0.1229862794280052,-0.0012105614878237,-0.0124270152300596,0.113849438726902,-0.0589020326733589,0.1098422780632972,0.1130224019289016,0.1167702823877334,-0.054398775100708,0.1059875413775444,0.1041706949472427,-0.0586396716535091,0.0600078031420707,0.1043856963515281,0.0231091771274805,-0.1142682060599327,-0.0108308512717485,0.1201532334089279,-0.0165423694998025,-0.1030634120106697,0.1126447543501854,0.0346117317676544,-0.108964055776596,-0.0758989080786705,-0.0641239434480667,-0.0858074724674224,-0.0197531841695308,0.0873110890388488,-0.0113951005041599,0.0935018211603164,-0.1038427278399467,-0.0653082802891731,-0.1176162362098693,-0.0046615246683359,-0.1152457147836685,0.1199373379349708,-0.1214508190751075,-0.0119220716878771,-0.076315052807331,-0.041440449655056,0.0927797853946685,-0.0826612189412117,0.073438175022602,0.1096896007657051,0.1187919974327087,0.1151414886116981,-0.1187831461429596,0.0407495312392711,0.0909582078456878,0.0635013207793235,0.0659841671586036,-0.1196349263191223,0.1116778627038002,-0.120790995657444,-0.0764539986848831,0.1156156882643699,-0.0576754212379455,-0.020208466798067,-0.1181970164179802,-0.0153877818956971,0.0735719129443168,1.4600618669646792e-05,0.1036431342363357,-0.1191797405481338,0.0234677195549011,-0.0553308650851249,-0.0559532567858696,-0.0488008148968219,0.049253050237894,0.0203086100518703,-0.0620650202035903,0.0921651571989059,0.112043872475624,0.0876764506101608,-0.0535739362239837,-0.0865724086761474,-0.1227044612169265,0.0545785017311573,0.0949620977044105,0.0070348177105188,0.0718070194125175,0.0799862220883369,0.1181529238820076,-0.1204311773180961,-0.1052125766873359,0.0280328821390867,0.0314331389963626,0.1179688200354576,-0.1166963204741478,-0.1231764629483223,-0.0056744557805359,0.1115042716264724,0.044134683907032,-0.0443241782486438,-0.026306951418519,0.0150589486584067,0.0549384020268917,0.1059072017669677,0.0834074765443801,0.1462337672710418,0.172068640589714,0.12814562022686,-0.0522143766283988,-0.1207956299185752,0.0167540032416582,-0.0349465161561965,-0.1651594191789627,-0.0355574190616607,0.0613265372812747,0.0123882498592138,-0.0274594575166702,-0.1144593432545661,-0.0666043758392334,-0.1373174488544464,0.0415244996547699,0.1129116937518119,-0.0542182214558124,0.0117587018758058,-0.0616389587521553,0.0863168239593505,-0.1040225848555564,0.0124327978119254,0.0266573838889598,-0.0257886610925197,0.1421429514884948,0.0858019217848777,0.117791973054409,0.0024673461448401,0.0418707653880119,0.0837415754795074,0.1315172165632248,-0.0598018281161785,0.0543722361326217,-0.0690611228346824,0.0499470196664333,-0.0267975218594074,-0.1008469313383102,0.0070981476455926,0.0563050135970115,-0.1343531161546707,0.1619156897068023,0.0213910695165395,-0.0201052259653806,-0.0029268225189298,-0.0622777603566646,0.0747400373220443,-0.078146256506443,0.0245766583830118,0.0266150198876857,-0.1074572578072547,-0.0106608849018812,0.0808394104242324,-0.052816703915596,0.076259545981884,-0.0606083534657955,-0.0878201201558113,-0.1406264454126358,0.0447066687047481,-0.0854742676019668,0.0195944514125585,-0.1023623272776603,-0.0020615549292415,-0.1151836812496185,-0.0610219798982143,-0.1387115567922592,-0.0515148378908634,0.0410941690206527,-0.0656663700938224,-0.0421624518930912,-0.0610235333442688,-0.1553865075111389,0.0241573359817266,-0.0992958322167396,0.1196682006120681,-0.0016514247981831,-0.1481567770242691,0.0394437983632087,0.0138551862910389,-0.0585136078298091,0.161470279097557,0.0757606998085975,-0.1217569559812545,-0.1040528044104576,-0.0352990292012691,-0.012356586754322,-0.075821153819561,0.0699888542294502,0.0468284524977207,-0.1408647745847702,0.0730199441313743,-0.119164153933525,-0.0499867089092731,0.0511246956884861,-0.1146039590239524,-0.0196744091808795,0.1680351048707962,-0.0119823394343256,-0.0770411342382431,-0.126962274312973,0.0476674400269985,-0.1698019653558731,-0.1293525397777557,0.1350741684436798,-0.1030317246913909,0.1455436497926712,-0.1477315127849578,-0.0103557165712118,-0.06632661819458,-0.0862846970558166,-0.0168887395411729,-0.0363684371113777,-0.111849695444107,-0.1347930133342743,-0.1072238385677337,0.0412975512444973,0.0421596840023994,0.1137964576482772,0.090764433145523,0.0770647600293159,-0.0139698786661028,-0.1204639673233032,0.1341863572597503,HGARXHGZOQTTSB-UHFFFAOYSA-N,COc1ccc(NC(=O)c2ccc3nn(CC(=O)Nc4cccc(SC)c4)c(=O)n3c2)cc1
0.1144569739699363,-0.0364908911287784,0.1140010505914688,0.1131918802857399,0.1143426448106765,0.0790775045752525,-0.1132498234510421,-0.0343030355870723,-0.0562039017677307,0.0143056977540254,0.0993297323584556,-0.1112576201558113,-0.0677937418222427,0.0907961279153823,0.0794509127736091,-0.109054684638977,-0.1146596297621727,0.0639370381832122,0.1095735505223274,0.1146280467510223,-0.0624490119516849,-0.034694779664278,-0.0171069595962762,0.0931987687945365,-0.0960526019334793,0.0436088405549526,-0.1143528670072555,-0.1055560782551765,-0.019207751378417,0.1036668792366981,-0.007437736261636,-0.1045859679579734,0.1133740842342376,-0.0376553684473037,0.0844642147421836,0.0456690564751625,0.0671193227171897,-0.1141627207398414,-0.114530399441719,-0.1106308922171592,-0.0348511114716529,-0.0180006008595228,-0.1130939647555351,0.0115468204021453,-0.1113581955432891,-0.0575802288949489,0.0444012060761451,0.0706087574362754,0.1140452176332473,-0.0978078246116638,0.1111581549048423,0.1134046912193298,-0.1145256236195564,0.1147232949733734,0.1098328679800033,0.0441905185580253,0.0180332697927951,-0.0567502118647098,-0.0962513387203216,0.1115733534097671,0.113970935344696,0.1146466061472892,0.0319074094295501,0.0584414564073085,-0.1146520376205444,0.0263736899942159,-0.1067989096045494,-0.1088648810982704,-0.0046968287788331,-0.0882268771529197,0.1041067391633987,-0.1078281104564666,0.044297270476818,0.0787910148501396,-0.1116423085331916,-0.0615216232836246,0.0704168155789375,0.1021805852651596,-0.0623199567198753,-0.0492396540939807,-0.031627383083105,0.1106785908341407,0.1126500368118286,0.080035425722599,-0.033557042479515,-0.0839635804295539,0.1057167425751686,0.1028884574770927,-0.1047264039516449,0.0374022163450717,0.1142745912075042,0.0968370735645294,0.00620853388682,-0.1145720481872558,-0.0986187532544136,0.0954597741365432,0.1073342338204383,0.100824162364006,0.0011380005162209,0.0738020539283752,-0.1044636443257331,0.0896449759602546,-0.031122088432312,0.083082191646099,0.0979352742433548,0.1018869876861572,0.1141993701457977,-0.050497468560934,0.1102778986096382,0.0972917154431343,0.1147195100784301,-0.1003602221608161,-0.1042974814772605,-0.1147086098790168,0.0545245334506034,0.1112923175096511,-0.1128659024834632,0.1119027882814407,0.0954195484519004,-0.1084928512573242,0.0830318108201026,-0.0073474398814141,0.0936267301440239,-0.1076621413230896,0.0301587171852588,-0.0956890806555748,0.053233053535223,-0.075677141547203,-0.0730437487363815,0.1063104942440986,-0.0963717103004455,-0.053644061088562,0.0965131446719169,-0.0945246517658233,0.0367692448198795,0.0862529054284095,0.0283278822898864,-0.1061199381947517,0.0816096812486648,0.1074854135513305,-0.1021745577454567,-0.0907485261559486,-0.1075914800167083,-0.1016507670283317,0.0286082234233617,-0.0325413420796394,0.096683919429779,-0.0953965857625007,0.0637576952576637,0.1072456687688827,0.1054973527789115,0.1067515537142753,-0.1073577478528022,0.1076730489730835,0.0967212542891502,0.1078610941767692,0.106706827878952,-0.1077620312571525,-0.004261867608875,-0.0721530318260192,0.1049114540219307,-0.0877792686223983,0.1078162491321563,0.02372389100492,-0.0255651641637086,-0.0944954827427864,-0.1071498617529869,0.1017811521887779,-0.1065412983298301,-0.1037505492568016,-0.1069139242172241,0.0443824864923954,0.0843920707702636,-0.107084609568119,0.1074425503611564,-0.107505016028881,0.1050803065299987,-0.095460295677185,0.1020726487040519,0.1054523810744285,-0.1064272224903106,0.0456408150494098,-0.1037679985165596,-0.1022018119692802,0.0676052495837211,0.0883298739790916,0.0828719511628151,-0.0978136882185936,-0.1024810820817947,-0.0345382280647754,-0.1048512160778045,0.0358558781445026,0.0883224830031395,0.0889403969049453,0.1073592454195022,-0.1078652665019035,-0.1060765758156776,-0.1043371632695198,0.101238302886486,0.0271523520350456,-0.0793066024780273,-0.0417163074016571,-0.030636103823781,-0.0180186871439218,0.098381832242012,-0.0085566081106662,0.1063926517963409,-0.1052964404225349,0.0186706148087978,0.0835819020867347,-0.0736272409558296,0.0537624284625053,-0.0006832018843851,0.1044114530086517,0.0899323746562004,-0.0938650146126747,0.0050133946351706,-0.1021247506141662,-0.0858561620116233,-0.0969514697790145,0.0844821035861969,0.1075138002634048,-0.1038108691573143,-0.1068738251924514,-0.1060401052236557,0.0034369307104498,-0.0704640075564384,0.1051646098494529,0.0269122850149869,0.0804876834154129,-0.1064236760139465,0.0867391228675842,-0.1058883890509605,-0.1070691719651222,-0.1076986417174339,0.1042984277009964,-0.10673388838768,0.0372408926486969,-0.1078109666705131,-0.1035446301102638,-0.0999093800783157,0.1061409339308738,-0.0461192801594734,0.0973182693123817,0.0546104237437248,0.0895154550671577,0.1073237583041191,-0.1044576838612556,0.0300251264125108,0.094959445297718,0.1051236093044281,-0.1000737026333808,0.0815637707710266,0.034221027046442,-0.1009172424674034,-0.0053839357569813,0.078877754509449,0.0911684855818748,0.1051274910569191,-0.0942790061235427,-0.0887254104018211,-0.1031796038150787,-0.1097233295440673,0.1068684160709381,-0.0604031831026077,0.1082484200596809,-0.0162636376917362,0.0790483430027961,-0.0545101650059223,0.109613761305809,0.0921024307608604,-0.0086938114836812,-0.0723977237939834,-0.108905516564846,0.0883115231990814,0.059780117124319,-0.1097504943609237,0.0277716405689716,0.0942656472325325,0.0849519893527031,0.1091779619455337,-0.079195350408554,-0.0546933934092521,-0.10975231975317,-0.005749731324613,0.0422118119895458,-0.0857389345765113,-0.0337181612849235,-0.1098837926983833,-0.1081484481692314,0.0679089128971099,-0.0489386804401874,-0.0921383053064346,-0.1093134731054306,0.0571969896554946,-0.104133017361164,0.062653511762619,0.1032926142215728,0.1026641726493835,-0.0895445719361305,0.1001824811100959,-0.0468477271497249,-0.1062259301543235,0.0492097772657871,-0.109734371304512,-0.0187328476458787,0.1020258069038391,-0.0342631004750728,-0.071191631257534,-0.1097350791096687,0.1012166589498519,0.0666348189115524,0.1097877845168113,-0.1093227416276931,0.1042019501328468,0.0874256193637847,0.0229998063296079,-0.1073552817106247,-0.0926434099674224,0.0771316960453987,-0.1097765415906906,0.1074747294187545,-0.1076585724949836,-0.0865984931588172,0.1098885908722877,0.0413918048143386,-0.1083020195364952,-0.1097798645496368,-0.107779286801815,-0.0573608614504337,0.1095501109957695,0.1090238094329834,-0.0410337746143341,0.1094010770320892,0.0289685148745775,-0.0329684577882289,0.1094619333744049,0.1095184609293937,0.0044018016196787,0.1078201606869697,0.0796948224306106,0.1096903383731842,0.1064771488308906,0.0664612203836441,-0.1097352802753448,0.1078326925635337,-0.1082454472780227,0.1073856577277183,0.1093761548399925,-0.0711994022130966,0.0610932260751724,0.1098298355937004,0.1030571237206459,0.1075070574879646,0.1080995798110961,-0.1076747998595237,-0.1093831285834312,0.0175306946039199,-0.1078775897622108,-0.1098026186227798,0.1030638292431831,-0.070359468460083,-0.0802743285894393,-0.1086030006408691,0.1085349768400192,-0.1091678068041801,0.1023107543587684,0.0864865034818649,-0.0874199941754341,-0.0593111328780651,-0.1022323593497276,0.072377324104309,0.0039042187854647,0.1098863780498504,-0.1098866239190101,0.0948333963751792,0.0169364400207996,-0.078774943947792,0.0833920240402221,-0.0159988403320312,-0.0440499112010002,-0.0968505516648292,-0.0431705340743064,-0.0005775626632384,-0.1113537847995758,0.0815173462033271,-0.1024058759212493,0.0357954911887645,-0.1077879518270492,0.0586647614836692,-0.1127784475684166,-0.090751051902771,-0.0548479631543159,-0.094213880598545,0.0787070393562316,-0.1040056198835372,0.1075428649783134,-0.0188645496964454,-0.1172289028763771,0.0568493455648422,-0.1021970883011818,-0.0943741723895073,0.1068673729896545,0.0956334024667739,-0.0655486285686492,-0.0999866724014282,0.0861788392066955,-0.0474766828119754,0.1149324402213096,-0.0395383797585964,-0.0559621192514896,0.0652517229318618,-0.1098360121250152,-0.0828030258417129,0.028390098363161,0.0982425361871719,0.1039369702339172,0.0949187949299812,0.116064503788948,-0.0923907756805419,0.1114803031086921,0.0714913755655288,-0.0547141060233116,0.111136682331562,0.0606004893779754,-0.1063921302556991,-0.0749133676290512,-0.0516145229339599,0.090590164065361,0.0370826795697212,0.1104125678539276,0.091932475566864,-0.093563973903656,-0.0812993049621582,0.0114994309842586,0.097920536994934,-0.0950128212571144,0.0784007608890533,0.1006737053394317,0.0965434834361076,0.1106961444020271,0.1169740334153175,0.0581860952079296,0.1020462960004806,0.0227470342069864,-0.0591781362891197,0.0870729088783264,0.0248099192976951,0.116665281355381,-0.102142758667469,-0.1035374775528907,0.1111124828457832,-0.0807213112711906,-0.0817816480994224,0.1076057627797126,0.0533917210996151,0.0721028000116348,-0.1007428765296936,-0.1091268509626388,-0.107384093105793,-0.0274323057383298,-0.0523642525076866,0.0973582491278648,-0.1135912835597992,0.0192331820726394,-0.0488126836717128,0.0931262597441673,-0.0692119002342224,-0.013126260600984,0.0701791644096374,-0.1118208840489387,0.1165695935487747,0.1109526827931404,-0.0860579833388328,0.1099965274333953,0.1036212891340255,-0.0308552626520395,-0.1159707233309745,-0.1119543835520744,-0.0901894271373748,-0.0934483110904693,0.116508699953556,0.1110197678208351,-0.1105702891945838,-0.1053042560815811,-0.1104337647557258,-0.0293694268912076,0.0814476460218429,0.1127737686038017,-0.0671330019831657,-0.047687541693449,-0.1033687144517898,0.1167275384068489,-0.0572254285216331,0.0369339622557163,0.0650437921285629,0.1170196607708931,-0.0731241479516029,0.1120745092630386,0.1023686528205871,0.1125321388244628,-0.0989304184913635,-0.1136160939931869,0.1097418144345283,0.0504103191196918,-0.0830431655049324,0.0847637578845024,0.0664975568652153,-0.0233443528413772,0.0594468973577022,-0.0226926356554031,0.1010505780577659,-0.1292696595191955,0.1003243625164032,-0.1023093089461326,-0.1017457097768783,0.107689268887043,-0.1221581175923347,0.0892602279782295,0.041683591902256,0.1311321705579757,-0.0395675264298915,-0.0911228209733963,0.1085733324289321,-0.1308269500732422,0.0712322741746902,-0.1027312651276588,0.1107234582304954,0.1061677783727645,-0.1117108687758445,-0.033662624657154,0.0108568910509347,0.1363114118576049,0.0546962991356849,-0.0571318492293357,0.136539801955223,0.0685900449752807,0.0507914163172245,-0.1327950805425644,0.1279839128255844,-0.138002723455429,-0.0822638198733329,-0.0208921805024147,-0.0642532035708427,0.0409054085612297,0.0739199891686439,0.0267562940716743,-0.0300412997603416,0.0813744068145752,-0.0338049903512001,-0.0917481333017349,0.1178874671459198,-0.0512988865375518,0.0829388499259948,-0.1278573125600814,0.1090355515480041,-0.0420617833733558,-0.1347062736749649,-0.0846486911177635,-0.1125286146998405,0.0052705099806189,0.0791563615202903,0.1070785149931907,0.0021322495304048,-0.0793114602565765,0.0623940154910087,-0.028403878211975,-0.0937748551368713,0.0100540313869714,-0.0377298519015312,0.1372905820608139,0.0655688792467117,-0.0931121706962585,0.0632305890321731,0.1261632740497589,0.0648298412561416,-0.0241909734904766,0.1215824261307716,0.1299537867307663,0.0276125632226467,0.1079654395580291,0.0413065925240516,0.027254544198513,-0.1023581996560096,-0.1166842281818389,-0.041430439800024,0.0592203959822654,-0.1230209320783615,-0.1198763027787208,0.0433002188801765,0.0636220425367355,-0.0134801268577575,0.0242484714835882,0.1259606629610061,-0.0540198013186454,-0.0304232388734817,-0.0615848712623119,0.0818281024694442,0.0824247971177101,0.0035417408216744,0.1227637305855751,0.0898436084389686,0.1363702416419983,-0.0176300816237926,-0.1279670745134353,-0.1007442474365234,0.11453727632761,0.0047218143008649,0.1392130106687545,0.0164977964013814,-0.0539247393608093,0.1310440897941589,-0.0794993564486503,0.006860782392323,-0.0139738488942384,0.0182440504431724,0.0299044921994209,0.1291772425174713,0.0444743111729621,0.0615648254752159,-0.101803570985794,-0.1117338389158248,-0.1330696046352386,0.0775049701333046,0.0115222390741109,-0.0394643135368824,-0.0843882337212562,0.1151547655463218,0.1104207187891006,-0.134356677532196,0.1368113458156585,0.0654808208346366,-0.1133511811494827,0.0348232202231884,0.004060979001224,0.0505887046456337,-0.0640156120061874,0.0893046855926513,-0.111541211605072,-0.1283050924539566,-0.0915485247969627,-0.0105917798355221,-0.0678771138191223,0.0903127864003181,0.0400177799165248,0.1313892155885696,0.1616301834583282,0.1521786153316497,-0.0710615441203117,-0.1073665395379066,0.0970917046070098,-0.0096240704879164,-0.1243180334568023,-0.1124329715967178,0.1171264499425888,0.0623417794704437,0.0217223931103944,-0.1389254629611969,-0.1089242845773696,-0.1594895124435424,-0.0120745720341801,0.1013347581028938,-0.0950132682919502,-0.1135156974196434,0.0142308855429291,0.0704817920923233,0.0212741922587156,0.0162283964455127,0.0471290275454521,-0.1007322892546653,0.0643916428089141,0.0634643733501434,0.0503993108868598,0.0049516572616994,-0.1117521300911903,0.1154215335845947,0.1445685625076294,-0.0531966686248779,0.0622433759272098,-0.1183382496237754,0.1103401407599449,0.0102336825802922,-0.1234883666038513,-0.0876130387187004,0.116762027144432,-0.0413137599825859,0.1641926169395446,0.0335902236402034,-0.0221287030726671,0.1030495688319206,-0.1385235488414764,0.0614413805305957,-0.0210119467228651,0.0003663392853923,0.0077844206243753,-0.0953217074275016,-0.0737370401620864,-0.0905071720480918,0.0091078346595168,0.0700548589229583,0.0080075105652213,-0.0179541669785976,-0.0567799024283885,-0.0717741400003433,0.0660035014152526,-0.0490170642733573,-0.0339115336537361,-0.0272255614399909,0.1280814409255981,0.0447445064783096,-0.1423774361610412,-0.0810906663537025,0.0102072013542056,-0.0758875682950019,-0.1004042029380798,-0.0930045992136001,-0.1520411521196365,0.0033644863869994,-0.089742973446846,-0.0756221935153007,0.0772013068199157,-0.1494983583688736,0.0882608741521835,-0.0364867709577083,-0.1026250272989273,0.1369222104549408,0.0541012212634086,-0.0440730601549148,-0.0908801779150962,-0.1233493313193321,0.0235620252788066,0.0384056121110916,0.0080633610486984,0.0382387265563011,-0.1316859126091003,0.0473114438354969,-0.066432274878025,0.081541508436203,-0.0407974272966384,-0.0078544029965996,0.00622413540259,0.1579101979732513,0.082625538110733,0.0338068380951881,0.0208866726607084,-0.0315315872430801,-0.1338423639535904,-0.0936051979660987,0.1379290223121643,-0.135190263390541,0.1370440125465393,-0.0806615054607391,0.1581750661134719,-0.1089762821793556,0.0700759142637252,-0.0465851239860057,-0.0598384216427803,-0.1374573856592178,-0.0795474126935005,-0.0220821518450975,0.0334878414869308,0.1105852276086807,0.1604024022817611,0.0176016669720411,0.0796590223908424,-0.0707946866750717,0.0646589398384094,0.0714033618569374,FDOBXQFYJGXYGN-UHFFFAOYSA-N,Cc1cc(C(=O)N2CCSCC2c2cnn(C)c2)no1
0.0970492213964462,-0.0292036943137645,0.1090506464242935,0.1066488847136497,0.0816093608736991,-0.0305445194244384,-0.1088759154081344,-0.0525002218782901,0.1058128550648689,0.0776212438941001,0.1079783216118812,-0.0681024640798568,0.1083039715886116,0.1018748059868812,0.0435194075107574,-0.0075993309728801,-0.0066129309125244,0.0760634467005729,-0.1066808104515075,0.1090515479445457,-0.026840815320611,-0.1085394322872161,0.1076245680451393,-0.0869103595614433,-0.1019129380583763,-0.1073932126164436,-0.1089692041277885,-0.0508742034435272,-0.0252467654645442,0.0889047309756279,-0.0151508161798119,-0.1028486043214798,-0.0444521456956863,-0.1085708439350128,-0.1080577224493026,0.1023894399404525,-0.0639638975262641,0.1076912730932235,-0.1085611432790756,0.089269146323204,-0.1090442240238189,-0.1070615202188491,-0.0825727507472038,0.1000421717762947,0.0787407606840133,-0.0358825512230396,0.1021623238921165,-0.1036603227257728,0.0864180549979209,-0.0953849181532859,0.1079270467162132,-0.0670008659362793,-0.0976231694221496,0.1030243784189224,0.1078305914998054,0.1059448942542076,0.1079515889286995,0.1054231375455856,-0.1089145094156265,0.1052669882774353,-0.1090145036578178,0.105497658252716,0.0480153039097785,0.0868923664093017,0.0915192142128944,-0.071622222661972,-0.0980610623955726,0.1074890121817588,0.1013504192233085,-0.006081243045628,0.0329584740102291,0.109056681394577,0.0951421707868576,-0.1084258407354354,0.1080081164836883,-0.1089954301714897,0.0449236407876014,-0.1089585125446319,-0.1085088923573494,-0.0320424437522888,0.0123106474056839,0.105553887784481,0.1089745834469795,-0.052434217184782,0.0308010727167129,0.1059501394629478,0.101149745285511,0.0752123370766639,-0.1037337481975555,0.0942759364843368,-0.0666732043027877,-0.052828911691904,-0.1041428074240684,-0.0563523843884468,-0.1090540513396263,0.1090488582849502,-0.1011395007371902,-0.0469194576144218,0.0335816070437431,0.0607171095907688,0.0686855390667915,0.0984912738204002,0.075772501528263,0.1090429797768592,-0.0439878068864345,0.0752604305744171,0.1090487018227577,-0.0182202421128749,-0.1044064909219741,-0.0870872288942337,0.1072501614689827,0.1090501174330711,0.0411199294030666,-0.0653155371546745,0.1051996424794197,0.0094291130080819,-0.0976433455944061,-0.0888457000255584,0.0994474291801452,-0.1021515056490898,-0.1048683002591133,0.0466333776712417,0.1079062521457672,0.1089474707841873,-0.0976907685399055,0.0625498667359352,-0.0129690058529376,-0.1089067086577415,0.1280031949281692,0.0072451080195605,-0.0080406013876199,0.1120309457182884,0.0535052381455898,-0.0211763884872198,-0.1206594631075859,0.0434209816157817,0.0730307251214981,0.0704817250370979,0.0782893002033233,0.0570000782608985,-0.113732136785984,-0.100848913192749,-0.0396473444998264,-0.0662178695201873,0.096048854291439,0.1216548308730125,-0.1002771779894828,-0.1008627712726593,-0.091384969651699,0.1144725307822227,-0.0918473601341247,0.0172338187694549,-0.1226943805813789,0.1234681382775306,-0.1232950761914253,0.0644536837935447,0.0894264355301857,-0.0732547715306282,0.0583942160010337,-0.1004842668771743,-0.0807953849434852,0.1241788491606712,0.124680645763874,0.069831483066082,-0.1181684732437133,-0.1019036546349525,-0.113217256963253,-0.066995657980442,0.0615090206265449,-0.0188277680426836,-0.1232498064637184,-0.105881467461586,0.063567504286766,-0.1266441196203231,0.0628720298409462,-0.008528608828783,-0.0527220778167247,0.1262722313404083,0.093989111483097,-0.0261393710970878,-0.124420665204525,0.073736235499382,5.5111635447246954e-05,-0.0995789244771003,-0.0901510491967201,0.054871991276741,-0.0955065861344337,-0.1054324880242347,-0.0102509353309869,-0.083691194653511,-0.0774652361869812,0.1191928312182426,0.1147049963474273,0.0449284017086029,0.0330993756651878,-0.0585304498672485,-0.1059599369764328,0.1162611544132232,0.0451315380632877,-0.1224327757954597,0.0408850163221359,-0.0633026510477066,-0.0851017609238624,0.0536520853638649,-0.0822267010807991,0.1221265643835067,0.0929745435714721,-0.1198995262384414,-0.0987737774848938,0.0424853563308715,0.055327408015728,0.026994701474905,0.0680049508810043,0.0412588715553283,0.1156097501516342,0.0647874251008033,-0.1079190522432327,0.1048052310943603,-0.0693295076489448,-0.1162232309579849,-0.0176110137253999,-0.0697027370333671,-0.0649620965123176,0.089978776872158,0.0862834751605987,-0.0405733212828636,-0.0921249911189079,-0.0021188554819673,0.1119935885071754,0.0489547029137611,0.0902696996927261,0.0035319628659635,-0.1056960076093673,-0.0650993436574935,-0.1253237128257751,0.1051635667681694,-0.1217343136668205,-0.0552104376256465,-0.1198951676487922,0.0881198868155479,-0.0877295359969139,0.0925521031022071,-0.1123961433768272,0.1121412739157676,-0.0952704176306724,-0.0349061191082,0.1238107085227966,-0.0462111607193946,0.1268757730722427,-0.1207822486758232,0.1164405867457389,0.110879085958004,0.0271319039165973,-0.1178914606571197,-0.008750625886023,0.109847642481327,0.0614078156650066,-0.0437267944216728,0.0323624052107334,-0.0990121588110923,-0.1018996760249137,-0.1035273522138595,0.0738643333315849,-0.0992126315832138,0.0020198526326566,-0.0897498652338981,0.1034665182232856,-0.1020760685205459,-0.1035299003124237,-0.1035295948386192,0.096102200448513,-0.0991509705781936,0.0968985185027122,0.1035114079713821,-0.1010622754693031,-0.1027406007051467,-7.340846877923468e-06,0.1012711226940155,0.090163730084896,0.1031821817159652,0.0903095155954361,0.0822934657335281,0.1029416918754577,0.073271244764328,-0.095589242875576,0.0541557781398296,-0.1014284566044807,-0.1035149693489074,0.0597865395247936,-0.10199736058712,0.0981469601392746,-0.1016053408384323,-0.1035160645842552,-0.1034443899989128,-0.1001295000314712,-0.0541360080242157,-0.0913806706666946,0.0819460749626159,0.1034979671239852,0.065994031727314,0.1032812595367431,0.068696305155754,0.0043530049733817,0.0731711685657501,0.1027634814381599,-0.071988396346569,0.0995780229568481,0.0964924842119216,-0.0676252245903015,0.0896272882819175,-0.0784975290298461,-0.0517127588391304,0.0949307158589363,-0.1015893369913101,0.0260024033486843,0.0807762071490287,-0.0994344502687454,-0.0956281274557113,0.1034308895468711,0.0771878361701965,0.1031630486249923,-0.0232940278947353,0.0378093011677265,0.0868135094642639,0.1033957228064537,0.1012839078903198,-0.1034018322825431,-0.1000108793377876,-0.1017774567008018,0.1034691855311393,0.1034992411732673,-0.1035021170973777,-0.1030491068959236,0.1032553762197494,-0.0684631243348121,-0.0994395166635513,-0.0940937474370002,0.0897116139531135,0.0646665468811988,-0.10341227799654,-0.1031683757901191,-0.1015983372926712,0.097065582871437,-0.091506540775299,-0.0808835178613662,0.0428357049822807,0.101832278072834,0.100845530629158,-0.0934388786554336,0.084554947912693,0.0429508201777935,-0.1032702624797821,-0.102794736623764,0.102708987891674,0.1030053943395614,-0.1017121896147728,-0.1035215258598327,0.0437733046710491,0.084885686635971,0.0313371531665325,-0.1035115867853164,0.1029627248644828,-0.1034599542617797,0.1021268740296363,-0.0771929919719696,0.051705427467823,0.0483732968568801,0.1015083119273185,0.0783264487981796,0.1033902391791343,0.0815582349896431,-0.0994172468781471,-0.0466617159545421,-0.1035262495279312,0.1035302653908729,0.1030598208308219,-0.0913251414895057,0.0251434072852134,0.0941841378808021,-0.0534245483577251,0.1028824970126152,-0.0595844238996505,-0.0632193461060524,0.0681725218892097,0.0278939865529537,0.0824808701872825,-0.0896859690546989,-0.0550927147269248,-0.0541532263159751,-0.0423344448208808,-0.0946020111441612,-0.0802921131253242,-0.0493208691477775,-0.0877867341041565,0.0661084800958633,0.0972999185323715,0.1319568306207656,-0.0584007911384105,-0.1006617099046707,-0.0313612259924411,-0.1268693506717682,-0.1260698586702346,0.0702652856707573,0.0334899723529815,-0.0235496088862419,0.0551113523542881,0.0196077656000852,0.0888435021042823,0.1451780050992965,0.0152894258499145,-0.1435284316539764,-0.0544904470443725,-0.0376160182058811,-0.1135869473218917,-0.0392809547483921,0.1487225890159607,-0.048633761703968,0.0158944763243198,0.1371480524539947,0.0763826891779899,0.0625545904040336,-0.0912088677287101,0.0801688954234123,0.0111517617478966,0.0839606970548629,-0.1103221029043197,-0.023523673415184,0.1419894397258758,0.0833930820226669,0.0563159994781017,0.0542405880987644,0.1190127059817314,-0.0852324515581131,0.0843437016010284,-0.045989166945219,-0.0487963706254959,-0.0133288940414786,0.0257036164402961,0.0139903388917446,0.0015254507306963,0.1378551721572876,0.1352100819349289,0.0948009043931961,0.047717198729515,-0.0204670559614896,0.1083603426814079,0.1555284112691879,0.0492580570280551,0.1084105893969535,-0.1090612411499023,-0.0722798109054565,-0.0725010782480239,-0.0044235801324248,-0.0687226057052612,-0.0748034864664077,0.056990098208189,-0.0925270915031433,0.0771619901061058,-0.1196385473012924,-0.0119927329942584,0.0678457394242286,-0.0541291683912277,-0.054729014635086,-0.1335266381502151,0.0218504332005977,0.1417832970619201,-0.1435369700193405,-0.1568535715341568,-0.1007137894630432,-0.0413031987845897,-0.1022859215736389,0.1480885148048401,0.0715741887688636,0.1084611639380455,0.0557513684034347,0.0602494515478611,-0.1206343024969101,-0.1500102579593658,-0.0904503613710403,-0.0548163875937461,0.0155924446880817,0.1020636782050132,0.1020049676299095,-0.0817441791296005,0.0842264741659164,-0.0039111971855163,0.0649349689483642,0.0259190984070301,0.0953276455402374,0.1356661766767501,-0.0885143429040908,-0.0726399570703506,0.1549987345933914,0.1229476556181907,-0.0397594049572944,-0.0784414783120155,0.1110654920339584,-0.0903628170490264,0.1105167865753173,0.0511880218982696,-0.0743143483996391,-0.130041629076004,-0.043032456189394,0.0261801071465015,-0.0153183965012431,0.1097159832715988,0.0951017215847969,-0.0183901153504848,-0.1191075593233108,-0.1458407640457153,-0.055554199963808,0.1319562792778015,-0.1048692241311073,0.1035839393734932,0.1381695121526718,-0.044034406542778,0.1113146021962165,0.1426254510879516,0.1556853055953979,-0.0466670244932174,0.1416931003332138,-0.1054227575659751,0.0237394515424966,-0.037980530411005,0.0872790366411209,0.0769188404083252,0.050869021564722,-0.1363759338855743,0.046683844178915,0.0453642196953296,0.0399794280529022,0.1058300882577896,-0.0968235656619072,-0.0583372078835964,-0.0910369902849197,0.0969146490097045,-0.111654095351696,0.1616487503051757,-0.1132097020745277,-0.0974841266870498,-0.115000694990158,0.0956693440675735,0.0859209969639778,0.1079856976866722,0.046397041529417,-0.0147161614149808,-0.0934240072965622,-0.1125226467847824,0.0309187918901443,-0.1419449597597122,0.0539890751242637,-0.0620612949132919,-0.1023751050233841,0.0221177227795124,-0.0605746060609817,-0.1010289192199707,-0.1097225844860076,-0.0151948519051074,-0.0828767269849777,-0.0810471251606941,0.0620406381785869,-0.1086582988500595,0.1054008305072784,0.0337487794458866,0.1253104507923126,-0.078366033732891,0.0165104083716869,-0.0027059102430939,-0.0846621692180633,0.0460425838828086,0.1400732994079589,0.012766077183187,0.0134979076683521,0.0628567412495613,-0.0026490068994462,0.0965180844068527,-0.1054247915744781,-0.119620993733406,0.0360901728272438,0.0770534723997116,0.0121239451691508,-0.0174409728497266,0.0354714021086692,-0.1262622773647308,-0.1023223772644996,-0.0299371425062418,0.0405468568205833,-0.0183238945901393,0.102003738284111,0.0209081545472145,-0.0516640655696392,0.0002450027095619,0.035933781415224,-0.088554173707962,-0.0821480676531791,0.0420044064521789,-0.1024531871080398,-0.0713964104652404,0.0671202838420867,0.1043937429785728,-0.0345670953392982,0.1372151523828506,0.1195831894874572,-0.1044521033763885,-0.1561719179153442,0.0312314983457326,0.1593342870473861,-0.0190230552107095,0.1138038262724876,-0.052312396466732,-0.0340189859271049,-0.0359999760985374,0.0315593555569648,-0.0552459508180618,-0.0786575824022293,0.0684605240821838,0.0070801279507577,0.125745877623558,-0.1246450468897819,0.1015725433826446,-0.0132044404745101,0.107009433209896,-0.0864717736840248,-0.0150268981233239,0.1420259624719619,-0.1116131097078323,0.0263746734708547,-0.1118932887911796,0.1647954881191253,-0.0564686357975006,0.1072474643588066,0.084681823849678,-0.1569355726242065,-0.1333351880311966,0.0454296767711639,-0.0279419124126434,-0.0534728541970253,-0.0484349690377712,-0.1443181037902832,0.0564793013036251,-0.0721435993909835,0.0260814484208822,-0.0549525767564773,0.1150519698858261,0.0155642218887805,0.1363629400730133,-0.0353084616363048,0.1472264528274536,-0.0657215863466262,-0.0513879433274269,0.1423741281032562,0.063502237200737,0.0860117748379707,-0.1261186003684997,0.1377697438001632,-0.0264469683170318,-0.0533480085432529,0.0648179799318313,0.0246975645422935,-0.1192963272333145,0.0622907429933548,0.1132526993751525,-0.029332498088479,-0.1403879821300506,0.0453899763524532,0.0159620661288499,0.059787917882204,0.1471819132566452,-0.0358139537274837,-0.066837191581726,0.0824587866663932,0.0231571998447179,0.0595596097409725,0.0018963613547384,-0.1435019224882125,-0.0443812571465969,0.0736443549394607,-0.0163634810596704,0.0683846697211265,0.0747807472944259,0.1478324234485626,0.0102453222498297,0.0126210963353514,-0.1282485276460647,0.1145201250910759,0.1329693645238876,0.1465235203504562,-0.0457470677793026,0.0945122390985488,0.0936264544725418,0.0785442441701889,-0.0322965681552886,0.0815813913941383,-0.0222574733197689,0.0159391947090625,0.1103872656822204,-0.1226040199398994,-0.0627836808562278,-0.1363454610109329,-0.1153625771403312,0.0223116036504507,-0.0022446212824434,0.050688125193119,-0.09617430716753,0.1391724497079849,-0.1103770583868026,0.0506008714437484,-0.0834003239870071,0.0459510423243045,0.0886376127600669,-0.1144461184740066,-0.103762611746788,-0.08535648137331,0.0574145428836345,0.0622134804725647,0.0847853347659111,0.0087508503347635,0.065195545554161,-0.1269748657941818,-0.1061132699251174,0.1132717132568359,-0.0209706798195838,0.0490159317851066,0.1152729988098144,0.0081982593983411,-0.0073436121456325,0.1209810897707939,0.0108535317704081,-0.010238773189485,-0.1078051403164863,0.0781064704060554,0.0508097298443317,-0.0495468489825725,0.1129338890314102,0.0452206693589687,0.1135423183441162,0.0787878036499023,0.0746881365776062,0.0965205356478691,-0.0327946059405803,0.0008861778769642,0.1307294219732284,-0.0327066145837307,-0.0688048675656318,0.120757520198822,-0.116207331418991,-0.1081179901957511,-0.1282027214765548,0.0017613505478948,-0.1483440846204757,-0.0108782779425382,0.0706806108355522,0.1490548402070999,-0.1210089921951294,0.1459936797618866,-0.1490717381238937,-0.0430701859295368,-0.0168363824486732,-0.1350190639495849,-0.0603600703179836,-0.0923168510198593,0.0370894372463226,0.1352451145648956,-0.0030049891211092,0.1287350356578827,-0.0943758189678192,0.0982145890593528,0.0239726230502128,BVGPSHPJTXWWQS-UHFFFAOYSA-N,CCC(NC(=O)COc1cccnc1)c1ccnn1C
0.1262853294610977,0.0744168981909751,0.0217929501086473,0.1209853440523147,0.1155053451657295,0.0999221429228782,-0.1135350316762924,0.0710930302739143,-0.0873079672455787,0.104532703757286,-0.0898621156811714,0.0634756162762641,0.0366320237517356,0.1179298013448715,0.1065477654337883,-0.1302044838666916,-0.0801878049969673,0.0131831485778093,-0.0225436296314001,0.1263328790664672,-0.1008686199784278,0.0161544773727655,-0.0042331074364483,0.1166662201285362,-0.0878199934959411,-0.0763453841209411,-0.1272874474525451,-0.0271140523254871,0.115769162774086,-0.0294595174491405,-0.1038779094815254,-0.1014613211154937,0.0350424200296402,-0.0438809059560298,0.0529574565589427,-0.0555447489023208,-0.0964357107877731,-0.1058564260601997,-0.0608676448464393,-0.0664523988962173,-0.1022264957427978,0.0283206757158041,-0.1294755190610885,-0.044400505721569,-0.0316052511334419,0.0309835840016603,-0.1243732869625091,-0.1128122955560684,0.0302980691194534,-0.0596574060618877,0.0124656576663255,0.123710036277771,-0.0129624623805284,0.1306785345077514,0.0954905822873115,0.0911567062139511,-0.0995603948831558,-0.1047111451625824,-0.0664486810564994,0.0681505873799324,0.1270149201154709,0.1309421062469482,0.0671695694327354,0.0094086350873112,-0.1210596188902854,0.0971782580018043,-0.1305118352174759,-0.0226514749228954,-0.0959381237626075,-0.1015845835208892,0.0986004695296287,0.039255678653717,0.0681188553571701,-0.0156269446015357,-0.1306929886341095,-0.0830488577485084,-0.1141776442527771,0.0235482323914766,-0.0332268513739109,-0.1121377199888229,-0.0774964168667793,0.1172722652554512,0.1164211332798004,0.0913712978363037,-0.0632360130548477,-0.0139316702261567,0.0670318752527237,0.0960539430379867,-0.1175269931554794,0.0680110603570938,0.1298469603061676,0.1206577941775322,0.0769528746604919,-0.0684633180499076,-0.0094657558947801,0.0064393277280032,0.0564642250537872,0.1159026995301246,0.0355577655136585,0.1005385890603065,-0.1150688752532005,0.0797038897871971,0.0907215252518653,0.0093456329777836,-0.0990647822618484,0.0449381843209266,0.1057717576622963,-0.0158123150467872,0.0299092940986156,0.0996306762099266,0.1210370734333992,0.0041650175116956,-0.1164831891655922,-0.1305058896541595,0.123665414750576,0.1297696530818939,-0.1202446445822715,0.0933885276317596,-0.059973731637001,-0.1168093606829643,0.11161869764328,-0.0615767538547515,0.0857605710625648,-0.1270405650138855,0.0988656431436538,0.0455264337360858,0.0570400059223175,-0.0575946830213069,0.1157397851347923,-0.0128743518143892,0.0281740874052047,0.029480317607522,0.1053431406617164,-0.0715486705303192,0.082022525370121,0.1034135445952415,0.0549572892487049,0.0003020497388206,0.1213994026184082,0.0580440275371074,0.1052993535995483,-0.0879349783062934,0.0311320144683122,0.0118442829698324,-0.093855008482933,-0.1079210340976715,-0.1217335611581802,-0.1127934902906417,-0.0934168249368667,-0.1096243783831596,-0.0969922989606857,-0.082552395761013,0.1180305182933807,-0.0453382022678852,-0.0335312783718109,-0.0496842041611671,-0.1200276389718055,-0.1096813604235649,-0.1210600659251213,0.0150495888665318,-0.0449453443288803,0.1209224164485931,0.1105322390794754,0.0101950010284781,0.1211327984929084,-0.1230666786432266,0.0070316083729267,0.0831544026732444,0.0640870779752731,-0.0795201063156127,0.112830638885498,-0.1087574213743209,0.11983373016119,-0.0938333645462989,-0.092019997537136,0.0466605201363563,0.0613478235900402,0.1150424182415008,0.0544489361345768,-0.0623377859592437,0.0437018685042858,-0.111780397593975,-0.0445067733526229,-0.1024222150444984,0.09193866699934,-0.1234724223613739,-0.0261734873056411,-0.1095004975795745,0.0527169369161129,0.1221397891640663,-0.1202849894762039,-0.1066737994551658,0.1236029863357544,-0.0660995543003082,-0.0475438870489597,0.1060928776860237,-0.1182969957590103,-0.0296963881701231,-0.0847890973091125,-0.0441802330315113,-0.1219616830348968,0.0387317836284637,-0.1209698840975761,-0.1133982837200164,-0.1200793161988258,0.0888505205512046,-0.1117035523056984,-0.0270957555621862,-0.0743432119488716,-0.0102617945522069,-0.0339066125452518,0.0973815470933914,-0.0687890574336052,-0.0037741255946457,0.0630105435848236,-0.0340488404035568,0.0940005928277969,-0.0227842312306165,-0.1207307577133178,-0.0845233127474784,-0.0700050145387649,0.1232720166444778,-0.1177361980080604,0.1157287582755088,-0.103779137134552,-0.0546392165124416,-0.0307740233838558,0.1128537282347679,0.0523212663829326,0.0926217511296272,-0.1046401560306549,-0.0486669354140758,0.0914017781615257,0.0987376049160957,0.0951810106635093,0.0299565307796001,-0.0970619171857833,-0.1025837883353233,-0.0278580989688634,-0.010837834328413,-0.116387702524662,-0.055360872298479,0.118528202176094,0.1072713062167167,-0.0577909387648105,0.115462802350521,-0.1040971651673317,-0.1149377971887588,0.1108175069093704,-0.1133990511298179,-0.0520797185599803,0.0778305977582931,-0.0650315582752227,-0.1145566329360008,-0.1230906322598457,0.0872806459665298,-0.1071502715349197,-0.0010002478957176,0.0588207729160785,-0.0585032403469085,0.1195152178406715,-0.0439263693988323,-0.0977076515555381,0.0460743084549903,-0.0097842514514923,0.0353067740797996,0.1215538531541824,-0.1176306158304214,0.0019267100142315,0.023687083274126,0.0340864099562168,0.0182821564376354,-0.1236212030053138,-0.0942296460270881,0.0687966346740722,-0.0654129832983017,-0.1260190159082412,-0.1236072778701782,0.0444275289773941,0.0516137778759002,0.0259197708219289,-0.0053556403145194,0.0328408777713775,-0.1091495677828788,0.1275865137577057,0.0381767079234123,0.0903628394007682,0.0088351424783468,-0.0723621770739555,-0.0826429426670074,0.1049718111753463,-0.0625975802540779,0.1198301017284393,-0.121764600276947,-0.0440103858709335,-0.0542316026985645,0.0751225501298904,0.0648311674594879,-0.0442546345293521,-0.1264095455408096,0.054195050150156,-0.0448470301926136,-0.0952997431159019,0.0421429350972175,-0.0902692079544067,-0.1044894456863403,0.0985796973109245,-0.1277107745409011,-0.1291715204715728,0.1260712444782257,-0.0444498881697654,0.1250258237123489,-0.0856171026825904,0.0191460568457841,0.0953005105257034,0.0126230549067258,0.0286150705069303,0.1041473373770713,0.107098177075386,-0.0354697220027446,-0.087329626083374,0.1245480328798294,0.0914740264415741,0.1230283677577972,0.1274404376745224,0.0012608892284333,-0.1205318421125412,0.0929948538541793,-0.104503646492958,0.1239791214466095,0.0029296348802745,0.1270884424448013,-0.1135296821594238,0.0765075534582138,0.028324170038104,-0.1238820180296897,-0.0407347530126571,0.066679373383522,0.0977418795228004,0.1206740140914917,-0.1280324906110763,-0.0943632274866104,0.1193063259124755,-0.1106817051768302,-0.119579829275608,-0.0327304378151893,-0.1121277213096618,-0.109258733689785,0.1006376519799232,0.1098829507827758,-0.0722172707319259,-0.1230803057551384,-0.0544058978557586,0.0231019482016563,0.1056209132075309,-0.1214407533407211,-0.1191132441163063,-0.0129087269306182,-0.107855200767517,0.0664195269346237,0.0850252509117126,0.0777888819575309,-0.0316690169274807,-0.0812838748097419,0.127857357263565,0.1225702241063118,-0.0831815227866172,0.011863992549479,0.1251023113727569,-0.1106347069144249,-0.0153434351086616,-0.0793680921196937,0.0028692230116575,0.0573812201619148,0.1023388877511024,0.1185285151004791,0.1131075993180275,-0.1195081546902656,0.0080464761704206,0.1153659150004386,-0.0695635974407196,0.0991087704896926,-0.05306838452816,-0.0683822184801101,0.1269253045320511,0.0973783135414123,0.0056191105395555,-0.1457887142896652,0.0085625471547245,0.0635070875287056,-0.1312254965305328,-0.0972895324230194,-0.1187212169170379,-0.1566212177276611,0.0397777669131755,0.0392690114676952,0.0999766886234283,0.11122377961874,-0.0161672811955213,-0.0672704800963401,-0.0019912174902856,0.0249950047582387,0.1766284108161926,0.094915822148323,-0.0901613906025886,0.0143519798293709,-0.063327208161354,-0.0529728606343269,0.0955606773495674,-0.1092572584748268,-0.1262692213058471,0.1461600661277771,-0.0173838827759027,-0.1066151782870292,-0.0161678921431303,0.0859847143292427,-0.1315309554338455,0.0582573339343071,0.1033159792423248,0.0662694573402404,0.133152037858963,-0.0449861027300357,0.0458244457840919,0.1377346813678741,-0.0003525385109242,0.0207223780453205,0.1042310893535614,0.0613358430564403,0.0489920675754547,-0.0340529419481754,-0.0227847509086132,0.0858613699674606,-0.0776736438274383,-0.038700632750988,0.0685688406229019,0.0730708166956901,-0.0528986118733882,0.1082587242126464,0.0862895846366882,-0.0143345519900321,0.0307652801275253,0.1633055359125137,-0.0388293899595737,0.1196044087409973,-0.0964650511741638,-0.0226341094821691,0.0853044465184211,-0.0276885107159614,0.1287924945354461,0.077730968594551,-0.1038554012775421,0.0033494755625724,-0.1106113418936729,0.1329827755689621,0.1199489384889602,-0.0406899936497211,-0.0625043213367462,0.0401045605540275,-0.1458302438259124,0.1144227162003517,0.0507383830845356,-0.0438505038619041,-0.04330300912261,-0.0117334695532917,0.1086440458893776,0.1370467543601989,-0.062579333782196,-0.1687828153371811,0.0337209478020668,0.0707955136895179,0.0380142629146575,0.1292448341846466,0.146221786737442,-0.0329834818840026,-0.028765968978405,0.0984235554933548,-0.0896065235137939,-0.1681064516305923,-0.0443236716091632,-0.0461892522871494,-0.0288181770592927,0.1757650524377823,0.1607905626296997,-0.0060617607086896,-0.0124057000502944,-0.0125618847087025,0.142683207988739,-0.063878946006298,0.0941803157329559,0.106977492570877,-0.0659435391426086,-0.0178417339920997,0.033598568290472,0.1735801249742508,-0.0678810402750969,0.0585764907300472,0.1254542022943496,-0.034073632210493,-0.0321145243942737,-0.0017234291881322,0.0171511266380548,0.0470107160508632,-0.0917087346315383,0.0359880998730659,0.0851080939173698,-0.0699143037199974,0.0257252529263496,-0.1401406079530716,-0.0849378332495689,-0.0832201242446899,-0.0640991628170013,0.0414538457989692,-0.1266037374734878,0.0787135660648346,0.0482412129640579,-0.0029366896487772,0.1083450466394424,0.0380523242056369,0.1505062580108642,0.0605210848152637,0.0939765572547912,0.0938190892338752,0.0515202805399894,0.0709744542837143,-0.0325697250664234,0.0708153322339057,0.0153551017865538,-0.0004385223146528,0.09307661652565,0.0084301605820655,-0.0023273131810128,0.1177793741226196,0.1144825220108032,-0.0126503780484199,-0.0941074639558792,0.1386342197656631,0.0977598428726196,0.0587408281862735,-0.1329016685485839,0.0839758068323135,-0.04218165948987,0.0066598108969628,0.1474906504154205,-0.0091171814128756,0.1149787381291389,0.1020715609192848,0.0793508812785148,0.0717189684510231,0.1020305603742599,-0.1301103830337524,-0.0106971999630332,-0.098641812801361,-0.0572722479701042,-0.0638740584254264,-0.1500259339809417,-0.0678096488118171,0.0954936668276786,0.0212061256170272,-0.1378133296966552,-0.0275753680616617,-0.0517400540411472,0.0690260976552963,-0.0326995886862278,0.0726041421294212,0.0071114995516836,0.0707461014389991,-0.0450363457202911,-0.0752690210938453,0.0219327826052904,0.0960087776184082,0.1266078948974609,0.0024383782874792,-0.05696851760149,0.0822894424200058,-0.0482849702239036,0.1236167550086975,-0.1282797753810882,0.1192128434777259,0.0919059365987777,0.0795327648520469,0.0698391273617744,0.0684820339083671,0.0936599820852279,-0.0583722218871116,-0.1076759174466133,0.0552619881927967,0.1395038366317749,-0.1468967497348785,0.0499588437378406,-0.0989609658718109,0.0266959853470325,0.0454647466540336,0.1142025589942932,0.1108936071395874,0.0516883395612239,0.1408072710037231,0.0103679271414875,0.0749892890453338,0.0263502709567546,-0.0322807468473911,-0.1023877188563346,0.0938676297664642,0.0597193539142608,0.1166361570358276,-0.1613035649061203,-0.1354740262031555,0.1321438401937484,-0.050954844802618,-0.0191725958138704,0.0543445646762847,0.1248506605625152,-0.1026506498456001,-0.0929217785596847,-0.0473105050623416,0.0656897872686386,0.1492649316787719,0.0052375472150743,0.0291917156428098,0.0391571745276451,0.0501009114086627,0.0938068330287933,-0.1254301369190216,-0.1490064263343811,-0.098984383046627,0.1549933552742004,-0.1211376339197158,-0.0978006422519683,-0.0517753548920154,0.09040367603302,-0.0996756553649902,0.126103401184082,0.0496507659554481,-0.1349573731422424,-0.103856049478054,0.0156197370961308,0.0494491569697856,-0.1129715368151664,0.0197152011096477,-0.08432387560606,-0.033726118505001,-0.1564494222402572,0.0336452312767505,-0.0205513667315244,-0.0583568066358566,-0.0669825598597526,0.0420388802886009,0.0789515301585197,0.1367640346288681,-0.0316801369190216,-0.0898826196789741,0.0458934567868709,-0.0686531066894531,-0.0881159231066703,-0.0580321922898292,0.0426446422934532,0.0650140568614006,-0.0893188267946243,-0.0734940096735954,-0.1081612333655357,-0.1599373817443847,0.0622414797544479,0.0749774724245071,-0.0119534498080611,-0.1032876372337341,0.1066201776266098,-0.0343417301774024,0.1290681213140487,0.0852255299687385,-0.0005796754267066,-0.1091166213154792,-0.1043149754405021,0.0543534681200981,0.1502221375703811,-0.0535526312887668,-0.1186729222536087,0.1058906316757202,0.1395680606365203,-0.0428361147642135,0.0859202295541763,0.0128820575773715,0.0885830074548721,0.1459711194038391,-0.1383988112211227,-0.1508220732212066,-0.0057873907499015,0.0730764344334602,0.1064676716923713,-0.0330309383571147,0.0078294901177287,0.1282131075859069,-0.1550159305334091,-0.0040749222971498,-0.0574240274727344,0.0150794526562094,0.0368214026093483,0.0708167552947998,0.0034395332913845,0.0078265238553285,0.0738647505640983,0.1470425277948379,0.0819195359945297,0.1607836335897445,0.088582344353199,0.0175319518893957,0.0455344133079052,-0.116290770471096,0.0062915445305407,0.0494788661599159,0.149137943983078,0.1860500872135162,-0.0605473406612873,0.0412059836089611,-0.0701899230480194,-0.0772635415196418,-0.0172382332384586,0.1048910245299339,-0.0105974730104208,0.0528061501681804,-0.1374835520982742,-0.0138012422248721,0.1458735913038253,-0.0167083088308572,0.0777388885617256,-0.0464255847036838,-0.1165157034993171,0.0441808998584747,0.1051704958081245,0.0261054877191782,-0.0580154322087764,-0.0330959558486938,0.0201804749667644,0.0124092549085617,-0.0927094742655754,0.0504695512354373,-0.1063097119331359,0.0625908523797988,0.0413969457149505,0.1118586808443069,-0.0091810058802366,0.0624528862535953,0.0930920839309692,0.0242858529090881,0.1023803576827049,0.1180767938494682,0.0998571887612342,-0.0062800785526633,-0.129517912864685,-0.0936047881841659,0.0076927430927753,-0.1469845026731491,0.1274230480194091,0.0150622865185141,0.144828200340271,-0.0698007047176361,-0.0067109931260347,-0.0796943381428718,-0.0639837756752967,-0.187040701508522,-0.085811547935009,-0.0073579507879912,0.0160875376313924,0.0871994718909263,0.1754843145608902,-0.0907334461808204,0.0855250209569931,-0.0250566583126783,0.1132296696305275,0.0386568717658519,IUNWYVJNMBBNGJ-CHWSQXEVSA-N,COc1c(C)cc(C(=O)N[C@@H]2CC[C@@H](N)C2)cc1C
0.1033107787370681,-0.015464911237359,0.0564297251403331,-0.0760844573378562,0.1058565229177475,0.1027428060770034,-0.1042019128799438,-0.0703376531600952,-0.0986038744449615,-0.0813725069165229,-0.0815185233950614,-0.0503631010651588,-0.1026179641485214,-0.0967838391661644,-0.0996143370866775,-0.1061738058924675,-0.106185644865036,0.0865708664059639,0.0694040432572364,0.0014152445364743,-0.0905145108699798,-0.0708591490983963,0.0866148620843887,0.0988777801394462,0.0790987238287925,0.1061562001705169,0.1017632111907005,0.028882572427392,0.1061673387885093,0.0858111083507537,-0.0926993936300277,-0.1002046391367912,0.105788767337799,-0.0596331804990768,-0.0865057185292244,0.0953774228692054,0.1058001369237899,-0.1045569851994514,-0.1050607562065124,0.0963304638862609,-0.1050415635108947,-0.0941337794065475,-0.1057412177324295,0.1032355055212974,-0.106010302901268,0.0260846726596355,-0.0871348455548286,-0.0481742024421691,0.0257297232747077,0.1056045964360237,-0.1044981777667999,-0.1035727113485336,0.0317927114665508,0.1019395664334297,-0.100350521504879,0.1046039015054702,0.1028024703264236,0.1040868908166885,0.0848478376865387,0.1053685173392295,0.0161344371736049,0.1053441390395164,0.0906316116452217,0.0696871802210807,-0.1059450209140777,0.0645564347505569,-0.1040287539362907,0.014767188578844,-0.1028939187526702,-0.10404634475708,-0.0917883068323135,0.0076038264669477,0.1044317260384559,-0.0166859291493892,-0.060467280447483,-0.0579840615391731,0.0174369923770427,0.0839271396398544,0.1057761460542678,-0.0925924628973007,0.0272178575396537,0.1039748638868331,0.1060705706477165,0.1022407114505767,0.1053737327456474,-0.1036329418420791,0.1023396849632263,-0.0906004980206489,-0.1048545539379119,0.0213311742991209,-0.1047285348176956,0.0954985469579696,0.1047710180282592,-0.104959599673748,-0.1007454544305801,-0.0779895409941673,-0.1061853766441345,0.1060755774378776,0.0959101691842079,0.096756674349308,-0.1060400530695915,-0.0350604020059108,-0.0229819472879171,0.0935953259468078,0.0954508855938911,-0.1060859933495521,0.0924280658364296,0.0941677317023277,0.1014425456523895,-0.0460934117436409,0.1061903536319732,-0.0634133443236351,-0.0659674257040023,-0.0959446430206298,-0.0898629873991012,0.1038575619459152,-0.0655254945158958,-0.0804751813411712,-0.0224899481981992,-0.1056566461920738,0.1025415733456611,-0.1010819226503372,0.0702543035149574,-0.1056675836443901,0.0378202460706234,0.104790024459362,-0.1027948409318924,-0.0180225260555744,0.1021577566862106,0.0716917216777801,-0.0976864099502563,0.1021793559193611,0.1006839722394943,0.0962965637445449,-0.1016074940562248,0.0911226719617843,0.1021891236305236,0.0457529127597808,0.1021972745656967,0.0634097903966903,0.094731330871582,-0.1019468158483505,0.1006164774298667,0.0590645559132099,-0.1018847525119781,-0.0952278822660446,-0.1021972149610519,-0.0969686210155487,-0.0845515504479408,-0.0330602712929248,-0.1021091043949127,9.717476496007292e-05,0.1021515280008316,0.078003391623497,0.1021542325615882,-0.1003277078270912,-0.0896561965346336,-0.0910995826125145,-0.1020133420825004,0.0879770964384079,-0.1016598492860794,0.0997017547488212,0.0839926898479461,-0.0110328290611505,0.063187763094902,-0.1021882221102714,-0.0573013946413993,0.0869463458657264,0.1021817624568939,-0.0187842696905136,0.1010991707444191,-0.1021493449807167,0.0999270752072334,-0.1020918190479278,0.011905338615179,-0.0813853964209556,-0.1021295487880706,0.1016741096973419,0.0979900136590004,-0.1019550040364265,0.1021066457033157,-0.1008561104536056,0.1013754606246948,-0.0898380056023597,-0.0924055427312851,-0.1021976917982101,-0.1021780744194984,-0.1018487215042114,-0.0269896704703569,0.1020877808332443,-0.1017493680119514,-0.0149370031431317,0.1021975353360176,-0.102112092077732,0.0833171755075454,0.1021958142518997,-0.1021927967667579,-0.0100339194759726,-0.1016378700733184,-0.0846420526504516,-0.0594327226281166,-0.1002241000533104,-0.0691641420125961,-0.1005396917462349,0.0492709353566169,0.0862622782588005,-0.0066967192105948,0.0890070348978042,-0.0847033411264419,-0.1021405085921287,0.0983365923166275,-0.0669088661670684,-0.055850401520729,0.096282735466957,-0.0802799612283706,-0.1018485575914383,0.0911313071846962,0.1012962013483047,-0.1021833047270774,-0.1019057631492614,-0.1021952927112579,0.1019685342907905,-0.1006171330809593,-0.0818637609481811,-0.1016378104686737,-0.0740472078323364,0.0888866484165191,0.102196954190731,-0.1012962013483047,0.0984991490840911,0.1014383807778358,0.101976454257965,0.1015317440032959,0.0896368399262428,-0.0802868381142616,0.1016615554690361,-0.1020692735910415,-0.1021969094872474,0.0502484738826751,-0.0962634608149528,-0.0491937026381492,-0.102194033563137,0.0933123007416725,-0.0761808082461357,-0.0110910246148705,0.0691695660352706,-0.0026616596151143,-0.0586546920239925,-0.088547296822071,-0.0258044376969337,0.097108356654644,0.0616092942655086,-0.0999677553772926,-0.1017255038022995,-0.1015020161867141,-0.0552393421530723,-0.1022890955209732,0.1022402271628379,-0.0105321379378438,-0.0054111666977405,0.1021875068545341,0.0595328994095325,-0.1022917106747627,-0.1019162759184837,-0.1020406782627105,0.0888916477560997,-0.1021769046783447,0.100253939628601,0.0357860065996646,0.1022923663258552,-0.0960497111082077,-0.101149708032608,0.0846604704856872,-0.1020660549402237,0.062415674328804,-0.0891641750931739,-0.1021332219243049,-0.102199837565422,0.0020298829767853,0.1002507880330085,-0.1007402092218399,0.0692158788442611,-0.0602874718606472,0.0497818924486637,-0.0977313518524169,-0.0287760645151138,0.0976234748959541,-0.1010596379637718,0.0922275111079216,0.1022478938102722,0.0891602933406829,0.0798863396048545,0.1022918969392776,0.0957717821002006,-0.0650310888886451,-0.0875728875398635,0.1022534891963005,0.0212666187435388,-0.0029095290228724,-0.1022210568189621,-0.0883682668209075,-0.1021267622709274,0.0423908680677413,-0.0284785833209753,-0.1022921204566955,-0.1018009856343269,0.1013547256588935,-0.1008954718708992,-0.0955197736620903,0.1017596870660781,0.0298151951283216,0.1021106168627739,-0.0928827747702598,-0.0365094803273677,0.0941957458853721,-0.083449512720108,0.1015781015157699,0.1022813245654106,0.1005133092403411,0.0080396272242069,0.0748971924185752,-0.0150291314348578,0.1002055034041404,0.0947549045085907,0.0925422236323356,-0.0989145189523696,-0.0866626799106597,0.1022729575634002,-0.1019924134016037,-0.0628299042582511,0.0965737327933311,0.1022923812270164,0.0990742817521095,-0.0716302469372749,-0.1002276390790939,-0.0933908969163894,-0.1002742052078247,0.0157016851007938,-0.0971027091145515,-0.1005831658840179,-0.1014779061079025,0.0424128845334053,0.1022751852869987,-0.101441204547882,-0.1021612957119941,0.0769804194569587,0.0922816544771194,-0.0912265479564666,0.0697902962565422,0.1022200658917427,-0.1017824187874794,0.0579781308770179,-0.0891838073730468,-0.0864339917898178,-0.0603789202868938,0.101014107465744,-0.1022922843694686,-0.1022781655192375,-0.1022923812270164,0.0889184176921844,0.0641415491700172,-0.1019983068108558,-0.097703218460083,-0.1022435128688812,0.1022921800613403,-0.0550341121852397,-0.1022621244192123,-0.1022920534014701,0.076552540063858,-0.0921055823564529,-0.1019454300403595,-0.1018697842955589,0.083023265004158,0.1019864007830619,-0.1014106497168541,0.1019744575023651,-0.0217080991715192,-0.1022909060120582,-0.1020108386874198,0.0637194886803627,0.0966091901063919,-0.1021691709756851,0.0871823728084564,0.0968442484736442,-0.054587934166193,0.0853041261434555,-0.0386958606541156,0.0793927311897277,0.138887733221054,-0.0979620516300201,-0.0580167062580585,0.0527374483644962,0.1704150289297104,0.0235556382685899,0.0444805845618248,-0.051570039242506,0.0139455953612923,-0.1225299462676048,-0.0406398884952068,-0.0719266459345817,-0.1408039480447769,-0.0261152852326631,0.0457144528627395,-0.0347914844751358,0.0900205746293068,0.0623489245772361,-0.1450991779565811,-0.0472552627325058,0.1613398343324661,0.0883015915751457,0.0481074266135692,0.0451024584472179,-0.0645349398255348,-0.1795981973409652,-0.055820994079113,0.0302630234509706,-0.1474176049232483,0.1635486185550689,0.0131370723247528,0.0083886114880442,0.0960715115070343,0.0842386782169342,0.1843882352113723,0.1681113392114639,0.1259297877550125,-0.1026687398552894,0.0440058298408985,-0.0475461296737194,0.0584578365087509,0.0664891749620437,-0.1120565310120582,-0.1355510801076889,0.0501031726598739,0.1051281616091728,0.1006309166550636,-0.1138883009552955,0.1121283918619155,0.0161768943071365,0.0414634943008422,0.0337143391370773,-0.1065887287259101,0.1258767545223236,0.0696440264582634,0.0522356554865837,-0.1661122739315033,-0.0247541889548301,-0.0291353594511747,-0.0373498797416687,0.0914731696248054,-0.0965989530086517,-0.0958305224776268,-0.0978180319070816,-0.0370051115751266,0.0041801631450653,0.0515241920948028,-0.140301302075386,0.0231555514037609,-0.0311106387525796,0.0145951844751834,0.1353161633014679,0.1070316284894943,-0.0927613005042076,0.0565402209758758,-0.0716146305203437,-0.0643867403268814,0.1327621191740036,0.0154424263164401,-0.139287382364273,0.0502091944217681,0.1473352164030075,-0.0308514740318059,0.165851205587387,0.0355694070458412,-0.0198952555656433,-0.0232853535562753,0.147637665271759,-0.0552810057997703,0.0092301722615957,0.0363403744995594,0.0504707433283329,0.0885534286499023,0.1038216203451156,-0.1633284389972686,0.0070148492231965,0.0026891238521784,-0.1033209860324859,0.053236573934555,-0.1030355393886566,0.0173434801399707,0.0094830952584743,0.139365941286087,-0.0298219043761491,0.149370789527893,-0.1465325504541397,0.0332352332770824,-0.0523179620504379,-0.0803764909505844,-0.0235641617327928,-0.0220211260020732,0.0089633828029036,0.0920559987425804,0.1173223778605461,-0.0335339270532131,-0.0486716330051422,0.0273234769701957,0.0061518768779933,0.0330821424722671,0.079200305044651,0.0407096333801746,0.0606575384736061,0.1197008341550827,-0.0776814669370651,-0.0949544757604599,0.1116019710898399,0.1373823285102844,-0.121565856039524,0.0338069833815097,0.12402805685997,0.1397341787815094,-0.0114861549809575,0.1093392968177795,-0.1164900958538055,-0.0027900624554604,-0.0519505515694618,0.1296242922544479,0.1192565336823463,0.0821421071887016,-0.1181285381317138,0.1129822134971618,-0.0727738589048385,0.0162354912608861,-0.022544952109456,-0.1311922222375869,-0.0711823254823684,-0.0395978949964046,0.0645049139857292,-0.1394592821598053,0.1390235424041748,-0.1187966167926788,0.0436857640743255,-0.1362904608249664,0.1176142618060112,0.0755164623260498,0.1181656271219253,0.0576992034912109,-0.0610896609723567,-0.1074904054403305,-0.0325451642274856,0.0915689319372177,-0.0736483633518219,0.067086361348629,0.0019394437549635,-0.0381584092974662,0.0935490429401397,-0.0938900932669639,-0.0858600288629531,-0.0155605934560298,0.0795667171478271,-0.0247337240725755,-0.0395736768841743,-0.0308980476111173,-0.1092825308442115,0.1012639105319976,0.0532633177936077,0.1376035362482071,-0.1052446141839027,0.1054626479744911,0.0042502209544181,-0.0538085885345935,-0.0448990575969219,0.1255549937486648,0.0716927200555801,-0.0836110934615135,0.1177482604980468,-0.0314077101647853,0.104020282626152,-0.0258080642670393,-0.0745227560400962,0.0428198277950286,0.072964109480381,-0.0147156082093715,-0.0484079904854297,-0.0714968889951706,-0.0949512645602226,-0.0564855672419071,0.0614666230976581,0.1143022254109382,-0.0933158919215202,0.0968674048781395,0.0038409135304391,-0.0918933674693107,-0.0772525295615196,-0.0020738295279443,-0.1124475970864296,-0.1149908974766731,0.0591156110167503,-0.0956821292638778,-0.0946009084582328,0.0872634053230285,-0.0500128008425235,-0.0651567354798317,0.1414262056350708,0.0287964548915624,-0.1231749430298805,-0.1392075270414352,0.1013180539011955,0.1380590796470642,-0.0920855849981308,0.1251206994056701,-0.0864773690700531,-0.0740847289562225,0.0716854706406593,0.045764859765768,-0.0296667199581861,-0.1241543889045715,0.0561807192862033,-0.0442145653069019,0.1269367188215255,-0.0358602777123451,0.1238786876201629,-0.049088355153799,0.0901863649487495,-0.0902786627411842,0.0395866744220256,0.1158333122730255,-0.1244134977459907,0.0404643677175045,-0.0648059993982315,0.1433928459882736,-0.0756123661994934,0.0758534520864486,-0.0074501256458461,-0.137902021408081,-0.0557247959077358,-0.0764830857515335,-0.0434047318994998,-0.1008112207055091,-0.054833922535181,-0.1347545385360717,0.0191012695431709,-0.0560302436351776,-0.0381827615201473,-0.0561064146459102,0.1083909720182418,0.0071320263668894,0.1465565711259842,0.1081234216690063,0.1648087352514267,-0.0442220941185951,-0.1192151606082916,0.1567956358194351,0.0249566063284873,0.1018939688801765,-0.1291302889585495,0.1314485669136047,-0.0641876310110092,0.047711506485939,-0.0031032131519168,-0.0561025068163871,-0.1352952867746353,0.0802605599164962,0.13970547914505,0.0552516691386699,-0.1489268243312835,0.1030064225196838,0.0856822356581687,0.0429425612092018,0.1346348822116851,-0.0283539555966854,-0.0996344611048698,0.0652770921587944,0.065895140171051,0.0270361248403787,-0.0465266145765781,-0.1591231524944305,0.0076574282720685,0.0426559448242187,0.0540810748934745,0.0607128366827964,0.1390612870454788,0.1578606963157653,-0.0005878621013835,-0.0592066459357738,-0.1382738351821899,0.114627793431282,0.0625700876116752,0.162502259016037,-0.0790721923112869,0.0063719558529555,0.0825723186135292,0.0208877120167017,-0.0132311228662729,-0.0152051160112023,-0.0258645433932542,-0.0051822415553033,0.0043637487106025,-0.1193703860044479,-0.1271697431802749,-0.0656239092350006,-0.0368807129561901,0.0382587686181068,-0.0482741855084896,0.0349001325666904,-0.1150650903582573,0.1636421978473663,-0.0963876619935035,0.0470470301806926,-0.0960220322012901,0.0822299569845199,0.1413089483976364,-0.1445769369602203,-0.0565458163619041,-0.0509752705693244,0.0988581851124763,-0.0035883719101548,0.030699523165822,-0.0328803211450576,-0.009542572312057,-0.1280397027730941,-0.0228174701333045,0.0834562703967094,-0.0782570764422416,0.0428102128207683,0.0651067644357681,-0.0626082345843315,0.0903132408857345,0.0805505439639091,-0.0074235601350665,-0.1033813133835792,-0.0479803271591663,-0.0007683580042794,0.059552252292633,-0.0994915217161178,0.1068358421325683,0.0966695398092269,0.0431909523904323,0.0924877524375915,0.1118437796831131,0.1007880866527557,0.0021674744784832,-0.0233810506761074,0.0742506682872772,-0.0523018576204776,-0.0524638965725898,0.0751334577798843,-0.0727543458342552,-0.0852396562695503,-0.0600574649870395,0.0300304312258958,-0.1639953702688217,0.0188486594706773,-0.0260853376239538,0.1681197881698608,-0.0625133365392685,0.1550663262605667,-0.168519914150238,-0.0574137531220912,-0.0916205495595932,-0.0808055996894836,0.0346019901335239,-0.059182196855545,0.1234668269753456,0.1481233239173889,-0.008733756840229,0.1169961243867874,-0.0507593899965286,0.1035447269678115,-0.0161291360855102,OAWGHDGTIGYSSP-UHFFFAOYSA-N,COC(=O)c1ccc2c(c1)N(C)C(=O)CO2
0.0340479686856269,-0.103495180606842,0.0470539256930351,0.104871354997158,0.1036558374762535,-0.1045777201652526,0.0226575918495655,0.0897411182522773,-0.0416107513010501,0.0999536961317062,0.1000217124819755,0.0874857753515243,-0.0052711707539856,-0.0642445012927055,0.1037269011139869,-0.084025926887989,-0.0997365415096283,0.0967921391129493,0.1048443540930748,0.1048760041594505,-0.0946266502141952,-0.0917645916342735,-0.0825325176119804,0.0886779054999351,-0.0570590421557426,-0.1030079945921897,-0.0950732603669166,-0.098884217441082,-0.1046682745218277,0.0970648825168609,-0.0696051567792892,-0.0156213184818625,0.1032233014702797,0.0382714681327343,-0.0186975952237844,-0.0815428793430328,-0.1024986058473587,-0.0912285670638084,-0.1018115580081939,-0.1047656163573265,-0.0040845638141036,-0.0947195962071418,0.0842898786067962,-0.0929345339536666,0.0685800984501838,-0.1037979945540428,0.0896212384104728,0.103556290268898,0.1048749759793281,-0.1014923676848411,-0.0356399975717067,0.1046541780233383,-0.1048151850700378,0.1048783808946609,0.1035721078515052,-0.0597166456282138,0.0147799095138907,-0.0861385315656662,-0.1042237803339958,0.080126978456974,0.102372407913208,0.0332749113440513,-0.0993966609239578,0.1048169359564781,-0.0975236445665359,-0.0882476940751075,0.0967128351330757,-0.0974931120872497,0.0685838833451271,0.1036938056349754,0.0305999498814344,-0.1048353463411331,0.1009203121066093,0.074086993932724,-0.0913731902837753,-0.0786528065800666,-0.0168654955923557,0.1041468754410743,0.0833133980631828,0.0741437897086143,0.0978715270757675,0.1034556403756141,0.0220801047980785,-0.0867218822240829,-0.1028785407543182,0.0304397214204072,0.102411612868309,0.0967877060174942,0.0953425392508506,0.0924611091613769,0.104874350130558,-0.0935867130756378,-0.0906587243080139,-0.1046946346759796,0.1022829711437225,0.1038544923067092,0.0974603965878486,0.0911113619804382,0.0861678943037986,-0.0368925482034683,-0.0969534516334533,0.0998207330703735,-0.0239712428301572,0.0933827683329582,0.0322224050760269,0.1012074127793312,0.1044924482703208,-0.090742327272892,0.1046931818127632,0.0957621335983276,0.104863129556179,-0.104781299829483,-0.0848294124007225,-0.1048593744635582,0.1048138588666915,0.0641987770795822,-0.1048512533307075,0.0940642952919006,-0.0630572661757469,-0.092066653072834,-0.0995998829603195,0.0890514552593231,0.1014593914151191,-0.0459430627524852,-0.10015519708395,-0.1048702970147132,-0.0865934118628501,0.0970542207360267,-0.1055826097726821,0.0883910655975341,-0.0551226995885372,0.0045061325654387,0.0967820435762405,-0.0749943628907203,0.104165069758892,0.0794398933649063,-0.1060529202222824,-0.112118013203144,-0.0751662105321884,0.0675909742712974,-0.0893842056393623,-0.0813997834920883,-0.0879026278853416,-0.0787898004055023,-0.0192959625273942,-0.1002555266022682,0.0393100418150424,0.1015098914504051,-0.076010413467884,0.1115535497665405,0.1121960878372192,0.1123120337724685,-0.0822642296552658,0.0252525936812162,0.0180097855627536,0.1127160266041755,0.1121295467019081,-0.1119776666164398,-0.0935074537992477,-0.044745098799467,0.1076775193214416,0.0885805115103721,0.1127975583076477,-0.1107106283307075,0.062714584171772,-0.1061431467533111,-0.0489802248775959,0.1119049340486526,-0.0968929007649421,-0.0981617122888565,-0.0581980310380458,0.0897775813937187,0.1088780388236045,-0.110307291150093,0.1110640466213226,-0.0889040306210517,0.1127544939517974,-0.0346304140985012,0.1114212200045585,0.1124492809176445,-0.112299732863903,0.107170432806015,-0.1107320562005043,-0.0001329078077105,0.0577880442142486,0.0321303270757198,0.0694056525826454,-0.0024738288484513,0.0799965858459472,0.0422816760838031,-0.0315746888518333,0.034380704164505,0.1052799671888351,0.1110795363783836,0.1121409982442855,-0.1066806614398956,-0.112836979329586,-0.022563824430108,0.0822173431515693,-0.03794951364398,-0.1125609427690506,0.1109220162034034,-0.0353660695254802,0.0786238387227058,0.0615555234253406,0.0211925823241472,0.1070091128349304,-0.1073037758469581,0.0056355167180299,0.0935229882597923,-0.1111544072628021,0.0586666949093341,0.0334860011935234,0.0934571623802185,0.1019098311662674,-0.0925469771027565,0.0943120941519737,-0.0817386209964752,-0.1090269461274147,-0.0957541018724441,0.0219363458454608,0.0978429093956947,-0.0991542786359787,-0.1020577326416969,-0.0808951333165168,-0.0994918048381805,0.0680456683039665,0.1122094020247459,0.1100442036986351,0.101932592689991,-0.1120093688368797,0.0957961603999137,-0.0751990973949432,-0.0991101562976837,0.0971519649028778,-0.0138750206679105,-0.0922574177384376,0.0812749117612838,-0.1106638312339782,-0.1094304993748664,-0.1009884923696518,0.1032370775938034,0.1088378727436065,0.069396361708641,0.0713796317577362,0.0940364748239517,0.1021745577454567,-0.0848964378237724,0.1075358912348747,-0.0045616016723215,0.0859242379665374,-0.0869088545441627,-0.0765539035201072,0.1102233007550239,-0.1103309541940689,-0.0141971670091152,0.1018106192350387,0.0989137664437294,-0.0136314518749713,0.0967723876237869,-0.0344657227396965,0.0750614926218986,-0.1016046851873397,0.1012784540653228,-0.1016528233885765,0.1002766042947769,0.0834651961922645,0.0887390971183776,-0.031755294650793,-0.0374846495687961,0.0968510508537292,0.0802246704697609,-0.1016832888126373,-0.0987927690148353,0.0660778507590293,-0.0581645481288433,-0.1018002554774284,0.0937008112668991,0.1017645597457885,0.0970143005251884,0.0881241559982299,-0.0835999846458435,-0.0949650555849075,-0.101727619767189,0.0313576981425285,0.1017648875713348,-0.0733192265033721,-0.0172919873148202,-0.1018132269382476,-0.1013963222503662,-0.0835843384265899,-0.100392185151577,-0.0675753504037857,-0.0673342198133468,0.0211833771318197,0.1017018556594848,-0.0585522465407848,0.0875510424375534,-0.029919883236289,-0.0785811394453048,0.1017751693725586,0.0570510737597942,-0.1017736867070198,-0.0948408618569374,-0.0883904621005058,-0.0435295030474662,-0.0616401880979537,-0.0902563259005546,0.0504758581519126,-0.0958476290106773,0.0972020551562309,0.0594769455492496,0.1018131151795387,0.0860436856746673,0.1016009822487831,0.0811029970645904,0.0991377532482147,-0.068776436150074,0.0403756313025951,0.0614475011825561,-0.101811870932579,0.101813219487667,-0.0936656668782234,-0.1017414331436157,0.101813219487667,0.0633691772818565,-0.1000501364469528,-0.1017948910593986,0.0998431369662284,0.0991501361131668,0.0862247496843338,0.1010233983397483,0.0900476649403572,0.1017486974596977,0.1018124595284462,-0.0177471078932285,0.0909881293773651,0.0863876417279243,0.069104753434658,0.1018118932843208,-0.0943928584456443,0.1018121689558029,0.101766400039196,0.0073534538969397,-0.1014911904931068,0.0993164852261543,-0.1018013730645179,0.0991764366626739,0.1011956855654716,-0.0707178190350532,0.0992254391312599,0.0934097021818161,-0.0861083269119262,0.0967515707015991,0.101555198431015,-0.1017809882760047,-0.101750373840332,0.0946912243962287,0.1015892103314399,-0.1009105965495109,0.1006718650460243,-0.0975073650479316,0.1018006354570388,-0.1011405438184738,0.0994762405753135,-0.0968484580516815,0.1018108502030372,0.0684328377246856,-0.0993637889623642,-0.0999286472797393,-0.1007719710469245,0.1013104170560836,0.0696740895509719,0.1018132269382476,-0.1018062010407447,-0.0528917200863361,-0.1009295657277107,0.0945822149515152,0.0995015949010849,0.1017365232110023,-0.0978749766945838,-0.0277600679546594,0.0980715006589889,-0.0775937139987945,-0.1066766753792762,0.062286727130413,-0.1024108082056045,0.0573846362531185,-0.0981457382440567,0.0579044520854949,-0.1062969863414764,-0.1027971059083938,-0.0493739694356918,-0.076150894165039,0.0113485353067517,-0.1065614894032478,0.0942745432257652,-0.0076380260288715,-0.1093941479921341,0.0941235646605491,-0.0967403948307037,-0.0850459858775138,0.1081903055310249,0.1022171303629875,-0.0731684118509292,-0.1079410761594772,0.1046560928225517,-0.0642444491386413,0.1092878654599189,-0.0364662110805511,-0.0134501652792096,0.0508586950600147,-0.1009360551834106,-0.0862309038639068,6.344268331304193e-05,0.0906112417578697,0.1066863015294075,0.059242408722639,0.1053548157215118,-0.1007587686181068,0.1069803461432457,0.0965843796730041,-0.0600715316832065,0.1055712699890136,0.0646582469344139,-0.1014000624418258,-0.0421373806893825,-0.0939918458461761,0.1023750007152557,0.0577206388115882,0.1079887002706527,0.0784906521439552,-0.0984364748001098,-0.1022164672613143,-0.0311013981699943,0.0919286236166954,-0.0972922220826149,0.0865010097622871,0.1057881712913513,0.0987936928868293,0.1033657416701316,0.1083300113677978,0.0479321777820587,0.0993488505482673,0.0717697367072105,-0.0847772136330604,0.0603609792888164,-0.0340804420411586,0.1098008304834365,-0.0890404880046844,-0.0755380094051361,0.1067554131150245,-0.0670215785503387,-0.0841125920414924,0.1079422906041145,0.0560922473669052,0.096582606434822,-0.1056235581636428,-0.1079393476247787,-0.1082891970872879,-0.062646135687828,0.0456236228346824,0.1066036745905876,-0.1063612625002861,-0.0075115086510777,-0.0926553681492805,0.1068185269832611,0.0547898672521114,-0.0253942273557186,0.0901996493339538,-0.1088874042034149,0.1062793210148811,0.1085821688175201,-0.1059495881199836,0.1048208624124527,0.10242710262537,0.0526767745614051,-0.1096305474638938,-0.1034885495901107,-0.0983849763870239,-0.1027678474783897,0.1097511202096939,0.1067310869693756,-0.1070418506860733,-0.106316402554512,-0.1054768115282058,-0.0744220316410064,0.0598306432366371,0.108298547565937,-0.0744108781218528,-0.0311684571206569,-0.104888878762722,0.1099854558706283,-0.0833482816815376,0.0058745210990309,0.0773086622357368,0.1097900122404098,-0.0625797510147094,0.1077527850866317,0.0957178324460983,0.107684887945652,-0.0949308946728706,-0.1083523407578468,0.1059606745839119,0.0795278623700141,-0.0972962975502014,0.0690550506114959,0.0722877159714698,0.0469095930457115,0.076498158276081,-0.0090402821078896,0.1007459759712219,-0.1138607636094093,-0.0127754006534814,0.1344963312149047,-0.1044374778866767,0.0755596235394477,0.1266455352306366,0.1443025767803192,0.0879019573330879,0.0903181806206703,-0.0111886309459805,-0.0335228033363819,-0.0090571949258446,0.1314713209867477,0.116943784058094,-0.0890364274382591,-0.1379829496145248,0.0868721976876258,0.0385147482156753,-0.1162697747349739,-0.0314270555973053,-0.1107566580176353,-0.1167316660284996,-0.136422574520111,0.011891670525074,-0.1079107075929641,0.1416400372982025,-0.1441456526517868,0.0879846513271331,-0.1217478439211845,0.1132339090108871,-0.08392795920372,0.1162203550338745,0.0724059417843818,-0.0175735838711261,0.1245821639895439,-0.0676529183983802,-0.0752753242850303,-0.0149743342772126,-0.1081002950668335,0.0747311860322952,-0.0072228456847369,0.0933913066983223,-0.0882519409060478,-0.0161594450473785,-0.0273032542318105,-0.0884703025221824,-0.1100999340415,-0.0276849027723073,0.0731153339147567,-0.1213759183883667,0.0872654095292091,0.1343713253736496,0.1196947619318962,-0.0049268719740211,0.0927483811974525,-0.0258960947394371,-0.0867648422718048,-0.0537094101309776,0.1214059442281723,-0.0781892985105514,0.0039916266687214,0.0078413719311356,-0.0454361476004123,0.0890975296497345,-0.1083019822835922,-0.0295107681304216,-0.0887802243232727,0.1125980466604232,-0.1224740669131279,0.1242423057556152,-0.0958026722073555,-0.0829933136701583,-0.0707263126969337,-0.039792962372303,0.0260625667870044,-0.1082158386707305,0.0795996114611625,-0.0644695088267326,0.0974517986178398,0.0328718498349189,-0.1134812012314796,0.0446675047278404,0.0492029078304767,-0.0085336323827505,0.0152687914669513,-0.058828730136156,-0.035199511796236,-0.0909443199634552,-0.0134482346475124,0.1339866369962692,0.1209442242980003,-0.0863691717386245,-0.1386565715074539,-0.0003498238220345,0.1308805048465728,-0.0397880859673023,0.1298231184482574,-0.0574932731688022,0.0638738051056861,-0.0335622951388359,-0.0539961718022823,0.0630904659628868,0.0747014954686164,0.0621875077486038,-0.0716272592544555,0.0649473965167999,0.0764686912298202,0.1109464615583419,0.0140265142545104,0.0194821488112211,-0.1206408515572547,0.0851576700806617,0.115718774497509,-0.0131779881194233,0.1205704659223556,-0.0966184139251709,0.1444766670465469,-0.1415635794401168,0.0325575247406959,0.0771719366312027,-0.1241150498390197,0.0727699771523475,-0.0046044331975281,-0.1031563505530357,-0.1001670211553573,0.088544838130474,-0.0411218926310539,-0.0970411524176597,-0.0704701095819473,-0.0549714192748069,0.0533510185778141,-0.0165432896465063,-0.0370122343301773,0.0307864695787429,-0.0428538098931312,0.1030617952346801,0.0277253333479166,0.1291784346103668,0.0568500459194183,0.1018937900662422,-0.1131978929042816,0.1450289636850357,-0.0856576710939407,0.055380679666996,-0.018456969410181,-0.0277633741497993,-0.0970552861690521,0.0192156601697206,-0.0264318771660327,-0.1180236861109733,-0.1399413645267486,0.0043040234595537,-0.0488164648413658,0.100742258131504,0.1123695075511932,0.1370401531457901,-0.1548570394515991,0.0641636922955513,-0.0889581739902496,0.1279546618461609,-0.0096189435571432,0.0104863923043012,-0.1778131425380706,-0.0793224722146987,0.1291066110134124,0.1221169382333755,0.1252313554286956,-0.0693429410457611,0.0451328717172145,0.0710579082369804,0.0037389819044619,-0.0901387780904769,0.0183675978332757,0.1009689718484878,0.1017589643597602,0.0418351329863071,-0.0779927149415016,0.0475304871797561,-0.1029262319207191,-0.0719102546572685,0.0705512911081314,-0.073036178946495,0.0627324357628822,0.0597490444779396,-0.0794195905327797,-0.069087728857994,-0.1218700781464576,0.0079440362751483,0.0165099073201417,0.0515254661440849,-0.0055635292083024,0.0607188679277896,-0.0097417840734124,-0.0484755039215087,0.1426234096288681,-0.0698798298835754,0.0124209681525826,0.0747922360897064,-0.0104481866583228,-0.1512036025524139,-0.1071331724524498,0.1005490571260452,-0.1470339745283126,-0.0857440307736396,-0.0813179388642311,-0.038707360625267,0.077647179365158,0.1125442832708358,0.0195566862821578,-0.042681585997343,0.1141572594642639,0.0280480347573757,-0.1190572306513786,0.0921274796128273,-0.0847800076007843,0.0001182792984764,-0.004359464161098,-0.1227248907089233,0.1630753427743911,0.0237496029585599,-0.117524117231369,-0.0840306133031845,-0.1300124526023864,0.0668622553348541,-0.0818065181374549,0.0698500722646713,0.0853480175137519,0.1578517705202102,0.0659434720873832,0.0913224294781684,0.0898486226797103,0.0672855824232101,0.1086359173059463,0.115264780819416,0.0085230218246579,0.022468663752079,-0.0523031689226627,-0.0360168032348156,-0.0070639112964272,0.0477230623364448,0.151544451713562,-0.0463195145130157,0.170889526605606,-0.1182152703404426,0.0186645090579986,0.0670883059501648,0.0494215600192546,-0.0950117781758308,0.0106690162792801,0.119350329041481,0.1410006582736969,-0.1613475531339645,0.0718778669834137,-0.105527214705944,0.0433243885636329,-0.1626992970705032,PLUDLUIPUWNCIG-UHFFFAOYSA-N,CCCc1cc(C(=O)N2CCOC(C(F)(F)F)C2)no1
-0.0989651530981063,-0.1069868728518486,-0.0316189937293529,0.105821281671524,0.0942081063985824,0.0736072808504104,-0.020519508048892,0.106912687420845,-0.1034926697611808,0.1068830341100692,0.1030049622058868,0.0967531502246856,0.0646300315856933,0.1055016070604324,-0.1044676452875137,-0.0837645977735519,0.1056223958730697,-0.063569962978363,0.1056397035717964,0.1069783866405487,0.0758579671382904,-0.0890260189771652,-0.0357381142675876,0.106552742421627,0.0778417810797691,-0.1022790148854255,-0.1069679260253906,0.0682277679443359,-0.0310014523565769,-0.0101159792393445,0.0992805510759353,-0.1050004214048385,-0.1063609346747398,-0.0315549112856388,0.1057775393128395,-0.106370098888874,-0.1006798073649406,-0.008743442595005,0.1000362560153007,-0.1031829863786697,0.1022315844893455,0.0892408192157745,0.1036296710371971,-0.0432901121675968,0.1065558046102523,-0.1024353429675102,0.0765836015343666,-0.0227506347000598,0.0745008438825607,0.0869617462158203,0.0208030734211206,0.1068829894065857,-0.0587189383804798,0.1069872677326202,0.1066886335611343,0.0957817211747169,-0.0826107114553451,0.1009896099567413,-0.1069505214691162,0.0412763506174087,0.1035077273845672,0.1053299754858017,0.0910969600081443,0.1036054939031601,-0.0892132222652435,0.1069854199886322,0.0695900619029998,0.0534121915698051,-0.1006740555167198,0.1065395176410675,0.0506397746503353,-0.1067651063203811,-0.0740634351968765,-0.0569749884307384,-0.1068377941846847,-0.0407790951430797,0.0194139070808887,-0.0029762419871985,0.1038291379809379,0.1069800183176994,0.1027501001954078,-0.0377489700913429,-0.1068227887153625,-0.0973097383975982,-0.1033490821719169,-0.1064100861549377,0.1020880416035652,-0.0831591635942459,0.100714698433876,-0.0479588992893695,0.1053659617900848,0.0384836569428443,0.1057133004069328,0.0262496545910835,0.1069834008812904,-0.0479209199547767,0.0799180418252945,-0.0694058462977409,0.0360701009631156,-0.1065225601196289,0.0679811239242553,-0.0677833259105682,0.0686375349760055,0.0540475137531757,-0.0171776339411735,0.1069452986121177,-0.1035702601075172,0.0941518172621727,0.1066588684916496,-0.0444540493190288,0.1068603917956352,-0.1069656908512115,-0.1057664453983306,-0.1065608784556388,0.1068629324436187,0.1022800430655479,-0.1069555059075355,0.0763918086886406,-0.1065962314605712,-0.1042918637394905,-0.0913015455007553,-0.0935148373246193,0.0042853313498198,-0.0966682434082031,0.0863200053572654,-0.1069770380854606,-0.1062347665429115,0.1069061756134033,-0.098683089017868,0.0674377232789993,-0.0580362901091575,-0.096465528011322,0.1055076196789741,-0.0988829806447029,0.1088224276900291,-0.0391346402466297,-0.0098614115267992,-0.0635879710316658,-0.1011676713824272,-0.0312104672193527,0.0961742550134658,0.0947375893592834,-0.0591003522276878,-0.0977945923805236,0.1007408425211906,-0.1087491661310195,-0.108776606619358,-0.0670509561896324,0.1086132228374481,0.0807109847664833,0.081979788839817,0.1088455915451049,-0.0995763093233108,0.0997323021292686,0.0479066744446754,0.1015701442956924,-0.1073395535349845,0.0979047119617462,-0.1088063418865203,0.1083964481949806,0.108804240822792,0.1030493527650833,-0.0675169229507446,0.0967201814055442,0.1079947054386138,-0.1085784882307052,-0.0991955325007438,0.08992300927639,0.1019048988819122,0.0459211282432079,-0.0185916535556316,-0.1044554337859153,0.1068513169884681,0.0575716495513916,0.1063566580414772,-0.0922678709030151,0.1082362979650497,-0.1016338765621185,0.1085395812988281,-0.0089422408491373,-0.0328699275851249,0.1033649891614914,-0.0996127352118492,-0.1086701229214668,0.061973575502634,-0.1084509119391441,-0.0910946428775787,-0.0790672302246093,0.0796228498220443,0.097248762845993,-0.0110088633373379,0.0241156928241252,0.0474777556955814,-0.0066174194216728,-0.086422860622406,-0.1088331639766693,-0.1069431826472282,-0.082635261118412,-0.0732497796416282,0.0913028270006179,-0.1051303669810295,0.1043039634823799,-0.1087936088442802,-0.0023513732012361,-0.1087588518857956,-0.0133965825662016,-0.0750685185194015,-0.0699322372674942,0.1071193590760231,0.0947685316205024,-0.1050759628415107,0.0888426005840301,0.0045538977719843,-0.0875383839011192,0.1088336929678917,0.0857208892703056,0.1039322689175605,-0.1087033003568649,-0.0921514555811882,0.0880682840943336,0.0738945007324218,0.1086129993200302,-0.1060017868876457,0.1087664663791656,0.0907500833272934,0.108829341828823,-0.081526793539524,-0.1035022661089897,0.1086697578430175,-0.1050271987915039,-0.0865278765559196,0.0338349677622318,-0.078113742172718,0.0725639164447784,-0.1082718819379806,-0.0047142533585429,-0.1088194921612739,-0.0310188680887222,-0.1088404357433319,0.0461707301437854,-0.1043009385466575,-0.0205677058547735,-0.0210999064147472,0.1035535931587219,-0.0816853567957878,0.1083213314414024,-0.1068865284323692,-0.108823150396347,0.1084222272038459,-0.1039569452404975,0.0356739908456802,0.0126895606517791,0.0096031362190842,-0.0761971697211265,-0.1027610674500465,0.1044989600777626,-0.093886986374855,0.0703219100832939,-0.0234666764736175,-0.1017784625291824,-0.1068777814507484,-0.0776957422494888,-0.089273951947689,0.083642192184925,-0.104570671916008,-0.1075260862708091,0.062621884047985,-0.0410485938191413,0.0987216085195541,-0.1081703975796699,0.1040842309594154,-0.0559947490692138,-0.1091815009713172,0.0284326672554016,-0.0922914296388626,0.0857001841068267,-0.1087112426757812,-0.1094113588333129,-0.1091049760580062,0.0542089790105819,0.1084383726119995,0.1085239797830581,0.0555341467261314,-0.1093387156724929,0.1059451922774314,0.104154422879219,0.0971846282482147,-0.0264206938445568,-0.0899010673165321,-0.1027757301926612,0.0296060349792242,-0.1093834787607193,-0.1074543893337249,0.0473629422485828,-0.0203263759613037,0.104279913008213,0.0698485970497131,-0.1069814339280128,0.0300329457968473,-0.0982896834611892,0.1091125011444091,-0.0787369608879089,-0.0718033611774444,0.0879398137331008,-0.0925492271780967,-0.0327038541436195,-0.0722477957606315,0.0659329146146774,-0.1071050688624382,-0.1092812418937683,0.1056091636419296,-0.1095830500125885,0.1092351600527763,0.039115659892559,-0.0653711035847663,-0.0847810581326484,0.0533183142542839,-0.1088153272867202,0.1088736653327941,-0.1093383356928825,-0.0901827216148376,0.0954385250806808,-0.010670362971723,0.095021940767765,-0.0871599614620208,0.1047521531581878,-0.1089549511671066,-0.0902258157730102,0.101373016834259,0.1084907576441764,0.1051966473460197,0.1075008437037468,-0.0776570588350296,0.0998006612062454,0.107665441930294,-0.1091358363628387,0.1090380325913429,0.0651579797267913,0.0765010938048362,-0.0349068865180015,0.1093868166208267,-0.0340951867401599,0.0987657830119133,0.099196508526802,0.0615845471620559,0.0421387776732444,-0.1093931049108505,0.0669285207986831,-0.0612025260925293,0.0910051241517067,-0.0001789644302334,-0.0030934379901736,-0.1086010783910751,-0.0727951973676681,-0.0959991887211799,0.0414322018623352,0.1095419228076934,0.1074945628643035,0.1084851324558258,-0.1090957149863243,0.103672407567501,0.0994914099574089,-0.0996314510703086,-0.0638763085007667,-0.0188676007091999,0.1018629968166351,0.1081583425402641,-0.0429954417049884,0.0773281082510948,-0.094847559928894,-0.0512253865599632,0.1055300310254097,-0.1072224378585815,0.1095645725727081,-0.0643746480345726,0.105050578713417,0.1095769554376602,-0.0991456806659698,0.0075881844386458,-0.1080010756850242,0.0245269984006881,0.1094933524727821,0.1002413779497146,0.028780598193407,-0.1060152202844619,-0.0488790459930896,-0.1134720593690872,-0.0213572066277265,-0.1013599708676338,-0.0147091746330261,-0.0927388221025466,-0.0473094098269939,-0.0917789712548255,-0.1271704137325287,0.1101624891161918,-0.0858773589134216,0.0657211244106292,-0.0430571809411048,-0.1620737910270691,-0.013392973691225,0.010739117860794,-0.1070286184549331,0.0536023080348968,-0.0455313771963119,-0.0869422256946563,0.0048996778205037,0.0287973117083311,0.0208665058016777,0.0747085213661193,-0.0501948110759258,-0.0005876056384295,-0.015659051015973,-0.1612487286329269,-0.0951992645859718,0.0445068031549453,0.0527230352163314,0.102628655731678,0.1495686471462249,0.1581255793571472,-0.1141583696007728,0.019421411678195,0.0348866246640682,-0.0865728706121444,0.0713503956794738,0.048568956553936,-0.075257584452629,-0.1446423381567001,-0.083814799785614,0.1144048571586608,0.0007698931149207,0.1368316411972046,0.0824924036860466,-0.0854599177837371,-0.0855457633733749,0.0202890746295452,0.0819743275642395,-0.0943135768175125,0.0655643716454505,-0.0677555277943611,0.0657283887267112,0.1141369715332984,0.1229037642478942,0.013842748478055,0.1468768864870071,0.0591381005942821,-0.0366565138101577,-0.0064918668940663,-0.0345816984772682,0.090563029050827,-0.1254241913557052,-0.0680472627282142,-0.0112142516300082,-0.1381094306707382,-0.0309314783662557,0.0640376806259155,0.0073720887303352,0.0014465899439528,-0.0753063708543777,-0.0976309031248092,-0.06014384329319,0.0450552701950073,-0.1271943598985672,-0.0013293321244418,-0.1035193800926208,0.1194852665066719,0.0576817207038402,0.1273776143789291,-0.0681156292557716,0.0280056502670049,-0.0808710232377052,-0.068775326013565,0.1404839307069778,0.0061807879246771,-0.0859839990735054,0.0538124553859233,-0.0056477184407413,-0.1162603944540023,-0.1481664180755615,-0.0520366579294204,-0.0396882891654968,-0.0070155728608369,0.112985610961914,0.1301088035106659,-0.0823007375001907,-0.0994313731789588,-0.1202142387628555,-0.1129792258143425,0.1198144704103469,0.0217272508889436,-0.1320773214101791,-0.0407501272857189,-0.0874200835824012,0.1284347623586654,-0.0391494520008564,-0.1095325574278831,0.1453858315944671,0.1466131806373596,0.1235358938574791,0.1205095797777175,0.1012819483876228,0.1134951040148735,-0.0585250295698642,-0.1388855725526809,0.1046529412269592,-0.0532670356333255,-0.0997328385710716,0.0962751731276512,-0.0170528255403041,-0.0725810006260871,0.1212653666734695,-0.0617945715785026,0.0183768235146999,-0.0501037761569023,0.1028983145952224,0.0764109641313552,-0.1028389632701873,-0.0144990570843219,0.0343289785087108,0.1312571465969085,0.0324328765273094,-0.0068178074434399,-0.0127249341458082,-0.0638059973716735,0.1058967188000679,-0.1162168905138969,0.0893503278493881,-0.0972919389605522,0.1285374611616134,-0.0368405543267726,0.027433143928647,0.0368444435298442,0.1236222758889198,0.0891345962882042,0.0928920134902,0.0753543153405189,0.0043344069272279,0.1015461757779121,0.132738396525383,-0.1103907972574234,0.031396958976984,-0.117644228041172,0.0135031789541244,0.1170992255210876,-0.0643995925784111,0.0398764945566654,0.1145713105797767,0.0556087605655193,-0.0762591063976287,0.120271012187004,-0.0015256713377311,-0.0488500818610191,-0.0795962065458297,0.0916119664907455,-0.0816102027893066,-0.1336507052183151,-0.0212522335350513,0.0904353782534599,0.0896406918764114,-0.0152694340795278,-0.1083889827132225,-0.0583421736955642,0.1266406029462814,0.1045160293579101,0.1193272322416305,0.0002828891447279,-0.0832278430461883,-0.0922556594014167,-0.0984815806150436,-0.0536938421428203,0.0510026849806308,0.0654393583536148,0.0276265665888786,-0.0944990813732147,-0.0851023942232132,0.1164030060172081,0.1282218396663665,-0.0821686908602714,0.0859467163681984,0.1223249435424804,-0.0721999108791351,0.1153727173805236,-0.0966825932264328,0.1235311329364776,-0.1064764484763145,-0.1187852770090103,0.0107724964618682,0.0754436030983924,-0.1288714855909347,-0.0898951217532157,-0.0662382394075393,-0.0899155288934707,-0.0191092677414417,0.1278305500745773,0.1237843334674835,-0.0707978084683418,0.1371328979730606,-0.0409067869186401,-0.0754885077476501,0.0686967447400093,0.0511110574007034,-0.0495500452816486,0.1242914423346519,-0.0731077268719673,0.0894537568092346,-0.1340732425451278,-0.0952547788619995,0.0575366578996181,-0.0848220959305763,0.1246883422136306,0.1152428835630416,0.0551874227821826,-0.0360362641513347,-0.0768188908696174,-0.1064697206020355,-0.0841929093003273,0.1195188388228416,0.0043522687628865,0.0774011611938476,0.0324087515473365,-0.0363190323114395,0.0380676239728927,-0.0496625080704689,-0.1223488971590995,-0.0908704549074173,0.0259042978286743,0.0368292480707168,-0.0819297432899475,0.129763126373291,0.1119183227419853,0.0375428348779678,0.1321906298398971,-0.0493884123861789,-0.1288935542106628,-0.1060707792639732,0.1109605357050895,0.109353482723236,-0.0995622351765632,-0.0216170866042375,-0.1366099119186401,-0.1054462417960167,-0.0394178256392478,-0.0205305274575948,-0.0458163321018219,0.0577291250228881,0.1341419667005539,0.0477846935391426,0.2066665440797805,0.1247431710362434,-0.0671810954809188,-0.0575383268296718,-0.001785400789231,-0.0194472037255764,-0.1325859874486923,-0.1576702296733856,0.1738220900297165,0.0018911899533122,0.0688493177294731,-0.0584946982562541,-0.0966106727719307,-0.2080118060111999,0.0409741476178169,0.1112361922860145,-0.0401992537081241,-0.0701469853520393,0.0604844652116298,0.0978554338216781,0.0019821727182716,-0.0217128619551658,0.0439468026161193,-0.1595271974802017,0.1040542870759964,0.0472912415862083,0.1260845214128494,-0.0730552747845649,-0.1297872960567474,0.0738963037729263,0.1003654822707176,-0.0124608222395181,0.1218598634004592,-0.0636186599731445,0.1333703249692917,0.081520028412342,-0.0862380862236023,-0.1686319708824157,0.1108954176306724,-0.0614388734102249,0.0962906330823898,0.0280641634017229,0.0425605662167072,-0.0525754652917385,-0.1083985641598701,0.0721414610743522,-0.0892214700579643,0.0132327685132622,-0.02615169249475,-0.0819071307778358,-0.0916546806693077,-0.1105256825685501,0.0427203029394149,0.0879470333456993,0.0139225870370864,-0.0208330508321523,-0.0735239163041114,-0.0309265833348035,0.128966599702835,-0.0334718041121959,-0.1138972491025924,-0.0661679282784462,0.0534246228635311,0.0539036467671394,-0.14242585003376,-0.0771422535181045,0.0114943971857428,-0.0495545789599418,-0.0720186084508895,-0.0435146614909172,-0.1312227547168731,-0.0782499462366104,-0.1370235234498977,-0.0547924079000949,0.0740432143211364,-0.1546762734651565,0.033973254263401,0.0239178352057933,-0.0606863386929035,0.1613573133945465,0.0119852358475327,-0.046328991651535,0.0012642266228795,-0.09341961145401,-0.0325012505054473,0.0229934267699718,-0.0383970104157924,0.0294035021215677,-0.1180801689624786,0.0279930364340543,-0.0151701662689447,0.1178648024797439,-0.0274083539843559,-0.0245830304920673,-0.0101253148168325,0.1147228330373764,-0.0059671220369637,-0.0304005444049835,-0.0425424203276634,0.0740254670381546,-0.1400790959596634,-0.1214904934167862,0.1280787289142608,-0.0329233929514884,0.0992731302976608,-0.1196806579828262,0.1216102764010429,-0.0953982770442962,-0.0564853399991989,-0.0425308682024478,-0.0982090681791305,-0.1491963863372802,-0.0770527645945549,-0.1343692988157272,0.059210866689682,0.1302327513694763,0.1382987797260284,0.0109296413138508,0.0143555710092186,0.0274242181330919,0.1071982607245445,0.0441381074488163,MNNZTHVYXBDPSG-UHFFFAOYSA-N,O=C(c1cncc(-c2cn[nH]c2)n1)N1CCCCC1
-0.1027369424700737,-0.1003358587622642,0.1025342270731926,-0.103287398815155,-0.1031187698245048,0.103304237127304,-0.0991870909929275,-0.0968311056494712,0.1032500937581062,-0.1026069745421409,0.100822165608406,-0.0403436720371246,0.0958032757043838,0.0934173464775085,0.047913484275341,0.0436533465981483,-0.0139239765703678,0.0892818570137023,0.0792681351304054,0.0980601087212562,0.0467033125460147,-0.0218837913125753,-0.1033108159899711,0.0997106358408927,0.1031209304928779,0.1032338738441467,-0.0259159654378891,0.0810977667570114,0.0280155315995216,-0.0717316046357154,-0.0895145535469055,0.1033100634813308,-0.0908129215240478,0.1033058911561966,0.0887674018740654,-0.0993721261620521,-0.103052794933319,0.0830713659524917,0.103218674659729,-0.1014771685004234,0.103219099342823,0.0995879173278808,0.1033046171069145,-0.1028937995433807,0.1032677143812179,-0.0779057368636131,-0.1016990840435028,0.0966503843665123,0.0107442140579223,0.1025376468896865,0.101027026772499,0.0985129252076149,0.1013658121228218,-0.0101424381136894,-0.1006795242428779,0.0575944148004055,-0.1033060327172279,0.0871685743331909,-0.1012655198574066,0.0698006302118301,0.102171391248703,-0.0581727735698223,-0.0684001147747039,-0.1011047735810279,-0.0672200545668602,-0.10322917252779,-0.1001858115196228,-0.1020655483007431,0.1025782376527786,0.1029244288802146,0.0981225669384002,0.1012190803885459,-0.0812265574932098,-0.1031414568424224,-0.1031173840165138,-0.0202281139791011,0.0915863141417503,0.1033059805631637,-0.0783603191375732,-0.1033099815249443,-0.1030220612883567,-0.0958971977233886,0.1033027246594429,0.0918339788913726,-0.0692655444145202,0.1030446663498878,-0.1033108681440353,-0.1000194177031517,0.08976411819458,-0.1031047254800796,-0.0477372631430625,-0.0734340921044349,0.0887886211276054,-0.1033104956150055,-0.1017451584339141,-0.1032044813036918,-0.1032896041870117,-0.0585034266114234,-0.0981243103742599,0.1016878634691238,-0.002642047824338,-0.0172547418624162,-0.1010493785142898,-0.1033057942986488,-0.0850052610039711,0.1027774661779403,-0.0989066362380981,-0.0923794582486152,0.0405179001390934,0.1032754182815551,0.1033013314008712,-0.1013224869966507,-0.0498079545795917,0.0969422534108161,0.054644975811243,0.0017459022346884,0.0551267825067043,0.0268041230738163,-0.103309653699398,0.1025655567646026,0.0048676999285817,0.0988236218690872,-0.0849370062351226,0.0835992768406868,0.0300922356545925,-0.0030372135806828,0.1033087000250816,-0.1025276184082031,-0.0668436214327812,-0.0975478217005729,0.0767538249492645,0.0445488169789314,0.0865528360009193,0.0990272089838981,0.0182166267186403,-0.0990223214030265,0.0989583730697631,-0.0730605125427246,0.01932929828763,0.0990213975310325,-0.0989556163549423,-0.0978691801428794,0.097829446196556,-0.0990272760391235,0.0989980325102806,-0.0855410620570182,0.0990270897746086,-0.0989105105400085,0.0990272760391235,0.082755796611309,-0.0611724331974983,-0.0382698588073253,-0.0079799955710768,-0.0832110419869422,0.0988543108105659,0.0016887970268726,-0.0989882424473762,0.0928253307938575,-0.0863890275359153,-0.0929193496704101,-0.0496865175664424,0.0844108536839485,0.0990272760391235,0.0989226698875427,0.0898353978991508,-0.0990252494812011,0.0990272760391235,0.0920328721404075,-0.097305528819561,-0.0426304526627063,0.0988949760794639,0.0990272611379623,0.0342954024672508,-0.0597105957567691,0.0989362746477127,-0.0383043438196182,-0.096706710755825,-0.0990093797445297,0.0556842498481273,-0.0990244224667549,0.0983224809169769,-0.0990272760391235,-0.0857830941677093,0.0887547582387924,0.0990272685885429,-0.0990242958068847,-0.0990134999155998,-0.072583220899105,-0.0990208610892295,-0.0990272313356399,-0.0987126678228378,0.0990157723426818,-0.0990272760391235,-0.0990265235304832,-0.0990272760391235,-0.0989986807107925,0.0860086977481842,-0.0990266725420951,0.0990272536873817,-0.098526507616043,0.0989533737301826,-0.0990239381790161,-0.0990229770541191,-0.0990250781178474,0.0990272760391235,-0.0990272760391235,0.0659993141889572,-0.0979300066828727,0.0990272760391235,0.0990177169442176,0.0981543660163879,-0.0990272760391235,-0.0953583195805549,0.0967346653342247,-0.0990272760391235,0.0494137443602085,0.0989572927355766,0.0988965630531311,-0.0974184498190879,0.0969102457165718,0.0986299142241478,0.0990271270275116,-0.0941744968295097,-0.0922413691878318,-0.0989414080977439,-0.0915113016963005,-0.049741044640541,0.0342912897467613,-0.0987950339913368,-0.0917000547051429,-0.0797980427742004,-0.0978768840432167,-0.0954082757234573,-0.0990272760391235,-0.0724604204297065,0.0557806901633739,-0.0773447453975677,-0.0469485186040401,0.0988348573446273,0.0989606752991676,-0.0990194156765937,-0.071280762553215,-0.0988626107573509,0.0608427450060844,0.0815801098942756,0.0987908542156219,-0.0942203477025032,0.0988152101635932,-0.0990272760391235,0.0802619084715843,-0.0990272760391235,0.0977630093693733,-0.0042088069021701,0.097554974257946,-0.0990163385868072,-0.0289575587958097,0.042510375380516,-0.0387257300317287,-0.0982812866568565,-0.1012830063700676,0.1013764068484306,-0.1014210134744644,-0.1008088514208793,-0.0986931696534156,-0.0967144817113876,-0.1013040319085121,0.091008074581623,0.0719633400440216,0.1013979837298393,-0.0957501679658889,0.0998233184218406,0.014518997631967,-0.0993423461914062,-0.0946829095482826,-0.1006167605519294,0.1012376472353935,-0.1014382019639015,-0.1014385893940925,0.098222829401493,-0.0196224376559257,0.100770503282547,0.1014100164175033,0.1014112383127212,-0.0848283767700195,-0.0951375737786293,0.0976788699626922,0.1011542975902557,0.0859608352184295,0.0960783809423446,-0.1014385744929313,-0.0962702557444572,-0.1014370769262313,0.0813970044255256,-0.0974233448505401,-0.0985276028513908,-0.1014080420136451,0.0235242005437612,0.0478058531880378,-0.1005992963910102,-0.1009842306375503,0.0562741756439209,0.0501514263451099,-0.0243085883557796,-0.1013307124376297,0.037537507712841,-0.100041814148426,0.1009581312537193,0.0984201356768608,-0.1013292223215103,-0.1014385297894477,0.0333366654813289,-0.1012254133820533,0.0921833515167236,-0.1014018207788467,0.1007819026708602,0.1010214015841484,-0.0247658714652061,0.0956088751554489,0.1014383062720298,-0.0949093103408813,0.0167779568582773,0.0998410731554031,0.0984039828181266,0.0555771328508853,0.0695242881774902,0.1013993099331855,0.021172821521759,-0.101244181394577,-0.0355995371937751,0.1014385744929313,0.094140388071537,-0.1012348160147667,-0.0687450021505355,-0.099899984896183,-0.0963008776307106,-0.1014168560504913,0.0825598388910293,0.0968978628516197,-0.0947881564497947,0.1014047712087631,0.1000065132975578,0.1011429950594902,0.1013505607843399,-0.0231087002903223,0.0425007045269012,0.1013856157660484,0.1001247316598892,-0.0519330874085426,0.0853490084409713,-0.0995532795786857,0.0025179707445204,0.0925473421812057,-0.0823933035135269,0.0932692214846611,-0.1007584333419799,-0.1007355377078056,0.0836827903985977,0.1006605923175811,0.0390275306999683,-0.0808318331837654,0.1014386042952537,-0.0258409399539232,-0.1009355559945106,-0.1008956953883171,-0.1014351099729538,0.0959463417530059,-0.0614278353750705,0.0722670555114746,0.1012889295816421,-0.1014334410429,0.101433977484703,0.0170124862343072,-0.10116608440876,0.101414754986763,0.0699897855520248,0.1014041751623153,-0.065156452357769,-0.0993480533361435,0.070868581533432,-0.1014385148882865,-0.1014378070831298,0.0778506472706794,0.0973094031214714,0.0981912240386009,-0.0958044379949569,0.0896049290895462,0.0953361466526985,-0.0844761878252029,0.0954307913780212,-0.0958248749375343,0.0015609618276357,-0.0805922448635101,0.0958244353532791,0.0956766977906227,-0.0953579396009445,-0.0910339057445526,-0.0629113018512725,-0.0036345047410577,-0.0857379660010337,-0.0958237200975418,-0.0957092940807342,0.0958154276013374,0.0095758382230997,-0.0926461964845657,0.0935046598315239,0.0061166249215602,0.0944961681962013,0.0917246267199516,0.0956806018948555,0.0956155434250831,0.0956997796893119,-0.0656667649745941,0.023446587845683,-0.0958254635334014,-0.0942445769906044,0.0587461106479167,-0.0958243533968925,0.0958252251148223,0.0957552269101142,0.0947517827153205,0.0957627370953559,0.0958161130547523,0.0958255007863044,0.0957487449049949,0.0958238989114761,0.0952339246869087,0.0957958623766899,-0.0958241000771522,0.0956285148859024,-0.0817178934812545,-0.0951459184288978,-0.0914861261844635,0.0956836938858032,0.095683105289936,0.0761452540755271,0.0507571399211883,-0.0882694870233535,-0.0956368893384933,0.0955277308821678,0.0824686586856842,0.090884268283844,0.0958249643445015,0.0957138836383819,-0.0957144871354103,-0.0735109522938728,-0.095822624862194,0.0902388915419578,-0.0958057940006256,0.0957508534193039,-0.094427041709423,0.0784631669521331,-0.0958250686526298,0.0950556024909019,0.0920850336551666,0.0911355540156364,-0.0957803055644035,0.0161910448223352,0.0320306494832038,0.0955555737018585,0.0912102982401847,0.0958039760589599,-0.0444716103374958,-0.0944600403308868,0.0498332977294921,0.0276627670973539,0.0958248078823089,-0.0769105404615402,-0.0958252251148223,0.0958248749375343,0.0958244428038597,-0.0958237946033477,0.0958254486322403,0.0950658917427063,-0.0958227664232254,-0.0951954275369644,0.0958255231380462,-0.0955002754926681,-0.0851268246769905,-0.0951245352625846,0.0955387279391288,0.0957088395953178,0.0954941064119339,-0.0958242118358612,0.0740975886583328,0.0956539660692215,-0.0957350432872772,0.0957088321447372,-0.0958252251148223,-0.0930182635784149,0.0958191752433776,0.0958210974931716,0.0839884355664253,0.0951461791992187,-0.0958096906542778,0.0958241671323776,-0.0951411873102188,-0.0958253666758537,-0.0933811515569686,-0.0465221442282199,0.0936692431569099,-0.0947299301624298,0.0317890420556068,-0.0958093479275703,-0.0958252549171447,-0.0941971763968467,-0.0908671095967292,-0.0919981002807617,0.0958186239004135,0.0798429697751998,-0.0946234986186027,0.0958250612020492,-0.0957942828536033,-0.1187443882226944,-0.1069852039217948,-0.0087181543931365,-0.1202483028173446,-0.1164104044437408,0.0379977002739906,0.0434966422617435,0.0224353559315204,-0.1114393472671508,0.0181152429431676,0.110962763428688,-0.0922153815627098,0.1150241270661354,0.0397097505629062,0.1183940544724464,-0.1218750104308128,0.1017011627554893,-0.1066325828433036,-0.0376890674233436,-0.1131287738680839,-0.0546666122972965,-0.1127187758684158,0.0477311946451664,-0.0897301137447357,0.099824383854866,0.1035077273845672,-0.1136408448219299,-0.0715943351387977,-0.0039145117625594,-0.0119938971474766,-0.0560252554714679,0.1231813728809356,0.0202205087989568,-0.090509794652462,-0.114481896162033,-0.0526651665568351,0.075187861919403,-0.0082084676250815,-0.1188912391662597,0.0692929923534393,0.0043622767552733,0.0986031219363212,0.1011071801185607,0.0981820449233055,-0.0464260727167129,0.0322422832250595,0.1214208081364631,0.0187487695366144,0.1034166142344474,0.0221042204648256,-0.0994680672883987,-0.0204920824617147,0.1230191513895988,-0.0035681594163179,-0.0130241513252258,0.0250136032700538,0.1096639633178711,-0.1159507036209106,0.0977962762117385,0.0895402356982231,0.1246652454137802,0.0666466727852821,-0.0855535492300987,-0.1188554242253303,-0.1059959456324577,-0.0549318753182888,0.0035859323106706,-0.008803823031485,0.0628648847341537,-0.076813019812107,-0.0111099053174257,-0.0855402648448944,-0.0384583212435245,-0.1186891049146652,0.0949632972478866,0.060400903224945,0.0845643952488899,-0.0403937548398971,-0.1170694306492805,-0.0734519809484481,-0.1190074533224105,0.0691050291061401,-0.114086166024208,-0.1199431344866752,-0.0952094569802284,-0.120857261121273,0.0872639939188957,0.1120577529072761,-0.1260525733232498,0.1256595402956009,0.1236670315265655,-0.1156527921557426,0.1181257143616676,0.1214349418878555,0.0118403621017932,-0.122252844274044,-0.1066780090332031,0.1147994324564933,0.0185357928276062,0.1144559234380722,0.123676411807537,0.0579064898192882,-0.0798895135521888,0.111840471625328,-0.0253587681800127,-0.0472358874976635,-0.1198433488607406,-0.0477140732109546,-0.0530146174132823,0.0943638384342193,0.0952780991792678,-0.1062790974974632,0.0868214592337608,0.0609027110040187,0.118371196091175,-0.1160048395395279,-0.1113237887620925,0.0915844738483429,-0.015503529459238,-0.0507999956607818,-0.1144853308796882,0.0509922131896019,0.0883935764431953,-0.0732937604188919,0.064550369977951,0.1255620718002319,-0.0115085672587156,-0.0818464681506156,-0.0867919698357582,-0.0958643481135368,0.0951779708266258,-0.0935251712799072,0.0933306217193603,0.0775754004716873,0.0989407077431678,-0.0576959364116191,0.0108332298696041,0.0187973361462354,0.074539378285408,0.0004334259720053,0.0792655423283577,0.0946259126067161,0.0723401010036468,-0.1029506921768188,0.1041621565818786,-0.0959040075540542,-0.1005743369460105,0.0784998759627342,-0.0922024771571159,-0.0947792530059814,0.0826187804341316,0.0632524564862251,0.0737163797020912,-0.1015215590596199,0.0599718317389488,-0.0860981345176696,-0.042665384709835,-0.0936092659831047,-0.083433099091053,0.1074249446392059,-0.0761336460709571,0.0617482811212539,-0.1071503907442092,0.078442245721817,-0.0989645719528198,0.0720830783247947,0.041785717010498,0.1051671206951141,0.0662185698747634,0.105700708925724,0.0590846873819828,0.093787208199501,0.1013686135411262,-0.0885222926735878,0.0154743697494268,-0.1088953837752342,-0.0962028875946998,-0.0483662262558937,-0.1035617440938949,-0.0966663062572479,-0.0535330921411514,0.09037446975708,0.095825158059597,-0.0943512395024299,-0.1007625013589859,-0.1068641021847724,0.096103124320507,0.091791495680809,-0.0963222309947013,0.0920817703008651,0.1066900491714477,-0.0884813442826271,0.1067757159471511,-0.0844146013259887,0.0912955701351165,0.0130768753588199,-0.0674250423908233,0.1059340387582779,-0.0695315524935722,0.0984192341566085,-0.0951955467462539,0.1077682077884674,0.1034719049930572,0.0728833302855491,0.0921138525009155,-0.1083350852131843,0.0922114551067352,0.083737701177597,-0.0901594683527946,0.0940861850976944,-0.1066390126943588,-0.0947648957371711,-0.0969218462705612,-0.0805927664041519,-0.0986828878521919,0.0668176561594009,-0.1036489233374595,0.099735178053379,-0.0953056067228317,0.0852677822113037,-0.0988717973232269,0.0573787875473499,0.1007016897201538,-0.1052995696663856,0.0861816853284835,-0.1005112752318382,0.0838436633348465,-0.0912273153662681,-0.1006748750805854,-0.1014894768595695,-0.0715347528457641,-0.1030409336090087,-0.0930555462837219,0.1022135019302368,-0.0620186179876327,0.1080871224403381,-0.0910817012190818,-0.085225686430931,-0.0925454720854759,-0.062671959400177,0.1026199758052825,0.0192141123116016,-0.0956451967358589,-0.1083108484745025,0.1005144342780113,0.1002384051680564,0.0858739390969276,0.0959063395857811,-0.0054555651731789,0.1055507287383079,0.0945333540439605,-0.0957105830311775,0.09162387996912,-0.0949130728840828,-0.078724555671215,-0.0913764163851738,HSCBKPHIUAQFSP-UHFFFAOYSA-N,COc1ncccc1-c1ccc(S(N)(=O)=O)s1
0.0940833687782287,-0.100465178489685,-0.1009314879775047,0.1012627631425857,-0.1010816544294357,0.0327523797750473,0.1005583554506301,-0.0997505187988281,-0.093360424041748,-0.100124605000019,-0.0998437032103538,-0.1010463610291481,0.0819791108369827,0.099178597331047,-0.0638587847352027,0.1010326594114303,0.1005084887146949,0.1004878357052803,-0.1012609228491783,-0.0145055679604411,-0.1009851098060607,0.0234946031123399,-0.0878808870911598,-0.0073931738734245,-0.0703553929924964,0.1010066345334053,0.1012593358755111,-0.0675386041402816,-0.101089097559452,-0.0831940397620201,0.0465535819530487,0.1012624353170394,0.1007157117128372,-0.0827957764267921,-0.0870377197861671,0.0976520702242851,0.1011782959103584,0.0664551183581352,-0.1006749719381332,-0.098724864423275,-0.1007997095584869,-0.101220041513443,-0.0656127035617828,-0.1012626737356185,-0.0317574217915535,-0.0998429134488105,-0.1012225300073623,0.1012614890933036,-0.0879562199115753,-0.0653841942548751,-0.1011454686522483,-0.0462468229234218,0.0878245532512664,-0.1012553721666336,-0.1012085229158401,-0.0572325177490711,0.0917299687862396,0.0539713725447654,-0.0996525436639785,0.0724250897765159,-0.1010240018367767,-0.1012631431221962,-0.0991423428058624,0.0959551706910133,-0.0764078125357627,0.0892923697829246,0.1005044728517532,-0.0217113904654979,0.0997069627046585,0.0990675017237663,0.080762080848217,-0.0788424983620643,-0.0948117151856422,0.1008847653865814,0.1010149046778678,0.0948961824178695,-0.1007009446620941,0.0872447118163108,-0.10071911662817,0.101187840104103,0.101015880703926,-0.0753370523452758,-0.0665715336799621,0.0979222953319549,-0.1006988883018493,0.1008553653955459,-0.0865774229168891,0.1012332290410995,0.0353340469300746,-0.1012517735362052,-0.1012631803750991,-0.0953809469938278,-0.025649195536971,0.1012575179338455,-0.0153873413801193,-0.1012587249279022,-0.1012631356716156,0.1005182415246963,-0.1001230478286743,0.0882311835885047,-0.1012197807431221,0.0977052375674247,-0.1012629717588424,-0.0985696911811828,0.1012631654739379,0.059169054031372,-0.099079392850399,-0.0975149646401405,0.0614755861461162,0.0895906612277031,-0.0750223994255065,-0.0243125837296247,-0.0222079865634441,-0.086200475692749,-0.1012493371963501,-0.1012582033872604,-0.0676790103316307,-0.100344106554985,-0.0558033622801303,-0.0839729607105255,-0.0512008108198642,-0.1003484651446342,0.096753217279911,-0.1003138199448585,0.0844150930643081,-0.0108252493664622,-0.0974619388580322,0.0953373238444328,-0.097668245434761,-0.0977229252457618,-0.0977230072021484,-0.0976822152733802,0.0977033823728561,-0.0890256315469741,0.097692921757698,0.0973020792007446,0.0685491487383842,-0.0976844653487205,0.0934352427721023,-0.0681732222437858,-0.0949800387024879,-0.097523383796215,0.015953516587615,0.0472402200102806,-0.0977229997515678,0.093320146203041,-0.0975742265582084,-0.0909858271479606,-0.095607578754425,0.0977093875408172,0.097722478210926,-0.0977174118161201,0.0976628810167312,-0.0973049402236938,0.0935603752732276,-0.0779551863670349,-0.0977016612887382,0.089633896946907,0.0515872873365879,0.0209582038223743,0.0977204889059066,-0.0977229923009872,0.0364139750599861,0.0976956114172935,-0.0975435450673103,-0.0824773013591766,0.0245359614491462,0.0967985242605209,0.0971320495009422,0.0973296016454696,0.0977227166295051,-0.0977229923009872,-0.0977230072021484,-0.0273308102041482,-0.097722977399826,0.0959412977099418,-0.0977230072021484,0.0759044215083122,0.0971385538578033,-0.0977227538824081,0.0977230072021484,-0.0974671319127082,0.0975914597511291,0.0977228358387947,0.083821952342987,0.075422391295433,0.0977186262607574,0.0971377342939376,-0.0932576730847358,-0.0977113470435142,0.008534244261682,-0.0977230072021484,0.0949325487017631,0.0940166190266609,-0.0845914408564567,0.0529022924602031,0.0123345907777547,-0.0670695006847381,0.0977160483598709,0.0960574373602867,0.0493308790028095,0.0977190732955932,0.0977230072021484,0.0976776257157325,0.0974417701363563,-0.0869864150881767,0.0977230072021484,-0.0940884873270988,0.091738574206829,-0.091184064745903,-0.0787520185112953,-0.0880344659090042,0.097650334239006,0.0398368053138256,0.0839496552944183,0.0569186881184577,0.0802557989954948,-0.0955061763525009,-0.0971002280712127,-0.0977201536297798,0.0973599702119827,-0.0956873744726181,-0.0974204987287521,0.0497819408774375,-0.0971993952989578,0.0977134257555008,0.0977230072021484,-0.0977229997515678,0.0473731867969036,0.0976755023002624,-0.0480365864932537,0.0976956337690353,-0.0977148339152336,0.0976282209157943,-0.0976122468709945,-0.0976971834897995,0.0977229997515678,0.0690154060721397,0.066286064684391,-0.0977226570248603,0.0977228954434394,0.0972297117114067,0.0973260924220085,-0.0977229923009872,-0.0897740945219993,-0.0977229177951812,-0.0475077517330646,-0.0890708342194557,0.0977222993969917,0.0977228358387947,-0.0941576436161995,-0.0977229923009872,0.0977229848504066,0.0365622118115425,0.0946932807564735,-0.0818220824003219,0.096458651125431,0.0964610204100608,-0.0949712097644805,0.0964168906211853,-0.0964851677417755,-0.0920753255486488,-0.0960148647427558,-0.0964866653084755,0.0964884087443351,0.025670226663351,-0.0932621210813522,0.0964872315526008,-0.0964865386486053,0.0964876487851142,-0.0964881479740142,0.0964882746338844,0.0957223027944564,0.0607459880411624,0.0491938330233097,-0.0691495090723037,-0.0964883640408515,-0.0964550375938415,-0.0360838137567043,0.0665324702858924,0.0931787565350532,0.0963821113109588,0.0953946113586425,0.0962862595915794,-0.0964865759015083,0.0954854637384414,-0.0459469854831695,0.0837419107556343,0.0964866802096366,0.096474252641201,-0.0960426330566406,0.093961551785469,0.0949635878205299,0.0952061042189598,-0.0798967033624649,0.0964864119887352,-0.012573953717947,-0.0871517211198806,0.0961830615997314,0.0964885428547859,-0.0961870774626731,-0.0927376225590705,-0.096395656466484,-0.096412293612957,-0.0015031518414616,0.0964269265532493,0.0963012874126434,0.0964752361178398,0.0964885354042053,-0.0900355204939842,0.0963292121887207,-0.0961246117949485,-0.0800991505384445,0.0950511768460273,-0.0962599068880081,-0.0555922947824001,-0.0964416414499282,-0.0961312875151634,-0.0964768975973129,0.0964058265089988,0.0676930174231529,-0.0722293108701706,0.0901613160967826,0.0923646613955497,-0.0964885428547859,0.059197798371315,0.0964440181851387,-0.0866640210151672,0.0808713659644126,0.0546415336430072,-0.0964592024683952,-0.0935945883393287,-0.0913745611906051,0.0961182788014411,-0.0957796573638916,0.0022700405679643,-0.0593132674694061,0.0649477690458297,0.0964885279536247,0.0963407009840011,0.0964885279536247,-0.0964885428547859,-0.0964511856436729,-0.0336168855428695,-0.0963443145155906,-0.0964861363172531,0.0932635068893432,-0.0900482460856437,-0.0964885428547859,-0.0964883863925933,0.0964729115366935,-0.0961849987506866,0.0960820764303207,0.094593308866024,-0.0490120910108089,-0.0938222706317901,-0.0964885354042053,-0.096488319337368,-0.0906457602977752,0.0475418418645858,-0.0964885428547859,0.0964147374033927,0.0964878797531127,-0.0893907845020294,-0.0964885428547859,-0.0782813057303428,-0.0954524204134941,-0.0964885354042053,-0.0963316112756729,0.0964803174138069,-0.0922931432723999,0.0956021696329116,0.0964873954653739,0.0597939230501651,0.0964878350496292,-0.0964885428547859,0.0956095829606056,-0.096482515335083,-0.068412072956562,-0.078385055065155,-0.0964781939983367,-0.0032991722691804,-0.0960581675171852,-0.0952062681317329,0.1075345426797866,0.0456203632056713,-0.0035988274030387,-0.1050399094820022,-0.0196116343140602,0.0544929355382919,-0.0435569211840629,-0.121289312839508,-0.0716751813888549,-0.0352485217154026,0.0296397227793931,0.1124652326107025,-0.0256939753890037,0.1296743005514145,-0.1228756308555603,-0.0957724004983902,-0.0663377493619918,-0.0626485422253608,0.0858423188328743,0.0467830225825309,-0.12439576536417,0.1236836314201355,0.0464571192860603,-0.1260280609130859,-0.1158782839775085,0.0354424156248569,0.0673755779862403,-0.0073716565966606,0.0736821889877319,-0.1205979660153389,0.0060491161420941,0.0376083590090274,0.0335850156843662,0.0927733406424522,0.12835294008255,0.0897629633545875,-0.0066140857525169,-0.1260361522436142,0.0016969729913398,0.1232817620038986,0.0763838738203048,0.0059622442349791,0.1208496764302253,-0.0321751348674297,-0.0969807803630828,-0.0751076936721801,-0.1026058867573738,0.0485336296260356,-0.114866591989994,-0.1176386773586273,0.1084461435675621,-0.0389106981456279,-0.1256644874811172,-0.0279665365815162,-0.011496509425342,-0.1084097698330879,0.1136806830763816,0.1014164537191391,-0.0822339728474617,0.1266487389802932,0.0658600628376007,0.0454639680683612,0.1086329147219657,0.0315291732549667,0.0627694576978683,-0.1278822422027588,-0.125733807682991,0.0005234535201452,-0.0299885421991348,0.1187361404299736,0.0749472081661224,0.0192848574370145,0.1199857518076896,0.0818673148751258,-0.0372813157737255,0.0212200805544853,0.1202615424990654,-0.1151924282312393,-0.128905177116394,0.107837937772274,0.0942032486200332,0.1041698679327964,-0.0721307322382927,-0.0360195413231849,-0.067789576947689,-0.0757990926504135,-0.0473004207015037,-0.0077132601290941,0.0699703320860862,0.1018321514129638,-0.100245252251625,-0.0037222795654088,-0.1142843961715698,-0.0927781239151954,0.1120316684246063,0.0700246021151542,-0.0996837988495826,0.1247630342841148,0.1044707521796226,0.0688270777463913,0.042578786611557,-0.1010691300034523,0.0358086638152599,-0.0318862572312355,-0.0654498189687728,0.1031761243939399,-0.1038701012730598,0.1286106258630752,0.1292124837636947,0.0853798761963844,-0.1116222441196441,-0.0619754306972026,0.1254651993513107,-0.1041681766510009,-0.098970279097557,-0.1131515279412269,0.1189465150237083,0.1161356195807457,-0.11728435754776,-0.0814897865056991,0.017701419070363,0.0311979763209819,0.1210192665457725,-0.118817463517189,-0.0910638645291328,0.0163642577826976,0.1071454733610153,-0.1132278963923454,-0.0982162356376648,0.0749267637729644,0.1357435584068298,-0.0958462655544281,0.1102286949753761,0.1002125069499015,0.1239723339676857,0.0821339935064315,0.0747887268662452,0.002777254441753,-0.0402351655066013,-0.0816538035869598,0.1371243447065353,0.1039327755570411,-0.1054118126630783,-0.0976369678974151,0.0993941128253936,0.0106225293129682,-0.1290514916181564,-0.1058202609419822,-0.1029633581638336,-0.1366110295057296,-0.1308332830667495,-0.0869899466633796,-0.1200796961784362,0.1213772073388099,-0.1147530376911163,0.0944608673453331,-0.1360086798667907,0.085660308599472,-0.0397109724581241,0.1252536624670028,0.1201128512620925,0.0253849271684885,0.1297366768121719,0.042609192430973,0.0033985823392868,0.0992342457175254,-0.0278538763523101,0.1082811281085014,0.1077560558915138,0.1226847022771835,-0.1064277812838554,0.0706491470336914,0.0626581087708473,-0.0244320798665285,0.0088263088837265,0.0866786688566207,0.0314650572836399,-0.1222255378961563,0.0358027182519435,0.1270224750041961,0.0420534536242485,-0.0885703414678573,0.103480651974678,-0.050894621759653,-0.1045032888650894,-0.0704147070646286,-0.0049427333287894,-0.03373708948493,-0.0528431013226509,0.1081287637352943,-0.0145949060097336,0.099199540913105,-0.0649602115154266,-0.0746044740080833,-0.1226283907890319,0.0359354875981807,-0.1035702228546142,0.128699779510498,-0.1270826458930969,-0.0217169225215911,-0.0396667160093784,-0.0050154025666415,0.1158913075923919,-0.1126128956675529,0.0860249251127243,0.0695432946085929,0.1008114963769912,0.094272144138813,-0.1053437665104866,-0.0231032725423574,0.0843627303838729,0.0611623860895633,0.0246187336742877,-0.123539499938488,0.1142197325825691,-0.1258206218481063,-0.0629971325397491,0.1240148991346359,-0.0379801392555236,-0.0424213781952858,-0.1282448172569275,-0.0242437720298767,0.0970441177487373,-0.0146682588383555,0.0960046052932739,-0.1322751194238662,0.0233106855303049,-0.0430023223161697,-0.0318331718444824,-0.0411810092628002,-0.0046535278670489,0.0176957584917545,-0.0909836366772651,0.094357393682003,0.1147595793008804,0.0885530561208725,0.0109494002535939,-0.0516212023794651,-0.1331081986427307,0.0349825397133827,0.108203537762165,-0.0225086752325296,0.0769129693508148,0.0385056994855403,0.1329351514577865,-0.1264598369598388,-0.0808437913656234,0.0474338680505752,-0.0310222562402486,0.1021642610430717,-0.1215044036507606,-0.1318146735429763,-0.0517586171627044,0.0764634981751442,0.0075329951941967,-0.0420203171670436,-0.0274628940969705,-0.0855502933263778,-0.0497882850468158,-0.0322643592953681,0.0865327641367912,0.0761545598506927,0.1683990955352783,0.1104857772588729,-0.0685436353087425,-0.0444862730801105,0.0402505956590175,-0.0588950514793396,-0.0941010192036628,-0.0866781845688819,0.1220296546816825,-0.0566813014447689,0.1476482301950454,-0.102396972477436,-0.123588815331459,-0.1578684747219085,0.0215948298573493,0.0576538480818271,-0.1024661064147949,-0.0567905120551586,0.0854913666844368,-0.0492662228643894,-0.0509161651134491,0.0294582415372133,0.0521535985171794,-0.0935607850551605,0.0750111639499664,0.092627428472042,0.0520359613001346,-0.0398266203701496,-0.0419219695031642,0.154023215174675,0.1390336453914642,0.0288040917366743,0.0701529756188392,-0.020575426518917,0.0583825260400772,-0.0681862607598304,-0.0360609926283359,-0.1466594636440277,0.0535768792033195,-0.0904229804873466,0.0992793887853622,0.0393662638962268,0.0885051041841507,-0.1311704516410827,-0.1111941337585449,0.0249782241880893,-0.1042669862508773,0.0791057795286178,0.0868661031126976,-0.13970647752285,-0.1502617746591568,-0.1076051667332649,0.0379625484347343,0.1470016837120056,0.108647309243679,0.0374909117817878,0.0197920054197311,-0.0934636518359184,0.1252529919147491,-0.009141250513494,-0.0621531680226326,-0.0519280992448329,0.1219838336110115,0.0416850335896015,-0.1191697493195533,-0.1022300943732261,0.0639863014221191,0.0569985806941986,-0.1387834548950195,-0.0031294615473598,-0.1284470409154892,-0.0477680154144763,-0.1351692974567413,-0.0867442563176155,-0.09021607786417,-0.1349536329507827,-0.0124679235741496,-0.1029002219438552,-0.0847047641873359,0.0727570652961731,0.0344019457697868,-0.0862104967236518,-0.0021768168080598,-0.0112512055784463,0.0955757275223732,-0.0025594877079129,-0.1247965171933174,0.0504104681313037,-0.1284658908843994,-0.0278976187109947,0.0128540098667144,0.1151469200849533,-0.0482312478125095,-0.0629932656884193,-0.0699633583426475,0.1105756908655166,0.0541839115321636,-0.089478351175785,0.0431531406939029,0.1286974251270294,-0.0369695127010345,-0.0551927797496318,0.0679909214377403,0.0137436306104063,0.0479167141020298,-0.1642474383115768,0.113943412899971,-0.0516272634267807,0.0096050417050719,-0.1062373220920562,-0.0517372675240039,-0.1323843449354171,-0.0211336351931095,-0.1223831325769424,0.1360060423612594,0.1453394889831543,0.1104370057582855,-0.0706416442990303,0.0461070574820041,-0.0762231051921844,0.0782026723027229,-0.1149777472019195,JPDGHTKJIMELEI-JLHYYAGUSA-N,O=C(O)c1ccc(/C=C/c2nc3ccccc3c(=O)n2-c2cccc(O)c2)cc1
0.1178553253412246,0.1212077438831329,0.1108999922871589,-0.0858901217579841,-0.0333690531551837,0.1126926988363266,-0.0837462320923805,0.0644582137465477,0.0864712968468666,-0.0854370445013046,0.0908486545085907,0.1103809848427772,0.054739587008953,-0.0542956888675689,-0.00181400263682,0.1206794455647468,-0.0632757246494293,0.0027262663934379,-0.1153607293963432,-0.0014174919342622,-0.1031584814190864,0.020595010370016,0.1168240755796432,0.1136850267648696,0.1159219220280647,-0.0520968958735466,-0.1192559227347374,0.0422077700495719,0.0792679041624069,-0.0647306144237518,0.1147804111242294,-0.1065826788544654,0.0362956970930099,-0.0928279981017112,0.0643322393298149,0.1170962899923324,-0.0899266526103019,-0.0433888882398605,-0.105627991259098,-0.1164295151829719,-0.112848587334156,-0.1129835993051529,-0.1045394912362098,-0.1073909625411033,0.1004467457532882,0.093367300927639,0.0819018110632896,0.0066037909127771,0.018853710964322,-0.1027368828654289,0.0998140797019004,0.1134121716022491,-0.1194948330521583,-0.0622401721775531,0.0045258379541337,-0.0598675273358821,0.0175357554107904,-0.0892528817057609,-0.0968527123332023,-0.1064675524830818,0.0877926424145698,0.1219465807080268,-0.0629644319415092,0.1028763279318809,0.0649411603808403,0.1139221638441085,0.1014742106199264,-0.0143107883632183,-0.0171029940247535,-0.1092143654823303,0.0830581113696098,0.076747715473175,-0.1088853478431701,-0.0743300318717956,-0.0865813121199607,-0.0637022331357002,0.0157298557460308,0.1111314073204994,0.0749023109674453,0.116012804210186,0.1179123893380165,0.1128226965665817,-0.0594494231045246,0.0976959094405174,0.016542550176382,0.062855377793312,-0.112675204873085,-0.1142403855919838,-0.0159676503390073,0.1194316372275352,0.0830088257789611,0.0994389951229095,-0.1216768696904182,-0.0349001549184322,-0.1213926449418068,-0.0344094261527061,0.1213271468877792,-0.0343027375638484,-0.061928916722536,0.08267093449831,-0.0273704193532466,0.0784266740083694,0.0831705927848815,0.0970552489161491,0.1097466796636581,0.0491840094327926,0.1158904507756233,-0.119100272655487,-0.0915248170495033,0.1094754412770271,-0.1216044723987579,-0.0895923972129821,0.0709099471569061,-0.1143582984805107,-0.0711586400866508,0.0644691362977027,-0.0246162861585617,0.1035863161087036,0.1141348183155059,-0.0058806142769753,0.1124865785241127,0.0585325844585895,0.0679161697626113,0.0629805102944374,-0.0291106291115283,-0.1050474271178245,-0.103800818324089,0.1048249900341034,0.1053251698613166,-0.0558968745172023,-0.0415403097867965,0.0946825817227363,-0.0986001938581466,-0.0231214556843042,-0.1052112504839897,0.0964173525571823,0.011558131314814,0.0638777688145637,-0.0731309205293655,0.0869242623448371,0.0982457473874092,0.0251562129706144,-0.1037619486451149,-0.1053855940699577,0.0919248610734939,0.105376973748207,0.105446383357048,0.1021330654621124,-0.0300181470811367,0.1037992015480995,-0.0031871506944298,-0.105344183743,-0.1050732508301734,0.0570800378918647,-0.1054499000310897,-0.1028539389371872,-0.1050675064325332,-0.0788079425692558,0.1053892001509666,-0.0204262807965278,-0.1027154698967933,0.1050913408398628,0.0343381166458129,0.097259983420372,-0.0909994393587112,0.1054487600922584,0.0811317265033721,-0.1024640053510665,-0.1012602820992469,-0.1051237657666206,-0.1050025969743728,0.0954529345035553,-0.1028289422392845,0.1053979396820068,-0.1051768884062767,0.1054152771830558,0.0460938476026058,0.1029540821909904,0.0447336249053478,0.1050614640116691,-0.0578357391059398,0.0455918535590171,0.1053587198257446,-0.0632040202617645,0.0427965335547924,0.1054436936974525,0.0488695874810218,0.1051737889647483,-0.0943614616990089,0.0766503289341926,0.0206508412957191,-0.09719979763031,-0.1054405495524406,-0.0987796559929847,-0.1039794385433197,0.0547524653375148,0.1047358363866806,0.0819099321961402,-0.0932563319802284,-0.1028667315840721,0.1053499579429626,0.1025575175881385,-0.0804896280169487,-0.0777639597654342,0.1025826856493949,-0.0825386345386505,-0.0768582820892334,-0.1047611162066459,-0.1044422835111618,0.0728649646043777,-0.0752076804637909,-0.0577661991119384,0.1052662655711174,0.0494707748293876,0.104243166744709,-0.0516073703765869,-0.0406038537621498,0.1053724661469459,0.1053702309727668,-0.0986365228891372,0.0662313401699066,-0.1029114425182342,0.0903084352612495,0.0959221497178077,-0.0134721072390675,-0.098931960761547,-0.0112697500735521,-0.0984468832612037,-0.100636176764965,0.1051216274499893,-0.1054267138242721,-0.1052641123533248,0.1022436767816543,0.0952882543206214,-0.0610321685671806,-0.1050321087241172,0.1054412126541137,0.1043649017810821,0.1029381453990936,0.1053049489855766,-0.0689426809549331,0.1018284931778907,-0.1006940156221389,0.0970491543412208,0.1053586825728416,0.0136066619306802,0.088646225631237,0.1046320125460624,0.0858247950673103,-0.1054423302412033,-0.1001429110765457,0.1044545918703079,0.0401917584240436,0.0834789872169494,0.0126844672486186,0.053947202861309,-0.0032095403876155,0.0313932076096534,-0.1119122728705406,0.0843472629785537,0.1068713441491127,-0.1146235540509224,-0.1138547584414482,-0.1104663088917732,0.1123871281743049,0.0336218439042568,-0.1117334887385368,-0.0201803129166364,-0.1009701043367385,-0.0463067777454853,-0.0687047690153122,0.0307147819548845,0.1098501458764076,0.0523504614830017,-0.0125710600987076,-0.0924443900585174,0.1139151379466056,0.0949476659297943,0.1148034334182739,0.1052374839782714,-0.112560361623764,0.0133953345939517,-0.0672087892889976,-0.003221035702154,-0.0975198224186897,-0.0065629533492028,0.0966008976101875,0.0315226018428802,0.0012280256487429,-0.0942346453666687,-0.0848799049854278,0.1148547157645225,0.0818728953599929,0.1086210906505584,0.0852801799774169,0.0547631233930587,0.0795967876911163,-0.0569906942546367,0.0317234396934509,-0.069511741399765,0.1102990955114364,0.1122141182422638,0.1147644519805908,0.0932759270071983,0.1073371320962905,0.1089656502008438,-0.1019850596785545,0.0033805246930569,0.1129809990525245,-0.1100182011723518,-0.0504976511001586,-0.0404460839927196,0.0975178703665733,-0.1122366189956665,0.0695613101124763,0.0971837043762207,-0.113731101155281,0.0787852779030799,0.1113041788339614,-0.1144994497299194,0.072661243379116,-0.1075218617916107,0.1062285527586937,0.0897016897797584,0.1129027977585792,0.104872889816761,0.0187073312699794,-0.087472915649414,0.0008845425327308,-0.1061481088399887,-0.0015316897770389,0.1113257631659507,0.112092301249504,-0.0229101255536079,0.0053056157194077,0.0915064066648483,-0.108034111559391,-0.0986648425459861,-0.1133030205965042,-0.101559542119503,-0.0573570281267166,0.0313952788710594,-0.0849362164735794,-0.0918812826275825,-0.0329220928251743,0.0761743932962417,0.1146349906921386,-0.1096857339143753,-0.070361316204071,0.1136517375707626,0.0699362531304359,0.0003217936609871,-0.1140488609671592,-0.0697085782885551,-0.1102212071418762,0.0783116742968559,-0.066848874092102,-0.1102606952190399,-0.112162247300148,-0.1017038077116012,0.0636055096983909,-0.0806685984134674,-0.1079921573400497,-0.1107726767659187,0.103573277592659,0.1004281416535377,-0.0482172444462776,0.1141290515661239,0.0409061647951602,0.1127103790640831,0.0549497716128826,0.0343866907060146,0.1135574877262115,-0.110912911593914,0.1118995323777198,0.0559070408344268,-0.1023105829954147,-0.1078695058822631,-0.1114796176552772,0.0884138569235801,0.0850151628255844,0.1022552922368049,0.1046147793531417,-0.0696292743086814,-0.1052432432770729,0.1035663038492202,0.0554138422012329,0.0511786490678787,-0.1037575304508209,0.106193833053112,0.0060586705803871,0.1018211394548416,0.1028930470347404,-0.0953982397913932,0.1034355759620666,-0.0115194227546453,0.0701530873775482,0.098487302660942,-0.0484534986317157,0.0353530757129192,0.0987164303660392,0.0005302905919961,-0.0830660462379455,0.0296897180378437,-0.1052241548895835,0.0682360678911209,0.1015458405017852,0.105974294245243,-0.1058114990592002,-0.0905193835496902,-0.0373306013643741,-0.1018991842865943,0.1055155992507934,-0.0809880867600441,-0.0823456645011901,0.1028859466314315,0.1034760996699333,-0.1055207177996635,-0.0953113660216331,0.1023722141981124,0.0962606817483902,-0.0974169746041297,-0.1052926629781723,0.1061518415808677,-0.105748064815998,0.0881723016500473,0.084106795489788,-0.0224128607660532,-0.0431669056415557,-0.0835537612438201,0.0286822281777858,0.0871729627251625,0.1045535877346992,0.0785578042268753,-0.1038105189800262,0.1035631373524665,0.1055872291326522,0.0920182839035987,-0.1038807779550552,0.1042549833655357,0.1048318669199943,0.0913376659154892,-0.0767176300287246,0.1060487627983093,-0.1048992723226547,0.0538014620542526,0.0190339609980583,0.0545051917433738,0.1042776554822921,0.1060493141412735,-0.0891310200095176,0.1048413589596748,0.0716313943266868,0.1050864830613136,0.070369578897953,0.1030797064304351,-0.1026009991765022,0.0180676020681858,-0.0479942858219146,-0.0905828475952148,-0.0712513849139213,0.0103681655600667,-0.0660331845283508,0.1048504039645195,0.0084493095055222,-0.0930624082684516,0.1028921604156494,-0.0585839003324508,-0.1011717543005943,-0.1025577336549758,0.0455209650099277,0.1058839187026023,0.0874909311532974,0.0932713523507118,0.1050484403967857,-0.0511604249477386,0.1060524731874466,0.1051270961761474,0.0757489129900932,0.00011218405416,0.1026969477534294,-0.0276917032897472,-0.0994233563542366,-0.1024647578597068,-0.1024762913584709,-0.0237608179450035,0.1057127267122268,0.1045903116464614,0.1058702021837234,-0.1043716743588447,-0.0886601507663726,0.0983737632632255,0.0536371730268001,0.0050777262076735,-0.0977070853114128,0.0973659604787826,0.0828987881541252,-0.1037926524877548,-0.1049202680587768,-0.1058048978447914,-0.1014816015958786,0.1019791290163993,-0.0926057398319244,0.0472631268203258,-0.1046231240034103,0.1031796485185623,-0.1026013270020484,0.0871092453598976,0.1053404584527015,-0.1060809567570686,0.1058723703026771,-0.0989802256226539,0.0907480716705322,-0.0667145624756813,-0.089691661298275,-0.0356399230659008,0.1054975613951683,0.1064744442701339,0.1017252057790756,-0.0968137308955192,0.0455611161887645,0.1062003821134567,0.0812295004725456,0.105773739516735,0.008721767924726,0.0486265309154987,0.0939538553357124,-0.1046803817152977,0.0874024033546447,-0.0982508659362793,-0.0224945023655891,0.1062406003475189,-0.1028810963034629,0.1032318547368049,-0.0683092251420021,-0.0996944978833198,0.0411881655454635,0.1072168946266174,0.0543551184237003,-0.1065151020884513,0.1039301976561546,0.1014009565114975,-0.0701407492160797,0.1013030856847763,-0.0871985480189323,-0.0792814567685127,0.0161480661481618,-0.0242194551974535,-0.0855656787753105,-0.0925706550478935,0.0862260982394218,-0.1002262383699417,-0.0931959375739097,0.101046621799469,0.1067555770277977,0.0269029028713703,0.1004059761762619,-0.1068468540906906,-0.0733630210161209,-0.1061325147747993,0.0194679275155067,0.0899505391716957,-0.101963423192501,0.0925912484526634,0.1048768311738967,0.093733936548233,-0.0726473480463028,0.0300954915583133,-0.1059817597270011,-0.0966295599937439,0.099981777369976,-0.0529405064880847,0.105831079185009,-0.0874592214822769,-0.0867646038532257,-0.1019485741853714,-0.1070804893970489,-0.1051744446158409,-0.0959093868732452,0.0158127006143331,-0.0999786481261253,-0.0786151587963104,0.1048130393028259,-0.0134447999298572,-0.0467202477157115,-0.106059543788433,-0.1065035313367843,0.0999348312616348,0.1033842712640762,0.090894877910614,0.1064938977360725,0.1037343293428421,0.0199698563665151,0.0963301882147789,0.0980361998081207,0.0977473706007003,0.1063779667019844,0.0360145531594753,-0.102304421365261,0.030040955170989,0.0774271935224533,-0.1023722440004348,0.1068191081285476,-0.0644688755273819,-0.0456115417182445,-0.099448449909687,0.1071709990501403,0.1044848188757896,0.0072728740051388,0.1065993309020996,0.0383341051638126,-0.1059739291667938,-0.0762175470590591,0.1029155030846595,0.0841783657670021,0.1006516888737678,0.1009749844670295,0.1045326292514801,-0.1065628901124,-0.070923201739788,-0.1040810197591781,0.0155439255759119,0.1047328785061836,0.0917286872863769,-0.0759335905313491,-0.0996929109096527,0.1061162129044532,-0.1059813350439071,0.0672129020094871,-0.1024223193526268,-0.1033104136586189,0.0849989354610443,-0.1068095117807388,-0.105912871658802,0.1059707701206207,-0.0963978022336959,0.0929592847824096,0.0010390382958576,-0.0794749334454536,0.0604716055095195,-0.0617963634431362,-0.1015709042549133,0.0407892987132072,-0.0135787017643451,-0.0976451188325882,0.0223008692264556,0.1077789291739463,0.1541907489299774,0.0157565847039222,-0.1024578437209129,0.0338755883276462,-0.0328704752027988,-0.1190839633345604,-0.0630576908588409,0.0472381748259067,0.0120924143120646,-0.0742992684245109,-0.10059255361557,-0.1721715778112411,0.0673336386680603,0.0443237274885177,0.1092866584658622,-0.0181884840130805,-0.1114442646503448,0.0709048062562942,0.0462317802011966,0.0696353986859321,0.1023264750838279,-0.0779908522963523,-0.1275975853204727,-0.0697341114282608,0.1020908057689666,0.0977549403905868,0.0902688726782798,-0.1298328340053558,0.1357086896896362,0.1690388172864914,0.0331616587936878,0.1147392615675926,0.032091911882162,0.1263595670461654,0.0700101405382156,-0.0389756485819816,-0.0944993123412132,0.0079010715708136,0.0793712884187698,0.111142098903656,-0.057482648640871,-0.1351574212312698,0.0921464413404464,0.0168609619140625,0.0611930973827838,-0.1154155954718589,0.0394577197730541,-0.0510217882692813,-0.0027595290448516,-0.1546985208988189,-0.031262919306755,0.0521345920860767,0.0846007615327835,0.1103548258543014,0.1394245028495788,-0.001140933833085,-0.0970439910888671,0.090330958366394,-0.1367741823196411,0.1157347783446312,-0.0787991359829902,0.1326406449079513,0.1457941830158233,-0.1454959511756897,-0.1193802431225776,-0.0463969521224498,0.106430634856224,-0.0118227368220686,0.1295531690120697,-0.1337494850158691,-0.0426041930913925,-0.1158836781978607,0.0856677517294883,0.0462993420660495,0.0241090208292007,-0.0255549401044845,-0.093902938067913,-0.1086284071207046,-0.0347407981753349,0.0899960473179817,0.0938234031200409,-0.0991465598344802,-0.0165685359388589,0.0764548107981681,0.0387850366532802,-0.1431631445884704,-0.0438484512269496,-0.0041267913766205,-0.0493978448212146,0.057083573192358,0.0035946702118963,0.0207632519304752,-0.0624812506139278,0.0935217812657356,0.0971677750349044,0.0207097381353378,-0.040259763598442,0.1135181188583374,0.0716988816857338,-0.1421668231487274,-0.0965490564703941,-0.0250108540058136,-0.1261656582355499,-0.0502555780112743,-0.1151630952954292,0.1458441913127899,-0.0253787171095609,0.0473975576460361,-0.1147496700286865,0.0332692600786685,-0.0375766307115554,0.044808991253376,0.0296246036887168,0.0641513094305992,0.124621145427227,0.0829545259475708,-0.0479810871183872,0.1505198776721954,-0.0897939056158065,0.0293612275272607,-0.0852370336651802,VFGKVGKQIDLXIV-ZXWWYDNDSA-N,Nc1nc(/C(=N/OC2CCCC2)C(=O)N[C@@H]2C(=O)N(S(=O)(=O)O)[C@@H]2CNC(=O)NCc2cc(=O)c(O)cn2O)cs1
0.1032112091779708,0.1008812487125396,0.103232741355896,0.0870508700609207,-0.0810563266277313,0.0935845598578453,-0.1033599451184272,0.1029740497469902,0.0794151350855827,-0.1031683012843132,0.1025099903345108,-0.0800547450780868,0.0633431673049926,-0.0609492398798465,0.0929962173104286,0.0399413555860519,-0.0250720679759979,0.0990966707468032,-0.1033595874905586,0.103337287902832,-0.103179931640625,-0.0545668378472328,0.1033305674791336,0.0150897074490785,0.1016464605927467,-0.0374552756547927,-0.1032066345214843,0.1032995209097862,0.1032702103257179,-0.0902189537882804,-0.0767159909009933,-0.0976640582084655,0.1031301841139793,-0.1033385768532753,-0.1000320836901664,0.1033371612429618,0.1027821972966194,0.0869661569595336,-0.1029464900493621,0.0883523076772689,-0.1033607423305511,-0.1032646894454956,-0.1023615077137947,0.0492938980460166,0.102966584265232,0.0669240057468414,0.0241414308547973,-0.1027681827545166,-0.1025564298033714,-0.0886269807815551,-0.071522906422615,-0.1028514057397842,0.0598854199051857,0.0997331887483596,0.1029522120952606,0.1033238172531127,0.0684569254517555,-0.0680514052510261,0.0307232793420553,-0.0347266905009746,-0.0899308174848556,0.1033605337142944,-0.0865316241979599,0.0124619817361235,0.0622077658772468,0.0993671938776969,-0.1005798354744911,0.0880981087684631,-0.1031714901328086,-0.0867880061268806,-0.0508501827716827,0.1033526957035064,0.0764432474970817,-0.1032230332493782,0.1033377572894096,-0.1032296866178512,-0.102937564253807,-0.0685996264219284,-0.1029115989804267,0.0449385978281497,0.1018892154097557,0.1033480465412139,0.1030862852931022,-0.0035728067159652,0.1010681614279747,-0.1007626578211784,0.0612055920064449,-0.0366431176662445,-0.1031874790787696,0.1009425744414329,-0.1025937125086784,0.0841712653636932,-0.0346565954387187,0.1021665558218956,-0.1033606529235839,0.0607996694743633,-0.103360541164875,0.1033557802438736,0.1011276021599769,0.1032158210873603,-0.0080395424738526,-0.0688569322228431,0.1016654670238494,0.1033607274293899,0.0062499674968421,-0.0830402597784996,0.1033577471971511,0.1017902120947837,-0.1031478345394134,-0.089299239218235,0.0691947937011718,0.1030831411480903,-0.1020952016115188,-0.0836206972599029,0.1032416149973869,0.0841849073767662,-0.0978554710745811,-0.0586845315992832,0.0995685756206512,0.0877533257007598,-0.067940279841423,0.0306323729455471,0.0944572761654853,0.1026519462466239,-0.0373014584183692,0.1030874624848365,-0.0953801423311233,-0.1032067388296127,0.0996260568499565,-0.0995164886116981,0.0531401857733726,0.0996259674429893,0.0085501121357083,0.0995465442538261,-0.0994738414883613,0.0858630388975143,0.0704785883426666,0.0991337373852729,0.0994863137602806,0.0941527932882309,-0.0516650527715683,-0.0871716737747192,0.0995577201247215,-0.0841017514467239,-0.0952658504247665,0.0914088934659957,-0.0996228232979774,-0.0970894992351532,0.0471273176372051,-0.0169789791107177,-0.0962788537144661,-0.0473995953798294,-0.0985701754689216,0.0995905995368957,-0.0987971648573875,-0.0679648593068122,0.0946034491062164,0.0862257927656173,-0.0289727821946144,-0.0969002321362495,-0.0995441749691963,0.086615577340126,0.0951139330863952,0.093194268643856,0.0083295833319425,-0.0447525680065155,-0.0943755805492401,-0.0921015590429306,0.0981289222836494,-0.0799406692385673,-0.099623866379261,-0.099622443318367,0.0743601843714714,-0.0996065065264701,-0.0974421203136444,-0.0127071039751172,-0.0994255691766738,0.0996260568499565,0.0994953513145446,-0.0994960516691207,-0.0992373079061508,0.0994425266981124,0.0987029299139976,-0.0942305102944374,-0.0902956500649452,-0.0695255175232887,-0.099429965019226,-0.098812349140644,0.0996186286211013,-0.0992300808429718,-0.0995840206742286,0.09910599142313,0.0996017381548881,0.0920866355299949,0.0572554878890514,0.0994316935539245,-0.0995987877249717,0.0996233895421028,0.0246774777770042,-0.099588930606842,0.0995683521032333,0.0859778001904487,-0.0939311534166336,0.0209040734916925,-0.0995751619338989,0.0994436591863632,0.0933737829327583,-0.0735989362001419,-0.098948948085308,-0.0396464243531227,0.0985293462872505,0.0706686526536941,-0.046584602445364,-0.0736408084630966,0.0996077582240104,0.0860613733530044,-0.0994322970509529,0.0994707643985748,-0.0992206111550331,-0.099605455994606,-0.0258795656263828,-0.0935757830739021,0.0942576825618743,0.0967844948172569,0.0916822254657745,0.0995906069874763,0.0874995365738868,-0.0549527518451213,0.0977545827627182,-0.0722441971302032,0.099152572453022,0.0989598929882049,-0.0993546023964881,-0.098286785185337,-0.0996260568499565,0.0967638567090034,-0.0995754525065422,-0.0987793132662773,0.0902623832225799,0.0989382192492485,0.0026539033278822,-0.0816403776407241,-0.0995863005518913,0.0985445901751518,-0.0980983078479766,0.008493990637362,0.0960062742233276,-0.0996173024177551,0.0996013581752777,-0.09925277531147,0.0534597411751747,0.0983499139547348,0.0916291549801826,-0.0995722711086273,-0.0915680080652237,0.0872510224580764,-0.0762165933847427,0.0994369611144065,-0.0624075680971145,0.0992182046175003,0.0940058529376983,-0.0982431843876838,0.042439118027687,0.048830222338438,0.096247874200344,0.0948528572916984,0.0995813086628913,-0.0996607542037963,-0.1000732481479644,-0.0970552787184715,0.099915325641632,0.0860497578978538,-0.057687260210514,0.0999565199017524,0.0995494201779365,-0.0835761576890945,0.0174332987517118,0.099894568324089,0.0914587080478668,0.0993676334619522,-0.0858087390661239,0.0402167551219463,0.0993978753685951,-0.0537696108222007,0.0074249147437512,0.0993725061416626,-0.099417969584465,0.0992138758301734,0.0954286754131317,-0.0935140326619148,0.100056380033493,0.0538913756608963,-0.0997664704918861,-0.0914081558585167,-0.1000543907284736,-0.0632011443376541,0.0938232243061065,-0.0434250123798847,0.099916361272335,-0.0976314917206764,0.0998504608869552,-0.0868821442127227,0.0623443275690078,-0.0677287578582763,-0.0077580683864653,0.0992086231708526,0.0945609658956527,-0.0934254452586174,-0.0924739465117454,0.1000732108950614,-0.1000617295503616,0.0696419402956962,-0.0704065561294555,0.0932395756244659,0.0646492689847946,-0.1000519841909408,0.0969575047492981,-0.0995794162154197,0.0993091166019439,-0.0865975618362426,0.091771975159645,-0.0992536917328834,0.0076861223205924,0.0999416336417198,0.100073292851448,0.1000643223524093,-0.0549488775432109,0.0974471345543861,-0.0997844189405441,0.0799235105514526,0.1000323966145515,0.098309226334095,0.0940698012709617,0.0990919545292854,0.0368091911077499,-0.0996806100010871,-0.0778534263372421,0.097520612180233,0.1000108048319816,-0.0990274995565414,-0.1000209227204322,-0.099847711622715,0.0978838428854942,-0.0997793897986412,-0.0862159952521324,-0.0991937592625618,-0.09316386282444,-0.0186169799417257,-0.0927339866757392,0.1000491678714752,-0.1000518128275871,-0.1000731512904167,-0.0452474914491176,0.0085269240662455,0.0933819264173507,0.0992967635393142,-0.0999771356582641,0.0991189628839492,-0.0986889526247978,0.0331870838999748,-0.1000732630491256,0.1000732257962226,-0.1000042557716369,0.0999842584133148,0.1000725701451301,0.0904303863644599,-0.0972075685858726,0.0147888176143169,0.0999985709786415,0.1000729873776435,-0.0999111980199813,-0.0660919845104217,-0.0751577541232109,-0.1000693440437316,0.1000730395317077,0.0998839810490608,0.0939272567629814,-0.0948780253529548,-0.0913884863257408,0.1000640392303466,-0.0950098410248756,-0.0960588604211807,-0.0276525653898715,0.0829388722777366,-0.0990181490778923,0.0465038269758224,-0.1107287928462028,0.0745015069842338,-0.0865986496210098,0.09185441583395,-0.0872740074992179,0.1200681999325752,0.1205851808190345,-0.0946694016456604,0.0523361675441265,-0.1046063229441642,0.1151834726333618,-0.141593724489212,-0.0087134893983602,-0.133599653840065,0.0892016738653183,-0.1283925324678421,-0.0662039369344711,0.124310664832592,0.1123592853546142,0.0258761532604694,-0.0363584719598293,0.1317393779754638,0.1287524104118347,0.0189392641186714,-0.1288726776838302,-0.0676290467381477,0.0853760838508606,-0.1314282715320587,-0.0561083704233169,0.1063730344176292,-0.0796847268939018,-0.0605494789779186,0.0955026149749755,-0.0967496037483215,-0.0811541005969047,-0.1312576830387115,0.0762238651514053,-0.0568802952766418,0.1066261753439903,-0.1435702294111251,-0.1300891041755676,-0.0159748196601867,0.1138221994042396,0.1257531493902206,0.012250268831849,-0.0715061575174331,0.0371442548930645,0.1257843971252441,0.0143332341685891,-0.0567715093493461,-0.0221529994159936,0.0578460544347763,-0.0405653491616249,-0.1017719060182571,-0.1050933301448822,-0.0602832362055778,0.1089836731553077,-0.0728782787919044,-0.1023400574922561,0.036139115691185,0.108325146138668,0.0902876481413841,-0.0004019050393253,-0.0996347442269325,0.0673998221755027,-0.1126430332660675,0.0355126485228538,0.0446436740458011,-0.0909415557980537,0.076936163008213,-0.1243024170398712,0.1335603892803192,-0.1286745816469192,-0.0806699618697166,-0.040044967085123,-0.1181475445628166,-0.1200085505843162,-0.0374950058758258,0.0733549818396568,0.1279841512441635,-0.0425672121345996,-0.1450135260820388,-0.1228403821587562,-0.0123229622840881,-0.0610760301351547,-0.0584326721727848,-0.0884271413087844,-0.0553802475333213,0.1406044960021972,-0.1308976262807846,-0.0782225131988525,0.0727708265185356,-0.0005212548421695,0.0164067130535841,0.1071240976452827,0.0294178668409585,-0.1018543466925621,-0.0321496911346912,-0.0085763493552804,0.1201136484742164,-0.0966510400176048,0.0730103179812431,-0.0302675440907478,0.1098559573292732,-0.0361165553331375,-0.087588146328926,0.0542223826050758,0.1127402558922767,-0.0859382003545761,-0.1388138085603714,-0.0628754347562789,0.08622607588768,0.1061876788735389,0.0350203141570091,0.0064507774077355,0.0369011647999286,0.0666407570242881,0.0553684122860431,0.0160184819251298,-0.0166008826345205,0.0799643248319625,-0.0533465109765529,-0.0005263794446364,-0.0088876979425549,-0.1417588889598846,0.084601379930973,-0.0967874899506568,0.0180956739932298,0.1476731449365615,-0.0964438170194625,0.0458947345614433,0.1296461373567581,0.1414125859737396,0.094411127269268,0.0540733635425567,-0.0779279991984367,-0.0139471692964434,-0.0741969719529151,0.154917687177658,0.1336562633514404,-0.0017286636866629,-0.1417704075574875,0.0918771922588348,0.0288050845265388,-0.125779241323471,-0.067113384604454,-0.0973284468054771,-0.0924702063202858,-0.1200411692261695,0.0534285567700862,-0.1257642358541488,0.1112382784485817,-0.1526504158973693,0.1405366957187652,-0.1334228515625,0.1344024837017059,-0.0066021862439811,0.0958415493369102,0.0913798585534095,-0.0668191835284233,0.0518802925944328,0.0689280480146408,-0.0603106841444969,-0.0091380700469017,-0.0488659441471099,0.1091083064675331,0.0523198097944259,0.0646712034940719,-0.1307347118854522,-0.0476514920592308,0.0269425511360168,0.077934481203556,-0.0894217118620872,0.0777399763464927,-0.0111935343593359,-0.1310533285140991,0.1048299297690391,0.0969187915325164,0.1187672615051269,-0.0121958656236529,0.1215447932481765,-0.0701215341687202,-0.0369439236819744,-0.0595096945762634,0.1344675868749618,-0.0256056319922208,-0.0486345440149307,0.0747336223721504,-0.1036069095134735,0.0921617075800895,0.0428594201803207,0.0141414180397987,-0.0756630674004554,0.0976520925760269,-0.1276744157075882,0.1351932287216186,-0.077457770705223,-0.0543912425637245,-0.0495664291083812,0.0609547533094882,0.1117537692189216,-0.1287007331848144,0.029807848855853,-0.0766642242670059,0.0301787704229354,-0.0396331995725631,-0.0853725299239158,-0.0447685867547988,-0.065315805375576,0.0393820032477378,0.0540761463344097,-0.0866156890988349,-0.0065320217981934,-0.1190992295742034,-0.0583892352879047,0.1451708674430847,0.0551783367991447,-0.0687944218516349,-0.1336096823215484,0.0457858927547931,0.1309720426797866,-0.0840131267905235,0.1187594085931778,-0.1195665225386619,0.014603124000132,0.0756757408380508,0.0053531443700194,0.0424141921103,0.0076889009214937,0.0789355859160423,-0.0799388736486435,7.717106927884743e-05,0.1302186548709869,0.0868397429585456,0.03444504737854,-0.0040686135180294,-0.1096678152680397,0.0677480250597,0.1379175633192062,-0.0844144001603126,0.071854792535305,-0.0155123891308903,0.149548053741455,-0.1412802189588546,-0.0282576698809862,0.0448578000068664,-0.1007740572094917,0.0442874021828174,-0.0570951849222183,-0.0977780073881149,-0.1368375271558761,0.1097524687647819,-0.0164632387459278,-0.0179839190095663,-0.1077435091137886,0.0318744480609893,-0.0353677421808242,0.0314218960702419,-0.0764054581522941,0.1161920055747032,0.0733225867152214,0.1705430746078491,-0.0786458998918533,-0.1736937016248703,0.1427332013845443,-0.0509513542056083,0.0034844893962144,-0.0098319509997963,0.0869275406002998,0.0141124362125992,0.073253147304058,-0.0458696782588958,-0.0862635150551796,-0.1474051028490066,-0.0623548775911331,0.1004962772130966,0.0480500198900699,-0.1751462072134018,0.0847869962453842,0.0608785599470138,0.1121024116873741,0.017237527295947,-0.0653221830725669,-0.0771838650107383,-0.0927662625908851,0.0554625131189823,0.0612678304314613,-0.0120842987671494,-0.0660352036356926,0.0763801410794258,0.0983239412307739,-0.0857993587851524,0.0087030380964279,-0.0143701741471886,0.0938249379396438,-0.0385512001812458,-0.1133984923362732,-0.001468387665227,0.104994811117649,0.0275950413197278,0.1952538192272186,0.0017928112065419,-0.0784288644790649,0.1726129055023193,-0.0844845846295356,0.0196222532540559,-0.0437379330396652,0.0026607115287333,-0.1046557202935218,-0.0118592027574777,0.0622470453381538,-0.0670889467000961,-0.0309471003711223,0.094834566116333,0.0990063473582267,-0.045893982052803,-0.0622452832758426,0.0326191410422325,0.0953059718012809,-0.0103848790749907,0.0501981638371944,0.0350497961044311,0.1662717461585998,0.1530482321977615,-0.1333163529634475,0.1009311005473136,0.083168551325798,0.0028731569182127,-0.103264570236206,0.0762760713696479,-0.0398756861686706,-0.0042093531228601,-0.1261173337697982,-0.0098389806225895,0.0993138924241066,-0.0670746639370918,0.1153237447142601,0.0721767619252204,-0.1595567315816879,0.0198961850255727,0.0886635035276413,-0.1053870245814323,-0.0961882248520851,0.0442935600876808,0.0728254690766334,-0.0292555838823318,-0.0252139680087566,0.1217976063489914,-0.0276842638850212,0.085615299642086,0.0184954684227705,0.0240062102675437,-0.0471336357295513,0.0249552056193351,-0.0150668630376458,0.039006657898426,0.0214864108711481,0.1016169041395187,0.1017184481024742,-0.081783190369606,-0.1368893384933471,-0.1051904335618019,0.1208572164177894,-0.1222650334239006,0.1638117134571075,0.039241574704647,0.1778328418731689,-0.0773276984691619,0.1595539003610611,-0.0827791690826416,-0.0035166817251592,-0.0192083939909935,-0.1073753014206886,0.1385073810815811,0.0285682659596204,0.0682102590799331,0.1580606400966644,-0.1117612421512603,0.1193353533744812,0.0518883392214775,-0.0087488004937767,0.0713987424969673,UWGCCLQKJRFOIG-UHFFFAOYSA-N,O=C(NCCNC(=O)c1ccccc1)C1=CCC1
-0.0654266923666,-0.1004397794604301,-0.1004748493432998,0.0956790745258331,0.1000600159168243,0.1000422239303588,-0.0991281643509864,-0.0257404968142509,-0.0927788317203521,0.0920137986540794,0.1000823900103569,-0.0972496643662452,-0.0958270132541656,0.0138475056737661,-0.0976388081908226,-0.0005653396947309,0.1004745885729789,-0.1004216894507408,-0.1002977937459945,-0.0009984205244109,0.0985560119152069,-0.1004211530089378,-0.0395401902496814,-0.0137552535161376,0.0311176665127277,0.1004172638058662,0.1004722118377685,0.0448326133191585,0.0546476207673549,0.0364261418581008,0.1004732474684715,0.0998584181070327,0.0996223911643028,-0.0962780565023422,-0.0861961096525192,0.094802126288414,0.0697302371263504,0.0999817550182342,-0.1004154160618782,0.100458912551403,0.0615361928939819,-0.1004748493432998,0.1004748418927192,-0.029727105051279,0.016340808942914,0.0969582423567771,0.09070685505867,0.1000444218516349,-0.1004745364189148,0.1004696786403656,-0.1004621312022209,-0.100123755633831,0.1004748493432998,0.0922770202159881,0.0838280469179153,0.0916834324598312,-0.1004204079508781,0.0974581465125083,-0.1004745885729789,0.0935190469026565,-0.0565920360386371,0.0214042514562606,0.1004739925265312,0.100465215742588,0.0794903486967086,0.0990307554602623,0.1004725024104118,0.0942749679088592,-0.100142203271389,0.0897963643074035,0.1002529338002204,-0.0971374362707138,-0.1004447340965271,0.0705663412809372,0.1000418290495872,-0.0432975329458713,-0.0435068346560001,0.0827843695878982,0.0950699746608734,0.0916611403226852,0.1004655212163925,-0.0932105854153633,0.0641869008541107,-0.0822366923093795,0.099250927567482,-0.0995370298624038,-0.1003349497914314,-0.1003596037626266,0.1004738435149192,-0.1004398539662361,-0.1004710495471954,0.0999790653586387,0.0915493369102478,0.1004748344421386,0.1004746332764625,0.0758406072854995,-0.100473940372467,0.1004748046398162,-0.1004744693636894,-0.1002785712480545,0.0999915525317192,0.1004679948091507,0.1004281044006347,-0.1002191305160522,0.100473865866661,-0.0076293786987662,-0.0997835919260978,0.1002170443534851,0.0233390815556049,0.1003996282815933,0.0825217366218566,-0.091249369084835,-0.1004656255245208,0.1004747971892356,0.0612023323774337,-0.1003902405500412,-0.0947839319705963,0.1004324853420257,-0.0530328974127769,0.099554032087326,0.0965867340564727,0.1004601195454597,0.0445003695785999,-0.0883005559444427,0.0293168984353542,-0.0445877686142921,-0.1003772839903831,0.081649363040924,-0.1034880876541137,-0.0797842964529991,-0.0210242550820112,-0.1026569977402687,0.0983140468597412,0.057748943567276,-0.0916317850351333,0.0960763841867446,-0.103122629225254,-0.0892762914299964,-0.1035146862268447,-0.0987692549824714,-0.0814297497272491,0.1033279299736023,0.1027931794524192,0.1033448278903961,0.0612976029515266,-0.0624290034174919,0.1027246415615081,0.0980345979332923,0.1022326499223709,0.0812587514519691,-0.1033969745039939,0.1033802181482315,0.0817511901259422,0.0129037881270051,0.0783632174134254,-0.103494293987751,0.1016391441226005,0.0619255974888801,-0.0581137426197528,0.1035019159317016,0.1029991954565048,0.0833726450800895,-0.1021714806556701,-0.0708828344941139,0.1034462302923202,0.0808532983064651,-0.1021654084324836,0.1026015654206276,-0.0338409096002578,-0.1034133806824684,0.0909116119146347,-0.1034936234354972,-0.0989270955324173,0.1034039482474327,-0.0970869362354278,0.0994175523519516,0.1034107878804206,0.0774834752082824,-0.0825909450650215,0.0603310167789459,0.0504226125776767,0.1029140204191207,0.1031797975301742,-0.1021284982562065,0.1013938188552856,0.0642405897378921,0.1019903197884559,0.1035146266222,0.0990154966711998,0.0620279721915721,-0.0848349556326866,0.0977173373103141,0.0712776854634285,-0.0602011568844318,0.0901081636548042,0.1026526466012001,-0.1032199636101722,-0.0360236950218677,0.0804050490260124,-0.0920226499438285,-0.1020587384700775,0.1034768521785736,-0.10266724973917,0.1035169661045074,0.0870454087853431,-0.1017617732286453,0.1019623428583145,0.1002634391188621,-0.007698540110141,-0.095905415713787,0.1014031395316124,-0.031607624143362,-0.1023831665515899,0.0993185713887214,0.0885965377092361,0.0670585706830024,0.0040036439895629,-0.1030943393707275,0.1005301102995872,-0.1001942977309227,-0.0529114566743373,-0.1030558720231056,0.0311490669846534,-0.0801926925778389,0.0957306548953056,0.0965689197182655,-0.1027416735887527,0.0936197564005851,-0.1017350628972053,-0.1009751409292221,-0.0868832021951675,-0.0789958387613296,0.0927397608757019,0.0420806035399436,0.1029285192489624,-0.0834566205739975,0.0046776076778769,-0.097619391977787,0.1034551560878753,-0.0592252053320407,0.1028405874967575,-0.1029907763004303,-0.0850060060620307,-0.0178286843001842,-0.0961024984717369,-0.0811963975429534,0.1033319011330604,-0.1021632552146911,-0.0272781923413276,-0.0856936499476432,0.06930972635746,-0.014600240625441,0.092616856098175,0.1019345074892044,0.1035169959068298,0.0648889243602752,0.0960030481219291,0.0962940379977226,-0.0964659377932548,0.0962962955236435,-0.0965993702411651,0.0965997651219368,-0.0965709164738655,-0.0966001376509666,-0.0873373225331306,0.0936086624860763,0.0942304953932762,0.0773070976138114,0.021585889160633,0.0966002494096756,-0.0965985879302024,0.0965521857142448,-0.0957272201776504,0.0946610942482948,-0.0965993776917457,0.055891990661621,-0.0963788256049156,-0.0965991169214248,-0.0965189635753631,0.0964474231004715,0.0965670049190521,0.045327004045248,-0.0864573866128921,0.0873308405280113,-0.0901626870036125,0.0931184366345405,-0.0962323769927024,0.080743633210659,0.0854747146368026,0.0965293869376182,-0.0946622118353843,-0.0728837549686431,-0.0929308012127876,0.0965855196118354,0.0965778678655624,0.0352673158049583,-0.0858942046761512,-0.0920964106917381,0.0958920270204544,0.0965949669480323,-0.0966003462672233,0.0957871079444885,-0.0593633539974689,-0.0620440356433391,0.0946974605321884,0.0824505984783172,0.095629446208477,-0.0886680707335472,0.0960003137588501,0.0966000407934188,-0.0871773958206176,-0.0757870003581047,-0.0854186043143272,0.096591793000698,-0.0963674336671829,0.0264660064131021,0.0959789231419563,0.0962987542152404,-0.0965833216905593,0.0965816080570221,0.0906195938587188,0.0928074717521667,0.0965959131717681,-0.0964948087930679,-0.0966003462672233,0.0959998220205307,0.0952929034829139,0.0966003462672233,0.0364836752414703,0.0586624965071678,0.0965293198823928,0.0300043746829032,0.0802562609314918,0.080857940018177,0.0583805963397026,-0.0965435430407524,0.096144288778305,-0.0954546555876731,-0.007688034325838,-0.0946772918105125,0.0965728536248207,-0.0965986549854278,-0.004721887409687,-0.0611095912754535,0.0818782895803451,0.0849660784006118,-0.0965993404388427,-0.096558466553688,-0.0908883959054946,-0.0733916610479354,-0.0962823256850242,0.0963863581418991,-0.0765112712979316,-0.0965978801250457,-0.0963348895311355,-0.0356520339846611,-0.0958015024662017,-0.0965946838259697,0.0965723618865013,0.0964879766106605,-0.0966003462672233,-0.0791953727602958,0.0943428725004196,0.0966003462672233,-0.0965996235609054,0.0302609577775001,-0.0965999364852905,-0.0966003388166427,-0.0940573588013649,0.0718430578708648,-0.0962760895490646,-0.0944001898169517,0.0934030786156654,0.0848252475261688,0.0964470729231834,-0.0966002941131591,0.0966002121567726,0.0956392064690589,-0.0954581275582313,0.0878253281116485,0.0958727374672889,-0.0962232574820518,0.088416464626789,0.096289113163948,0.0914961844682693,-0.0466860830783844,-0.088391438126564,-0.0852136760950088,0.0909383445978164,0.0915672555565834,-0.0915313512086868,-0.084253653883934,-0.0915856286883354,-0.091470181941986,-0.091380588710308,0.0910011678934097,0.0836081728339195,0.0915894210338592,0.0916727781295776,-0.0916582494974136,-0.0601964890956878,0.0916801169514656,-0.0916506052017211,0.0916833132505416,0.090196244418621,0.0914527773857116,-0.0915910229086875,-0.0916831567883491,-0.0916740223765373,0.0915166959166526,-0.0907120555639267,0.0916893258690834,0.0916897132992744,-0.0870013758540153,0.0891772508621215,-0.0916111171245575,0.0896088778972625,0.0916434079408645,-0.0907284244894981,0.0903981328010559,0.0761625245213508,-0.0893679112195968,-0.091645210981369,0.0913479104638099,0.0916789472103118,0.0251989345997571,0.0815283879637718,0.0782754346728324,0.0903219953179359,0.091688834130764,0.090897761285305,0.0916199162602424,0.0902597457170486,-0.0863558873534202,-0.0905903875827789,0.090584896504879,-0.091651052236557,0.0916890799999237,-0.0720040574669838,0.0909596607089042,-0.0916821882128715,0.0916077941656112,-0.0916570946574211,-0.0897527560591697,-0.0842397063970565,0.0914768576622009,-0.0915130525827407,0.0895276442170143,0.0916894823312759,-0.0870345011353492,-0.0912072584033012,0.0805346816778183,0.091173306107521,0.0753523111343383,-0.0916613563895225,0.0916120633482933,0.0872039273381233,0.0915564894676208,-0.0916464105248451,0.0915944278240203,0.0916883200407028,0.0760736092925071,-0.0903958901762962,0.0790908634662628,0.0916895791888237,-0.0875648260116577,-0.0824927389621734,-0.091339536011219,-0.0913340374827385,0.0915823727846145,0.0863447934389114,-0.0916870981454849,0.0401815623044967,0.089966781437397,0.0901756286621093,0.0909729450941085,-0.091550275683403,-0.0879164859652519,0.0899491608142852,0.0916793644428253,0.0915131345391273,0.0860763639211654,0.0820954442024231,0.0916640534996986,-0.0903339982032775,0.090593509376049,-0.081241175532341,-0.0908956229686737,0.0914906039834022,0.0867757722735405,-0.0916602537035942,0.0916692093014717,0.0915311649441719,0.0899902880191803,-0.0915636122226715,0.0916040390729904,0.0815350711345672,-0.0873396471142768,-0.0916469544172287,0.0916481912136077,0.091668389737606,0.0913099944591522,-0.0916897282004356,-0.0916897058486938,0.0912771224975586,-0.0904315412044525,-0.0908468291163444,0.0810036361217498,0.0910407453775405,0.0916582271456718,0.0914315730333328,-0.0916556790471077,0.0519010424613952,0.0041062529198825,0.108356088399887,0.0310992989689111,0.1352691650390625,0.1224415749311447,0.1285839676856994,-0.0514297485351562,-0.0283828452229499,0.1233441457152366,0.0911274999380111,0.1359333395957946,0.1166249588131904,0.0340850614011287,0.1180941835045814,-0.0793566405773162,-0.102364033460617,0.0328492186963558,-0.124393455684185,0.1185344532132148,0.0095664095133543,-0.0224477611482143,-0.0144649734720587,0.1180167123675346,0.0785125717520713,-0.1153383925557136,-0.1059426367282867,0.1310151070356369,0.0008412016904912,0.1058392599225044,0.0977547839283943,-0.1332740038633346,0.1015791818499565,-0.1023006215691566,0.0524290725588798,0.0448379106819629,0.1177114248275756,-0.1307537108659744,0.117269366979599,-0.1073494777083396,-0.018307751044631,-0.0677843987941742,-0.1368476003408432,-0.1170912161469459,0.1136062517762184,0.138674184679985,-0.1323150843381881,-0.1011870428919792,-0.1045656353235244,0.0422903075814247,-0.0908436775207519,-0.1049820482730865,0.0474151372909545,-0.0774464085698127,-0.0840482711791992,-0.0780670121312141,-0.1070479825139045,0.0020224277395755,0.1038749366998672,-0.0991367176175117,0.0680951401591301,0.1179025396704673,-0.1351610124111175,-0.0555977784097194,-0.0032298299483954,0.0652207061648368,0.0500002093613147,0.1166648492217063,-0.0847247466444969,-0.0231980103999376,-0.0530150458216667,-0.0594083964824676,-0.1343440413475036,-0.1004330515861511,0.1351893544197082,0.0399420857429504,0.0610344521701335,-0.0127202542498707,-0.0159698072820901,0.0690438598394393,0.1360090523958206,-0.0465967878699302,-0.0791545808315277,0.1385863572359085,0.1117761954665184,0.0362321436405181,-0.0872738733887672,0.0014821095392107,-0.1233730092644691,-0.0854546129703521,-0.0895332619547844,0.0950135737657547,-0.1363527327775955,-0.1012849509716034,0.1382180303335189,-0.0486142300069332,-0.0007807578076608,0.0250488556921482,0.0307652000337839,0.0388143062591552,0.0606350824236869,0.0945636853575706,0.1052589491009712,0.0368867479264736,0.0176328867673873,-0.1041698679327964,0.0864619016647338,0.0339457653462886,-0.0565184354782104,-0.0588265061378479,-0.0712477937340736,0.0042115389369428,0.1377727538347244,-0.0517047755420208,-0.0658642202615737,0.0413816310465335,0.0647160336375236,0.0500992536544799,0.0055667366832494,0.0992184579372406,-0.0684814676642417,-0.1364209502935409,-0.0084234504029154,0.0473644100129604,-0.1040409877896308,-0.0577621832489967,0.0992882773280143,-0.0729406923055648,0.0984722077846527,0.1042223498225212,-0.1064353585243225,0.0976283848285675,0.1070266664028167,0.1039806455373764,0.0955356284976005,-0.1062894761562347,0.0982890799641609,-0.0238002222031354,0.0614274740219116,0.1056738868355751,-0.0913718566298484,0.0979850143194198,0.1085129082202911,0.1068369224667549,0.08456552028656,0.0540217198431491,0.1015255600214004,-0.1088396087288856,0.0771051719784736,-0.1059162989258766,-0.0331060737371444,0.0622845999896526,-0.0859460160136222,-0.0632551684975624,0.0968009680509567,-0.0971199348568916,-0.1087177470326423,-0.1034578904509544,0.1036137789487838,-0.1004607379436492,0.1088203489780426,-0.1016479060053825,-0.1076999828219413,-0.0840484201908111,0.1084493920207023,-0.0658926516771316,0.0955124124884605,-0.1079549193382263,0.1085593104362487,0.0883106440305709,0.072544515132904,-0.1022170037031173,-0.0803399682044982,-0.103757843375206,0.0978709086775779,0.0962864682078361,-0.0469986125826835,-0.0459587089717388,-0.0948978513479232,-0.0868234634399414,-0.0560978502035141,0.0653438493609428,0.0825433656573295,0.0430689007043838,-0.0680678710341453,-0.1086673587560653,-0.1077852025628089,-0.0307372473180294,0.0548772253096103,0.061085756868124,-0.1086679473519325,0.0798919722437858,0.1086269542574882,0.0762184113264083,-0.0844106674194336,-0.1079874336719513,0.0163950826972723,-0.0043961727060377,-0.1072668880224227,-0.0551297143101692,0.0311353895813226,-0.1074137911200523,-0.105251558125019,0.0010825900826603,-0.1049706637859344,0.0958268269896507,0.102575846016407,0.068989485502243,-0.1001034155488014,-0.1081682369112968,0.1086119636893272,0.1075312942266464,0.0037027078215032,0.1079240515828132,-0.0644771754741668,-0.0794519856572151,0.1067872121930122,-0.0872507020831108,0.1060471683740615,-0.0825464576482772,-0.1069868206977844,-0.0570412427186965,-0.1088283061981201,0.1036270707845687,-0.1075700223445892,0.1072604656219482,0.0194031484425067,0.0764414742588996,-0.0149286836385726,0.1078623607754707,-0.0604284293949604,0.0413849838078022,-0.0247447695583105,0.1085548177361488,-0.0544855557382106,-0.0966974422335624,0.1056528538465499,-0.0718031153082847,0.0848175138235092,-0.1056842058897018,-0.0011694895802065,0.0196637120097875,-0.1045698598027229,0.1082933694124221,-0.1073319688439369,-0.102074347436428,0.0987072885036468,-0.1088416427373886,-0.0496667772531509,0.1083572953939437,0.107458159327507,-0.0866111665964126,-0.0422241613268852,0.0886068865656852,0.0843763500452041,-0.0856507569551467,NPBUNSLCDPXIQL-UHFFFAOYSA-N,Cc1ccc2c(c1)[nH]c1c2c(F)cc2c(=O)c(C(=O)O)cn(C3CC3)c21
-0.0836190208792686,-0.1291019320487976,-0.0215513855218887,0.1307800859212875,0.1239518672227859,0.0347490459680557,0.1035851761698722,0.1097235456109047,0.0994350463151931,0.0612151958048343,0.1098597347736358,0.0133981946855783,-0.1289884746074676,0.1277088075876236,0.0069265868514776,0.0609264187514781,0.1274695843458175,-0.0343051068484783,0.128924161195755,0.1313790529966354,0.1084050685167312,-0.119038313627243,-0.1001429408788681,0.1034434810280799,-0.0622727237641811,-0.0325750783085823,-0.1084056571125984,-0.0983978807926178,-0.0297018997371196,0.1068935096263885,0.122375451028347,-0.116839975118637,-0.0736654996871948,0.1009754091501236,-0.0965703502297401,-0.0538444183766841,0.0605310462415218,0.0744529888033866,0.1276945769786834,0.0472527630627155,0.1292571425437927,0.049137957394123,0.0870358049869537,0.0380190834403038,0.1286419481039047,0.084565058350563,-0.0267686881124973,0.0821362286806106,-0.0209236592054367,0.1118581891059875,0.1116385534405708,-0.0438108183443546,0.014577517285943,0.1312647014856338,0.069354124367237,-0.1233155205845832,0.0801523253321647,-0.0918484777212143,-0.0198480859398841,0.0654663443565368,0.119887851178646,-0.1101316437125206,0.0698526576161384,0.0997080281376838,0.1150895580649375,0.0435874238610267,0.0677354410290718,-0.0575160905718803,0.0782211273908615,-0.0874196365475654,0.1202247217297554,0.0664220377802848,0.0609961599111557,-0.1090013980865478,-0.1114003583788871,0.1029363274574279,-0.031579565256834,0.1213398724794387,0.0316080003976821,0.0540692098438739,0.0820703282952308,-0.1067187488079071,-0.1282008737325668,-0.0332607813179492,-0.0488402843475341,-0.0222159530967474,-0.0027135026175528,0.0640522986650466,-0.0707389339804649,-0.0978314504027366,0.0764680430293083,0.0852758735418319,0.0893217623233795,0.1250734180212021,0.104314774274826,-0.0534402579069137,-0.1153939440846443,-0.0728645101189613,0.0252314023673534,0.0634143203496933,0.0942324995994567,-0.0269846636801958,0.079248733818531,0.0562794469296932,-0.0575898736715316,0.0929129719734191,-0.0810754299163818,0.1216955259442329,0.1189424693584442,-0.0238380283117294,0.1243389695882797,-0.0875657796859741,-0.1296468675136566,-0.0902134701609611,0.0787312760949134,-0.0433253124356269,-0.1238008588552475,0.0207073986530303,-0.09889917075634,0.0657218396663665,-0.1116494908928871,0.0817420929670333,0.0591310746967792,0.0300926864147186,0.0488869398832321,-0.0294545516371727,-0.1238782778382301,0.1041423603892326,-0.0978638157248497,0.0904819667339325,-0.1035873815417289,-0.1084953993558883,-0.0350497998297214,-0.0663109347224235,-0.0017642724560573,0.0159103758633136,0.0804011449217796,-0.112839937210083,-0.0554746761918067,-0.070720374584198,-0.1128685623407363,-0.1091950535774231,-0.112005203962326,-0.1103550195693969,0.1110437214374542,-0.0941544994711875,-0.1129706799983978,-0.0904651060700416,0.0267775114625692,0.0035182086285203,-0.0811803936958313,0.1125668436288833,-0.0688344091176986,0.0865082442760467,0.0840837955474853,0.1117730513215065,-0.1028759703040123,0.0607599914073944,-0.0132538387551903,-0.0764947980642318,-0.0886916518211364,0.1122664138674736,0.0555186569690704,0.0586035661399364,0.0373018123209476,-0.1128578335046768,-0.1026181951165199,-0.0419252999126911,0.0118317799642682,0.0458637215197086,0.1120280176401138,-0.1101958155632019,0.1123064830899238,-0.0868898034095764,0.1128981262445449,0.0944263935089111,0.0326159000396728,-0.0027505564503371,0.1115956753492355,-0.1092026904225349,0.0280864313244819,-0.1113365143537521,-0.0862505808472633,-0.111835092306137,0.1105339154601097,-0.1128711104393005,-0.0613105669617652,-0.1081725358963012,-0.047647900879383,-0.0936090871691703,0.063466690480709,0.1101203337311744,0.1094837188720703,0.1039630770683288,-0.1125035211443901,-0.1129448488354682,-0.1045174151659011,-0.1114125251770019,0.0080443834885954,-0.1123153790831565,-0.1100241020321846,-0.1115335971117019,-0.0967743545770645,0.0477587021887302,-0.0784965232014656,0.0977054610848426,0.0378272831439971,-0.1042786613106727,0.1069834157824516,0.1117744296789169,-0.0427524596452713,0.0793288424611091,0.0760642513632774,-0.0960401818156242,0.0692744627594947,0.0796455815434455,0.1092705726623535,-0.0907362550497055,-0.1013058125972747,0.0165193174034357,0.0317612439393997,0.1124744340777397,-0.1012641116976738,0.1044416800141334,0.0853922963142395,0.1058618947863578,-0.109335608780384,-0.1122155860066413,0.1122696995735168,0.0715964883565902,0.0758334174752235,-0.10000541806221,0.0406289771199226,0.1106501072645187,-0.0802529230713844,-0.0725418478250503,-0.1103618964552879,0.0667072087526321,-0.1127964407205581,-0.0483597069978714,-0.1116058453917503,0.1092266514897346,-0.0282736122608184,0.112168937921524,-0.068483330309391,0.0970548763871193,-0.1061787754297256,0.0145702706649899,0.1067822054028511,-0.0466070882976055,-0.0789814442396164,0.0153089743107557,0.1115626096725463,-0.1125707998871803,0.0052564810030162,-0.0086131934076547,-0.1042015179991722,0.0982952788472175,-0.0802193135023117,-0.1105391085147857,-0.0976966843008995,-0.1092119365930557,-0.0048992079682648,-0.1038236320018768,0.0748548805713653,-0.0907088294625282,-0.1035108491778373,0.0058013484813272,0.0994123890995979,-0.1082444414496421,0.0804970264434814,0.0063472785986959,-0.1027785539627075,0.1075102463364601,0.1086425632238388,0.1037043407559394,-0.0387061387300491,-0.1105240806937217,-0.1102212592959404,0.1058393791317939,0.093941181898117,0.090412437915802,0.1096423864364624,-0.0920397266745567,0.0085560791194438,-0.0381435379385948,0.1057840660214424,0.0752456858754158,0.0690701603889465,-0.0101957684382796,-0.0017952386988326,-0.1087496578693389,-0.1094245761632919,0.0616478361189365,-0.0656934157013893,0.0244584698230028,0.0894280523061752,-0.1093102097511291,0.0071792369708418,0.0668062269687652,0.1102300733327865,-0.1092074289917945,0.1054191589355468,-0.0779927596449852,0.0629473701119422,0.0125184934586286,0.1037338376045227,0.1099152863025665,0.0264150984585285,-0.1104819253087043,0.1090785339474678,-0.1105755642056465,0.1099298223853111,-0.1098397448658943,-0.1008869558572769,-0.0958175659179687,-0.1088955700397491,-0.1076856255531311,-0.0152408769354224,-0.0167598612606525,0.1074271947145462,-0.0756060779094696,-0.0625148192048072,0.0669967159628868,-0.1105507388710975,0.109540082514286,-0.1100216582417488,-0.110388346016407,0.1075446382164955,0.1089591383934021,-0.0702738612890243,-0.1071109920740127,-0.1104381084442138,-0.0892751738429069,0.0373540557920932,0.029832549393177,0.0012694712495431,-0.0480101369321346,0.0803171172738075,-0.051827922463417,0.1105741932988166,-0.108024314045906,0.0025401627644896,0.0727021098136901,0.0982468649744987,0.1015201732516288,0.0914944112300872,-0.0724091157317161,-0.0545272715389728,-0.1099801659584045,0.0373585969209671,0.0998933613300323,-0.0958166569471359,-0.0351795069873333,-0.0827792137861251,-0.0202379282563924,0.1105565056204795,0.1105179488658905,0.1102007180452346,-0.0356102026998996,-0.0762886554002761,0.0992617309093475,-0.1104234829545021,-0.0977177321910858,-0.1105369329452514,-0.0694507285952568,0.1087891459465026,-0.1101418957114219,0.105847842991352,-0.1086692661046981,0.0198931526392698,0.0964427590370178,-0.1085902601480484,0.110441617667675,0.0083958748728036,0.1051162630319595,0.109405942261219,0.0905942469835281,0.0148244267329573,-0.1105749458074569,-0.0998730063438415,0.0168690979480743,0.1084231883287429,0.1005956456065177,-0.0927430465817451,0.0899354740977287,-0.1215182617306709,0.0180372204631567,-0.1304816156625747,0.0503901615738868,-0.1370932161808014,0.0417469106614589,-0.0485016591846942,-0.1387103348970413,0.0979078188538551,-0.0828361883759498,0.1057366132736206,-0.0977451354265213,-0.1233730316162109,-0.0495820455253124,0.0046355929225683,-0.1368579864501953,0.1077196523547172,0.0696549490094184,-0.0460907109081745,-0.0186583064496517,-0.016340410336852,-0.0933950990438461,0.1304795295000076,-0.0344300046563148,-0.0334462970495224,0.0858888551592826,-0.113226518034935,-0.1456947773694992,0.0598523654043674,0.039643108844757,0.0387443825602531,0.1462006121873855,0.1424426138401031,-0.0958403423428535,0.0584806129336357,-0.0665807202458381,-0.1036024168133735,0.0743249505758285,0.0585972592234611,-0.1413828581571579,-0.1363712847232818,-0.0264555662870407,-0.0116582056507468,0.0918625369668006,0.0777660757303237,0.1030214354395866,-0.0704548582434654,-0.0627057403326034,0.1219858974218368,0.0933941379189491,-0.1260688602924347,0.0501126907765865,-0.0259090606123209,0.0185462068766355,0.1028498634696006,0.1283644586801529,0.102203719317913,0.0885659679770469,-0.0015634958399459,0.0637566670775413,0.0495807863771915,0.0178961176425218,0.1309323906898498,-0.1408839076757431,-0.0771561041474342,0.099292367696762,-0.0973343327641487,0.0770556926727294,0.0382484458386898,0.1273847073316574,-0.012567950412631,0.0239546503871679,-0.118651695549488,-0.0835224986076355,0.0859612748026847,-0.1208782121539115,0.038056306540966,-0.1119537726044654,0.1029233112931251,0.01325867138803,0.0416177697479724,-0.1251403093338012,0.0446551032364368,0.0391158573329448,-0.093715600669384,0.0948818773031234,0.1118497401475906,-0.0246444549411535,0.1037832573056221,0.0770552530884742,-0.1310298293828964,-0.1201996728777885,-0.0487421378493309,-0.0614130198955535,0.0314790643751621,0.1425104886293411,0.0256002005189657,-0.0220683235675096,-0.1330783814191818,-0.0893148332834243,-0.0825879648327827,0.1218559667468071,0.0819287747144699,-0.0714150294661521,0.0285076070576906,-0.0766101777553558,0.1355868130922317,0.02949102781713,-0.0746976733207702,0.0674473196268081,0.1240685582160949,0.029577923938632,0.0799634829163551,0.1059875711798667,0.1179102957248687,-0.0374271459877491,-0.1388320475816726,0.0995802208781242,-0.0282430779188871,-0.032314945012331,0.0574596002697944,-0.0897564515471458,-0.1029386967420578,-3.2468502467963845e-05,-0.0558501966297626,0.0827267840504646,0.0319848768413066,0.0641760751605033,0.0975355356931686,-0.1146183833479881,-0.0931715369224548,0.0658184364438057,0.1386782377958297,0.1052834838628768,-0.1363704800605774,0.0871027931571006,-0.0336094386875629,0.132390484213829,-0.112539142370224,0.0563143268227577,-0.0866423025727272,0.1441742330789566,-0.1145155951380729,-0.0614979527890682,-0.0613649599254131,0.0771992355585098,-0.0348776914179325,-0.0091901998966932,0.1230391189455986,-0.137207806110382,0.0881951823830604,0.1531373411417007,-0.0003479107108432,0.0476123094558715,-0.0284160505980253,0.0853989496827125,-0.0237968284636735,-0.0643979832530021,0.0023196656256914,0.1087273061275482,0.1358403265476226,-0.0587837398052215,0.130823865532875,0.1091877222061157,-0.0096301576122641,-0.1211574897170066,0.108250617980957,-0.0317396037280559,-0.1464203298091888,0.042975977063179,0.14353908598423,0.1523302048444748,0.1133874431252479,-0.1092516258358955,-0.0261865817010402,0.1186541020870208,0.085794448852539,0.1299348771572113,0.031506709754467,-0.1226726993918418,-0.0970268100500106,-0.0633897930383682,-0.1228065267205238,-0.0899028703570365,-0.0994858667254448,0.0026856472250074,-0.1064603477716445,-0.0685679391026496,0.1221677809953689,0.0817378610372543,-0.061562530696392,-0.0047758682630956,0.0667978376150131,-0.0722752511501312,0.0920230001211166,-0.0649476796388626,0.0538407638669014,-0.0535977706313133,-0.1038081273436546,0.0448294542729854,-0.0031959996558725,-0.1325297802686691,-0.0184615366160869,0.0141756813973188,-0.1182122975587844,-0.0035484805703163,0.1164818555116653,0.047507457435131,0.0183450169861316,0.1424915045499801,0.051160030066967,-0.0070116445422172,0.0037811947986483,-0.0460580140352249,-0.0763692185282707,0.0906817242503166,-0.1486471891403198,0.0181852634996175,-0.1053118482232093,0.0083889868110418,-0.0104932487010955,-0.1291479170322418,0.0350188426673412,0.11416757106781,0.0237925555557012,-0.0600927807390689,-0.1009506434202194,-0.0938683003187179,-0.1024112924933433,0.0311038959771394,-0.0585090890526771,-0.0676362067461013,0.1030655205249786,-0.0712945759296417,0.0452813915908336,-0.0385152623057365,-0.0574937164783477,-0.1041466146707534,-0.0881517529487609,0.1138733923435211,0.0578865706920623,0.1437704563140869,0.0604190416634082,0.131972849369049,0.0794297829270362,-0.0668170452117919,-0.0712036341428756,-0.0135777546092867,0.0418895930051803,0.0620533227920532,-0.0836453512310981,-0.0727951899170875,-0.1377954930067062,-0.1370809823274612,-0.0644735991954803,-0.0912340134382247,-0.0546516180038452,-0.0399028956890106,0.0365270189940929,-0.0518153868615627,0.042081780731678,0.0450472272932529,0.1025310978293418,0.0130087789148092,0.0954630225896835,0.034308198839426,-0.021157706156373,-0.0309787038713693,-0.0331152863800525,0.0958628579974174,0.0830262005329132,0.0893892049789428,-0.0133159263059496,0.0630786716938018,-0.1488756686449051,-0.0884640142321586,0.089991845190525,-0.1410176306962967,0.0664483234286308,-0.0268556308001279,0.1469583213329315,-0.0922958403825759,-0.0715294331312179,-0.0525455735623836,-0.1400622427463531,-0.03423323482275,-0.070783145725727,-0.045462891459465,-0.0130873890593647,0.0442713424563407,-0.036087978631258,-0.0791012868285179,0.1153007820248603,-0.1031901091337204,-0.0004103997198399,-0.0948098674416542,0.0595099367201328,0.0416841022670269,0.0540343262255191,0.0870182737708091,0.1088059321045875,0.072664201259613,-0.0955381989479065,0.1076054647564888,0.0027125885244458,0.0735753625631332,-0.0729233548045158,0.1180694475769996,-0.1254905760288238,0.0663827881217002,0.0643329322338104,-0.0138892792165279,0.0402461476624012,0.1491181254386901,-0.0243701208382844,0.0443987920880317,0.0999896079301834,0.1187918409705162,-0.083182618021965,-0.0929998010396957,-0.1103493645787239,0.0179566238075494,0.1133373454213142,-0.0012406655587255,-0.1378601938486099,0.0790053009986877,0.1240236535668373,0.0444665513932704,-0.1276064813137054,0.1069137603044509,0.0358238294720649,-0.1167111992835998,-0.1045114398002624,-0.1262640357017517,0.0127909546718001,-0.0406208708882331,0.0382612943649292,0.1020454987883567,-0.1022217273712158,-0.1439312100410461,-0.0108300894498825,-0.1016063094139099,-0.0865103751420974,-0.0126307969912886,-0.0799223408102989,0.1099432259798049,0.141968548297882,0.0290945656597614,-0.053893506526947,-0.0523045361042022,-0.0094760935753583,0.0953004360198974,-0.0609328337013721,0.1616252958774566,0.0910712257027626,-0.1146398931741714,-0.0786987766623497,0.0471187233924865,0.1463007628917694,0.0343664288520813,0.0716133117675781,-0.097480408847332,0.0808431804180145,-0.0441488474607467,0.1088805422186851,0.1223084777593612,0.1417044252157211,-0.1426017880439758,0.1660022586584091,-0.0457297600805759,0.1523356437683105,-0.1186314970254898,-0.0920824259519577,0.1599054783582687,0.0296495743095874,0.1145388856530189,0.153812363743782,-0.0701112225651741,-0.0723835006356239,-0.0554427132010459,-0.0483688339591026,0.0384566821157932,HRXJGQXRYLCIAX-UHFFFAOYSA-N,CC(c1ccncc1)N(C)Cc1cnc2cnccn12
-0.1038370504975318,0.0783868208527565,-0.10370484739542,-0.1035533919930458,0.103768914937973,0.0702801048755645,-0.0226216688752174,-0.0563951693475246,-0.0643954277038574,0.1033972278237342,0.1036368235945701,0.1027387231588363,-0.0884392410516738,-0.0957241505384445,-0.1037664636969566,-0.100263275206089,0.0963813588023185,-0.0723490193486213,0.1031575947999954,-0.1038381606340408,-0.0926779061555862,-0.0264251828193664,0.1037071347236633,0.0475995428860187,0.0875913202762603,0.1038380861282348,0.1038261204957962,-0.018128216266632,-0.0846631228923797,0.0409677997231483,-0.0566184222698211,-0.0599602721631526,-0.0800687670707702,-0.0616671480238437,0.0974036157131195,-0.1034840419888496,-0.1034799814224243,0.0701377689838409,-0.103745587170124,-0.0916302800178527,-0.1038162857294082,-0.1038378253579139,0.1038228720426559,-0.0903539732098579,-0.070640429854393,-0.1025086939334869,0.1037192195653915,-0.099187284708023,0.0973607003688812,0.1037663891911506,-0.1038383245468139,0.1035861745476722,0.1036682501435279,-0.1037108823657035,0.0229895878583192,0.0967105478048324,-0.085351713001728,-0.0996573939919471,0.0978126749396324,0.1008837521076202,0.1023981198668479,-0.1020116433501243,-0.1035239547491073,0.1011512503027916,0.103656068444252,-0.098751962184906,-0.0671667382121086,-0.0758760571479797,-0.0995199978351593,0.1033836081624031,-0.103197768330574,-0.0829831436276435,-0.035360712558031,0.0563860684633255,-0.050171636044979,0.0790911242365837,0.1037609279155731,-0.097794160246849,0.0847169309854507,0.039631251245737,0.0966482758522033,0.0673373192548751,-0.1028496921062469,0.0186075922101736,0.0965950042009353,-0.1006792336702346,0.1003625094890594,-0.1035057678818702,0.0630834326148033,0.1038098633289337,-0.1037875115871429,-0.103789746761322,-0.1038224250078201,0.071471944451332,0.0585419349372386,-0.0214963052421808,-0.1026270240545272,0.1038224250078201,-0.1031487509608268,0.1027956828474998,-0.1033456325531005,0.0063024400733411,-0.0852424055337905,0.0260689239948987,0.1038353517651557,-0.0008787083788774,-0.1037574484944343,-0.0224067047238349,0.0027010722551494,0.0989740118384361,-0.0438952818512916,-0.1019698530435562,0.1034349873661995,-0.0582918189465999,-0.0925903916358947,-0.0968357622623443,-0.0307836942374706,-0.0095361545681953,0.1036231070756912,-0.1037979125976562,0.1036928743124008,0.1037737354636192,0.1032033860683441,-0.1037910059094429,-0.1036439910531044,-0.1038323268294334,0.071005955338478,0.0963341742753982,0.090948186814785,0.1066774278879165,-0.1062531843781471,0.1073000580072403,-0.0613393150269985,0.0965687111020088,-0.1058648452162742,0.0492273494601249,-0.1045769676566124,0.1008290350437164,0.0970480442047119,-0.0671726763248443,0.1041448563337326,-0.108166828751564,-0.0625944212079048,-0.0276298467069864,-0.1081184819340705,0.0832627192139625,0.096573419868946,0.0889694616198539,-0.1079570949077606,-0.0850182771682739,0.1081670895218849,-0.0359002090990543,-0.1006326377391815,0.0004585495626088,-0.1077798455953598,0.1068041995167732,0.1045465692877769,-0.0312396977096796,0.0977265462279319,0.0850133672356605,-0.0995310917496681,-0.0970543026924133,-0.0417589209973812,-0.1065538302063942,-0.00794068723917,0.1081579029560089,-0.0962815657258033,0.0159310232847929,-0.1064914613962173,-0.1026754155755043,-0.104050762951374,0.1045827344059944,-0.105762705206871,-0.097553551197052,0.0999185442924499,-0.0676580369472503,-0.0210822280496358,0.1037136614322662,-0.0771319344639778,-0.0526391565799713,0.0794823840260505,0.1081748604774475,0.0028765124734491,0.0324395708739757,0.1061743274331092,0.1081365942955017,0.1037055626511573,0.107023648917675,-0.0655373781919479,-0.095959722995758,0.0313362479209899,-0.1069335341453552,-0.1047586575150489,-0.0204065218567848,0.1067008227109909,-0.0508642643690109,-0.038197673857212,0.0333316251635551,0.0237241089344024,0.1034056916832923,0.1029854491353035,0.1078287661075592,0.1078907325863838,0.0713997483253479,0.0262889731675386,0.1003143563866615,0.1078541502356529,-0.1061526164412498,-0.0434509702026844,-0.0210635066032409,-0.1070038601756095,0.0948695316910743,0.1079834625124931,0.0700851827859878,0.1063191518187522,0.0430389828979969,-0.1065722629427909,0.0975338071584701,-0.0950672775506973,0.027694446966052,0.0607581213116645,-0.0689331516623497,0.0992029458284378,0.0061737755313515,0.1081594005227088,0.1064830273389816,0.1053315177559852,-0.1073828265070915,-0.1067090332508087,0.0946989208459854,0.1064812391996383,-0.0099069001153111,0.1017351970076561,0.0606413260102272,-0.1080765724182128,-0.088542066514492,0.0997242406010627,0.108144074678421,-0.0841046124696731,-0.1077907681465148,-0.0996166318655014,-0.0707411244511604,-0.0637943670153617,-0.0799652189016342,0.1006135419011116,-0.108094535768032,-0.0112995840609073,-0.0885614156723022,-0.0797270834445953,0.1070160642266273,0.1029406487941742,-0.0974237397313118,0.1024270802736282,0.1072403714060783,0.0857637077569961,0.0959551930427551,0.105281226336956,0.0999446511268615,0.0506701953709125,0.1010106727480888,-0.1057789921760559,-0.0423547625541687,-0.0942183211445808,0.0114382999017834,-0.0245975479483604,0.1055157557129859,0.0894511640071868,-0.0538957677781581,0.0349934957921505,0.1047656387090683,-0.1057600975036621,0.1057158634066581,0.0318382419645786,-0.0426508784294128,0.07492496073246,0.0939555317163467,-0.0996326133608818,0.0989325121045112,-0.1053159832954406,0.07535320520401,-0.0939377173781395,-0.0769998282194137,-0.1057667434215545,0.0861245319247245,-0.094733826816082,0.1057876050472259,-0.1057776138186454,0.1051360219717025,0.1048579141497612,-0.1052722185850143,-0.0333427153527736,0.105480819940567,0.1034686788916587,-0.0010999069781973,0.000605754146818,-0.103712297976017,-0.1050549000501632,0.0971089527010917,-0.0072425012476742,0.1057872250676155,-0.1030751466751098,-0.0920837670564651,-0.0480675660073757,0.1055997535586357,0.0787759572267532,0.1049462705850601,-0.0591724477708339,-0.0712647140026092,-0.1057240515947341,-0.0429705269634723,-0.0852871611714363,0.1041490212082862,-0.10533057898283,0.1045654192566871,0.1051800549030304,0.063609279692173,0.0342939421534538,0.0253861676901578,-0.1057546213269233,0.1024418398737907,-0.0725519582629203,-0.1057281196117401,-0.1034891232848167,0.0862684100866317,0.1002068668603897,-0.0614065453410148,0.1057453528046608,0.1057735383510589,-0.0767868757247924,-0.1037921160459518,-0.1054851710796356,0.1003857851028442,-0.0650630816817283,0.1057780906558036,-0.0763269215822219,0.1027024835348129,0.0430248118937015,0.0959581360220909,0.1047414913773536,-0.1018285825848579,0.1053646802902221,-0.1047692447900772,-0.071440577507019,0.1051154732704162,-0.0807603374123573,0.1057412549853324,-0.1047435849905014,0.0282377209514379,-0.1055065616965293,-0.1054827719926834,-0.087776094675064,0.1057825535535812,0.1050639748573303,0.0149792106822133,-0.0045052417553961,0.1046368107199668,-0.1029187813401222,-0.1051343455910682,-0.1057343333959579,-0.0189555622637271,-0.103334441781044,-0.0992518812417984,0.0551797859370708,0.1057742610573768,0.0850947797298431,-0.0292610060423612,-0.1007532551884651,0.1016144603490829,-0.0897514596581459,0.1057470887899398,-0.1011852100491523,0.1048167124390602,-0.1051992550492286,-0.0796185731887817,0.0369147397577762,-0.1049575880169868,0.1049519553780555,0.0583245083689689,-0.0315509438514709,0.0932428911328315,-0.0912047326564788,-0.0684172511100769,-0.0288596805185079,0.1056433692574501,0.0610813833773136,0.0626297444105148,-0.0341528952121734,-0.0530308373272419,-0.1262510567903518,0.0255864597856998,0.0171642284840345,-0.0154273035004735,0.0258940141648054,-0.1039504259824752,0.0321239233016967,0.0174703206866979,-0.0645797625184059,0.1227390691637992,-0.1236283555626869,-0.0770265087485313,0.066127635538578,0.0029318584129214,-0.0296629182994365,-0.1398145705461502,-0.0950360745191574,0.1206436976790428,-0.0803649872541427,-0.1291348189115524,-0.1306029707193374,-0.0637987181544303,0.0831758007407188,0.1004225313663482,-0.0692605823278427,-0.0471671484410762,0.1159289702773094,0.0314244665205478,-0.0202894750982522,0.1172113940119743,0.051485676318407,-0.0447849258780479,-0.0822830572724342,-0.090734027326107,-0.1302856802940368,0.0518469177186489,-0.1335069686174392,0.1243629530072212,-0.0384759008884429,-0.0542587041854858,-0.1343257576227188,-0.0119100250303745,0.0606155805289745,0.0920284762978553,0.0157987307757139,-0.109171912074089,0.0899273231625557,0.1122404709458351,-0.1003809198737144,0.1033289432525634,-0.1006079241633415,-0.0210308115929365,0.1022750735282898,0.1383056342601776,-0.0712102949619293,0.1202761456370353,-0.1041666343808174,-0.0892186537384986,0.1051026061177253,0.0643669962882995,0.1370563805103302,-0.1273263692855835,-0.0394706726074218,0.0801967605948448,0.0458958633244037,0.1357117444276809,0.0493229702115058,0.1300102323293686,-0.1187042966485023,0.0798376351594924,-0.1106497794389724,-0.0050982614047825,0.131719172000885,-0.1041306406259536,-0.0415666177868843,0.0770846009254455,0.0060811499133706,0.0476446375250816,0.0542210899293422,-0.0849329680204391,-0.0229266118258237,-0.1085414364933967,0.1182223856449127,0.0651735663414001,-0.0384887233376503,0.1183580234646797,-0.0837006568908691,0.114453911781311,-0.0067883990705013,0.003574774833396,0.1310321688652038,0.0558659732341766,0.1091990992426872,0.0868735164403915,0.0411296300590038,0.095466025173664,-0.1218610182404518,-0.0882782116532325,0.0835691019892692,-0.0026343453209847,0.0431148670613765,-0.0796458572149276,-0.0588330514729023,0.1307922750711441,0.0356943756341934,0.0841470435261726,-0.0598661713302135,0.1339224725961685,0.1026923209428787,-0.0052445856854319,-0.1063972860574722,-0.1201367601752281,-0.0054206172935664,0.1265498548746109,-0.1411302387714386,-0.0817000716924667,-0.0520159229636192,0.0959485247731208,0.0326607413589954,-0.1342612653970718,0.0857391878962516,-0.0885848477482795,0.134960651397705,-0.0757547095417976,0.0437383726239204,0.1045734584331512,0.1276109665632248,-0.0076217683963477,0.1725379675626754,0.0902148336172103,0.1741741597652435,-0.1360300183296203,0.0753690972924232,0.0870805978775024,-0.1166545078158378,0.0164957139641046,0.0351059064269065,0.0745554491877555,-0.159566655755043,-0.0510228835046291,-0.1194093599915504,0.0473403967916965,-0.1218545734882354,0.0882293656468391,-0.071690946817398,-0.049849160015583,-0.1545497775077819,-0.057089913636446,-0.0693076625466346,0.1364383995532989,0.0126875340938568,-0.1076035946607589,0.0452973656356334,0.0981582924723625,0.1433460414409637,-0.1064082086086273,0.1774810403585434,0.0100177880376577,0.0375852026045322,-0.1320540904998779,-0.0564433261752128,0.0160687342286109,-0.0756531879305839,0.1297840923070907,0.0515402853488922,-0.019000943750143,-0.0679932981729507,-0.0746248215436935,-0.0903304815292358,-0.0209710989147424,0.0495415143668651,-0.1140657067298889,0.0885895043611526,-0.1458431035280227,-0.1066249161958694,0.0050309468060731,-0.0718091577291488,-0.0586971789598465,0.0249687377363443,0.0219832491129636,-0.114871822297573,-0.0694747194647789,0.0187859181314706,-0.0633639991283416,0.0740577355027198,-0.0176838599145412,-0.000234672363149,0.0301990881562232,-0.1480912268161773,-0.1381265372037887,0.055549431592226,0.147048145532608,-0.0554458871483802,0.0560060515999794,-0.0441799722611904,-0.0535635761916637,-0.0714260339736938,-0.0148704275488853,0.1022987961769104,-0.1121155321598053,0.0913190394639968,0.031526792794466,0.0311526432633399,0.16832035779953,0.0171454958617687,-0.0742432922124862,-0.0813837498426437,0.0751919895410537,0.1363868713378906,0.0459378696978092,0.0336523540318012,-0.0339961349964141,-0.1677761077880859,0.044220607727766,0.0120479529723525,0.0656700804829597,-0.1304760575294494,0.0533815249800682,0.1263030022382736,-0.0221637152135372,0.0298578701913356,-0.0357189998030662,0.0916321575641632,-0.1159813776612281,-0.1535582095384597,-0.1131975427269935,0.0812563821673393,0.0571018680930137,0.0591935031116008,0.1474432945251464,-0.0799335464835167,-0.0026719658635556,-0.116229623556137,0.0475163795053958,-0.1571542024612426,0.0191373266279697,0.174464002251625,-0.0253702197223901,0.0344142355024814,-0.0186716485768556,0.1570315957069397,0.0514104440808296,0.0765394270420074,-0.0193952303379774,0.0388174168765544,0.0475832596421241,0.0111177302896976,0.00246311747469,0.0083557041361927,0.0183996800333261,0.0719022676348686,-0.0480195917189121,-0.1257690638303756,0.1189931333065033,0.0627301633358001,-0.1082956790924072,0.0427249260246753,0.0341528914868831,0.1312350183725357,0.1099881082773208,0.0580482333898544,-0.0636877492070198,-0.1281486749649047,-0.0557519942522048,-0.1267864853143692,0.0338833853602409,0.0110190873965621,0.1108012273907661,0.0308166053146123,0.1190912649035453,-0.1094021648168563,0.0060823136009275,0.0623800680041313,0.126535415649414,-0.0063447887077927,0.0046820398420095,-0.048223040997982,-0.0570263564586639,-0.0083984462544322,0.105478398501873,0.0574483759701252,-0.131123811006546,0.1290976703166961,-0.0942144244909286,0.1273581534624099,-0.085106186568737,0.0976458042860031,0.1223737001419067,0.1176388561725616,-0.0425310507416725,0.1146497651934623,-0.0498249381780624,0.0710591971874237,0.0902810618281364,-0.1002168506383895,-0.086421251296997,-0.0502417050302028,-0.0210463088005781,-0.0410255007445812,0.0880686417222023,-0.0438114292919635,-0.0818151608109474,-0.1105369180440902,-0.0659713968634605,-0.0863160043954849,0.104725070297718,-0.1072436571121215,-0.0815512016415596,-0.0076508489437401,0.1065288931131362,-0.0088101830333471,0.1063169538974762,-0.0712295025587081,0.111737884581089,-0.1241174265742302,0.1118841543793678,-0.1297842264175415,-0.1036242172122001,-0.0821793377399444,-0.1113684177398681,-0.1091306135058403,0.0843946263194084,0.1125330924987793,-0.012654734775424,0.0563990697264671,-0.1149779111146926,0.1306670606136322,0.0923190265893936,0.1246538534760475,0.0543904304504394,-0.1022633090615272,0.1243300959467887,0.1167046278715133,-0.0386776663362979,-0.0486136376857757,-0.0611867159605026,-0.1000154986977577,0.1269379556179046,0.0860504806041717,-0.0492609404027462,-0.0953389704227447,0.0059629455208778,-0.0757982209324836,-0.01426771748811,0.1084779649972915,0.0294904876500368,0.1043481901288032,-0.0166807118803262,0.0286610331386327,0.1073168516159057,0.0426167100667953,-0.0692340582609176,0.0367290489375591,0.0996699705719947,-0.084732286632061,0.0914485454559326,-0.1003366559743881,-0.08060222864151,-0.1217521429061889,-0.0804256498813629,-0.0500191077589988,0.1323860734701156,0.1194991767406463,-0.0660873651504516,-0.1319373846054077,0.0288773775100708,-0.1327878534793853,0.0310481172055006,-0.0505544915795326,0.106459192931652,0.0192304588854312,-0.1031162366271019,0.0304565075784921,-0.0507284067571163,-0.1052068248391151,0.0605879463255405,-0.0545089431107044,0.1298406273126602,0.0489405430853366,0.1327191889286041,DQQQTFKJKCDURY-VWLOTQADSA-N,COc1cc2c(cc1OCCCC(=O)Nc1cc(C(=O)Nc3ccc4oc(C(=O)N5CCOCC5)cc4c3)n(C)c1)N=C[C@@H]1CCCN1C2=O
0.0949531272053718,-0.0908495038747787,0.0469688028097152,0.1051260903477668,0.0590594448149204,-0.0047089331783354,0.085442341864109,0.0019210365135222,-0.0715259537100792,-0.0312306340783834,-0.0382997952401638,-0.0042851539328694,-0.1007973849773407,0.1033805459737777,0.1046183556318283,-0.0589242242276668,0.1042117848992347,-0.0989889502525329,0.1022541970014572,0.1051053553819656,0.0992776528000831,-0.1041688695549964,0.0594970546662807,-0.094704732298851,0.0771011188626289,-0.0832898020744323,-0.1027570664882659,-0.0966493785381317,0.1002852618694305,0.0022607941646128,0.0406223759055137,-0.1001217886805534,-0.1015811488032341,0.0952272042632103,-0.1050956845283508,-0.1049105748534202,0.0988494157791137,0.0999031513929367,0.1050480529665947,0.1041171923279762,-0.0172197166830301,0.1026819348335266,-0.1024919897317886,0.1051035448908805,0.1050100326538086,0.1046825945377349,-0.1048808768391609,-0.1030858010053634,-0.1045059487223625,-0.1025256365537643,0.1037143021821975,0.0269291903823614,-0.0816473141312599,0.098658263683319,-0.1032253876328468,-0.0298828426748514,-0.0400687418878078,-0.1049811765551567,-0.1015341058373451,-0.002201396273449,0.0909009277820587,0.0988237187266349,0.1023511588573455,-0.0375714488327503,0.1049929112195968,-0.0938372462987899,-0.0954409763216972,-0.0966992974281311,0.0582290664315223,-0.1026021465659141,0.0912567973136901,0.1051224991679191,0.0926483199000358,-0.1049865335226059,-0.104499876499176,0.0996828973293304,-0.0977629646658897,0.1049552410840988,0.0739072039723396,-0.1005329713225364,-0.0386424697935581,0.0785099118947982,-0.1022593080997467,0.0775453075766563,0.0964467450976371,0.1044900119304657,0.1034824401140213,0.1036583930253982,-0.1045225411653518,-0.1017547473311424,0.103050872683525,0.1042857468128204,0.0989395305514335,0.1050879582762718,-0.1048999354243278,0.0282500572502613,-0.1050893664360046,0.0213181674480438,-0.084961362183094,0.0960599929094314,0.0911091864109039,0.0112435957416892,0.090852104127407,-0.0354088246822357,-0.1047960370779037,-0.0731701403856277,0.0042037502862513,0.0941983684897422,0.0690011084079742,-0.0466412492096424,-0.0243508294224739,-0.0945621281862258,-0.0994609892368316,-0.0966173112392425,0.1043616980314254,-0.0977174267172813,-0.0967503264546394,-0.0837026312947273,-0.1029077842831611,0.1050979495048523,-0.024629121646285,0.1011988371610641,-0.0976792275905609,0.1027683168649673,0.0351483151316642,0.0784078389406204,-0.0983298420906066,-0.1023770570755004,0.0900748372077941,-0.0432504341006279,-0.0736327841877937,-0.0826393216848373,-0.0982430502772331,0.0823518112301826,0.0891249999403953,0.0910163223743438,0.1029561683535575,-0.0422898456454277,0.1022916659712791,-0.1016062051057815,-0.1028848066926002,-0.1023169383406639,-0.1010745465755462,-0.1013377383351326,0.101786769926548,-0.0254093818366527,-0.1030876114964485,-0.1026537418365478,0.0888948440551757,-0.0943187624216079,-0.1029833033680915,-0.0170309022068977,0.102927528321743,0.0964136570692062,-0.0095783900469541,-0.0490284003317356,-0.1030713766813278,-0.1028506532311439,-0.1029150113463401,-0.0530293881893157,-0.0970785692334175,0.1030868887901306,0.101627841591835,0.08543012291193,0.1013870537281036,-0.1030876263976097,-0.0675372034311294,0.0950829461216926,0.1027982160449028,0.095285065472126,0.1030869632959365,-0.1030875816941261,0.0798912271857261,0.042224247008562,-0.0259987246245145,0.1029841601848602,-0.1030400842428207,0.1030754894018173,0.1030770167708396,-0.1030859276652336,-0.021549442782998,-0.1030810922384262,-0.011740724556148,-0.1030814126133918,0.1017007529735565,-0.1030876263976097,-0.100510686635971,-0.1029899567365646,-0.0918831676244735,0.0158409215509891,-0.0864846035838127,-0.0569256357848644,0.1030876263976097,-0.0786784887313842,-0.1030608415603637,-0.0093340193852782,-0.103001981973648,-0.1013833656907081,0.0983255058526992,-0.1030875816941261,-0.1030654981732368,-0.103052444756031,-0.1030789315700531,0.0961378663778305,-0.1030037775635719,0.1019728258252143,0.0394342169165611,-0.1029615402221679,0.0102558229118585,0.0950335711240768,0.1030313819646835,0.0878402292728424,-0.1030721589922905,-0.0014968580799177,-0.0724622905254364,0.0997481122612953,0.0920495986938476,-0.0687272250652313,-0.1011477038264274,0.0078340321779251,0.0652375370264053,0.1030876189470291,-0.0972742214798927,0.1030865609645843,0.0345122218132019,-0.056514598429203,-0.1022538021206855,-0.0720994472503662,0.0847160294651985,0.1030193343758583,0.0906340628862381,-0.0344029814004898,0.1026490181684494,0.1030863001942634,-0.0453791283071041,-0.0748396813869476,-0.1014136001467704,-0.1018401905894279,-0.0778419226408004,0.1007669419050216,-0.1030874028801918,-0.0940839946269989,-0.097848005592823,0.0873974189162254,-0.1029113307595253,-0.0009877920383587,-0.0882185027003288,-0.1015881896018982,0.09542116522789,-0.0551526062190532,-0.1028051376342773,0.1016785278916359,0.0908000320196151,-0.1030874699354171,-0.0255641508847475,-0.0996716693043708,-0.0980852767825126,-0.0976954326033592,0.0994809493422508,-0.0995786190032959,0.0995589569211006,-0.0995132103562355,-0.0977086722850799,-0.0996041148900985,-0.0755985528230667,-0.0989458560943603,0.0993852317333221,0.0474349595606327,0.099602423608303,-0.0916346237063407,0.0927470475435257,0.0546264462172985,-0.0988563150167465,-0.0112497471272945,-0.099347598850727,0.0995959937572479,-0.0901949182152748,-0.0996061563491821,0.0954667180776596,-0.0717337355017662,0.0994236543774604,0.0982574447989463,0.099339373409748,0.0546235851943492,0.0698064118623733,-0.082458846271038,0.0995990931987762,-0.0678045526146888,-0.0586313009262084,-0.0938013941049575,-0.0986218154430389,-0.0995898619294166,-0.0908966287970542,-0.0995615646243095,-0.0986921191215515,0.0124490791931748,0.0634069144725799,0.0993173569440841,0.0864920914173126,-0.0902698561549186,0.0992374047636985,0.0986596718430519,-0.0983762443065643,-0.0737812742590904,0.0995729342103004,-0.0839285105466842,0.0991535708308219,0.0132157811895012,-0.0995193570852279,-0.0995902195572853,0.0175893288105726,-0.0993043631315231,0.0901409536600112,-0.0995884835720062,0.0523210689425468,0.0973134562373161,-0.0957227498292923,0.0986740589141845,0.0995777919888496,-0.0950290858745575,-0.0813020840287208,0.0550015196204185,0.0817921236157417,0.0886911153793335,-0.0741639882326126,0.0994160547852516,-0.0984463095664978,-0.0967743396759033,0.0963050350546836,0.0996058657765388,0.0981987714767456,-0.0994749814271926,-0.0996061787009239,-0.0929591283202171,-0.0988217964768409,-0.0986952781677246,-0.0624846071004867,0.0994952172040939,-0.0717800110578537,0.0995237156748771,-0.0637042894959449,-0.0969477891921997,0.0679196268320083,-0.0953104645013809,-0.0849717408418655,0.0989104360342025,0.0995869040489196,-0.0984980836510658,0.0991793796420097,-0.0622096322476863,0.0995716378092765,0.0491754449903965,-0.0995462238788604,0.0683281570672988,-0.0840653777122497,-0.0996013656258583,0.0970992669463157,0.0991570353507995,0.0990861728787422,-0.0037318705581128,0.099603459239006,-0.0530655533075332,-0.0996006354689598,-0.0064528938382864,-0.0996061637997627,0.0993605554103851,0.0159378070384264,-0.0381715185940265,0.0995474606752395,-0.0995861664414405,0.0993537604808807,-0.0995127782225608,-0.0993762835860252,0.0668637305498123,0.0996056497097015,0.0995855778455734,0.0978662744164466,-0.0224422570317983,0.098622940480709,-0.0994296222925186,-0.0993346199393272,0.0959525629878044,-0.0555491149425506,0.098894327878952,0.0465762540698051,-0.0456978864967823,-0.0366324074566364,-0.071047194302082,-0.0482944473624229,0.0768201500177383,-0.0507497005164623,0.0287028029561042,0.066713772714138,-0.0459281876683235,0.0175665263086557,-0.0799151882529258,0.0647486299276351,-0.080870546400547,0.0109361791983246,-0.1673446893692016,-0.0835612118244171,-0.0684344843029975,0.0377788580954074,0.0223763547837734,0.1014387905597686,0.1578147709369659,-0.0338748954236507,0.0495328828692436,0.1623681634664535,0.0022665185388177,-0.1028599813580513,0.010304638184607,-0.0136314583942294,-0.1787750124931335,0.0346672534942626,0.0418629981577396,-0.1963640451431274,0.0600514188408851,0.1872273832559585,-0.0726977810263633,-0.0117520205676555,-0.172433391213417,0.1799508780241012,0.0876396894454956,0.1483985334634781,-0.1804317533969879,-0.0396788418292999,-0.075296364724636,0.0384478531777858,0.0182516481727361,-0.0486920252442359,-0.0319728627800941,-0.0564731545746326,0.0768917575478553,0.0806701853871345,-0.068265251815319,-0.0804097577929496,0.1236619725823402,0.0579734593629837,-0.1706193685531616,-0.0885009989142417,0.0129947001114487,0.147500991821289,0.1302342563867569,-0.105113573372364,-0.0542016439139843,0.0931442901492118,-0.0518430210649967,0.0175961665809154,-0.0956242680549621,0.0663364976644516,-0.0856277197599411,0.0408006086945533,0.1147384867072105,0.0066415299661457,-0.0215422436594963,-0.0352182127535343,0.0959897190332412,-0.1354476660490036,0.0273630153387784,-0.074937991797924,-0.1252085715532302,-0.1424090713262558,-0.0182755179703235,0.077725626528263,0.1601233482360839,-0.0493473671376705,-0.2115831226110458,-0.0492671765387058,-0.0114462245255708,0.0144528914242982,0.0682913362979888,-0.0041626691818237,0.0129777900874614,0.0775850713253021,-0.1081547513604164,-0.1139413267374038,-0.0005576989497058,-0.0354767590761184,0.0299182012677192,0.0779230445623397,0.1163423731923103,-0.037168126553297,-0.0035885320976376,-0.00400320161134,0.1084590926766395,-0.0012070081429556,-0.0095617230981588,-0.1726620942354202,0.109594240784645,-0.0153090804815292,-0.09427410364151,0.0794458240270614,0.1139156147837638,-0.084107831120491,-0.1431315243244171,-0.0689137130975723,0.0899200960993766,-0.0400819517672061,-0.0395940765738487,0.0406650006771087,0.0774267390370369,-0.103474423289299,-0.0637999176979065,-0.0231950059533119,-0.0226095858961343,0.0851849541068077,-0.0520944632589817,-0.0972117260098457,-0.0372721627354621,-0.1279108524322509,0.0192904789000749,-0.1280843168497085,0.1488471776247024,0.0928399339318275,-0.095905601978302,0.1212904974818229,0.025199681520462,0.1876922398805618,-0.085405059158802,0.1184893026947975,-0.0162684675306081,-0.0321505963802337,0.0889507681131362,-0.0477130152285099,0.107296697795391,0.0282414760440588,-0.0181591808795928,0.0869188010692596,-0.0747605040669441,0.0728647634387016,0.128079354763031,0.0125570958480238,0.0901598036289215,0.0057874643243849,0.130451887845993,-0.104046531021595,0.1333602368831634,-0.0170502979308366,0.0111206714063882,-0.0866011083126068,0.0445650406181812,0.162346214056015,0.1106677576899528,0.0427217483520507,0.0367231704294681,-0.1400966346263885,-0.0009381093550473,0.0941492691636085,-0.1214023306965828,0.0530520603060722,-0.0096846241503953,-0.108619749546051,0.0697720721364021,-0.1272807121276855,-0.0622066594660282,-0.0105536505579948,-0.0050713052041828,-0.0419467352330684,-0.1084334328770637,-0.0703918114304542,-0.0156361684203147,0.0016098871128633,-0.0084003554657101,0.1240233331918716,-0.0668874531984329,0.0093647586181759,0.0308556668460369,-0.0282664131373167,0.0728249251842498,0.1660146266222,0.0412670746445655,-0.106165699660778,0.0361166447401046,-0.0022582120727747,0.090715080499649,-0.0872762575745582,0.0249002836644649,0.1388867944478988,0.0820701792836189,0.0863043069839477,-0.1117346659302711,0.0984986200928688,-0.1178188472986221,-0.1006464511156082,0.0111670531332492,0.0727633386850357,-0.1336355060338974,0.0166472643613815,0.0087666222825646,-0.1081287264823913,-0.0660440325736999,0.1462870985269546,0.0548634454607963,-0.1531549096107483,0.1473331749439239,-0.0400004312396049,0.0590537711977958,0.0366736948490142,-0.0007392229163087,-0.0190394930541515,0.1591407060623169,0.0455616116523742,-0.0150997759774327,-0.2013083100318908,0.005739735905081,0.1672137081623077,0.0227541085332632,0.0883276760578155,0.0758954808115959,-0.0121161788702011,0.0544540360569953,-0.0295523107051849,-0.013519455678761,-0.0473130531609058,0.0799263045191764,0.0528312101960182,0.1710970550775528,-0.0742574855685234,0.0001268262421945,-0.0861910060048103,0.0132879884913563,-0.1328403055667877,0.0106746461242437,0.0783704668283462,-0.0988124832510948,0.0120682762935757,-0.0499883294105529,0.1262028813362121,-0.0767993330955505,0.1587064862251281,0.0158793944865465,-0.1329787671566009,-0.0727051645517349,0.0644549801945686,0.0524677336215972,-0.1162446662783622,-0.110430859029293,-0.1278881132602691,0.0232984144240617,-0.0133392196148633,-0.0907184854149818,-0.0099989837035536,-0.1009330078959465,0.021469498053193,0.0740685388445854,0.1775256842374801,0.1506711691617965,-0.007239097263664,0.0453445240855217,0.0593922100961208,-0.0451695211231708,0.0806724652647972,0.0269671212881803,-0.0360854044556617,-0.0951420366764068,0.1362297683954239,-0.144088476896286,-0.1233039125800132,-0.0107018314301967,0.0086588449776172,0.0749358013272285,-0.0383575335144996,0.0688691809773445,0.0067782695405185,-0.0471129678189754,-0.043056558817625,0.0078312791883945,0.0412718281149864,-0.1092205345630645,-0.0094802137464284,0.1036996245384216,-0.1139858067035675,-0.0301882550120353,-0.0953693836927414,0.0955281630158424,0.0417623557150363,0.1265715807676315,0.0794082731008529,0.091996856033802,0.0148018738254904,-0.0269136950373649,-0.0576196014881134,-0.098573088645935,0.1367147862911224,-0.0638094395399093,-0.0490893982350826,-0.0947025641798973,-0.0278996750712394,-0.0725465789437294,-0.1220620721578598,0.023139763623476,-0.1339651197195053,0.0849821493029594,0.0898657068610191,-0.133736103773117,-0.1608203500509262,-0.1341489404439926,0.0729681700468063,0.0847870856523513,-0.0037950954865664,0.0043362351134419,0.1417378485202789,-0.0674927681684494,0.1458976864814758,-0.0599681697785854,0.0647649690508842,-0.079355850815773,0.0913590937852859,0.0881997719407081,-0.050453346222639,-0.0862447619438171,-0.0437461771070957,0.1445715427398681,-0.1166304647922515,-0.0823366791009903,0.0003196184698026,-0.1302665770053863,0.0054643126204609,0.0064180404879152,-0.0639905929565429,-0.0652397200465202,-0.0910224840044975,-0.1382052898406982,-0.1021541282534599,0.0535074770450592,-0.1263025999069214,-0.0181462839245796,-0.1239700615406036,-0.0277242586016654,-0.0719241127371788,0.1203852295875549,-0.0614945068955421,-0.0420410595834255,-0.0409119725227355,-0.1133410707116127,0.1253938376903534,0.1020766496658325,0.1210907325148582,0.0526819117367267,-0.0710513740777969,-0.0304269082844257,0.0319270119071006,-0.0608637891709804,-0.0090939281508326,0.1152815818786621,0.1026180386543273,0.0737282410264015,-0.0747889429330825,-0.0592984370887279,-0.0888101235032081,-0.0873697027564048,0.124783419072628,-0.0516058169305324,0.1325697302818298,-0.1640763133764267,0.0730114579200744,-0.1257537007331848,0.1082355082035064,0.069109059870243,0.0497101619839668,0.1661664545536041,0.1106637567281723,0.0108375046402215,0.0042821150273084,-0.1290106475353241,0.0900287181138992,-0.1245067566633224,UHBJAIFMVXOVQT-UHFFFAOYSA-N,CC(C)(C)Oc1cccc(CN)n1
0.1029190421104431,0.0993220210075378,-0.1149878650903701,0.1010979935526847,0.1143112853169441,0.0153615633025765,-0.1149177625775337,-0.081023558974266,0.0995912179350853,-0.0164349488914012,0.1147026568651199,-0.1128279641270637,0.0667603909969329,-0.0984506979584693,0.0882380530238151,-0.1150357574224472,-0.086246483027935,-0.0941459909081459,0.0617154724895954,-0.1107081100344657,0.064804621040821,-0.0998582392930984,-0.02784257940948,-0.0150119559839367,-0.0825306996703147,0.1150592491030693,0.1110378503799438,0.0575588196516037,0.1043670997023582,0.0538394451141357,-0.0832818895578384,0.0041934442706406,0.0937943831086158,-0.1102617308497428,0.0570123679935932,0.0514762625098228,-0.0938140898942947,-0.1147102117538452,-0.0747463628649711,0.1037619858980178,0.1058576554059982,-0.1126739531755447,0.0494202263653278,0.1083472967147827,-0.1041072681546211,0.0975586846470832,-0.1124730706214904,-0.0675741732120513,-0.1114373803138732,0.1120008751749992,-0.1147233769297599,-0.1112771853804588,0.1148115918040275,-0.0728386417031288,-0.0858660861849784,-0.0766084641218185,-0.1064102873206138,0.1014221832156181,-0.1011970415711402,-0.0149661116302013,0.1150640770792961,0.1088282689452171,0.1010568514466285,0.0171030927449464,-0.0650548562407493,0.0898084267973899,-0.0818013474345207,0.1126805245876312,-0.0459521859884262,-0.0700481161475181,0.0932648256421089,0.0523979514837265,-0.0594492591917514,-0.0145345795899629,-0.0530914478003978,0.1145813092589378,-0.0857792571187019,-0.0935006067156791,0.1143512800335884,-0.0995189547538757,0.0975070223212242,0.1111038327217102,-0.0402191914618015,-0.0487793497741222,0.0900308787822723,-0.1073361486196518,-0.056694358587265,-0.1051966995000839,0.1124887764453888,0.0081184785813093,-0.0971075519919395,0.1025905385613441,0.0792551562190055,0.111526682972908,0.0508690029382705,0.0887958407402038,-0.1106482446193695,0.1150713115930557,-0.1130348816514015,-0.1085339039564132,0.0732255056500434,0.1100706979632377,0.0874494016170501,-0.0031491799745708,0.1121583729982376,-0.0338447727262973,-0.1090550199151039,-0.0956533253192901,0.089732177555561,0.1100845485925674,-0.0263811815530061,0.1094103008508682,0.0397884733974933,0.0517185106873512,-0.0908458977937698,0.0936275869607925,0.1076197549700737,0.0300222486257553,0.082288920879364,-0.070300668478012,0.0471063256263732,0.1062613576650619,-0.0072343205101788,-0.1150602325797081,-0.1010672748088836,-0.0273191183805465,0.0227384623140096,0.0023939795792102,-0.0575019977986812,0.0983363091945648,0.0996800735592842,-0.1055225431919097,0.1041173636913299,-0.101571686565876,0.0978394672274589,-0.0837844014167785,-0.1004989594221115,0.1012457981705665,-0.1047798544168472,0.1037464439868927,0.105749487876892,-0.0624243505299091,0.1048047542572021,0.1045967265963554,-0.1057538911700248,-0.0230537001043558,0.1057291328907013,-0.0921225473284721,-0.0651374906301498,-0.1051129847764968,-0.0864335820078849,-0.1011561304330825,-0.0926935523748397,0.0936882719397544,-0.1056248098611831,-0.1048599928617477,-0.0789161399006843,-0.1057157665491104,0.0570761002600193,0.1053382158279419,-0.0090514691546559,-0.1002533212304115,-0.1036292985081672,0.0980323478579521,0.1055292710661888,0.0963120684027671,-0.1057314947247505,-0.0978288948535919,-0.1057329103350639,-0.1056818217039108,-0.1056843176484108,-0.1005322188138961,0.1055526435375213,0.1052674874663353,-0.1057418286800384,-0.1057260036468505,0.0952631682157516,-0.0994730070233345,-0.1056071296334266,-0.0953227207064628,0.1057308241724968,0.1053536236286163,-0.0033769747242331,-0.1044082567095756,-0.0650084838271141,-0.1051000356674194,-0.0354148857295513,-0.0678959935903549,0.1026773303747177,-0.034702718257904,-0.0247760470956563,-0.1043511033058166,-0.0676532611250877,-0.0848389416933059,-0.0908519104123115,0.1055679097771644,0.0907181277871131,0.0915079712867736,0.1057410910725593,0.1057291254401207,-0.1054852902889251,-0.0156710483133792,0.0070757986977696,-0.053175039589405,0.0089569110423326,-0.0630951076745987,-0.1056100204586982,0.1056440621614456,-0.0927431881427764,-0.1056532189249992,-0.0363469906151294,0.0958192348480224,0.0979309529066085,-0.1054813787341117,0.0680465474724769,0.0456726625561714,0.1056772619485855,-0.1036608442664146,0.0892476215958595,0.0780805274844169,0.0441401526331901,0.0838470011949539,-0.0705900937318801,0.05806315690279,0.0764299109578132,-0.1054640039801597,-0.1031434834003448,0.1041915118694305,-0.1057265624403953,-0.0672730579972267,0.0645274147391319,-0.1057528629899025,0.0973449274897575,-0.0471424497663974,0.1047029718756675,-0.0366730615496635,0.0725063383579254,0.071260280907154,0.1055337414145469,-0.0888700485229492,0.1051581650972366,-0.1047184094786644,0.0763468071818351,0.1036278754472732,-0.0692966505885124,-0.0093830740079283,-0.0607525408267974,0.0131717333570122,0.0758672654628753,0.0958122760057449,-0.0170311387628316,0.0685399696230888,-0.0251299310475587,-0.1005846932530403,0.0886779576539993,0.0792213678359985,-0.1018042564392089,0.0905279070138931,-0.0977320224046707,0.0930881947278976,0.0545844361186027,0.1023777797818183,-0.1022948324680328,0.0898058712482452,-0.1016098409891128,0.1008352264761924,0.0996176451444625,-0.0745764300227165,0.0518220774829387,0.1023777648806572,-0.1007106229662895,-0.0539861544966697,-0.1012965068221092,0.0930538177490234,-0.1023550182580947,-0.0815304592251777,0.0818616151809692,-0.0622642375528812,-0.1007465720176696,0.0599030070006847,0.00598731264472,0.1014677807688713,0.041087582707405,0.1006430089473724,-0.0825386941432952,0.0929318815469741,-0.1014390587806701,-0.0920746475458145,0.0975649505853653,0.1023093163967132,-0.0951809138059616,-0.034383624792099,0.101936288177967,0.0919380858540535,0.1015384048223495,0.0399096570909023,-0.0640153139829635,0.0650429353117942,0.0981350615620613,0.1018746942281723,-0.1023676991462707,-0.0995247364044189,0.102192535996437,-0.0989836379885673,-0.101852186024189,-0.1017307043075561,0.0905915945768356,0.031646728515625,0.0932365357875824,0.1022916287183761,-0.1023524105548858,0.1015460044145584,0.0281769875437021,-0.0981604307889938,-0.077307753264904,0.0913178548216819,0.1022505089640617,0.1021719723939895,-0.0546691082417964,0.1007182374596595,0.1021245047450065,0.1011765524744987,-0.0394756086170673,-0.0983298495411872,-0.102276474237442,0.091151587665081,-0.044482123106718,0.1023775488138198,-0.1000606566667556,-0.1023761481046676,0.0916841551661491,0.0723621472716331,-0.0813214629888534,-0.0109628327190876,-0.1023606285452842,0.0486189275979995,0.0990591272711753,-0.1000665128231048,-0.091740034520626,-0.0995785444974899,-0.1023419797420501,-0.0806756466627121,0.1020529568195343,-0.0998808592557907,0.0835855603218078,-0.0343729071319103,-0.102301187813282,0.094480961561203,0.1021626964211463,0.0980554595589637,-0.1013713553547859,0.1023265719413757,0.0946576297283172,-0.0568574294447898,-0.0863226577639579,0.0994504764676094,-0.0830934196710586,-0.1008429899811744,-0.1021168902516365,0.0908111035823822,-0.1016691476106643,-0.0984754338860511,-0.0904270336031913,0.1005316898226738,0.0535696111619472,-0.0586771555244922,-0.0919091179966926,-0.1023143380880355,0.0129786478355526,-0.102008618414402,-0.1014245897531509,-0.0672820731997489,0.0340341106057167,0.0505744516849517,-0.0996310114860534,-0.0838658362627029,0.1020427867770195,0.097521997988224,0.0493569821119308,0.0857880041003227,0.1019046008586883,-0.0710041671991348,0.0978132784366607,0.0582532435655593,0.1114807873964309,0.1098981648683548,-0.0967372804880142,0.0534108765423297,0.0634556785225868,0.0197466295212507,0.102592796087265,-0.1069175004959106,-0.094952568411827,0.0624999366700649,0.1102273315191268,-0.0088265445083379,-0.0766994729638099,0.1123729199171066,-0.1064448282122612,0.0493244007229805,-0.0904010161757469,-0.0890363380312919,0.0707361027598381,-0.0950005203485488,-0.0995302945375442,0.0838246569037437,-0.0930203422904014,-0.1102900803089141,0.0899273976683616,-0.0754280462861061,0.1067008897662162,-0.1055965051054954,-0.0021890671923756,-0.1090450137853622,-0.0186319407075643,0.1091710478067398,0.0983130037784576,-0.090116761624813,0.029316920787096,0.0555951967835426,-0.0876016169786453,-0.113140657544136,0.0373420380055904,0.1106311380863189,0.0744811370968818,-0.0897040218114852,0.1117648854851722,0.0926824435591697,-0.1078557893633842,0.0587903745472431,-0.0990077406167984,-0.0801122412085533,-0.1113425567746162,-0.1030757278203964,0.093057595193386,-0.1128939464688301,0.0576527379453182,-0.1029276549816131,-0.0973650366067886,-0.1064664050936698,0.0930213928222656,-0.1063868850469589,0.0544560477137565,0.1076752170920372,-0.0671175867319107,0.0642981976270675,0.1102447733283042,0.104683369398117,0.0372725576162338,-0.1131055876612663,-0.1109228134155273,0.0131137147545814,-0.0697290077805519,0.0939710438251495,0.0802224054932594,0.0682060867547988,0.1110940873622894,0.051885936409235,0.0902388170361518,0.0800984278321266,0.0951008796691894,-0.0332902856171131,-0.1093619391322135,0.0624974519014358,-0.1091567873954773,-0.0276311691850423,0.0727044567465782,0.0796507745981216,-0.0843067988753318,-0.1062016710639,-0.0441453754901886,-0.0639608278870582,0.0833657756447792,0.1101011559367179,-0.0842968076467514,-0.0263369437307119,0.0369968302547931,-0.095802903175354,0.0825087949633598,0.0455881729722023,-0.1091652885079383,0.111523188650608,-0.0649178698658943,0.1118545457720756,-0.0368497893214225,-0.1058267280459404,-0.1004566475749015,-0.0893187671899795,0.0865313187241554,0.1113853156566619,-0.0785913616418838,0.1128910332918167,0.1133977696299552,-0.0114463958889245,-0.0967427119612693,-0.1110734492540359,0.1133529916405677,-0.1079419702291488,-0.0956258848309516,-0.1110521927475929,0.0898884311318397,0.025472754612565,-0.1033397018909454,0.0593383759260177,0.1000107377767562,0.1124471947550773,0.0176815409213304,-0.1122235655784607,-0.0491839572787284,-0.1020927354693412,0.0899858176708221,-0.1056682765483856,0.0480586476624012,0.0094235707074403,0.1114242672920227,-0.0882398188114166,0.1033548042178154,0.0568403378129005,0.113230861723423,-0.0753608047962188,-0.022167433053255,0.0032282737083733,0.1217162609100341,0.1087316274642944,0.1377122551202774,0.1015574783086776,0.0925799161195755,-0.0258856173604726,-0.1333435922861099,0.0764441639184951,0.0450822599232196,0.1166651770472526,-0.1186975538730621,0.1152036637067794,-0.0146539602428674,0.1163834556937217,-0.122110441327095,-0.0244510173797607,-0.1179467216134071,0.1603341847658157,-0.1433988958597183,0.0934555232524871,0.0942784622311592,-0.0896287411451339,0.0697230845689773,-0.0793767124414444,-0.107785478234291,-0.0580977573990821,0.1333381980657577,-0.1431661397218704,0.1315356194972992,0.0288112293928861,0.0011478301603347,-0.0424811877310276,-0.1498523205518722,-0.0907599180936813,0.0516294091939926,0.159352034330368,-0.1347542256116867,-0.0086330138146877,-0.0735751092433929,0.0394514203071594,0.0219341553747653,-0.0724304467439651,0.0581707805395126,-0.0184944476932287,-0.0188815519213676,-0.0077152913436293,-0.1384856104850769,0.0811094045639038,0.1132150366902351,0.0180807225406169,-0.0539161637425422,0.0938827991485595,-0.1408941745758056,0.1084226295351982,0.004905036650598,0.0679216384887695,0.1089022010564804,0.078641876578331,-0.0865515992045402,-0.059047270566225,0.1017736047506332,-0.0629750564694404,-0.1062422394752502,0.06116409227252,0.1508354842662811,-0.1109462976455688,0.1045188084244728,-0.0233334675431251,0.0033855061046779,-0.034151341766119,0.1392740458250045,-0.0562022663652896,-0.1378189772367477,0.1676779836416244,-0.0503355860710144,-0.0681636109948158,0.0404870398342609,-0.1091916263103485,-0.1252536028623581,0.0972993671894073,-0.0756551548838615,0.0395117439329624,-0.1550832241773605,0.0153310960158705,0.1465913951396942,-0.0620582625269889,0.0790131390094757,-0.0253890492022037,-0.0061556720174849,0.0332387909293174,0.0393135733902454,0.0168645046651363,-0.0219307728111743,0.0992409214377403,0.024691404774785,-0.034078661352396,-0.0250962283462286,0.0025036435108631,0.0070885173045098,-0.0234267804771661,-0.0625518411397934,0.0592102073132991,0.1520448625087738,-0.0211370736360549,-0.023564338684082,0.0941003188490867,0.1521384716033935,-0.0455312468111515,-0.0755119398236274,0.0054615610279142,-0.1145349442958831,-0.1310842037200927,-0.0255811884999275,0.0413343012332916,-0.1366733461618423,-0.0854319408535957,0.0009801513515412,0.0281915143132209,-0.0434776581823825,0.0896655023097992,-0.0157442055642604,0.0859090313315391,-0.0707326084375381,0.0749626010656356,0.1347079873085022,0.0303394999355077,-0.1424740552902221,-0.1721917539834976,0.056155540049076,0.0853538736701011,-0.0651897937059402,0.0793533101677894,-0.1079040914773941,0.035122025758028,0.0842818692326545,-0.0072523793205618,0.0511681921780109,-0.1849477142095565,0.0709110051393508,0.1199620440602302,0.0934178605675697,-0.1359379738569259,0.0647070184350013,-0.0422123968601226,0.0512797273695468,-0.10689677298069,-0.1386104375123977,-0.0058160764165222,-0.1055844575166702,-0.0089236544445157,0.1878460198640823,-0.010471124202013,-0.1317476481199264,0.0250759366899728,0.072525680065155,-0.0868942514061927,-0.0883871018886566,0.0478268936276435,-0.0479210540652275,0.0492682196199893,-0.1651340574026107,-0.0540612190961837,-0.0243919230997562,-0.1251081377267837,0.0935618877410888,-0.1096878871321678,0.0334954969584941,0.114003449678421,-0.1663592606782913,0.0500528775155544,-0.0663109719753265,-0.0038206265307962,0.0443910509347915,-0.0638748928904533,0.0960179790854454,-0.0356051474809646,-0.0663485750555992,0.1301107406616211,0.0324892625212669,-0.0618707947432994,-0.1176443621516227,-0.095383383333683,0.1716328412294387,-0.0939366370439529,-0.0512815825641155,0.0524364076554775,0.1814841032028198,0.0940347909927368,-0.0562019385397434,0.1411393880844116,-0.0194912832230329,-0.0396974235773086,-0.0672119855880737,0.0450049676001071,0.0429166369140148,0.1383617371320724,-0.0664324909448623,0.0806187689304351,-0.1016488224267959,-0.0139412321150302,0.1293018758296966,-0.0266539398580789,-0.1356653720140457,-0.0122775649651885,-0.0289601534605026,0.0238171052187681,-0.0273526534438133,0.091939702630043,0.0911722257733345,-0.0302855353802442,-0.1077320277690887,0.0575705617666244,-0.0726345032453537,0.0949263200163841,-0.0241429060697555,-0.0137657551094889,-0.1371689438819885,0.0349146984517574,-0.0825047567486763,-0.0792864263057708,0.0367667898535728,0.1360877752304077,-0.0955890491604805,0.1040808632969856,-0.1506652683019638,0.0370758362114429,0.0840561464428901,-0.0778620466589927,0.1680245846509933,-0.013219291344285,-0.0093372426927089,0.0494422428309917,-0.0354997217655181,-0.0231379196047782,-0.0189076587557792,-0.1101379320025444,0.0806739255785942,0.0331734903156757,0.1151489838957786,0.0144940419122576,0.1530506163835525,-0.0830634757876396,0.0610720664262771,0.0389015525579452,0.0830329731106758,-0.0318686179816722,ADPQVXWEVQETCB-NFUAGSSKSA-N,[C-]#[N+][C@@H]1[C@H]2c3c([nH]c4ccccc34)C(C)(C)[C@H]2C[C@@H](Cl)[C@@]1(C)C=C
0.06092269718647,-0.0301726832985878,0.0546016246080398,0.1166422888636589,-0.1014677658677101,-0.0569050349295139,-0.0599658340215683,0.1088863238692283,-0.0812882483005523,-0.1044889837503433,0.0011538993567228,-0.1133220419287681,0.0108784539625048,-0.115522414445877,0.116408497095108,0.0429298169910907,0.1098246425390243,0.0862373858690261,0.1018838286399841,0.1038285866379737,0.0855976343154907,0.106613740324974,0.0868340954184532,-0.0607056021690368,0.1116427108645439,0.0723058730363845,-0.0973988473415374,0.0973740890622139,0.046610988676548,0.0781714543700218,-0.1063916906714439,-0.0254831910133361,0.0791444256901741,0.1130014136433601,-0.1126332134008407,0.0014302423223853,0.1113660261034965,-0.0161985252052545,0.1156394183635711,0.0890880078077316,-0.1165578067302703,0.1003604903817176,-0.0978798791766166,0.1113749369978904,0.0872280150651931,0.1012948527932167,-0.1107810512185096,-0.1164413020014762,0.0405370481312274,0.0070893624797463,-0.0686196461319923,-0.0656423568725586,-0.1080598607659339,0.0784102082252502,-0.0631151869893074,-0.0694415047764778,-0.1027311906218528,-0.0904994383454322,-0.0182613749057054,0.1015402749180793,0.1003251522779464,0.085072636604309,0.0855429843068122,-0.1007911339402198,0.1171376481652259,-0.1160967424511909,-0.1043223217129707,-0.1040893569588661,-0.0162350870668888,-0.0903352946043014,-0.0982046276330947,0.0996490865945816,0.0466169565916061,-0.116615854203701,-0.0674931183457374,0.1100099831819534,-0.1044065877795219,0.1005939841270446,0.0332827195525169,-0.1040048822760582,0.0128949712961912,0.0178685914725065,-0.1153198108077049,0.0425828658044338,0.1137386858463287,-0.1054205596446991,0.1157605424523353,0.0787994414567947,-0.1036996841430664,0.0479014068841934,-0.0997240245342254,0.0819888040423393,-0.0188321303576231,0.1117312312126159,-0.1172135472297668,-0.0546776577830314,-0.1171691864728927,0.1168622896075248,0.0542667545378208,0.0665994733572006,-0.0511560663580894,-0.1092002093791961,0.1148010715842247,0.1069014519453048,-0.0543378144502639,-0.1122021898627281,0.1166120618581771,0.0749463587999343,-0.004634441807866,-0.0895550101995468,0.1039456948637962,0.0750206261873245,0.0842632800340652,0.0267540756613016,0.1152943596243858,0.0560439750552177,0.0010531838051974,-0.094620481133461,-0.0891412198543548,0.1170088127255439,-0.088064007461071,0.1039318814873695,-0.0898124277591705,0.1101426854729652,-0.0036990433000028,0.0997058078646659,-0.0752986073493957,-0.0578303821384906,0.1060615181922912,0.1047472730278968,0.1051859855651855,0.0036333096213638,-0.0994148403406143,0.1060681864619255,-0.0609044842422008,-0.0892217978835105,0.0889301374554634,0.0901668742299079,-0.0923570618033409,-0.1061041131615638,-0.1059609800577163,-0.107583150267601,0.0993658453226089,-0.0712396577000618,-0.0987436398863792,0.107546865940094,-0.1017467603087425,-0.0136834448203444,-0.1074035242199897,0.0955743640661239,0.0822488069534301,-0.0892847180366516,-0.0910486802458763,-0.1063268482685089,-0.0294453520327806,0.1058744117617607,0.1058006286621093,0.097258523106575,-0.0152481356635689,-0.1029126793146133,-0.0106405429542064,0.1074285209178924,0.1071180254220962,-0.1071290671825409,0.0941127836704254,-0.075504794716835,-0.002721494063735,-0.1040212661027908,0.1036033183336258,0.1053410544991493,0.1073840782046318,-0.1036653444170951,0.0415352955460548,-0.1075682640075683,0.048726812005043,-0.1030762270092964,-0.1000099927186966,0.1075255423784256,0.0794053077697753,-0.089648000895977,-0.1020734310150146,0.098628431558609,-0.0718332901597023,0.103537417948246,-0.1040463000535965,0.0620679147541523,0.0279299356043338,-0.0676963776350021,-0.1017150357365608,0.0751780420541763,-0.1049053445458412,-0.1059138551354408,0.0770692750811576,0.0617753118276596,-0.0555301681160926,0.0792027860879898,-0.0796654745936393,-0.0095671350136399,-0.1044974997639656,-0.1044212356209755,-0.1062508299946785,-0.0791126415133476,0.0300987400114536,-0.0281918346881866,-0.107292853295803,0.0779722556471824,0.1059192642569542,-0.0506207682192325,-0.0625472217798233,-0.0992289930582046,0.1066877767443656,-0.0817464292049408,0.1002650037407875,-0.0969345867633819,-0.0153923751786351,0.0899445191025734,-0.0054219802841544,0.0965275913476944,-0.0293191503733396,-0.0805166214704513,0.0092801535502076,0.08572818338871,0.1060111373662948,0.0439925156533718,0.1075606793165206,-0.1040777638554573,0.1053382381796836,-0.1074398905038833,0.0969828888773918,0.0911772921681404,0.1070804968476295,0.0882298201322555,0.0316362641751766,0.0450274050235748,0.0998842641711235,0.0485899038612842,-0.1043677702546119,0.1071177795529365,-0.1032001376152038,-0.1073338687419891,-0.0962842106819152,0.1073730364441871,0.0902750566601753,-0.0980478152632713,-0.0418240763247013,-0.1075831651687622,-0.1049263477325439,0.1073316633701324,0.1001196727156639,0.1060472428798675,0.1073552072048187,-0.089500218629837,0.0257036760449409,-0.0914090350270271,0.0829816460609436,-0.0372790843248367,-0.1015886142849922,-0.1043146699666976,0.1025936976075172,-0.0979767516255378,0.0811406895518302,0.0821477994322776,0.1045548915863037,0.0375224575400352,-0.0909263715147972,-0.1022672057151794,0.1041775122284889,-0.1033144369721412,0.0930783525109291,-0.0577180124819278,-0.1040070652961731,0.1041889563202858,0.0679577440023422,-0.0418335311114788,0.1003923118114471,0.1026289016008377,-0.0142549267038702,0.023835701867938,0.0960019752383232,-0.0986846908926963,0.0745939686894416,0.0063153128139674,0.1020793989300727,0.1045956686139106,0.1046902388334274,0.0873703435063362,0.0611221008002758,-0.1019360721111297,0.1035733222961425,0.095184251666069,0.0866057723760604,-0.1038241907954216,-0.103938803076744,-0.1044594869017601,-0.0865402072668075,0.0164995938539505,0.1000959798693656,0.1007340848445892,-0.0858824998140335,-0.0867366790771484,0.0709400400519371,0.0373224765062332,-0.1035486683249473,-0.0802114680409431,0.1030819490551948,0.1041293144226074,0.0884023159742355,-0.0390114225447177,-0.1046135127544403,0.1045536175370216,-0.0785978138446807,0.104667380452156,-0.0270656421780586,0.045307133346796,-0.0987242683768272,0.0348345376551151,-0.0836170464754104,0.1002657562494278,0.1036924123764038,0.0650242641568183,-0.095361590385437,-0.1012307330965995,-0.0732467994093895,0.0961868166923523,-0.0457750633358955,-0.0943633615970611,-0.1037056669592857,0.1043954640626907,-0.1034283190965652,0.1046764180064201,-0.1016889289021492,-0.1035291403532028,-0.104270800948143,0.0090491482987999,-0.062916986644268,-0.0923739969730377,-0.0979317054152488,0.0966551154851913,-0.0655346512794494,-0.0640417411923408,-0.1046842038631439,-0.1046935394406318,-0.0622773803770542,0.0541111156344413,-0.1009193360805511,0.1044591963291168,0.1045165434479713,0.0006360719562508,-0.1039433479309082,-0.1040444895625114,0.0679257363080978,-0.1038471311330795,-0.1013989225029945,0.1043437495827674,0.104544885456562,-0.1043450981378555,-0.1046890467405319,0.0465993024408817,0.0636278763413429,0.1046463176608085,0.0790352523326873,-0.0641484335064888,0.0871146917343139,0.0989147126674652,0.0895505622029304,-0.0096679711714386,0.1020683273673057,-0.0169656872749328,-0.0323922485113143,-0.0566844716668129,0.1033386439085006,-0.0982295200228691,-0.1041704192757606,-0.1046748682856559,0.1047009527683258,-0.0874974951148033,-0.087369829416275,0.1021088063716888,-0.0684197694063186,0.1040306240320205,-0.1035497710108757,0.0695567727088928,-0.1030462458729744,0.1030034124851226,0.0214566532522439,0.0290363039821386,-0.0414577983319759,0.1270606815814972,0.1724163889884948,-0.090396262705326,0.0297923982143402,0.0803548991680145,0.1345873475074768,-0.0279512777924537,0.053141999989748,0.0283760856837034,0.0136869931593537,-0.1407651603221893,0.0064499741420149,-0.0786350592970848,-0.1932980418205261,-0.0043244892731308,0.0823771655559539,-0.0367291755974292,0.1479887664318084,0.1593446582555771,-0.1202867105603218,-0.1115295067429542,0.1491271406412124,0.1156911998987197,-0.0638822540640831,0.1103506833314895,0.0278114769607782,-0.078640267252922,0.0305547099560499,0.0611584745347499,-0.1619455516338348,0.1123802363872528,0.0348799712955951,0.0330092348158359,-0.0234917439520359,0.1103806123137474,0.1722029447555542,0.1111131832003593,0.112168088555336,-0.1161134168505668,0.0538230948150157,-0.0091597577556967,0.0459529310464859,0.0147201837971806,-0.0685778260231018,-0.0198435671627521,0.0771544575691223,0.1799931526184082,0.0503653213381767,-0.0962195321917533,0.1703380495309829,0.0214936640113592,0.0331897139549255,-0.0013422480551525,-0.1303482502698898,0.111805722117424,-0.0848375186324119,0.137720987200737,-0.0977649167180061,0.0257202070206403,-0.0413860231637954,-0.1048350483179092,0.0577770695090293,0.0078754602000117,-0.0732121989130973,-0.0251075942069292,-0.007012496702373,-0.0717571526765823,-0.0409886091947555,-0.1066865772008895,0.0573369935154914,-0.1516590714454651,0.0695728361606597,0.1412954330444336,0.0635505989193916,-0.1351505815982818,0.0479907989501953,-0.1242169812321662,0.0206515602767467,0.1342925280332565,-0.0429339259862899,-0.1012180149555206,0.1010539606213569,0.1287928521633148,-0.0302508492022752,0.201289564371109,0.0208505596965551,0.0605152547359466,-0.0185968000441789,0.1417633295059204,-0.0409013405442237,0.0414480455219745,0.0650581642985344,-0.0141560230404138,0.0953746661543846,-0.0048329001292586,-0.1228070855140686,-0.0598841421306133,-0.0259646102786064,-0.0388724878430366,0.1104280650615692,-0.041580568999052,-0.0584439784288406,-0.0935800224542617,0.1474466323852539,-0.116778515279293,0.0666500553488731,-0.1224878057837486,-0.0279953088611364,0.0690619051456451,-0.0272605717182159,0.0377528592944145,-0.0993151068687439,-0.0040710261091589,0.0635720342397689,0.0502929799258708,0.0457887202501297,-0.0759510323405265,0.0001483656233176,-0.0454467199742794,0.0290716905146837,0.0725561082363128,-0.0699630603194236,0.067753866314888,0.0375782027840614,-0.0028982369694858,-0.1220538467168808,-0.1066618859767913,0.1152728721499443,-0.0702583864331245,-0.013607233762741,0.0482692904770374,0.0858561173081398,0.1278505176305771,0.1137855350971221,-0.1252489984035492,0.0780859217047691,-0.1424458771944046,0.1417883932590484,0.1270941942930221,0.0608695968985557,-0.1045922487974166,0.1432199478149414,-0.0523181669414043,0.0274856463074684,-0.0749498456716537,-0.0655721873044967,-0.0905200317502021,-0.1043851226568222,0.087603859603405,-0.0296432804316282,0.1169149056077003,-0.1553142815828323,0.1263952255249023,-0.1182731688022613,0.0567826516926288,-0.013891264796257,0.1217467710375785,-0.008170137181878,-0.0389197245240211,-0.0633992478251457,0.0667551085352897,-0.0593386143445968,-0.0937715694308281,-0.0881267935037612,0.0244219694286584,-0.0266216192394495,0.0246939212083816,0.0224889516830444,0.1088007465004921,-0.0081131150946021,-0.0142960473895072,-0.0003591868735384,0.1272942423820495,-0.1084525808691978,-0.0464311204850673,0.1415350437164306,0.0221348460763692,0.1285022050142288,-0.0676812902092933,0.0508428066968917,0.0325362905859947,0.0154442666098475,0.0440143197774887,0.1499939858913421,-0.0200586933642625,-0.0320000313222408,0.0453255884349346,-0.013274154625833,0.11818178743124,-0.036144845187664,0.1210111752152443,0.0343294404447078,-0.0399038046598434,-0.0989601388573646,0.0697298347949981,0.0100079420953989,-0.0449754782021045,-0.1153355538845062,0.0755914598703384,-0.0076979743316769,-0.1194011643528938,-0.0142443617805838,-0.0032392363063991,-0.0370097942650318,-0.1292521655559539,-0.1405572444200515,0.0003980440087616,-0.041696336120367,0.0070348056033253,-0.0504701286554336,-0.0667084157466888,-0.1149704158306121,-0.0778863728046417,-0.0499358996748924,0.1566823124885559,0.1223557442426681,-0.1024839282035827,-0.1526708155870437,0.1177591457962989,0.1351691484451294,-0.1386865526437759,0.1092113107442855,0.0363800339400768,-0.0144232036545872,0.0680246204137802,0.0737526938319206,0.0945974439382553,0.0259822625666856,0.1098416075110435,-0.0784202888607978,-0.0515074022114276,0.0114597678184509,0.1201959550380706,-0.0089142359793186,0.0139776617288589,-0.0882234647870063,-0.0057421512901782,0.1217250451445579,-0.0971595421433448,0.1028506755828857,-0.1400460451841354,0.1455200612545013,-0.1328451931476593,0.0173091832548379,-0.0451910123229026,-0.1431827992200851,0.087313212454319,0.0138130597770214,-0.0969954654574394,-0.1264753937721252,0.148600772023201,-0.0557464510202407,-0.0092412615194916,-0.1086607426404953,0.0047711138613522,-0.129668578505516,-0.0491884350776672,-0.0899700969457626,0.0870318189263343,0.1317484378814697,0.0578245557844638,0.0022959432099014,-0.1001499444246292,0.1107667535543441,-0.0636379495263099,0.0159738324582576,-0.0403838716447353,-0.1210894212126731,0.0829308703541755,-0.0168468132615089,-0.1586025953292846,0.0148336170241236,-0.0315851904451847,-0.1363871991634369,0.0309740137308836,-0.0487958453595638,-0.0194960348308086,-0.0549503080546855,-0.0426567494869232,-0.0252565778791904,-0.1515563726425171,0.1558187901973724,0.1333359032869339,-0.1316356509923935,-0.0049651837907731,-0.1211622506380081,0.1213940232992172,0.0548179075121879,0.0550659485161304,0.0686201825737953,-0.0907533094286918,-0.0192090272903442,-0.1026133298873901,-0.1028648167848587,-0.1306916773319244,-0.0978617593646049,0.1487858742475509,0.1150706112384796,-0.1058304682374,0.1016382351517677,0.0752000361680984,-0.0085145216435194,0.1222561597824096,-0.1407222300767898,-0.0276654977351427,0.0030080121941864,-0.0248561818152666,0.0276396535336971,-0.1152075603604316,0.1138312593102455,0.1290358304977417,0.1009159460663795,-0.0393038056790828,0.0352138578891754,0.0398107022047042,0.0545605085790157,-0.073278434574604,-0.079220063984394,0.0850062072277069,-0.0414388962090015,0.0971603542566299,0.1491967886686325,-0.1064940690994262,-0.0260724201798439,0.0383150354027748,0.0681777372956276,-0.0776117146015167,-0.1274750530719757,-0.0493794009089469,-0.0629334598779678,0.0034551580902189,-0.0383244976401329,-0.1326123625040054,-0.0405427701771259,-0.0224139597266912,0.0004508311394602,-0.1189502477645874,-0.0911543443799018,-0.0823297053575515,0.0524997897446155,-0.0867141410708427,-0.0872166082262992,-0.0407832153141498,0.0275356750935316,0.0037189091090112,0.1025590747594833,-0.0986112430691719,-0.0722180306911468,-0.0069470112212002,-0.1620099544525146,-0.0645476356148719,-0.1282324194908142,-0.0042447601445019,0.0461131110787391,0.1330252736806869,0.1038779392838478,-0.0196503102779388,0.0251524709165096,-0.1108732372522354,-0.0503227822482585,0.0710797011852264,0.1432017982006073,-0.085356019437313,0.1512169688940048,0.0530202202498912,0.0644550919532775,-0.1073978692293167,0.1268293708562851,-0.0083826268091797,0.0602790564298629,-0.1442558318376541,0.030227392911911,0.1556256562471389,0.0708926692605018,-0.0472915656864643,0.1529706269502639,0.1330102533102035,0.0159083567559719,-0.1080257892608642,-0.010049513541162,0.020899211987853,YAZLUMAQQLZIOI-UHFFFAOYSA-N,COc1ccccc1[As](=O)(O)CC(O)COc1ccc(Cl)cc1Cl
-0.0525260493159294,0.0924952253699302,-0.0588531568646431,0.1098964288830757,-0.0622658729553222,-0.0610884018242359,0.1003916710615158,0.1063768714666366,-0.0289250575006008,0.110098972916603,-0.1078090667724609,0.1119219958782196,0.1107012704014778,0.0484761670231819,-0.1023885309696197,-0.0462296307086944,0.1121108382940292,0.0214712973684072,-0.0470474623143672,0.1057426035404205,0.1015680357813835,0.1121213138103485,0.0286723356693983,-0.0290127489715814,-0.0878985673189163,0.1110382303595542,0.0570518486201763,0.0038760909810662,-0.0220914836972951,0.1096797361969947,-0.0762923955917358,0.1023110449314117,-0.0129746468737721,-0.0682876631617546,-0.1115394830703735,-0.110130600631237,-0.0450887084007263,0.1121035516262054,0.1017648130655288,-0.0767016187310218,-0.1122139990329742,0.0806323736906051,-0.1108767688274383,-0.0492017567157745,0.0541888251900672,-0.1111126989126205,-0.1054495424032211,-0.1121902242302894,-0.0139725599437952,-0.1118066534399986,-0.0256925616413354,0.0140936970710754,-0.0657883808016777,-0.0489412695169448,-0.0770549476146698,-0.1022584363818168,-0.1120296642184257,-0.1055615022778511,-0.111058123409748,0.1121982038021087,-0.0989811643958091,0.1078569740056991,0.0234643369913101,0.1097295358777046,0.1122134327888488,-0.1121132969856262,-0.0194423478096723,0.004521707072854,-0.1119399964809417,0.1067718788981437,-0.1114706993103027,0.1122136712074279,0.1121670305728912,-0.111890397965908,-0.111564390361309,-0.0902579352259635,0.0851298868656158,-0.0982322990894317,0.02278115414083,0.0898421332240104,-0.0100173465907573,-0.1062486991286277,0.1050639301538467,-0.0405011102557182,-0.0435463339090347,0.1083010286092758,-0.1114259734749794,0.0664117634296417,0.1036078557372093,0.0949714109301567,-0.1120830327272415,-0.1110707223415374,-0.0976829901337623,0.0673639103770256,-0.1122192218899726,0.1011969447135925,-0.112215518951416,0.1118429154157638,0.0755633190274238,0.108814463019371,-0.1119478046894073,-0.1022171527147293,0.1063219010829925,0.0674296766519546,0.0991225913166999,0.0422275438904762,0.0170100424438714,0.0489975027740001,-0.0630351975560188,-0.0825284272432327,0.1082088053226471,0.1120748072862625,0.1111265048384666,-0.0573058575391769,0.0403767004609108,0.1116046458482742,0.0224893726408481,0.1036429926753044,-0.0620867200195789,-0.0827329382300376,-0.1091061756014823,-0.0924122706055641,-0.076349139213562,0.1009884923696518,-0.0567077994346618,0.1028203219175338,-0.0241910889744758,-0.0960716381669044,-0.097122423350811,-0.0970923602581024,-0.0971276983618736,-0.0854064375162124,0.0971207320690155,-0.0116402441635727,0.0971331894397735,0.0943546593189239,0.0613205954432487,-0.0956229865550994,0.0966137424111366,-0.0963904187083244,-0.088817685842514,-0.0969866067171096,0.096314750611782,-0.0935031026601791,-0.0971386358141899,0.0971104875206947,-0.0965566262602806,0.0673358365893364,-0.0967380180954933,0.0971327200531959,0.0971372425556182,-0.0969504937529563,0.0933814495801925,-0.0970491915941238,0.0602699108421802,0.0959844142198562,-0.0932179242372512,-0.0941911339759826,-0.0910780876874923,-0.0675354897975921,0.0968821942806243,-0.0968326479196548,0.0801000222563743,0.0968505814671516,-0.0013035136507824,-0.093263991177082,-0.0146124185994267,0.0866509526968002,0.0970667451620101,0.0969956144690513,0.0971214994788169,-0.0971166938543319,-0.0971326455473899,-0.0967991650104522,-0.0971294641494751,0.0968804433941841,-0.0971386209130287,0.0971096828579902,0.0971354842185974,-0.0970297083258628,0.0971378087997436,-0.0805813819169998,0.0743500143289566,0.0971382856369018,0.0747971087694168,-0.0931706577539444,0.0969608724117279,-0.0518545396625995,0.0800250843167305,-0.0969928354024887,-0.0076008751057088,-0.0971386358141899,0.0966015607118606,0.0738166645169258,-0.0911229848861694,0.0642909780144691,-0.0600455626845359,0.0967035740613937,0.0968157723546028,0.0872694700956344,-0.094816617667675,0.0969744771718978,0.0971380770206451,0.0945860967040062,0.0428420640528202,-0.0604906119406223,0.0971386358141899,-0.0952171236276626,0.0949861630797386,-0.0560110546648502,-0.0575540661811828,-0.0966637805104255,0.0945894718170166,-0.0925344079732894,0.0961536765098571,-0.0963026657700538,-0.0637798309326171,-0.0930494889616966,-0.0958559364080429,-0.0938686281442642,0.0622213557362556,0.0682675614953041,-0.0970777124166488,-0.0530449040234088,-0.085261695086956,0.0964359119534492,0.0971386358141899,-0.0971384942531585,0.0968628302216529,0.0971351638436317,-0.0876653268933296,0.0970845147967338,-0.0971226021647453,0.0454237274825573,-0.096843771636486,-0.0970799699425697,0.0970536023378372,-0.0846736058592796,0.0152595601975917,-0.0971151292324066,0.0957639887928962,0.0889002978801727,0.0966973155736923,-0.0971385836601257,-0.0790948644280433,-0.0971319451928138,-0.0971064195036888,-0.0957902371883392,0.0971348658204078,0.0971386209130287,-0.0482604913413524,-0.0971385017037391,0.0971173048019409,-0.0929781198501586,-0.0805151760578155,0.0881914123892784,0.0975833684206008,0.0928311273455619,0.0853884741663932,-0.0968317613005638,-0.086285300552845,-0.0977964475750923,0.0981198847293853,0.096658319234848,-0.0986221954226493,-0.0986715331673622,0.0891454517841339,-0.0949371755123138,-0.0988388806581497,0.0327017083764076,-0.0988391861319542,0.0988392010331153,0.0902647525072097,-0.083616018295288,0.0985461771488189,0.0977338254451751,-0.0988391861319542,0.0267360992729663,-0.0987936407327652,0.0979958772659301,-0.0711326822638511,-0.0837403908371925,0.0981983840465545,0.0988391861319542,-0.0794684067368507,0.0988386496901512,0.0778515189886093,-0.0093136187642812,0.0988301485776901,-0.0987869650125503,0.0917378664016723,-0.0230480208992958,0.0976793095469474,-0.0987006947398185,-0.0557563155889511,-0.0088541572913527,-0.0973347648978233,0.0817161425948143,0.0527616329491138,0.0920605435967445,-0.0914568081498146,-0.0688796266913414,-0.0976850613951683,-0.0910034403204917,-0.0986780971288681,0.0987940356135368,0.0987458825111389,0.002099874895066,-0.09881242364645,0.0896831005811691,0.0097181741148233,0.0986936166882515,-0.0944522768259048,0.0987769737839698,0.098317801952362,-0.0360877811908721,-0.0899608433246612,-0.0988278239965438,0.077516458928585,0.0988360196352005,-0.0964927151799202,0.0195971634238958,-0.0988269373774528,0.0984846502542495,0.0944361686706543,-0.0903714373707771,0.0911723151803016,0.0986006110906601,0.0873052552342414,0.0988192781805992,-0.0988387092947959,-0.0983717814087867,-0.0985595136880874,0.0988391861319542,0.0551576428115367,-0.0957450047135353,-0.0933823138475418,-0.0980420559644699,0.0988241806626319,0.0986721813678741,-0.097687266767025,-0.0988391861319542,0.0136949969455599,0.0203638114035129,-0.0883522629737854,0.0956003814935684,-0.0960663333535194,-0.098565749824047,-0.0988392010331153,-0.0987583771347999,0.0846629217267036,-0.0976105034351348,-0.0405181273818016,0.0982545092701911,0.0988391861319542,-0.0984366834163665,-0.0988392010331153,-0.0988390669226646,-0.0988391190767288,0.0988167598843574,0.0526690520346164,0.0987630411982536,0.0988366529345512,0.097671091556549,0.0853045210242271,-0.0923924669623375,0.0986643880605697,-0.0975511893630027,0.0486279018223285,0.0798644125461578,-0.0658021718263626,0.0105786519125103,-0.0986885875463485,0.0986926928162574,0.0988390445709228,-0.0988342985510826,-0.0222477354109287,-0.0966304838657379,-0.0954207256436348,0.0988331660628318,-0.0971604287624359,0.0987137556076049,-0.0768356099724769,0.0979537963867187,0.0869451537728309,0.0945817530155181,0.0752558410167694,0.0006961283506825,0.0359199792146682,0.0801946073770523,-0.0945878401398658,-0.0108092278242111,0.0804882794618606,-0.1114990189671516,0.0055347201414406,-0.0384946055710315,-0.0145941451191902,0.0987499803304672,-0.0958111807703971,-0.049095869064331,-0.1350350975990295,0.0047304462641477,0.1357723325490951,0.0658124908804893,-0.1080680191516876,0.1316052377223968,0.0500563830137252,-0.124043233692646,-0.043346844613552,0.0761152356863021,-0.0324829630553722,0.0892952382564544,0.03471165522933,-0.1272903978824615,-0.00783506128937,-0.0671584904193878,-0.1323280483484268,0.1328742653131485,0.1363051384687423,0.0570919252932071,-0.0439306870102882,-0.112774521112442,0.1154574751853942,0.1036862954497337,0.0041543683037161,-0.0827250927686691,0.1214776635169982,-0.104207806289196,0.0370192006230354,0.0150133669376373,-0.0973827019333839,0.1015145778656005,-0.022248400375247,-0.1072549596428871,0.0324141904711723,0.0732610821723938,-0.0900847986340522,-0.0316062793135643,0.1113897711038589,-0.124560609459877,0.0223201606422662,0.1395322382450103,-0.0003343921562191,0.1248186454176902,0.0209898333996534,0.0115186171606183,0.1340293884277343,-0.0134476497769355,0.0701626017689704,-0.1167220100760459,-0.1431573778390884,0.0709012448787689,-0.1019758358597755,0.1232610270380973,0.1193894296884536,-0.0480830855667591,0.0230221841484308,0.0526807345449924,0.046642992645502,-0.1145748794078826,0.1210522279143333,-0.1228626668453216,-0.0926421508193016,0.0581247434020042,0.1296714097261428,0.127291664481163,-0.0004995086928829,-0.1432520300149917,0.011702612042427,0.091072641313076,0.0025262197013944,0.1096904352307319,0.1262037009000778,0.0993579402565956,-0.0542866438627243,0.1119799613952636,-0.134017065167427,-0.0070407246239483,0.1094130277633667,-0.0188459064811468,0.1045287922024726,0.1369784623384475,-0.0179612226784229,-0.0822848081588745,0.0389669872820377,0.0691766589879989,0.139005035161972,0.0752668380737304,-0.0606909841299057,0.0872966647148132,0.0137004163116216,0.0802164524793624,0.1357352137565612,0.095655545592308,-0.0610301867127418,0.0643572807312011,0.1216293796896934,-0.1089856252074241,0.0906864255666732,0.0451915301382541,0.1357201784849167,0.0884091779589653,-0.1257884353399276,-0.0771187394857406,-0.0379289723932743,0.045879665762186,-0.0404466167092323,-0.0759476572275161,-0.1028326898813247,0.0147436568513512,0.109245479106903,-0.0304163191467523,-0.1469707190990448,0.0919896215200424,0.0886351615190506,-0.047317449003458,0.066086433827877,0.0645554065704345,0.177880123257637,-0.0031111703719943,0.1698062121868133,-0.1125078797340393,0.0866322964429855,0.0119419936090707,0.1005783155560493,0.0125618195161223,0.113671526312828,-0.1426621228456497,0.0436300560832023,-0.0181270018219947,0.0907784029841423,0.0117309903725981,-0.1100153401494026,-0.0063705318607389,-0.0419987626373767,0.1190166771411895,-0.155056744813919,0.1776561290025711,-0.1028398647904396,0.0121324835345149,-0.1114457547664642,0.1106185168027877,0.0799481496214866,0.0690081790089607,-0.0049508423544466,0.0187340267002582,-0.0614455565810203,-0.118282176554203,0.0684955641627311,-0.0695714056491851,0.0419544279575347,-0.0199815109372138,-0.0968373492360115,0.0145957535132765,-0.1020805910229682,-0.1074945703148841,-0.0125188305974006,0.0735752508044242,-0.0134381055831909,-0.1096079349517822,0.0197711121290922,-0.0717735737562179,0.1153115555644035,0.0326045006513595,0.1274102628231048,-0.0908973217010498,0.030858626589179,-0.073428563773632,-0.0176503844559192,0.1010099127888679,0.1289651989936828,0.0006056962301954,-0.0439177453517913,0.0539453513920307,-0.0862551406025886,0.1008829697966575,-0.0977873727679252,-0.0626230165362358,0.1049962788820266,0.0917331874370575,0.0971944779157638,-0.0475744195282459,-0.0273344218730926,-0.1159547939896583,-0.0490564219653606,0.035061128437519,0.12191192060709,-0.0932592228055,0.0653237476944923,0.0431591160595417,-0.0847802609205246,0.0048881252296268,0.0361894331872463,-0.0400853976607322,-0.1161778792738914,0.071725957095623,-0.0962741151452064,-0.0768970176577568,0.0704749375581741,0.0198712386190891,-0.0870635136961937,0.1229647770524025,0.0891688838601112,-0.077220931649208,-0.176188126206398,0.012483051046729,0.1520101875066757,-0.0658015608787536,0.0795152634382247,-0.0270258039236068,-0.1081704869866371,0.0430691987276077,0.0228911470621824,-0.0272466354072093,-0.0816653296351432,0.0126936715096235,-0.0447128489613533,0.1533568203449249,-0.0522942282259464,0.0719861686229705,0.0037840972654521,0.1376618593931198,-0.0978069379925727,0.0718136131763458,0.0852028653025627,-0.1190095096826553,0.0159485749900341,-0.0594494454562664,0.1782226264476776,-0.0846858918666839,0.1034578457474708,-0.0019269703188911,-0.1798706799745559,-0.0860975980758667,-0.058007463812828,0.0985492691397667,-0.125408798456192,-0.1084830835461616,-0.136204332113266,0.0187642332166433,-0.0496970638632774,-0.0364144928753376,-0.0842016264796257,-0.0207271073013544,0.0538451820611953,0.1540266722440719,0.2252011746168136,0.1732701808214187,-0.0381813123822212,-0.020071679726243,0.1279411315917968,-0.0304311960935592,-0.0868177041411399,-0.0275890547782182,-0.0146171022206544,-0.0109641784802079,0.0670412331819534,-0.1709216684103012,-0.1185064762830734,-0.1473302692174911,0.0716341957449913,0.0846992209553718,-0.0582550205290317,0.0639670193195343,-0.0491043999791145,0.0752232298254966,-0.0447255298495292,0.038828782737255,0.0202106870710849,-0.0548854060471057,0.0764285027980804,0.1025486066937446,-0.0469758808612823,-0.0248374119400978,-0.1672231256961822,0.0612078607082366,0.0821947529911995,0.020229585468769,0.0472231321036815,0.0026727207005023,0.0771078914403915,-0.0110377361997962,-0.1275570094585418,-0.0587989687919616,0.1609577983617782,-0.0705746412277221,0.1611495912075042,-0.0926653072237968,-0.0406353920698165,0.0059111579321324,-0.1460914313793182,0.0486604236066341,-0.0745541825890541,-0.0089748073369264,0.087572768330574,-0.1130479201674461,-0.1242850050330162,-0.0522351488471031,0.0339161306619644,0.001598053262569,-0.0598521418869495,-0.0589844621717929,0.0537368506193161,-0.1362046897411346,0.1373160034418106,0.0099732438102364,0.0107544614002108,-0.0647964850068092,0.1039022058248519,0.0396301336586475,-0.1384634971618652,-0.1259456723928451,-0.0634443610906601,0.0671998262405395,-0.100353829562664,-0.1058545261621475,-0.1194866150617599,-0.0228722300380468,-0.0396064184606075,0.0527376569807529,-0.0615189783275127,-0.1312234103679657,-0.029407387599349,-0.0919067040085792,-0.0784535706043243,0.1584783494472503,-0.0520808733999729,-0.0544056929647922,-0.1175318509340286,-0.1168366521596908,-0.0535278171300888,0.0618531107902526,-0.0158226434141397,-0.0013630123576149,-0.1102425456047058,-0.0277093779295682,0.060280367732048,0.0594560652971267,0.0951335653662681,0.0119645064696669,-0.0554068312048912,0.1535242646932602,0.0675421953201294,-0.0193620938807725,-0.0557519868016243,0.0315118692815303,-0.0302013177424669,-0.0189068745821714,0.0388074591755867,-0.1315565854310989,0.0630773678421974,-0.1115408837795257,0.1641653180122375,-0.0743313580751419,0.0997031182050705,-0.175679475069046,-0.0048504001460969,-0.1367681324481964,0.043101716786623,0.0337291322648525,0.0252075940370559,0.176074594259262,0.1807621419429779,0.0276958514004945,0.0488286428153514,-0.0953825041651725,0.0226490292698144,-0.0599469505250453,NFELRXHOJOIZKK-LZCJLJQNSA-N,O=C(/C=C/c1ccncc1)c1ccc2ccc(C(F)(F)F)cc2n1
0.0681573823094368,0.1016932502388954,-0.0854403749108314,0.0893945693969726,-0.1030432879924774,-0.0918677672743797,-0.1027222722768783,-0.0464657396078109,-0.1024542674422264,0.0970764979720115,0.1015534177422523,-0.0467029772698879,-0.0554605983197689,-0.1030882522463798,-0.1006727889180183,0.1030894145369529,0.1030995696783065,-0.0858755782246589,-0.0680086985230445,-0.022678917273879,-0.1015190929174423,0.0207896251231431,0.1030254065990448,-0.0923918411135673,0.1025680378079414,0.0463793538510799,0.0026936787180602,0.10309599339962,0.0171433202922344,-0.0463815592229366,-0.0999930873513221,0.0913426801562309,0.0915978103876113,-0.0675219967961311,-0.1030293405055999,0.0989077761769294,0.0011264040367677,0.0861251577734947,0.0833496004343032,-0.0067080985754728,-0.1030622422695159,-0.103034071624279,0.0986266881227493,0.1005317270755767,0.1029193699359893,0.0939060375094413,-0.0509306043386459,-0.1016724333167076,-0.1027861014008522,0.1016975343227386,-0.1030774116516113,-0.0887738838791847,0.1017568483948707,-0.1010019555687904,0.1015157327055931,0.075873278081417,-0.102850891649723,0.0693605989217758,-0.0987905040383338,-0.084808349609375,-0.1000959724187851,0.1008202284574508,-0.100469022989273,-0.0845696330070495,0.1031011044979095,-0.0986243486404419,0.093262180685997,-0.0716938823461532,-0.0954495221376419,-0.0489675141870975,-0.1001333445310592,0.103040337562561,0.1017084419727325,-0.1023118197917938,0.1006063967943191,-0.0994494184851646,-0.0486455857753753,0.0912989228963851,0.0894838497042656,0.0964846014976501,0.1015787124633789,0.0563062541186809,-0.1008444651961326,0.0053936401382088,0.1029983013868331,-0.1023001223802566,-0.1017075330018997,-0.0771782621741294,0.1028833836317062,0.1005040779709816,-0.1030996590852737,-0.095374196767807,-0.1020358949899673,0.1030868291854858,-0.1030976772308349,0.0610009208321571,-0.1030959263443946,0.1031008660793304,-0.1026900112628936,0.0321585237979888,-0.0116353947669267,-0.1011649593710899,0.1003680750727653,0.1030252575874328,0.0968252047896385,-0.0836234614253044,0.0982475504279136,0.0952615812420845,-0.0183888394385576,0.1024421751499176,-0.1026801243424415,0.0032055343035608,0.0123709850013256,0.1030290648341178,0.0604214034974575,-0.0931717976927757,0.0980489924550056,-0.0950072854757309,-0.0615319944918155,0.1030706465244293,-0.0067973639816045,-0.0589147582650184,-0.1004924997687339,0.1024112850427627,-0.1013844087719917,-0.1004622802138328,-0.0665747821331024,-0.097391203045845,0.1025218144059181,0.0517002567648887,0.1068607717752456,0.0945630893111229,0.1062411665916442,-0.1067015975713729,0.0233591962605714,-0.0145536893978714,-0.0499459691345691,-0.095329999923706,-0.1005792170763015,0.0307464655488729,0.0144237652420997,-0.1049447283148765,0.1047714799642562,-0.0787327140569686,-0.069424882531166,0.0910914614796638,0.021432677283883,0.1037058383226394,-0.0369383879005909,-0.0323641151189804,-0.106816716492176,-0.1031620055437088,-0.1062987744808197,0.0132434098049998,-0.1064647436141967,-0.1066213846206665,-0.0369504727423191,0.090465247631073,0.1041838750243187,0.1055850386619567,-0.1066702082753181,0.0775699168443679,-0.1022139638662338,0.0180939603596925,0.0613619983196258,0.0955131649971008,-0.1054413616657257,-0.1065989434719085,-0.106819063425064,-0.106727160513401,-0.1058207154273986,-0.1067048609256744,0.0355287864804267,0.0860949754714965,-0.1067861914634704,-0.1056618094444274,0.0722376182675361,0.1032228171825409,0.0631134063005447,-0.0526138544082641,-0.1041339337825775,0.0964678972959518,0.0957605168223381,-0.0890225395560264,-0.0785403549671173,-0.0424668230116367,0.088481917977333,-0.0910745933651924,0.1059960126876831,-0.0856037735939025,-0.0983786061406135,0.0912940502166748,-0.0312878675758838,-0.0873180478811264,-0.10642009973526,0.1052792593836784,0.1062276139855384,0.1067883670330047,0.1066534221172332,-0.0678670033812522,-0.08383709192276,-0.096787504851818,-0.106675699353218,0.095611535012722,0.0407576896250247,-0.1049930453300476,-0.1068192645907402,0.0964486598968505,-0.1046989783644676,-0.0945888683199882,0.0942366123199462,0.1052091419696807,0.1067201867699623,-0.1068638190627098,-0.0963848605751991,0.1055186241865158,0.0425746440887451,0.0967298820614814,0.1035427525639534,-0.0991537421941757,0.07534671574831,-0.0994161367416381,0.0792151018977165,0.0910796299576759,0.0826932787895202,-0.1064488440752029,-0.091537170112133,-0.1015927866101265,0.1039377748966217,0.1043777391314506,-0.0309624262154102,-0.1068318635225296,-0.0169565808027982,-0.0220663715153932,0.0793480575084686,-0.1025401055812835,-0.0881813690066337,0.0853907316923141,-0.0329394787549972,0.1017987579107284,0.1047673672437667,0.0965736657381057,-0.0409969612956047,0.1027775257825851,0.0640246495604515,0.1061102226376533,0.083242580294609,-0.083544984459877,0.1067391484975814,-0.0868583023548126,-0.0360770858824253,0.1031293198466301,0.0084788063541054,-0.100084863603115,0.0611910112202167,-0.1012239232659339,-0.1056287214159965,-0.0795510411262512,-0.0813188105821609,0.1065505892038345,0.0364158675074577,0.1068717166781425,-0.0237749237567186,-0.1034731045365333,-0.0191555060446262,-0.0193114895373582,0.1058151051402092,0.1067461594939231,0.1029143929481506,0.0556739568710327,-0.089674599468708,0.1057068705558776,-0.0573443360626697,-0.0448140352964401,-0.1035723015666008,0.0886661857366561,0.1062653735280036,0.0943689048290252,0.1033069267868995,-0.1029984354972839,0.0984444320201873,0.0947059914469719,-0.0972682237625122,0.1019962579011917,0.0607260726392269,0.1054712533950805,-0.104214034974575,-0.0990902185440063,0.0994373708963394,0.1069101467728614,0.103041797876358,-0.1055620536208152,-0.1069384664297103,-0.085476279258728,0.080293633043766,0.0998584479093551,-0.0133040761575102,0.0998299047350883,0.0601050369441509,0.1045345216989517,-0.1042864993214607,0.0936967656016349,-0.0915161818265914,-0.0869529098272323,0.1069395244121551,0.1067246124148368,0.0041990191675722,-0.0079464381560683,-0.0225828941911458,0.106927216053009,-0.0369219258427619,-0.0006470515509136,-0.0132031859830021,0.1047879308462143,-0.0382602699100971,-0.1050896272063255,0.1056721061468124,0.1057990193367004,-0.0780545026063919,-0.0323363430798053,-0.1024140864610672,-0.1069225370883941,-0.0424169264733791,-0.0952348634600639,-0.106712095439434,-0.0796544998884201,0.0596762001514434,0.1069394275546073,-0.1066326722502708,0.1037514954805374,0.10630464553833,-0.1044361069798469,-0.0705686211585998,0.0629464238882064,-0.0039455434307456,-0.063814528286457,0.1063552796840667,0.0924561917781829,-0.0683761984109878,-0.1068759113550186,-0.0878509208559989,-0.1066891923546791,-0.0908082500100135,-0.0379027239978313,-0.1015589609742164,0.106507122516632,0.0456967689096927,0.0699839144945144,-0.1038161665201187,-0.0518152005970478,-0.0016502522630617,-0.093733362853527,0.058955430984497,0.1062249839305877,-0.0283749606460332,-0.0845524966716766,-0.1042897552251815,0.0977155193686485,0.1069069504737854,0.0937262177467346,-0.106928139925003,-0.0799316763877868,-0.0834485664963722,0.106881134212017,-0.0861480981111526,-0.0043005724437534,-0.0223175417631864,-0.10613564401865,-0.1066115945577621,0.1061766818165779,0.0904226526618003,-0.104630522429943,0.0611037984490394,-0.1069400236010551,0.1069400310516357,-0.1069009527564048,0.1009218841791153,0.1069155186414718,0.083936758339405,0.1067557334899902,-0.082793653011322,-0.1034427732229232,-0.1045870929956436,0.1066802516579628,0.0241525098681449,-0.0936047881841659,-0.0322112292051315,-0.0578915774822235,0.1398977786302566,-0.0606647878885269,-0.1110000312328338,0.0884773582220077,-0.083833709359169,0.0370068922638893,0.0587039291858673,-0.0928282514214515,0.0140384547412395,0.0618351176381111,0.0185965467244386,0.0128410840407013,-0.1465305387973785,0.134887546300888,-0.0145704103633761,-0.0396329872310161,-0.0462550595402717,0.0861691311001777,-0.0819521471858024,0.0529710762202739,-0.0929352268576622,-0.0145958950743079,0.0379728823900222,-0.0419466607272625,-0.081131711602211,0.0146830966696143,0.0092451367527246,-0.0181251727044582,-0.1303775757551193,0.1655719876289367,0.0667339414358139,-0.1379122734069824,-0.0756533965468406,-0.1051509827375412,-0.0561390444636344,0.1422382742166519,0.1319974660873413,-0.0907748788595199,-0.1176069974899292,0.0187572706490755,0.0291160400956869,0.0943965539336204,-0.0523688793182373,-0.0033612162806093,0.0551101453602314,0.1098697930574417,0.0122495554387569,-0.0703405365347862,0.1587505787611007,0.1118472963571548,-0.110687643289566,-0.0877527371048927,-0.1073601841926574,-0.0252980981022119,0.0078301550820469,0.1049899831414222,-0.1233550682663917,0.0021703178063035,0.0747709646821022,0.1016414538025856,0.0538909919559955,0.0182277522981166,-0.0376577749848365,-0.0004808196972589,0.0874182358384132,-0.0907294973731041,0.0920367538928985,-0.0946527794003486,-0.1054303869605064,0.1402104347944259,-0.1301753520965576,0.1111403033137321,0.113274797797203,-0.1554430723190307,-0.1251846253871917,-0.1000998243689537,0.0086141359061002,0.1163113638758659,-0.1105771362781524,-0.0280198343098163,-0.0343767404556274,0.0274574626237154,-0.0469062365591526,0.1297476589679718,0.099890612065792,0.1514178067445755,0.0870981886982917,0.1156714558601379,-0.1235492229461669,0.0170081816613674,0.029706796631217,-0.0711191892623901,-0.0683724954724311,-0.0610959082841873,-0.0684160515666008,-0.1239901930093765,0.1130972355604171,0.1128899455070495,-0.0778240263462066,0.0198752991855144,-0.0750245153903961,-0.1070836558938026,-0.0640980079770088,0.149732306599617,-0.0349784679710865,0.0347151085734367,-0.0680861994624137,0.0262938998639583,0.1019539386034011,0.1210571750998497,-0.0260138306766748,-0.0088978046551346,0.171285480260849,0.1252662986516952,-0.1322075873613357,0.0274470522999763,0.137479081749916,-0.0204148944467306,0.0985495522618293,0.0876099467277526,-0.1165172234177589,0.0387831106781959,-0.0602624043822288,-0.073639340698719,-0.1192249432206153,0.115042507648468,0.1242410540580749,0.069810651242733,0.1186653971672058,0.1154870986938476,0.1270120441913604,0.0207550637423992,0.1229216679930687,-0.1016410961747169,0.0708997920155525,-0.0869438275694847,-0.0011875259224325,-0.0847323685884475,0.0997893661260604,-0.1167034953832626,0.0506682693958282,-0.0500655584037303,0.0559656880795955,0.1091564521193504,-0.0330862998962402,-0.088097833096981,0.0296413116157054,0.0592458918690681,-0.1025656014680862,0.1260589510202407,0.0561948455870151,-0.1218393594026565,-0.0088048940524458,0.0931934490799903,0.1263609081506729,0.1187051832675933,0.0170996207743883,0.0884918496012687,-0.1183865144848823,-0.0803542137145996,0.0498331822454929,-0.1052797511219978,0.0979873985052108,-0.1156877353787422,-0.1178308278322219,-0.0060829822905361,-0.1003820523619651,-0.1017110422253608,-0.125211015343666,0.1115921214222908,0.0490277707576751,-0.0954391434788703,0.0046136444434523,-0.0679110288619995,0.0617016777396202,-0.0628976598381996,0.0993548482656478,-0.0871077179908752,0.0166268702596426,-0.0510964803397655,0.0969216451048851,0.0967763811349868,0.1045780107378959,-0.079046681523323,-0.0037199931684881,0.0491333045065403,0.001807696186006,-0.0395718067884445,-0.0814450681209564,-0.1152144521474838,0.0861516669392585,0.0843723192811012,0.1163511201739311,-0.0920237675309181,-0.0479780174791812,-0.0935099273920059,-0.0994060486555099,-0.0046027353964746,0.0740666016936302,0.0288663450628519,0.1121991127729415,0.0967166945338249,-0.1264883279800415,0.0839715152978897,0.1152622997760772,-0.0896294042468071,-0.0713683888316154,0.0354818925261497,-0.1028747633099556,-0.0261306501924991,0.118366964161396,0.1147620975971221,-0.0914416387677192,0.1136557310819625,0.0880966410040855,-0.0838009864091873,-0.129677802324295,0.0806871727108955,0.1070217043161392,-0.0901659503579139,-0.0746981278061866,-0.0320041626691818,-0.0991906002163887,0.0561274923384189,-0.0030318461358547,-0.0809695199131965,-0.1178374588489532,-0.0067507643252611,-0.1011673212051391,0.1112010329961776,-0.1311919838190078,0.0107056032866239,-0.0054393899627029,0.0917262807488441,-0.0779492482542991,-0.1046513989567756,0.0403773188591003,-0.0970820039510726,0.0438508763909339,-0.1169964149594307,0.1280802339315414,0.0823866799473762,0.0957702472805976,0.112278789281845,-0.0976287126541137,-0.105872057378292,0.0297585893422365,0.0147726759314537,-0.0757503136992454,-0.1147705093026161,-0.1079779490828514,0.0878183990716934,-0.0882209837436676,2.1134435883141123e-05,-0.05258085206151,-0.0015819950494915,0.0354643873870372,0.0016330156940966,0.1500364392995834,0.1188712567090988,-0.0691071078181266,-0.0413367226719856,0.1180858761072158,-0.0469398908317089,-0.0834385305643081,-0.1139929071068763,0.1078949645161628,0.0290605276823043,0.0257421713322401,-0.105678454041481,-0.1174916103482246,-0.122554138302803,0.0461573600769043,0.1307673156261444,-0.0567897483706474,-0.1283044070005417,0.1245846822857856,0.0106259733438491,0.0835493877530098,0.00010779092554,-0.0172806829214096,-0.1315528899431228,-0.054873451590538,0.0922730714082717,0.0545314773917198,0.029541241005063,-0.0887560099363327,0.1775388866662979,0.1717491000890731,-0.0048805689439177,0.0742529407143592,-0.022738728672266,0.0811408162117004,0.0368716940283775,-0.1233036592602729,-0.1535608172416687,0.0112265367060899,0.017365489155054,0.1438753455877304,0.0167089104652404,-0.0358847305178642,0.0417203307151794,-0.1275511682033538,0.0760703831911087,-0.1416496783494949,0.0906708911061286,0.0193561129271984,-0.0533744506537914,-0.0489993281662464,-0.0475737936794757,0.0460367649793624,0.1843028515577316,0.0576266646385192,0.1156303137540817,0.0388681516051292,-0.0784517303109169,0.0996398031711578,-0.1428053230047226,-0.0367215164005756,-0.0315784253180027,0.145745500922203,0.0890329405665397,-0.1373190134763717,-0.0294876024127006,-0.0223604440689086,-0.0321127101778984,-0.085112877190113,0.0738750100135803,-0.0827182829380035,-0.0064086029306054,-0.1725457161664962,-0.0973825678229332,0.0702581703662872,-0.1256976425647735,-0.0208609234541654,-0.0833899825811386,-0.1106933206319809,0.0586664862930774,0.055288590490818,0.0156622342765331,-0.0766814872622489,-0.0164776053279638,0.0019019743194803,0.0860104188323021,-0.0455205254256725,0.0792087614536285,-0.0918602496385574,0.0295719299465417,0.0830811560153961,0.0871679037809372,0.0004757408460136,0.0098842801526188,0.1011472716927528,0.0675155967473983,0.0957787483930587,0.0192165058106184,0.1201618537306785,0.1081770360469818,-0.106975607573986,-0.1343191564083099,0.026227917522192,-0.0992402583360672,0.0468115098774433,-0.1180871576070785,0.1808014661073684,-0.0990309715270996,0.1095761880278587,-0.0969934090971946,-0.0391277074813842,-0.1879736334085464,-0.0474617034196853,-0.0136096477508544,0.0367693603038787,0.1171078830957412,0.1295792758464813,-0.0189665965735912,0.0255686976015567,-0.0761344581842422,0.1142015755176544,-0.0102050732821226,ONDJVEFURAWCMX-UHFFFAOYSA-N,O=C(NCCCNCCCCCCCNCCCNC(=O)C(=O)c1c[nH]c2cc(Br)ccc12)C(=O)c1c[nH]c2cc(Br)ccc12.O=C(O)C(F)(F)F.O=C(O)C(F)(F)F
-0.0418893322348594,-0.0994235277175903,-0.0995543226599693,0.0937146618962287,0.0991559103131294,0.0966092050075531,-0.0985428690910339,-0.0759966298937797,-0.0929730907082557,0.0910512506961822,0.0989307910203933,-0.0978750437498092,-0.0897903516888618,0.001276463153772,-0.0968791842460632,0.0398901887238025,0.0995533615350723,-0.0995014533400535,-0.0990197733044624,-0.0604046210646629,0.0862741395831108,-0.0992217883467674,0.0752777159214019,-0.0574622973799705,0.0544413663446903,0.0994947403669357,0.0995523557066917,0.0235811695456504,0.0573540441691875,0.0287183374166488,0.0995469316840171,0.0991531237959861,0.0991541966795921,-0.0972714871168136,-0.0862685367465019,0.0810496658086776,0.0662867501378059,0.0982381552457809,-0.0995416343212127,0.099522054195404,-0.0638963505625724,-0.0995543226599693,0.0995543077588081,0.0313359498977661,-0.0143891992047429,0.0976297557353973,0.0926301032304763,0.0992377698421478,-0.0995540022850036,0.0995455607771873,-0.0995517745614051,-0.0993964150547981,0.0995543226599693,0.0915747731924057,0.0845469087362289,0.091831237077713,-0.0995269939303398,0.0910570099949836,-0.0995539277791976,0.0970088616013526,-0.0848486721515655,0.0677202567458152,0.0995522513985633,0.0995311066508293,0.0909366682171821,0.0963215008378028,0.099548228085041,0.0698516368865966,-0.0993254855275154,0.0818610861897468,0.0983801558613777,-0.0938086435198783,-0.0994209796190261,0.0856832563877105,0.0990840047597885,-0.0685015469789505,-0.067724771797657,0.0861894711852073,0.0970916971564292,0.0864446312189102,0.0995417237281799,-0.0875247493386268,0.045023176819086,-0.0909273475408554,0.098812386393547,-0.0992807447910308,-0.0993307083845138,-0.099312849342823,0.0995534360408783,-0.0994164869189262,-0.0995506048202514,0.0979042947292327,0.0850504785776138,0.0995543077588081,0.099552035331726,0.0705211013555526,-0.0995530560612678,0.0995543077588081,-0.0995541512966156,-0.0992902889847755,0.0955482199788093,0.0995480790734291,0.0995062664151191,-0.0987841486930847,0.0995540171861648,-0.0723599269986152,-0.0957516506314277,0.0993761122226715,0.0499999374151229,0.0994051322340965,0.0622387304902076,-0.0807079747319221,-0.0994721427559852,0.0995542556047439,0.0651391074061393,-0.0994791984558105,-0.0816667005419731,0.0995175689458847,0.0329642966389656,0.0986288264393806,0.0937462449073791,0.0995374917984008,0.0330774672329425,-0.0956598296761512,0.000398162548663,-0.053863450884819,-0.0992934480309486,0.0727351307868957,-0.1022910997271537,-0.0877221599221229,-0.0385044179856777,-0.1014526784420013,0.1000808328390121,0.0888027995824813,-0.0929227396845817,0.0967186316847801,-0.1019216328859329,-0.0688337534666061,-0.1022929549217224,-0.0997922793030738,-0.0635270550847053,0.1022515371441841,0.1020836532115936,0.1019985973834991,0.0528787672519683,-0.0724119618535041,0.102126844227314,0.1020258516073226,0.1018525436520576,0.0503838546574115,-0.1022584959864616,0.1022771894931793,0.0758218318223953,-0.0159672144800424,0.0727052614092826,-0.1022782996296882,0.0981214269995689,0.0762240290641784,-0.0946152135729789,0.102291502058506,0.1021293848752975,0.0900329127907753,-0.1021381169557571,-0.0477239117026329,0.1022795066237449,0.0610404685139656,-0.1013734340667724,0.1020856648683548,-0.0648081079125404,-0.1022625565528869,0.0815773755311966,-0.1022737473249435,-0.1002802327275276,0.102278932929039,-0.0991004779934883,0.0992867648601532,0.1022197306156158,0.0745231434702873,-0.0909825339913368,0.0900105684995651,0.0368284322321414,0.1020974814891815,0.1013067662715911,-0.1011474430561065,0.0997610986232757,-0.0252814069390296,0.1013862639665603,0.1022908762097358,0.0989685952663421,0.0404005162417888,-0.0909806340932846,0.0988782793283462,0.0693819001317024,-0.0886599868535995,0.0955454632639885,0.1018417105078697,-0.1022342965006828,-0.0300908125936985,0.0880100280046463,-0.0967034697532653,-0.102125845849514,0.1022874265909195,-0.101685032248497,0.1022917553782463,0.0898654162883758,-0.0996850356459617,0.1005994379520416,0.1009510904550552,0.0219291448593139,-0.0438209660351276,0.0996795296669006,-0.0743163749575614,-0.1013763174414634,0.0960244685411453,0.0781010091304779,0.0916350707411766,0.0554070211946964,-0.102002739906311,0.1021041423082351,-0.0984064117074012,-0.0566307567059993,-0.1015460342168808,-0.0115992240607738,-0.0933017283678054,0.0953736305236816,0.08267392963171,-0.101833663880825,0.070213995873928,-0.0973293855786323,-0.0980825051665306,-0.0869793146848678,-0.0937942638993263,0.0857048109173774,-0.0521112754940986,0.1020263582468032,-0.0672181323170661,-0.0268749147653579,-0.0998932421207428,0.1022429391741752,-0.0248330142349004,0.102131463587284,-0.1019659638404846,-0.0876436755061149,-0.0739161297678947,-0.100622721016407,-0.0649772956967353,0.102201871573925,-0.1017132997512817,-0.0261825993657112,-0.0839961543679237,0.0820000767707824,-0.0371098555624485,0.0931070670485496,0.1013247594237327,0.1022930443286895,0.0646571069955825,0.096254214644432,0.0970278978347778,-0.0972387567162513,0.0967926532030105,-0.0973028466105461,0.0973032712936401,-0.0972606763243675,-0.0973033159971237,-0.0903070792555809,0.0917369946837425,0.0947711542248725,0.0473760776221752,-0.01157096773386,0.0973034873604774,-0.0973003357648849,0.0971745625138282,-0.0965160131454467,0.0957136824727058,-0.0973028689622879,0.0294544119387865,-0.0969497933983802,-0.0973027795553207,-0.09726183116436,0.0972502902150154,0.0972697436809539,0.0109530678018927,-0.0830237492918968,0.0862129554152488,-0.08655995875597,0.0914498791098594,-0.097055859863758,0.0752077102661132,0.0899333134293556,0.0971093997359275,-0.0950307548046112,-0.0759150311350822,-0.0921661630272865,0.0972906351089477,0.0972995534539222,-0.0169300250709056,-0.0848599225282669,-0.0938154906034469,0.0965360477566719,0.0972970277070999,-0.0973036438226699,0.09682048112154,-0.0267682019621133,-0.0704898461699485,0.0942738577723503,0.0717348754405975,0.0947252586483955,-0.091148741543293,0.0966408625245094,0.0973032414913177,-0.0934516787528991,-0.0782172530889511,-0.0884032249450683,0.0972812324762344,-0.0972315147519111,0.0664222314953804,0.0966156646609306,0.096709057688713,-0.0972480103373527,0.0972637608647346,0.092659093439579,0.0926632508635521,0.0973010212182998,-0.0970739796757698,-0.0973036438226699,0.0967548564076423,0.0944963470101356,0.0973036438226699,0.0656910687685012,0.0099037839099764,0.0972487926483154,0.0514654256403446,0.0909081101417541,0.0773294940590858,0.0562203675508499,-0.0972762182354927,0.0971298217773437,-0.0963039845228195,-0.0083726355805993,-0.0960539728403091,0.0972767770290374,-0.0973005965352058,0.0082005439326167,-0.0367107987403869,0.0904546827077865,0.0868721827864646,-0.0973027348518371,-0.0972311347723007,-0.0849646776914596,-0.0555635392665863,-0.0969518274068832,0.0971318483352661,-0.0850909873843193,-0.0972995981574058,-0.097233697772026,-0.0301966611295938,-0.0951325893402099,-0.0972949415445327,0.0972776114940643,0.0969963818788528,-0.0973036363720893,-0.0763238221406936,0.0938546732068061,0.0973036438226699,-0.0973027646541595,0.0466285198926925,-0.0973028838634491,-0.0973036289215087,-0.0940298587083816,0.0566564947366714,-0.0970280766487121,-0.0924158692359924,0.0959271639585495,0.0880349949002265,0.0970892682671547,-0.0973035544157028,0.0973035544157028,0.0968700274825096,-0.0955991744995117,0.0745367631316185,0.0968459844589233,-0.0965289175510406,0.0946412086486816,0.0966563150286674,0.091571919620037,-0.0497898645699024,-0.0911234766244888,-0.0879890024662017,0.091508649289608,0.0917026549577713,-0.0918106287717819,-0.0817858800292015,-0.0917983874678611,-0.0911334380507469,-0.0912607088685035,0.0912284180521965,0.0730762481689453,0.0918348655104637,0.0918219685554504,-0.0918761640787124,-0.0499196350574493,0.0919060558080673,-0.0918642878532409,0.0919064879417419,0.0908547192811966,0.0912501513957977,-0.0917462259531021,-0.0919060036540031,-0.0919037535786628,0.0915110930800437,-0.0900500565767288,0.0919097512960434,0.0919106900691986,-0.0805888995528221,0.0836267694830894,-0.0918135195970535,0.0894688218832016,0.0918564051389694,-0.0877539366483688,0.0900502204895019,0.0838638469576835,-0.0865338370203971,-0.0918948799371719,0.0906586498022079,0.0919025614857673,0.0794759392738342,0.0769949778914451,0.0817552506923675,0.0915547311305999,0.0919090881943702,0.0913175046443939,0.0917609110474586,0.0879735499620437,-0.0857700854539871,-0.0901655778288841,0.0885117277503013,-0.0918727219104766,0.0919097736477851,-0.0706556364893913,0.0916444361209869,-0.091893196105957,0.0918796733021736,-0.0918853357434272,-0.0910898819565773,-0.0793067961931228,0.0915129408240318,-0.091818667948246,0.091175340116024,0.0919101610779762,-0.0884074121713638,-0.091624803841114,0.0709607452154159,0.0911329016089439,0.0421115793287754,-0.091855876147747,0.091086745262146,0.0894278883934021,0.0917098373174667,-0.091889776289463,0.0917061269283294,0.0919098705053329,0.0843271538615226,-0.0911859720945358,0.0790674015879631,0.0919105857610702,-0.0864915028214454,-0.0833146423101425,-0.0906888991594314,-0.0915878862142562,0.0917902365326881,0.0862405449151992,-0.0919088646769523,0.0154333859682083,0.0891111195087432,0.0913593247532844,0.0910499542951583,-0.0918307453393936,-0.0903303325176239,0.0889895856380462,0.0918868258595466,0.0912325531244278,0.0816302448511123,0.0890872254967689,0.0918381884694099,-0.0903409197926521,0.0912833958864212,-0.0874892473220825,-0.0914103090763092,0.0917474925518035,0.0831539630889892,-0.0918985456228256,0.0919048339128494,0.0916396975517273,0.0903205201029777,-0.0909823328256607,0.0918673798441886,0.0877046063542366,-0.087167777121067,-0.0918106958270073,0.0918838232755661,0.091900534927845,0.0916915610432624,-0.0919107720255851,-0.0919107422232627,0.0917476043105125,-0.091215394437313,-0.0899628847837448,0.0799267515540123,0.0903730690479278,0.0918943285942077,0.0915866419672966,-0.0918036848306655,-0.0516370572149753,0.0703190490603447,0.1196165680885315,0.0122178895398974,0.1234467402100563,0.106415182352066,0.1188206300139427,-0.0690285414457321,-0.0476065389811992,0.1157104596495628,0.0669277682900428,0.1247409209609031,0.1183219254016876,0.0263463836163282,0.115034207701683,-0.1157118156552314,-0.1061448901891708,0.0964635759592056,-0.1235302910208702,0.0704013481736183,-0.0842380374670028,-0.0975253134965896,0.0051487428136169,0.0597237311303615,0.0374891459941864,-0.0608298555016517,-0.1110572516918182,0.1080576106905937,0.073548674583435,0.0671176463365554,0.0814131721854209,-0.122375302016735,0.1103521734476089,-0.1054166629910469,0.1155972108244896,-0.0848030745983123,0.1166917830705642,-0.1176099181175232,0.0658825263381004,-0.0822998061776161,0.0831089690327644,-0.0838120430707931,-0.1124471798539161,-0.1167528331279754,0.1218321472406387,0.1259911507368087,-0.1134111136198043,-0.1130203530192375,-0.0677796155214309,-0.0043625282123684,-0.1072859019041061,-0.0745490565896034,0.0533527359366416,-0.1147227734327316,-0.093172550201416,-0.086605504155159,-0.0944157317280769,0.0489363186061382,0.059973157942295,-0.1049070507287979,0.0782053917646408,0.1199381202459335,-0.1254202872514724,-0.0867641344666481,-0.0648697912693023,-0.0480470173060894,-0.0662957727909088,0.1035892367362976,0.0051135318353772,-0.0331895314157009,-0.1190724894404411,-0.0415999367833137,-0.1231271997094154,-0.104871854186058,0.1247283369302749,0.0810389444231987,-0.0087894992902874,0.0738758593797683,0.0666752159595489,0.1217138692736625,0.1218061223626136,-0.0489635653793811,-0.0689056888222694,0.1260133385658264,0.1215954944491386,-0.0896073579788208,0.0439620949327945,0.0334183350205421,-0.1217712610960006,-0.1149340718984603,-0.0878209546208381,0.0957895070314407,-0.1237807050347328,-0.1157023757696151,0.1252810955047607,-0.0686687678098678,0.0744217112660408,-0.0596497058868408,-0.0118015222251415,-0.0014727250672876,0.1039475947618484,0.0858589857816696,0.1017366498708725,0.0442244373261928,0.0570651739835739,-0.030984092503786,0.1023915484547615,0.0290001928806304,-0.083624929189682,0.0850774347782135,-0.0004775952547788,-0.0235555917024612,0.1233228966593742,-0.0800555869936943,-0.0321221984922885,0.0886601060628891,0.0711957961320877,-0.0368429124355316,-0.0634239912033081,0.0215152651071548,-0.0927868485450744,-0.1234174370765686,-0.0635119900107383,0.0575872920453548,-0.1039611846208572,0.0654189214110374,0.0419904477894306,-0.0479754880070686,0.0937985628843307,0.0712992548942565,-0.1094332784414291,0.0897294282913208,0.1117414683103561,0.1018757224082946,0.103123553097248,-0.1115185916423797,0.0839963033795356,-0.023895202204585,0.0407683663070201,0.0994283035397529,-0.1022730246186256,0.0525118820369243,0.1146589145064354,0.1021363735198974,0.0537220686674118,0.096734806895256,0.10471673309803,-0.1149421706795692,0.1095100566744804,-0.1087844595313072,0.0497804060578346,-0.0140201151371002,0.0317768231034278,-0.0517472997307777,0.1007249429821968,-0.1008506491780281,-0.1147044524550437,-0.1051578223705291,0.104397639632225,-0.0862444415688514,0.1149072796106338,-0.0950842276215553,-0.1113233789801597,-0.0315273329615592,0.1139672622084617,-0.0977563932538032,0.0964143350720405,-0.1131129562854766,0.114508993923664,0.1037743091583252,0.0464196316897869,-0.1130575388669967,-0.0846019312739372,-0.0989953652024269,0.109091117978096,0.0906054750084877,0.0140197724103927,-0.0842772722244262,-0.096081718802452,-0.0208797510713338,-0.0487109459936618,0.045321874320507,0.0926810055971145,0.0683199241757392,0.0055294292978942,-0.1144389808177948,-0.1101504862308502,0.0707726553082466,0.0643395483493805,0.099041648209095,-0.1138266697525978,0.0747671872377395,0.1141663491725921,0.0628845393657684,-0.1019403338432312,-0.1106349155306816,0.0613617412745952,0.0545812509953975,-0.1137161925435066,-0.0239291656762361,0.0096151335164904,-0.1128913462162017,-0.0961097702383995,0.0474662706255912,-0.1077713593840599,0.0961362272500991,0.052631065249443,0.0105134490877389,-0.0996380075812339,-0.1132621467113494,0.1136499196290969,0.104707546532154,0.0625155121088028,0.1096868067979812,0.0058812415227293,-0.048493955284357,0.1106242313981056,-0.0687097683548927,0.1125266328454017,-0.0601541586220264,-0.1109681874513626,0.0365442633628845,-0.1148148626089096,0.0978260859847068,-0.1084595620632171,0.1111430153250694,0.0042195660062134,0.0608657971024513,0.028481425717473,0.111258253455162,-0.0340205505490303,-0.0063404655084013,0.0421406514942646,0.1142760440707206,-0.061695110052824,-0.1079954504966735,0.1097707748413086,-0.0531266443431377,0.086145207285881,-0.1130742728710174,0.0372697077691555,0.0041056061163544,-0.0981578379869461,0.1117847114801406,-0.1114362105727195,-0.1030770018696785,0.0889309644699096,-0.114937700331211,-0.0097674494609236,0.1116650477051734,0.1125503703951835,-0.0997551009058952,-0.0425374656915664,0.1064374223351478,0.0872913151979446,-0.0857536494731903,XQNPXLCCTHGBRO-UHFFFAOYSA-N,O=C(O)c1cn(C2CC2)c2c(cc(F)c3c4ccc(F)cc4[nH]c32)c1=O
-0.0871510058641433,-0.1027884483337402,-0.10279031842947,-0.0914675146341323,-0.0914179235696792,0.0929973423480987,-0.0393157787621021,0.0820555984973907,-0.0894517749547958,0.092185728251934,0.0933323502540588,0.094793364405632,-0.0081390459090471,-0.1014947742223739,-0.0964399501681327,-0.1012592390179634,0.1020187363028526,-0.1027743592858314,-0.1003407686948776,-0.0610382333397865,0.1027241423726081,-0.1010391414165496,-0.0687111467123031,0.0359654054045677,-0.0569153651595115,0.1022897213697433,0.0968748182058334,0.0971291661262512,0.0931395888328552,-0.1027720719575882,0.1027085110545158,0.0457710660994052,-0.1010515689849853,0.0524363592267036,0.085996001958847,-0.0967162176966667,-0.0880421921610832,0.1020058989524841,-0.1027761399745941,0.0979184880852699,0.093632087111473,-0.1027905568480491,0.1027906015515327,0.1019104719161987,-0.0091811018064618,-0.0287124272435903,-0.0343324579298496,0.0991740301251411,-0.1027887091040611,0.0078501030802726,-0.1027856320142746,-0.008603548631072,0.1027906090021133,0.1026573330163955,0.1026298403739929,0.078494481742382,-0.1026956066489219,0.1026761829853057,-0.1027313768863678,-0.0692491829395294,0.0610744506120681,0.0789423063397407,0.1024927198886871,0.1027793064713478,-0.1027259454131126,0.1027538105845451,0.0832948014140129,0.0964268669486045,-0.1023113951086998,0.102672554552555,0.0975527912378311,-0.1027742847800254,-0.1017592027783393,0.1003138273954391,0.0466952472925186,-0.0940971672534942,-0.0040145143866539,-0.100886769592762,0.0955713391304016,0.1025406122207641,-0.1026525273919105,-0.081053502857685,-0.0304735451936721,-0.0013187488075345,0.0133437560871243,-0.1027891486883163,0.0559683740139007,-0.1026831790804863,0.1027491018176078,-0.102713942527771,-0.0003028690116479,0.0714181214570999,0.102753072977066,0.090146318078041,0.1027906388044357,0.0986268743872642,-0.1023579314351081,0.1027866378426551,-0.1012788191437721,-0.0952951684594154,0.0974212363362312,-0.084138810634613,0.1000111848115921,-0.1020181998610496,0.1011996641755104,0.0251811649650335,-0.1027674153447151,0.08747149258852,-0.0728385969996452,0.0216677766293287,0.102040022611618,-0.1016887202858924,0.0826102942228317,0.1027865260839462,0.0980425924062728,-0.1013336777687072,-0.1006297320127487,0.1005328446626663,-0.1027606278657913,0.0161889307200908,0.1022429391741752,0.0782471075654029,0.002501229988411,-0.0893506482243537,-0.0752499550580978,-0.0900057703256607,0.0596941858530044,-0.1011642590165138,-0.1013531386852264,-0.0988986045122146,-0.0901870876550674,-0.083205759525299,-0.0924206972122192,0.1011293083429336,-0.0800738185644149,0.099650502204895,-0.0971042290329933,-0.0752393901348114,-0.1013539135456085,-0.101182647049427,0.008393838070333,0.1013162806630134,0.1008567959070205,0.1012693792581558,0.0802496522665023,-0.1008953750133514,0.1011323556303978,0.1013413667678833,0.0996318459510803,0.0979695543646812,-0.0390207357704639,0.1013543084263801,0.0979562699794769,0.0156195033341646,-0.0310040116310119,-0.100753404200077,0.0999705120921135,0.027856545522809,-0.1011381819844245,0.1013367176055908,0.101352110505104,0.0998008698225021,-0.0871677249670028,-0.1012721434235572,0.1013525649905204,0.0310016255825757,-0.0835368782281875,0.101352572441101,0.0832555890083313,-0.1013228371739387,0.0911469832062721,-0.1012562066316604,-0.0975131317973136,0.1010507196187973,0.0080890031531453,0.0841543823480606,0.1013531759381294,0.0765367373824119,-0.0858511701226234,0.1013275831937789,0.0833514183759689,0.1013538688421249,0.0342846922576427,-0.0822539702057838,0.100348062813282,0.0974072739481926,0.1010975614190101,0.1013534069061279,0.0938328951597213,-0.0231117643415927,0.0589743852615356,0.0973398610949516,0.0430411882698535,-0.0952470228075981,0.1008171886205673,0.100502885878086,-0.1013543084263801,-0.0948304384946823,0.0536140277981758,-0.1004485934972763,-0.1010563820600509,0.1013543158769607,-0.1012374460697174,0.1013517454266548,0.054516140371561,0.0024501711595803,0.1001306921243667,-0.0146702257916331,-0.0959707573056221,0.0807578265666961,-0.0613317415118217,0.0781919136643409,-0.1013455614447593,0.1008712723851203,0.08808034658432,-0.0662596002221107,-0.0775191485881805,-0.0999660938978195,0.097779132425785,-0.0900447219610214,-0.0766750276088714,-0.1010931059718132,0.0680648311972618,0.0115507086738944,0.1008700877428054,0.1008405163884162,-0.1013297438621521,0.0985935032367706,-0.100209541618824,-0.0988919362425804,-0.0546089671552181,0.0945691838860511,0.1013289466500282,-0.0178954489529132,0.1008731350302696,-0.1009502410888671,0.0973354429006576,-0.0383283048868179,0.1007080972194671,-0.0919803157448768,0.098087377846241,-0.1013373732566833,-0.0787804648280143,-0.0988763272762298,-0.0562478266656398,-0.0998599529266357,0.1009186133742332,-0.1001258268952369,-0.0554053969681263,-0.0969033688306808,0.0974079668521881,-0.0245483312755823,-0.0964411795139312,0.101354070007801,0.1013488173484802,0.0878139063715934,0.0940934419631958,0.0941192284226417,-0.0940001755952835,0.0941105037927627,-0.0941193327307701,0.0941190794110298,0.0938768088817596,-0.0941193178296089,-0.0941167399287223,0.0817987769842147,0.0940754488110542,-0.0940639153122901,0.0928330719470977,0.0941144675016403,-0.088886022567749,0.0939995124936103,-0.0941193327307701,0.0941191017627716,-0.0941192954778671,-0.0275363102555274,-0.0941009446978569,-0.0940430983901023,-0.0941193327307701,-0.0684850141406059,0.0939770638942718,-0.0917958468198776,-0.0941186621785163,-0.0360003672540187,-0.0734258145093917,0.0941056758165359,-0.0941193103790283,0.0781269744038581,-0.0941193178296089,-0.0920390710234642,-0.0941123887896537,0.0069973682984709,0.0160095859318971,0.0941167175769805,0.0940907076001167,0.0937489420175552,-0.0610867775976657,0.0296461284160614,0.0941185355186462,-0.0938931927084922,-0.0941192954778671,0.094062365591526,-0.0940995588898658,-0.0773719251155853,-0.0940691381692886,0.0935278236865997,0.0940423905849456,-0.0932693630456924,0.0570584908127784,0.0941139534115791,0.0699099600315094,-0.0941185280680656,0.0941192507743835,0.0941193029284477,-0.0921452119946479,0.0940834134817123,0.0941193327307701,0.0941066667437553,-0.0931586697697639,0.0917688906192779,0.0936935171484947,0.0941118076443672,0.0939647927880287,-0.0941175296902656,-0.082901731133461,0.0936300009489059,-0.0657064840197563,0.0941193327307701,0.0939524546265602,-0.0941077023744583,0.0941183194518089,0.0926247984170913,0.0941192656755447,0.0532664805650711,0.0941192954778671,-0.091314822435379,0.0747540369629859,-0.0941185504198074,-0.090547576546669,0.0759963244199752,0.0940665677189827,0.0941192954778671,0.0941193178296089,0.0936983898282051,0.0926747918128967,0.0940853357315063,-0.0941193178296089,-0.0941192284226417,0.0569280311465263,0.0916308909654617,-0.0941192358732223,0.0933977663516998,-0.0923217982053756,-0.0937437340617179,-0.0941164642572403,0.0494763441383838,0.0939040631055831,-0.094118483364582,0.0941112339496612,0.0934005379676818,-0.0930934026837349,-0.0912632867693901,0.0866897404193878,0.0941193327307701,-0.093959130346775,-0.0827808827161789,-0.0598184689879417,-0.0941164419054985,-0.0898331776261329,0.0783711448311805,-0.0915267467498779,0.0941191166639328,0.0371345877647399,0.0941193178296089,-0.0939508453011512,-0.0782805606722831,0.0927229672670364,0.0940936878323555,-0.0941054299473762,0.0941192060708999,0.0941191688179969,0.0894982293248176,0.0930752679705619,0.094119094312191,0.0901912450790405,-0.0717839524149894,-0.0892079174518585,-0.0897838100790977,0.0901771634817123,0.0902370512485504,-0.0902448445558548,-0.0892323479056358,-0.0902477204799652,-0.0901752635836601,-0.0902195051312446,0.0901298522949218,0.0889399349689483,0.090255282819271,0.0902541205286979,-0.0902581885457038,-0.0095249563455581,0.0902590975165367,-0.0902564749121666,0.0902586802840232,0.0897824838757515,0.0901505276560783,-0.0902509912848472,-0.0902591049671173,-0.0902588665485382,0.0901962593197822,-0.0895198062062263,0.0902593806385994,0.0902593955397605,-0.088935263454914,0.0882645547389984,-0.0902483537793159,0.0899646580219268,0.0902547240257263,-0.089061789214611,0.089983157813549,0.0895711258053779,-0.0872898250818252,-0.0902585163712501,0.0901912897825241,0.0902580767869949,0.0854895338416099,0.0878631323575973,0.0866777226328849,0.0899876579642295,0.090259239077568,0.0902128145098686,0.090256430208683,0.0899934768676757,-0.0876938998699188,-0.0894704237580299,0.0901728793978691,-0.0902578309178352,0.0902593657374382,-0.0822833403944969,0.0902425870299339,-0.0902564078569412,0.0902582630515098,-0.0902568027377128,-0.0901607722043991,-0.0844164192676544,0.0902216508984565,-0.0902420207858085,0.0899240598082542,0.0902593657374382,-0.0859570875763893,-0.0899613201618194,0.0775750502943992,0.0901091694831848,0.0621344782412052,-0.0902555584907531,0.0902364253997802,0.0888537913560867,0.0902429968118667,-0.0902583077549934,0.0902555584907531,0.0902593359351158,0.0857136398553848,-0.0900435820221901,0.0894848331809043,0.0902593880891799,-0.08781298995018,-0.0843525528907775,-0.0900720283389091,-0.0901522561907768,0.0902419984340667,0.0875307992100715,-0.090259276330471,-0.0033102291636168,0.0885386168956756,0.0900387987494468,0.0901552811264991,-0.090247206389904,-0.0900271013379097,0.0897943452000618,0.0902590602636337,0.0901959165930748,0.087946206331253,0.0885122194886207,0.0902542471885681,-0.0898637399077415,0.0896883830428123,-0.0864048972725868,-0.0901358649134635,0.0902516543865203,0.088421382009983,-0.090258777141571,0.0902586504817009,0.0901850014925003,0.0896708145737648,-0.0901761502027511,0.0902558639645576,0.0814424082636833,-0.0886346101760864,-0.0902561321854591,0.0902456119656562,0.0902500003576278,0.090137742459774,-0.0902593955397605,-0.0902593955397605,0.0901320949196815,-0.0901266634464263,-0.0899016410112381,0.0854836627840995,0.0901455134153366,0.0902524441480636,0.0902415737509727,-0.0902507826685905,0.0799722373485565,-0.0649130344390869,0.0970674231648445,0.0550474114716053,0.1478459388017654,0.1337393373250961,0.1133369132876396,-0.0253914482891559,-0.0066866464912891,0.1274693310260772,0.0821891650557518,0.1402839869260788,0.1327107697725296,0.0511485449969768,0.1069751605391502,-0.0385708734393119,-0.1100801080465316,0.0184715930372476,-0.1303426623344421,0.1230965331196785,-0.0138940466567873,-0.0659550353884697,-0.069610022008419,0.1239852234721183,0.0326964929699897,-0.1012266352772712,-0.1229956597089767,0.1410024166107177,-0.0449459552764892,0.1235210746526718,0.0793654322624206,-0.1428871601819992,0.1318927705287933,-0.1169938892126083,0.059259794652462,0.0531348846852779,0.0932288989424705,-0.1363898962736129,0.0905215814709663,-0.0861362889409065,0.0013408790109679,-0.0236886441707611,-0.1525151580572128,-0.0865098014473915,0.1186432093381881,0.152362510561943,-0.137935534119606,-0.0571351088583469,-0.0869550034403801,0.0082086371257901,-0.0723154246807098,-0.0924073755741119,0.0397351905703544,-0.0538811050355434,-0.0555933974683284,-0.0809898078441619,-0.1164887323975563,-0.0271265059709548,0.100745752453804,-0.0877347290515899,0.0723888874053955,0.130505695939064,-0.1324721723794937,-0.0536582358181476,-0.0500495098531246,0.0617746748030185,0.0658208355307579,0.0910329595208168,-0.0942770540714263,0.0437542162835598,-0.0141459517180919,-0.086276926100254,-0.1477949619293213,-0.0890645161271095,0.1433920115232467,0.0085913324728608,0.0545577071607112,0.0013654152862727,0.0378326475620269,0.0540049262344837,0.1404543220996856,-0.0555859170854091,-0.0855899527668953,0.1523321121931076,0.1166165024042129,0.0856008306145668,-0.0536618456244468,-0.0520721599459648,-0.1052299067378044,-0.0601344630122184,-0.0672163590788841,0.091550312936306,-0.149140253663063,-0.0502513237297534,0.1544725894927978,-0.0316843837499618,0.0349487662315368,0.0029175893869251,0.0631919354200363,0.0140657750889658,0.0379438214004039,0.0376652777194976,0.1098901554942131,0.0721203461289405,0.0309494622051715,-0.0633147954940795,0.1030698716640472,-0.0028912012930959,-0.0475720465183258,-0.068000890314579,-0.1106590628623962,0.0231749732047319,0.1522434502840042,-0.0861948728561401,-0.0326315611600875,0.021022081375122,0.0696553289890289,0.0457005873322486,0.0094765797257423,0.0902154520153999,-0.1239264085888862,-0.1407184451818466,0.0505224876105785,-0.0091269165277481,-0.0568320639431476,-0.0054300739429891,0.0436972938477993,-0.0570479109883308,0.109422855079174,0.0376145504415035,-0.1090397164225578,0.0900106057524681,0.1110447943210601,0.1085453182458877,0.1010587438941001,-0.1049673780798912,0.0376269444823265,0.0550901666283607,-0.0113419257104396,0.1110007688403129,-0.1091522872447967,0.0813127309083938,0.1113818511366844,0.0779899582266807,0.083529032766819,0.1098796501755714,0.1109549701213836,-0.1114697009325027,0.1101037710905075,-0.1086065247654914,0.0637285038828849,0.0119647867977619,0.0252480935305356,-0.073241963982582,0.1028646379709243,-0.0999791249632835,-0.1114690080285072,-0.098325990140438,0.1099771559238433,-0.0809111297130584,0.1114677116274833,-0.0591364577412605,-0.1113384589552879,-0.0986987203359603,0.1108591929078102,-0.0777172669768333,0.100200168788433,-0.1108380779623985,0.1111312061548233,0.0935872718691825,0.0686358287930488,-0.1099831089377403,-0.0778125151991844,-0.0609648115932941,0.1104539111256599,0.0609389208257198,0.0554444268345832,-0.1071517020463943,-0.080709308385849,0.0146572962403297,-0.0048133200034499,-0.0312044247984886,0.0715381503105163,0.0967364981770515,0.0136576276272535,-0.1114286631345748,-0.11142348498106,-0.0275611039251089,0.0402846708893775,0.0590846203267574,-0.1113068461418151,0.0937253981828689,0.1108216047286987,0.026882329955697,-0.1014015302062034,-0.109556071460247,0.0163001269102096,-0.0468660779297351,-0.1108211800456047,-0.0916749909520149,-0.0290988683700561,-0.1073661148548126,-0.0645166113972663,0.0311574209481477,-0.0977429971098899,0.1048391461372375,0.0513078570365905,0.0674676969647407,-0.1100351214408874,-0.1104362830519676,0.1112003251910209,0.1074240207672119,0.1002719029784202,0.1094566136598587,-0.0737304538488388,0.0283523853868246,0.1109232306480407,-0.1028734296560287,0.1113528683781623,-0.066917136311531,-0.1048659309744834,0.046910997480154,-0.1113856807351112,0.0656991824507713,-0.1054281294345855,0.1097943484783172,0.0996652171015739,0.0673951283097267,-0.0293097961694002,0.1107156425714492,-0.1030629426240921,-0.0742388144135475,0.0609061457216739,0.1107330918312072,-0.0900974199175834,-0.1096699684858322,0.1064518541097641,-0.0144606167450547,0.0778900161385536,-0.1086455136537551,0.058518785983324,-0.0673305168747901,0.0553182289004325,0.0811687037348747,-0.104538969695568,0.0351388230919837,0.0797960609197616,-0.1114704310894012,-0.0536377541720867,0.1087279394268989,0.1100463792681694,-0.0637007430195808,-0.0620977357029914,0.110562115907669,0.0931146293878555,-0.1027300953865051,ZHKOPMSOBOQYRH-UHFFFAOYSA-N,CC1CN(c2c(F)cc3c(=O)c(C(=O)O)cn(C4CC4)c3c2F)CCN1
-0.0979553908109664,0.0766008347272872,0.0979503020644187,-0.0980147570371627,-0.0980129092931747,0.0980135351419448,0.0863872691988945,-0.0947471186518669,0.0956125631928443,-0.0977958142757415,-0.0810614302754402,-0.051614299416542,0.0979682207107544,-0.0836301892995834,0.0978514477610588,0.0901087895035743,0.0754802525043487,0.0976529046893119,-0.0930364578962326,-0.005823453888297,-0.0975061729550361,0.0669628083705902,-0.0980152264237403,-0.0068726437166333,0.0980149134993553,0.0978359431028366,0.0491807572543621,0.0701575949788093,0.0707764253020286,-0.0960440635681152,-0.0980034694075584,0.0980152264237403,-0.093508556485176,0.0980152115225792,-0.0976882502436637,-0.0978311523795127,-0.0979942753911018,0.0978283360600471,0.097990944981575,-0.0688277333974838,0.0101727480068802,0.0979058817028999,0.0980150774121284,-0.0883176252245903,0.0979789793491363,0.0962962359189987,-0.097998596727848,-0.0976526737213134,-0.0959004610776901,0.0955410152673721,0.0918711498379707,0.0978516638278961,0.0978751331567764,-0.0966787040233612,-0.0977041646838188,-0.085664264857769,-0.098015196621418,0.0902273878455162,-0.0979272723197937,0.0597357749938964,0.0955541357398033,0.0954670459032058,0.0905276834964752,-0.0837981849908828,0.0972418636083602,-0.0980125069618225,-0.097186841070652,-0.0980097651481628,0.0899287015199661,0.075032465159893,0.0978606045246124,0.0980150625109672,0.071573905646801,-0.0980139747262001,-0.0978421345353126,0.049871627241373,0.0540543608367443,0.097997061908245,0.0957803800702095,-0.0980152115225792,-0.0979994609951973,0.0973895788192749,0.098014973104,0.0980127900838851,-0.0495042279362678,0.0979685336351394,-0.0980152040719986,-0.0973794013261795,0.0979216620326042,-0.0980104207992553,-0.097320407629013,-0.0976856425404548,-0.0931107923388481,-0.0980152115225792,-0.0980152115225792,-0.0980020314455032,-0.0980151295661926,0.0860569924116134,0.0609055757522583,0.096998430788517,0.0490303263068199,-0.0670573860406875,0.0783055946230888,-0.097684770822525,-0.095865897834301,0.0968249812722206,-0.0085167437791824,-0.0979378297924995,-0.0182766895741224,0.0980150699615478,0.0960185304284095,-0.0850859656929969,-0.0348798409104347,0.0979425311088562,0.0979355722665786,0.0574402436614036,-0.0823157951235771,-0.0167347677052021,-0.0980151891708374,0.0980145260691642,-0.0611924901604652,0.050238698720932,-0.0955025553703308,0.0979998186230659,0.0782545059919357,0.0737968608736991,0.0980099886655807,-0.0979564115405082,0.0752519965171814,-0.094717800617218,0.0023434029426425,0.0974165499210357,0.0957857221364975,0.0974410474300384,0.0066087492741644,-0.0974240601062774,0.0974409952759742,-0.0040026283822953,0.0973211973905563,0.0974288508296012,-0.0966900140047073,-0.0963105633854866,0.0974372774362564,-0.0974410474300384,0.0974067598581314,-0.0911057516932487,0.0974392667412757,-0.0974014550447464,0.0974410474300384,0.0445552580058574,-0.0974160581827163,-0.0624842196702957,0.0966725200414657,0.039390679448843,0.0973714441061019,-0.0952544659376144,-0.0974402502179145,0.086905613541603,-0.0974400043487548,-0.0585013143718242,-0.0365585908293724,0.0972875282168388,0.0974410474300384,0.0973856002092361,0.0972863957285881,-0.0974410399794578,0.0974410474300384,0.0626377016305923,0.0958600938320159,0.0939046293497085,0.0974405631422996,0.0974402353167533,-0.0485931076109409,-0.088773712515831,0.0740042701363563,-0.0520889945328235,-0.0974397361278534,-0.0007997403154149,0.0973771065473556,-0.097440980374813,0.096974678337574,-0.0974410474300384,-0.0937256813049316,0.097299076616764,0.0974410474300384,-0.0974410474300384,-0.0974410474300384,-0.0972201079130172,-0.0974405109882354,-0.0974409729242324,-0.0974407121539115,0.0931543037295341,-0.0974410250782966,-0.0974410474300384,-0.0974410474300384,0.0673952400684356,-0.0973660051822662,-0.0974090173840522,0.0974410474300384,-0.0974280387163162,0.0973675623536109,-0.097439594566822,-0.0974408909678459,-0.097436748445034,0.0974410399794578,-0.0974410474300384,-0.0689581483602523,-0.0971624255180358,0.0974410474300384,0.0941399708390235,0.0973841324448585,-0.0974410474300384,-0.0974002256989479,0.0966561362147331,-0.0974410474300384,0.0576580539345741,0.0974251627922058,0.0966489389538765,-0.0966712459921836,0.0188245046883821,-0.0076217255555093,0.0974410474300384,-0.0973809733986854,0.0778797715902328,-0.0974402725696563,-0.0974143519997596,0.0256456490606069,0.0973754897713661,-0.0956097617745399,0.0532537139952182,-0.0957451686263084,-0.0771237537264823,0.0888190269470214,-0.0974410474300384,0.0335981138050556,0.08167564868927,-0.0968860760331153,-0.0973727107048034,0.0974316224455833,0.0972771197557449,-0.0974314138293266,-0.0974014103412628,-0.0941563844680786,0.0654611065983772,-0.0307763032615184,0.097222201526165,-0.0533156208693981,0.097317136824131,-0.0974410474300384,0.0857419073581695,-0.0974410474300384,0.0963798463344574,-0.0619330666959285,0.0932843387126922,-0.0974370911717414,-0.0757223442196846,-0.0520603954792022,-0.1004714965820312,-0.0711004883050918,-0.100397914648056,0.1032558158040046,-0.1032544746994972,0.09967852383852,-0.1030618622899055,-0.102912314236164,0.0511376038193702,-0.0886840224266052,-0.0440518371760845,-0.0129763185977935,-0.0879068374633789,0.0782316178083419,0.09137524664402,0.103052906692028,-0.0693048685789108,0.0945146009325981,0.1024854406714439,-0.1032544001936912,-0.0967883244156837,0.102658212184906,-0.0247852578759193,0.0758895948529243,0.0845169425010681,0.0964130759239196,0.1031727567315101,0.0418987274169921,-0.0838166400790214,0.0993447750806808,-0.0956008434295654,0.1032114624977111,-0.103257231414318,0.0323482081294059,-0.1031943410634994,0.1016704812645912,-0.0962556973099708,0.0767083615064621,-0.1032572016119957,0.1009152382612228,0.1028552502393722,-0.1032418608665466,-0.1031930074095726,-0.0783573761582374,0.0985464230179786,-0.0789036005735397,-0.1032559722661972,0.0473303236067295,-0.1027650386095047,0.0855378583073616,0.093119204044342,-0.1024701446294784,-0.0747931376099586,-0.0926448553800582,0.103022277355194,-0.0975245386362075,-0.0993482545018196,0.0373987592756748,0.1032025441527366,0.0922043099999427,0.1031036078929901,0.1032572984695434,0.0949939489364624,0.1032296195626258,0.0888590067625045,0.1023590937256813,-0.0984273999929428,0.1024851724505424,-0.0380709320306777,0.0937111973762512,-0.0972998663783073,-0.0283896550536155,0.1032550707459449,-0.0380515828728675,-0.103120356798172,0.1014073491096496,-0.1019333079457283,-0.1009574085474014,-0.1027793958783149,-0.0743338987231254,0.1005246862769126,-0.06820610165596,0.1023108884692192,0.0312133841216564,0.1032514572143554,0.1032563149929046,0.1011334434151649,0.0913205668330192,0.0939899981021881,0.1031045466661453,-0.0481272302567958,0.0985438302159309,-0.1031514704227447,-0.1026016026735305,-0.0353602729737758,0.1015790849924087,0.0812447443604469,-0.0573548227548599,-0.0354005917906761,-0.1027334034442901,0.0689486488699913,0.0593701191246509,0.0120763117447495,0.1032562628388404,-0.0459057800471782,-0.007046403363347,-0.0973814874887466,-0.1025031805038452,-0.102774940431118,-0.1006121411919593,0.0756045132875442,0.1022248938679695,-0.0995613932609558,0.1032572537660598,-0.0326293259859085,-0.1031437888741493,-0.0495691783726215,0.0490913726389408,0.1029694080352783,-0.1032509207725524,-0.0998586490750312,0.0998181253671646,-0.1032570376992225,-0.1032541692256927,-0.1028346046805381,0.0001529352448415,-0.0081755882129073,-0.0974855795502662,0.0952982380986213,0.0963153168559074,-0.0910340473055839,0.0958264023065567,-0.0981251969933509,-0.0135444132611155,-0.0780980587005615,0.0981060713529586,0.0967084318399429,-0.0971818193793296,-0.066523402929306,-0.0565276592969894,0.0340436808764934,-0.0835196748375892,-0.0980922430753707,-0.0957385301589965,0.0978503227233886,0.0803439691662788,-0.071015328168869,0.0587290190160274,0.0383647866547107,0.0911557674407959,0.0886085405945777,0.0974166691303253,0.0923030152916908,0.0943062156438827,-0.0807405188679695,-0.0428510122001171,-0.0981408357620239,-0.0975316315889358,0.0672366693615913,-0.0981394425034523,0.0981338694691658,0.0978704690933227,0.0963924676179885,0.0979285687208175,0.0977409780025482,0.0981425568461418,0.0978137776255607,0.0980944707989692,0.096528835594654,0.0978912562131881,-0.0981143563985824,0.0974061489105224,-0.0888444781303405,-0.0975387617945671,-0.0961499586701393,0.0887185260653495,0.0972016155719757,0.0741274878382682,-0.0258629694581031,-0.0684703513979911,-0.0968126282095909,0.0968669056892395,0.0693155750632286,0.0929194837808609,0.0981362089514732,0.0976034477353096,-0.0952776968479156,-0.0843861997127533,-0.0980924218893051,0.09320879727602,-0.0980834513902664,0.0975011959671974,-0.0559393428266048,0.0549392476677894,-0.0981394350528717,0.0827393159270286,0.0972190871834755,0.0963152572512626,-0.0981274023652076,-0.0134653272107243,0.0706179365515708,0.0945008620619773,0.0918907150626182,0.0980065837502479,-0.0369537211954593,-0.0910864174365997,0.0797555893659591,-0.0028959463816136,0.0981363207101821,-0.0749984160065651,-0.0981406643986702,0.098118707537651,0.098135620355606,-0.0980890467762947,0.0981409698724746,0.0976890176534652,-0.0981017649173736,-0.0970207527279853,0.0981424152851104,-0.0969584062695503,-0.0694718733429908,-0.0939750224351883,0.0900675356388092,0.0953997820615768,0.0970126315951347,-0.0980705767869949,0.0743364691734314,0.098002552986145,-0.0977855175733566,0.0980212613940239,-0.0981195569038391,-0.0855198726058006,0.0980929508805275,0.0980535820126533,0.0860140025615692,0.0953291803598404,-0.096382588148117,0.0981012359261512,-0.0970470905303955,-0.0981377363204956,-0.0961005464196205,-0.0118873687461018,0.0837048962712287,-0.087463341653347,0.0699026361107826,-0.0979432389140129,-0.098096415400505,-0.0701446607708931,-0.0916228890419006,-0.0780759453773498,0.0979080647230148,-0.009120219387114,-0.096831128001213,0.0981329455971717,-0.0978261530399322,-0.1027195826172828,-0.1031597107648849,-0.029422452673316,-0.1030874401330947,-0.1030153185129165,0.0059044081717729,-0.0836552754044532,-0.0373125523328781,-0.1031451746821403,0.0160909257829189,0.1035333648324012,-0.1022202372550964,0.1009068936109542,0.0727108418941497,0.1034326255321502,-0.1031208038330078,0.1031885743141174,-0.1018704250454902,-0.0219092555344104,-0.1001975685358047,-0.0632925555109977,-0.1013629138469696,0.1010778844356536,-0.0947951525449752,0.1034581810235977,0.0967755615711212,-0.0933381095528602,-0.102386325597763,-0.0804584473371505,-0.0833791196346283,-0.041478831321001,0.1035417392849922,-0.0683656707406044,-0.094772845506668,-0.1032042503356933,0.0037403416354209,0.095280185341835,-0.0879640504717826,-0.0981678888201713,-0.0291172936558723,-0.0775140449404716,0.1017361730337143,0.103301927447319,0.1028697937726974,-0.0812799334526062,-0.0424570813775062,0.1032768487930297,0.066525787115097,0.099912904202938,0.097026452422142,-0.1023470684885978,-0.0869190692901611,0.1034150049090385,0.0371281318366527,-0.0185638181865215,0.0889636650681495,0.1025805473327636,-0.1025818213820457,0.0713132321834564,0.1018113121390342,0.1035417765378952,0.0992602258920669,-0.0867864564061164,-0.1034357696771621,-0.0913532450795173,-0.0478388518095016,-0.078931875526905,-0.0837675482034683,0.0524059049785137,-0.0916439965367317,0.0580164566636085,-0.0805180817842483,-0.0441999286413192,-0.1031621173024177,0.0551794841885566,0.102851964533329,0.0935189351439476,-0.0734203606843948,-0.1034274473786354,-0.1022128388285636,-0.1026307791471481,0.0869348794221878,-0.0927059799432754,-0.1033643335103988,-0.1020188704133033,-0.1034902855753898,0.0756498128175735,0.102642111480236,-0.1033834591507911,0.1035396009683609,0.1034429892897605,-0.1026706025004386,0.1034232527017593,0.1028463244438171,0.0140051823109388,-0.1023774370551109,-0.1025323793292045,0.1033530235290527,0.0145605197176337,0.1024756655097007,0.1035577058792114,0.0822571143507957,-0.0975463911890983,0.0977981239557266,0.0253545548766851,-0.0999132394790649,-0.1034933850169181,-0.054781436920166,0.0041435407474637,0.075036309659481,0.1032697558403015,-0.1030278354883194,0.0974909365177154,0.0809862613677978,0.1018411144614219,-0.1032341495156288,-0.103137657046318,0.1031276136636734,-0.0854482725262641,0.0411947928369045,-0.1005533710122108,-0.0031949277035892,0.0997934192419052,-0.1019079610705375,0.0987764075398445,0.1034539192914962,0.054563608020544,-0.0820045992732048,-0.0881295725703239,-0.0945305526256561,0.0926370844244957,-0.0916226580739021,0.0840371623635292,0.079839140176773,0.0934660658240318,-0.0845292061567306,0.0359153039753437,-0.0684090405702591,0.0627337545156478,-0.0157249867916107,0.0742527693510055,0.0936923623085022,0.0884943902492523,-0.0947044119238853,0.0946279242634773,-0.0939896330237388,-0.0946064442396164,0.0929238423705101,-0.0895796939730644,-0.0933933183550834,0.0906754583120346,0.0775081068277359,0.0893255099654197,-0.0943524688482284,0.0680910646915435,-0.0934554189443588,-0.0724207013845443,-0.0903631299734115,-0.0917120799422264,0.0950292572379112,-0.0307916402816772,0.0882586687803268,-0.0949431583285331,0.0914035513997078,-0.0933718681335449,0.0919461026787757,0.0601448602974414,0.0949544161558151,0.074704386293888,0.0948260948061943,0.0628250762820243,0.0940117910504341,0.0941397845745086,-0.0915525034070015,0.0738946124911308,-0.0950480103492736,-0.0944195017218589,-0.0588140189647674,-0.0942386239767074,-0.0934201776981353,-0.0804884955286979,0.0929018333554267,0.0934016332030296,-0.0926654264330864,-0.0927159413695335,-0.0948456451296806,0.0934909358620643,0.0939566195011138,-0.0892203599214553,0.0944579914212226,0.0949769541621208,-0.0895458906888961,0.0949735939502716,-0.0932916030287742,0.0917901173233985,0.0529617890715599,-0.0867917537689209,0.0948098301887512,-0.0919093191623687,0.0938222557306289,-0.0913212224841117,0.0950201451778411,0.0949979871511459,0.0862034931778907,0.0869045108556747,-0.0950359925627708,0.088808350265026,0.092067040503025,-0.0919761210680008,0.0939892828464508,-0.0948908105492591,-0.0946979150176048,-0.0939578860998153,-0.0942676737904548,-0.0894181132316589,0.0895741730928421,-0.0949454829096794,0.0949503257870674,-0.0823525786399841,0.0857480987906456,-0.0945528745651245,0.0791818425059318,0.0945556536316871,-0.0949834287166595,0.0906525254249572,-0.0946346148848533,0.0745464339852333,-0.0936749204993248,-0.0930854976177215,-0.0946022421121597,-0.0878503769636154,-0.0949717089533805,-0.0888275653123855,0.0941059291362762,-0.0899561867117881,0.0950138568878173,-0.0936155766248703,-0.0928124785423278,-0.0925720185041427,-0.0915058106184005,0.0940562412142753,0.0455363281071186,-0.0940014794468879,-0.0950331166386604,0.0941966623067855,0.0941749587655067,0.0891188085079193,0.0931113809347152,-0.0442236997187137,0.0946003496646881,0.0941732972860336,-0.0874144211411476,0.092879481613636,-0.092371366918087,-0.0889318138360977,-0.0911531597375869,CESCDUQYTCBDKP-UHFFFAOYSA-N,NC(=O)c1ccc(S(N)(=O)=O)s1
-0.0345179885625839,-0.0420116074383258,0.1231892257928848,0.1153976246714592,0.0266224611550569,0.0827596560120582,-0.0698913782835006,0.083871990442276,-0.0385538674890995,-0.0753958597779274,-0.0094647957012057,-0.0627612471580505,0.1104651167988777,0.0386567078530788,0.1168068721890449,-0.0836907401680946,0.053975872695446,0.1080339401960372,-0.1204720214009285,0.1233129426836967,-0.0718214884400367,-0.0685436353087425,0.0144138447940349,-0.0398141406476497,0.0225503854453563,0.0150675885379314,-0.1201120316982269,-0.0194975920021533,-0.0139469867572188,0.0786292254924774,-0.1174034848809242,-0.0673158168792724,-0.0210472177714109,-0.0173656549304723,-0.1246948391199112,-0.0038432844448834,0.0787945613265037,0.1239405646920204,-0.0925436466932296,0.1065722182393074,-0.1248457357287406,-0.0813955962657928,-0.0942011177539825,0.069530189037323,0.1112843453884124,0.0763489156961441,-0.0669145807623863,-0.1227956265211105,0.0371112897992134,-0.0740528404712677,0.0391202010214328,0.0685699060559272,-0.0393025316298007,0.1004417836666107,-0.0069130822084844,0.111805222928524,0.0804498866200447,0.0470144152641296,-0.094304084777832,0.1138578429818153,-0.1156867817044258,0.1079327762126922,0.0610976368188858,0.1101241037249565,0.1154693365097045,-0.1196130663156509,-0.1181652694940567,0.0866749063134193,0.0037550190463662,-0.0444605648517608,-0.0856750458478927,0.1247960850596427,0.123010441660881,-0.1244424507021904,0.0129347695037722,-0.1053291782736778,-0.0986628010869026,-0.1184235140681266,-0.0830473601818084,-0.0506239421665668,-0.0416726507246494,0.1185483038425445,0.121434174478054,0.0267658755183219,0.1011316031217575,0.0914875045418739,0.1160154715180397,0.0566051937639713,-0.1123005822300911,0.0860996097326278,-0.1038068234920501,-0.0612213611602783,-0.0613792315125465,-0.018232611939311,-0.1248246356844902,0.1080414205789566,-0.1246992647647857,0.1067843213677406,0.1086417362093925,0.0606722719967365,-0.1030334830284118,0.0692613720893859,0.104987233877182,0.1240979433059692,-0.0402194373309612,-0.0968943238258361,0.1237547472119331,0.1013294458389282,-0.0743503719568252,-0.1060699969530105,0.1167320981621742,0.1239397227764129,-0.0132023869082331,-0.0368229895830154,0.1200049668550491,0.0365617685019969,-0.1180668100714683,-0.1107065826654434,-0.0745914950966835,0.004179298877716,-0.1049657315015792,0.0257039591670036,0.0481037758290767,0.1219413504004478,0.0990902259945869,0.1124096065759658,-0.0638864189386367,-0.1205722689628601,0.1202489137649536,0.1126751601696014,0.0626051500439643,0.0218609534204006,0.0385098904371261,0.0862012654542923,-0.0638661384582519,0.0053206821903586,0.0899444371461868,-0.1043425425887107,0.1071108505129814,-0.1179298460483551,-0.1167480945587158,-0.1220449805259704,0.0238513816148042,0.0393345691263675,-0.0532924607396125,0.115970455110073,-0.1207370609045028,-0.0997996851801872,-0.1202545017004013,0.0812104940414428,-0.0267629344016313,-0.1041885688900947,-0.0842178389430046,-0.1196258217096328,0.0545911081135273,0.0741588547825813,0.0359524637460708,0.0634302347898483,0.0498465821146965,-0.0801674053072929,-0.1155240759253501,0.1197444647550582,0.0961209535598754,-0.1131177768111229,0.0479360371828079,-0.0631533414125442,-0.0399205349385738,-0.0476371347904205,0.0112583870068192,0.0217390693724155,0.1118116825819015,-0.1215041726827621,0.0087176067754626,-0.1218156218528747,0.0880611613392829,0.015692776069045,-0.1124732121825218,0.1156472042202949,0.068272553384304,-0.1127232387661933,-0.1159000247716903,-0.0558074451982975,0.108112946152687,0.098905824124813,-0.026099132373929,-0.0204770509153604,-0.0538068227469921,0.0723539665341377,-0.0987517237663269,0.0242124106734991,-0.114480048418045,-0.0952596738934516,0.1196887865662574,0.0756053477525711,-0.0560898892581462,0.1049281358718872,-0.0593013279139995,0.0455136708915233,-0.1154608651995658,-0.0824427306652069,-0.1125575080513954,-0.0408397689461708,0.0430605970323085,-0.0023309520911425,-0.0945230200886726,0.0726401135325431,0.1143997982144355,0.0876052752137184,-0.1136528253555297,-0.107222206890583,0.1115233972668647,-0.1048378869891166,0.106204092502594,-0.1114340648055076,-0.0736280083656311,0.0465061068534851,-0.0446227230131626,0.0993280708789825,-0.1103896722197532,-0.1119195148348808,-0.115157201886177,0.0712291747331619,0.0642325580120086,-0.0182608924806118,0.1196265071630477,-0.1017879545688629,0.1037692278623581,-0.1061139926314354,0.1123361960053443,0.1204377934336662,0.1105274111032486,0.0731850787997245,0.0951635167002677,0.0862725302577018,0.0907154977321624,0.0933545380830764,-0.1078736409544944,0.0831887871026992,-0.1016049310564994,-0.1096468791365623,0.0174797233194112,0.1105206534266471,0.1147753819823265,-0.0198526922613382,-0.0950162336230278,-0.110633447766304,-0.0699880123138427,0.0869970545172691,0.1110176891088485,-0.0519292391836643,0.1210288777947425,-0.0061215972527861,0.0608920343220233,-0.1182869896292686,-0.0564642399549484,0.0576587803661823,-0.0790872424840927,-0.0919026285409927,0.1058219149708747,-0.0864671021699905,0.0939321964979171,-0.0706167072057724,0.1159509345889091,-0.1024295464158058,-0.0603288486599922,-0.0987079441547393,0.097784586250782,-0.0812860280275344,-0.1088392287492752,-0.0929626002907753,-0.077096089720726,0.1009991616010665,0.0968321487307548,0.0906993448734283,0.0818625539541244,-0.0465605929493904,-0.0337611436843872,0.09238251298666,0.0989757776260376,0.0680532529950141,0.0628309473395347,0.0942738279700279,0.0825540050864219,0.1161705553531646,0.1012484952807426,-0.0159088503569364,0.0533997453749179,-0.1152731552720069,0.1083568185567855,0.0042767198756337,0.0752089396119117,-0.0879464223980903,-0.1128019765019416,-0.1121876314282417,-0.0621986016631126,-0.0146121867001056,0.0785134360194206,0.1076345816254615,0.0866111293435096,-0.1028169468045234,0.1092243567109108,-0.033080730587244,-0.0940466821193695,-0.1092171221971511,0.1031883880496025,0.1014855876564979,0.0177000649273395,-0.0104792322963476,-0.1138007342815399,0.1156538352370262,-0.0768333598971366,0.1154234930872917,0.0771848931908607,0.0696869865059852,-0.1125245615839958,0.0816105231642723,-0.0352055244147777,0.079720951616764,0.1154125928878784,0.0471993722021579,0.02175273001194,-0.1023982316255569,0.0959008112549781,0.106124646961689,0.101691611111164,-0.0434952527284622,-0.1144009456038475,0.0760419145226478,-0.0938199087977409,0.11489138007164,-0.0041947434656322,-0.113004058599472,-0.0960031673312187,0.0325165130198001,0.0256282016634941,-0.0919355377554893,-0.0762706100940704,0.1113128289580345,-0.012958207167685,-0.0700153559446334,-0.1163937747478485,-0.1129670217633247,0.0909550637006759,0.0862276256084442,-0.1079033464193344,0.1066762581467628,0.1157261580228805,-0.0332980304956436,-0.1022249534726142,-0.0955770090222358,-0.0479964278638362,-0.1158352494239807,-0.100856214761734,0.1139027252793312,0.115026369690895,-0.1126052290201187,-0.1164966821670532,-0.0218715313822031,0.0585343167185783,0.1130661070346832,-0.0675527304410934,-0.0923420414328575,0.0757164284586906,0.103643886744976,0.088486447930336,0.029627164825797,0.1089110523462295,-0.01784173771739,-0.0173396170139312,-0.0117846252396702,0.1118763610720634,-0.0993112549185752,-0.0776979252696037,-0.1163208037614822,0.1165466606616973,-0.0181516092270612,-0.1113049834966659,0.1065549105405807,-0.0419257469475269,0.1126548498868942,-0.018886623904109,-0.0926225781440734,-0.0968854278326034,0.1027783975005149,-0.0703180730342865,0.09168142080307,-0.1171996742486953,0.1071579009294509,-0.0031985980458557,0.0143310464918613,-0.0393822342157363,-0.0685405135154724,-0.1070848256349563,-0.156325027346611,0.0684509500861167,-0.0930099040269851,0.0531941205263137,-0.0671490430831909,0.0318326316773891,-0.1296224743127823,-0.0684345588088035,-0.1445981562137603,0.1688506752252578,-0.0208949297666549,0.0648199394345283,0.026648873463273,0.0860205292701721,0.0015969632659107,0.1737054139375686,0.0322513207793235,-0.1082647070288658,0.0854182764887809,-0.0643340274691581,-0.0872571021318435,0.1248379871249198,0.021772813051939,0.0059357061982154,0.0613483488559722,0.0485362783074379,-0.1089982911944389,-0.0162975434213876,0.135413721203804,0.0728404968976974,0.0138315241783857,0.0612536706030368,-0.0578736439347267,-0.0261835511773824,-0.1122205927968025,0.1338862776756286,0.0648236274719238,0.0227067340165376,0.043885089457035,0.0375118814408779,0.1191871985793113,0.0473616458475589,0.1455109417438507,0.096420906484127,-0.1023316904902458,-0.1229720264673233,0.1169493868947029,-0.0175970904529094,0.0239768959581851,0.0235103536397218,0.0266399029642343,-0.034900102764368,0.1162021234631538,0.1541212797164917,0.0601873286068439,0.0895833969116211,-0.0420145951211452,-0.0794133096933364,0.091008074581623,-0.1138303503394126,0.0622296184301376,-0.0790382847189903,0.0842774584889411,-0.0800303742289543,-0.0800485908985138,0.0013974118046462,-0.0090968618169426,0.104126401245594,-0.068922184407711,0.0851518437266349,-0.1056400910019874,0.1012361794710159,-0.0300781577825546,0.003457847982645,-0.0965988263487815,0.1163935735821724,0.0889881700277328,-0.1327995955944061,0.1666937917470932,0.0596426166594028,-0.016251029446721,0.1133827790617942,0.1132528930902481,-0.0818296372890472,-0.1512862890958786,-0.0790996551513671,-0.1071885079145431,0.0740414187312126,0.0391297191381454,0.0173979755491018,0.0448202602565288,-0.0181941390037536,0.0325818359851837,0.0421674102544784,0.0064087146893143,0.0242470558732748,0.0171476230025291,0.1069803833961486,-0.1396854072809219,0.0678183659911155,-0.1060940474271774,-0.1024643257260322,0.1239353269338607,0.0731770396232605,0.1602052897214889,-0.0133854448795318,0.1455628126859665,0.1095945686101913,-0.1705172210931778,-0.0370962023735046,0.0683041885495185,-0.1384450048208236,-0.0749182626605033,-0.1245370507240295,-0.051703106611967,-0.0324880182743072,-0.0467558726668357,-0.0844049230217933,0.1101732403039932,-0.1264845728874206,0.112158715724945,0.1300332397222519,-0.0770846456289291,0.0726311132311821,0.1342206448316574,0.1460533291101455,0.0570678301155567,0.06343924254179,-0.0439515225589275,0.0758595466613769,-0.0972584187984466,0.1233467161655426,0.1082722693681716,-0.0150603530928492,-0.147608146071434,0.0603167302906513,0.0737003982067108,-0.0622278824448585,0.0599174983799457,-0.1218214035034179,-0.1232799962162971,-0.1169242039322853,0.0342075303196907,-0.1198417395353317,0.1546931266784668,-0.1058074757456779,-0.0655387789011001,-0.1417795717716217,0.0957338884472847,0.0522799789905548,0.1302392333745956,0.0723909214138984,0.0374111905694007,0.0529760383069515,-0.0910918340086937,0.0602834522724151,-0.1069694310426712,0.0309766381978988,0.0036860981490463,0.0960747525095939,0.0314833782613277,-0.0930518507957458,-0.078462891280651,-0.0506056509912014,0.0802059099078178,-0.0723412260413169,-0.0800475254654884,0.0834031030535698,-0.0896377116441726,0.1152117401361465,0.0477846600115299,0.0716020688414573,-0.0191370788961648,0.0657310038805008,-0.0721045732498169,-0.0986362919211387,0.0351705700159072,0.1072571352124214,0.0387248359620571,0.0393832996487617,0.0862340107560157,0.0003710880409926,0.1227678284049034,-0.1106054186820983,-0.1021341234445571,-0.008404734544456,0.0508464612066745,0.0218035783618688,0.0538265295326709,-0.0618674084544181,-0.0422350876033306,-0.1396154016256332,0.0550975874066352,0.1460999101400375,-0.0810119435191154,0.0874007567763328,0.0712619423866272,-0.0223717875778675,0.0592133626341819,0.0244115889072418,-0.1049697324633598,-0.0307448841631412,0.0933329835534095,-0.0470115952193737,-0.1458014100790023,0.1291599124670028,-0.0052990270778536,-0.0797609761357307,0.138291910290718,0.0092845559120178,-0.0343079008162021,-0.1544721871614456,0.0489770881831646,0.149521604180336,-0.0875134766101837,0.0998452305793762,-0.1256416589021682,0.0096348971128463,-0.0218261312693357,-0.0351890139281749,-0.1182019263505935,-0.086561195552349,0.1254808753728866,-0.0335058644413948,0.133468821644783,-0.0811039060354232,0.1036610528826713,0.0329923368990421,0.0392434038221836,-0.119606427848339,-0.0159935448318719,0.1468812972307205,-0.1209553331136703,0.0585277527570724,-0.0462974198162555,0.1590836495161056,-0.0744518041610717,-0.0072711766697466,0.0167065262794494,-0.1479479521512985,-0.0539330840110778,-0.0453780926764011,-0.084127128124237,-0.0130324903875589,0.0336151346564292,-0.1351696699857711,0.0522997304797172,-0.0844690576195716,0.0474939756095409,-0.0738385170698165,0.075667954981327,0.0243875849992036,0.1422750204801559,0.1438744217157364,0.1310787051916122,-0.0750054717063903,0.016613008454442,0.1270884573459625,-0.0272451657801866,-0.0131792463362216,0.0338091626763343,-0.0108731873333454,-0.0589714683592319,0.1257261037826538,-0.0770989432930946,-0.0405443161725997,-0.1083990111947059,0.1167106553912162,0.0895061269402504,-0.1207669600844383,-0.0270637646317482,-0.069333828985691,0.070693552494049,-0.0608176924288272,0.1174385622143745,-0.0361571349203586,0.0273298490792512,0.140215203166008,0.0859182253479957,-0.0230764020234346,0.0403876267373561,-0.1529337763786316,0.0820131301879882,0.0188023317605257,0.0407412052154541,0.0659603551030159,-0.0230275616049766,0.0934584736824035,-0.071462482213974,-0.0124702835455536,-0.1125106737017631,0.1549372673034668,0.0133881997317075,0.142332449555397,-0.0980020388960838,0.0274423249065876,-0.1056926622986793,-0.0844066366553306,0.0173220820724964,-0.0110097145661711,-0.0148400077596306,0.1472656279802322,-0.1180169358849525,-0.1403903663158416,-0.0881029367446899,-0.1379054486751556,-0.0409554503858089,-0.0717614814639091,-0.0669186562299728,-0.0090321516618132,-0.1428803950548172,0.1558071821928024,-0.0760717913508415,0.0647565498948097,-0.06067431345582,0.0446775555610656,-0.0423092581331729,-0.1014420166611671,-0.1413245499134063,-0.0605010502040386,0.0924871712923049,-0.1242321357131004,-0.0965262725949287,-0.0387350991368293,0.023698803037405,-0.0364152789115905,-0.0232771448791027,-0.1085971146821975,-0.1226741150021553,-0.0674052760004997,-0.1065843775868415,0.0024655235465615,0.0939475074410438,-0.0534145161509513,-0.0257864613085985,-0.0157958138734102,-0.0707061514258384,0.1423224955797195,0.0701768696308136,-0.08493422716856,0.0305854137986898,-0.0730018317699432,-0.0092325853183865,0.0015310995513573,-0.0270598456263542,0.0765718594193458,-0.0282162819057703,-0.0968919768929481,0.1667917668819427,0.0247089844197034,-0.1153802722692489,-0.0484365932643413,0.0868634283542633,0.003837309544906,-0.0461521781980991,-0.0312588326632976,-0.110971599817276,-0.0115369958803057,-0.1146236509084701,0.1721018999814987,-0.0761228129267692,0.1656280159950256,-0.1646801531314849,-0.0115427142009139,-0.009199927560985,-0.0094275008887052,-0.1295728683471679,0.0573637299239635,0.1013069897890091,0.1794793307781219,0.0549834631383419,0.0474395863711833,-0.1404427736997604,0.0476132445037364,-0.1478387713432312,FJTXZDZXWNFCOH-UHFFFAOYSA-N,CNC(=O)CCN(C)C(=O)C(C)Oc1ccccc1Br
-0.0974965021014213,0.0975387692451477,0.0876590311527252,-0.0975387021899223,-0.0906804651021957,0.0974640771746635,0.0975383073091507,-0.0951736569404602,0.092164821922779,-0.0730111300945282,0.0959593951702117,-0.0853890925645828,-0.0855008140206337,-0.0803014487028122,-0.0921008586883544,0.0965111032128334,-0.0964385867118835,-0.0968987643718719,-0.0975044891238212,-0.0975387692451477,0.090674303472042,0.0965476930141449,-0.087115854024887,-0.0949177369475364,0.0975387543439865,0.0974990278482437,-0.0975346267223358,-0.0975003540515899,0.0942659899592399,-0.0325730890035629,-0.0950837805867195,0.0838136970996856,-0.0910155624151229,0.0930542424321174,0.0975329503417015,0.0467963367700576,-0.0975127592682838,-0.0974578112363815,-0.0785051807761192,-0.0975339412689209,0.0973887145519256,-0.0575904622673988,0.0959894508123397,-0.0966032817959785,-0.0975296571850776,0.0975387692451477,0.0364034101366996,0.0940281525254249,0.0972968637943267,-0.0775100737810134,-0.0959269702434539,0.0411549285054206,-0.0973840206861496,-0.0975387543439865,0.0973986685276031,-0.0613760501146316,-0.0975375771522522,-0.0459342077374458,0.0974981039762497,-0.0975386500358581,0.0975387692451477,0.0975387692451477,0.0970604047179222,-0.0616416335105896,0.0974931269884109,0.0975124239921569,0.0943353623151779,0.0975381657481193,-0.0958472564816474,0.0946439728140831,0.0393167436122894,0.0974984988570213,-0.0788123905658721,0.0947460606694221,-0.097494289278984,0.0974282696843147,-0.0959211811423301,0.097104974091053,0.0974462702870369,0.0897274240851402,-0.0965645015239715,-0.0463905557990074,-0.0103721246123313,0.0974589437246322,-0.097531534731388,-0.0973545387387275,-0.0825162306427955,0.0937832593917846,0.0922028645873069,0.0975387617945671,0.0975367203354835,0.0972291007637977,-0.0975387692451477,-0.0651021599769592,-0.0975356772541999,-0.0619053319096565,0.0975378677248954,0.094895027577877,0.0245989877730608,-0.0902670547366142,-0.0326001271605491,-0.0816037058830261,-0.0965201184153556,0.0956049114465713,-0.0853423178195953,-0.0821767300367355,-0.0880831405520439,-0.0914344415068626,0.0975385159254074,0.0941088423132896,-0.0975387692451477,0.0936538204550743,-0.0975361093878746,-0.0975291430950164,0.0967742353677749,-0.061893131583929,-0.0972265973687172,-0.0866954624652862,-0.0569677092134952,0.0359862856566906,-0.0974288284778595,-0.075939804315567,0.0971135795116424,-0.0860154256224632,-0.0066227968782186,-0.0729042887687683,0.0972558781504631,0.0817563161253929,-0.0944368541240692,0.0624184757471084,-0.0944832265377044,-0.0944841504096984,-0.0944668874144554,0.0136061022058129,-0.0856321156024932,0.0635172203183174,0.0531820096075534,0.0944597944617271,0.0221341755241155,0.0943955555558204,0.0944853723049163,0.093636929988861,-0.0944272875785827,-0.0918232649564743,-0.0944854915142059,0.0944856628775596,0.0944856628775596,0.0944855436682701,-0.0944642424583435,-0.0744241625070571,-0.0928321629762649,-0.0944854244589805,-0.0943646281957626,-0.0897145494818687,-0.0944856628775596,0.0944855287671089,-0.0910812467336654,-0.0944856628775596,0.0944453030824661,-0.0939195305109024,-0.0929463505744934,0.0923459529876709,-0.0944542363286018,0.0944856479763984,0.0776856988668441,0.0944856107234954,-0.0942173898220062,-0.0944523140788078,-0.0929270461201667,0.0864596962928772,-0.0943947657942771,0.0928506851196289,-0.0929465889930725,0.0944856628775596,-0.0944856628775596,0.094484269618988,-0.0942958369851112,0.0944854766130447,-0.0944624617695808,0.092678815126419,0.0944620817899704,-0.0240140166133642,-0.0861713960766792,0.0944074913859367,0.0939230471849441,0.0939703062176704,0.0944400504231453,0.0942058116197586,-0.0943803340196609,-0.0884267687797546,0.0944797918200492,-0.0944856628775596,-0.0943943262100219,-0.0944744125008583,-0.0917985066771507,0.0936325043439865,0.094485305249691,0.09249197691679,-0.0817431584000587,0.058888453990221,-0.0863411203026771,0.094472087919712,0.0942041501402854,0.0692757740616798,0.0855977609753608,0.0944856405258178,0.0938072875142097,-0.0872083157300949,-0.0944854095578193,0.0937295481562614,-0.0944430530071258,-0.094107374548912,-0.0903803557157516,0.0941715463995933,0.0942652821540832,-0.0943643525242805,0.0943507403135299,0.0484495162963867,0.0944856628775596,0.0944710522890091,0.0257611703127622,0.0943755805492401,-0.0409402549266815,-0.093000017106533,-0.0390524305403232,-0.094485655426979,0.0943727865815162,-0.0944461673498153,-0.0882769376039505,0.0944856479763984,-0.0944845676422119,-0.094485655426979,0.0944795459508895,-0.0626526102423667,0.0920765474438667,-0.093884602189064,0.0944855511188507,0.0944574102759361,0.094485655426979,0.094419777393341,0.0751630216836929,-0.0433602184057235,0.0943000763654708,-0.0874501541256904,0.0855262205004692,-0.0944774821400642,-0.0800476670265197,0.0944828242063522,-0.0646068975329399,0.094337485730648,-0.0881829857826232,-0.0943583473563194,0.092195063829422,-0.0944853499531745,0.0944188609719276,-0.0448755547404289,-0.0941751226782798,0.081600971519947,-0.0908876582980156,0.0943553745746612,0.0943553745746612,0.0943549051880836,-0.0943462029099464,0.0943425893783569,0.0894578695297241,0.092830441892147,-0.0940155163407325,-0.0942925289273262,-0.0943441614508628,0.0943553745746612,-0.0943535789847374,0.0943552628159523,-0.093276523053646,-0.0907724201679229,-0.0581836737692356,-0.0943461582064628,0.0943553671240806,0.0943553671240806,0.0943553745746612,-0.0941793546080589,0.0934954136610031,-0.0911501497030258,0.0301542095839977,0.094348207116127,-0.0930903106927871,0.0465061217546463,0.093132771551609,0.0943115726113319,0.0943114459514617,0.0942383408546447,-0.0941895917057991,0.0943546816706657,0.0943553373217582,0.0943553671240806,0.0942825973033905,0.0943550020456314,0.089261308312416,-0.0184739343822002,0.091735653579235,-0.0110501917079091,-0.0936513170599937,0.0942583605647087,0.0943553745746612,-0.0943553671240806,0.0937509536743164,-0.066975213587284,-0.0943553745746612,-0.0868815705180168,0.0941812917590141,-0.0909463763236999,-0.0943550914525985,-0.0912171602249145,-0.0484701208770275,-0.0943295508623123,0.0943551808595657,-0.0943551734089851,0.0884229093790054,-0.0937050729990005,0.0942919850349426,0.094099074602127,-0.0810537785291671,0.0943541675806045,-0.0942466706037521,0.0926649048924446,0.0874925255775451,0.0931029990315437,0.0370982214808464,0.0374398231506347,-0.0942707657814025,-0.0943553745746612,-0.0856134220957756,0.0913332551717758,-0.0940182954072952,-0.0939981713891029,-0.0943553596735,0.0934461057186126,0.092502623796463,-0.0404855944216251,-0.0912278443574905,0.0943344160914421,-0.0943553745746612,-0.0157974939793348,-0.094238094985485,-0.0730567350983619,0.0942336842417717,-0.0935340449213981,-0.086998276412487,0.0943064838647842,0.0769630745053291,0.0943171754479408,-0.0936105847358703,0.0913378074765205,0.0658665597438812,-0.0942226946353912,0.0851763263344764,0.0929998233914375,0.0943553373217582,-0.0890818238258361,-0.0943553745746612,0.0937884151935577,0.0940932929515838,0.0943497940897941,-0.0913475677371025,-0.0943301767110824,0.0943551436066627,0.0943553447723388,0.0943552479147911,0.0943553745746612,0.0897666364908218,0.0918736010789871,-0.0937655866146087,-0.0729378014802932,-0.0932416692376136,-0.0942603200674057,0.0219189543277025,0.0890826806426048,0.0943553596735,-0.0943287014961242,-0.0841292068362236,0.0943538323044776,0.049963679164648,0.0921815037727356,-0.0925485268235206,-0.0943542644381523,0.0927046537399292,0.0899556279182434,0.0906294807791709,-0.092698685824871,-0.0806455314159393,0.0927025228738784,-0.0904696434736251,-0.0771874412894249,-0.0897483900189399,-0.0927043110132217,0.0860140472650528,0.0926575735211372,0.0927038714289665,0.0927054584026336,-0.0756089091300964,-0.0926982462406158,0.0908809155225753,-0.0017570137279108,-0.0793100148439407,-0.0923277214169502,-0.0925529822707176,0.0927065014839172,-0.0927029848098754,-0.0926466137170791,-0.0926329270005226,-0.0923524424433708,-0.0882886722683906,0.092706948518753,-0.0725715905427932,-0.0913027748465538,0.0885014310479164,0.0920177325606346,0.0547493025660514,0.0876488536596298,0.0920578464865684,0.0925005003809928,0.0926953181624412,-0.0921445190906524,-0.0924735069274902,0.0926933884620666,-0.0926421210169792,0.0925976932048797,0.0924667716026306,0.0927031859755516,-0.0927040576934814,-0.0753510445356369,0.0799344554543495,0.0927051603794097,0.0850011557340622,-0.092347539961338,0.092676006257534,0.092614434659481,-0.0870895832777023,0.092704527080059,-0.0919335559010505,0.0473962910473346,0.0779545679688453,0.092705950140953,-0.0927060171961784,0.0920595526695251,-0.0926484316587448,0.0716764703392982,0.0924998968839645,0.084580160677433,0.0921934768557548,-0.0713855028152465,-0.092667244374752,0.0926262438297271,-0.0717952474951744,0.0926310792565345,-0.0747181102633476,0.0926860272884368,-0.0922766774892807,0.0926930680871009,-0.0927016288042068,0.0926194265484809,0.0926922708749771,-0.092216782271862,-0.0924396440386772,0.0926652327179908,0.0906203910708427,0.0926718190312385,-0.0913689509034156,-0.0926936566829681,-0.0926746800541877,-0.0809008404612541,0.0927029177546501,0.0834188908338546,-0.0918954387307167,0.092664323747158,-0.0904866382479667,0.092051513493061,-0.0924082025885582,-0.090666726231575,0.0926767736673355,0.0924961566925048,0.0922988429665565,0.0913495346903801,0.0922512710094451,0.0926191434264183,-0.0919128954410553,-0.0531584732234478,0.0926679149270057,-0.0879508852958679,0.0925994217395782,0.091784231364727,-0.0926353186368942,0.0926906391978263,0.0611400119960308,0.0927059054374694,-0.0925751775503158,0.0926766768097877,0.0925259813666343,-0.0923263728618621,-0.0922741070389747,-0.0913841947913169,-0.0903788357973098,0.092620737850666,-0.0927012637257576,-0.092558316886425,-0.0256654657423496,0.0922727733850479,0.0712650045752525,-0.0927055776119232,0.0912725999951362,-0.0910591185092926,0.0926297977566719,-0.0744104534387588,0.1020494624972343,0.0617518834769725,-0.0953080803155899,-0.0858611389994621,0.1017616987228393,0.1020805612206459,0.0481931865215301,-0.0954399183392524,0.0128752999007701,0.1024028286337852,-0.0320251770317554,0.1023485511541366,-0.0540509670972824,0.0434095039963722,0.0887145400047302,-0.0931525006890297,0.1017434224486351,-0.101414568722248,-0.0825747996568679,0.102311186492443,-0.0961833596229553,0.1022515818476677,-0.0541639924049377,-0.1019740402698516,0.0602570474147796,0.1024279817938804,0.0921353548765182,-0.1013467088341713,0.1020172461867332,0.0981825515627861,0.0415326990187168,0.1019652336835861,-0.0989919975399971,-0.0854517221450805,-0.0213424582034349,0.072978638112545,-0.1015277653932571,0.0181725099682807,0.0953791216015815,-0.0976514890789985,-0.0945116430521011,0.0994310677051544,0.0990305170416832,0.0719988867640495,0.1004194021224975,-0.1023978888988494,-0.0855867266654968,-0.1015684679150581,-0.0223242696374654,0.0818069353699684,-0.1023061871528625,0.0999214947223663,0.1020535975694656,0.1016528829932212,0.0067121619358658,0.0435932949185371,-0.1012632921338081,-0.1023977547883987,0.1022832095623016,0.0274177659302949,0.1024071425199508,-0.0957536846399307,-0.0619105212390422,-0.1022393554449081,-0.1023643538355827,-0.101360373198986,-0.0957871228456497,0.0397509671747684,-0.1020310372114181,-0.0823967903852462,0.1021336540579795,-0.0203142054378986,-0.096965305507183,-0.1018397659063339,-0.101299375295639,0.0950065702199935,0.1013220325112342,0.067997321486473,0.1024039015173912,0.102325864136219,0.0999762639403343,0.1006166115403175,0.0945251509547233,0.1014374122023582,0.1024277731776237,0.0351979508996009,-0.0942211225628852,0.0358145572245121,0.0878475159406662,-0.0981188267469406,0.1023625954985618,-0.0805954113602638,0.017066903412342,-0.0686442255973815,0.1020542010664939,0.1017182469367981,0.0162079092115163,0.1020394638180732,0.0952547714114189,-0.0993338972330093,-0.1006561666727066,0.0941933020949363,-0.0583288259804248,0.1022295728325843,0.093305230140686,0.1024214848875999,-0.1021234393119812,-0.1013325750827789,-0.1023864299058914,-0.0201539639383554,0.0959412157535553,0.0901056304574012,-0.1016140207648277,-0.1020683720707893,0.1023557037115097,-0.0984885841608047,-0.025521907955408,-0.1012191548943519,-0.0978640764951706,0.0800277292728424,-0.1022534817457199,-0.1004526987671852,0.1023793965578079,-0.0970753356814384,0.0861269906163215,-0.0547628439962863,-0.0961120724678039,0.0540765859186649,-0.0855302959680557,-0.0015274221077561,-0.0336602814495563,-0.0474477969110012,0.0364575982093811,0.1134899482131004,0.0872112363576889,0.1485694348812103,0.0118456538766622,-0.1420183330774307,0.0973425731062889,-0.0222159828990697,-0.0360833667218685,-0.1133079454302787,0.1384414881467819,0.008919677697122,-0.0108629669994115,-0.0223901830613613,-0.1387825161218643,-0.1394653618335724,0.089377112686634,0.0975359454751014,0.0568687245249748,-0.1202126070857048,0.1445143818855285,-0.0085896840319037,0.0789211392402648,0.0942490100860595,-0.0883048549294471,-0.1440142393112182,-0.0727672427892685,-0.079289510846138,0.1255669742822647,-0.0748971402645111,-0.0659340098500251,0.0811048150062561,0.1340227872133255,-0.0209226962178945,-0.0791961848735809,0.0119383493438363,0.1317141652107238,0.1016653999686241,-0.1292917281389236,-0.1402667164802551,-0.1015295535326004,0.0605753809213638,0.1419131904840469,0.0390510484576225,-0.0396712124347686,0.0843676552176475,-0.1124787032604217,-0.0389665253460407,-0.1056112125515937,0.0378442890942096,0.006607306189835,-0.0624492578208446,0.0437909103929996,-0.0141695523634552,-0.0372922196984291,0.1095476523041725,0.140922412276268,0.0954412519931793,-0.0357964746654033,0.058583777397871,0.0570158809423446,0.0267844386398792,0.0015836064703762,-0.0130011551082134,0.062260415405035,0.14957857131958,-0.1014967113733291,0.1213299185037612,0.0482822880148887,-0.1143450662493705,0.0197050143033266,0.07990512996912,0.0061241099610924,0.0258375890552997,-0.1312480121850967,0.0427100099623203,0.1417089253664016,-0.069578543305397,0.0943013504147529,0.00994866900146,-0.1311984956264495,0.1296661347150802,0.1123187616467475,-0.031489297747612,-0.1283009052276611,0.036227747797966,0.0401392914354801,-0.077573537826538,-0.0815829038619995,0.0784560143947601,-0.0470507703721523,0.1125102415680885,0.0121330386027693,0.1492718458175659,0.046075489372015,-0.0894908979535102,0.0551580041646957,0.0590268895030021,0.0597638301551342,0.0999203026294708,0.0551722906529903,-0.0110653648152947,-0.1217579469084739,-0.0923869535326957,0.0567172765731811,-0.1189047917723655,0.1298175305128097,-0.0736658573150634,0.0863600149750709,0.0171686988323926,-0.0271663442254066,-0.0787675604224205,-0.1186893731355667,-0.093468926846981,-0.1140504851937294,-0.0249694641679525,-0.0012519170995801,0.122809462249279,0.0387100093066692,-0.1188193410634994,0.1032962873578071,0.0639568418264389,0.142208456993103,0.1341769844293594,URWAJWIAIPFPJE-YFMIWBNJSA-N,CN[C@@H]1[C@@H](O)[C@@H](O[C@@H]2[C@@H](O)[C@H](O[C@H]3OC(CN)=CC[C@H]3N)[C@@H](N)C[C@H]2N)OC[C@]1(C)O
-0.1022272557020187,-0.1026782542467117,-0.1027026399970054,-0.1026326119899749,-0.0033385676797479,0.0958782285451889,-0.0442788638174533,-0.0359627529978752,-0.1001986637711525,0.090659961104393,0.0892983973026275,0.0737917274236679,-0.0578832700848579,-0.1011305972933769,-0.1019228771328926,-0.0858742967247963,0.1005022451281547,-0.1026969030499458,0.029511209577322,-0.1025185957551002,0.1026236861944198,-0.1010865196585655,0.1009726524353027,0.0082659684121608,-0.0007213163189589,0.1025741547346115,0.0980411767959594,0.0247160997241735,0.0982527434825897,-0.1024797558784484,0.1026494950056076,0.0131127294152975,-0.1002750843763351,0.0662586465477943,0.1013447791337966,-0.0978700965642929,-0.0321188271045684,0.1003320962190628,-0.102702684700489,0.0902786403894424,-0.0952013731002807,-0.1027027741074562,0.1027027666568756,0.1011313050985336,0.0189890135079622,-0.0858732908964157,0.09607445448637,0.0961954891681671,-0.1026971563696861,0.0959367677569389,-0.1027027368545532,-0.0409625992178916,0.102702759206295,0.1019938886165618,0.1023580208420753,0.0954506769776344,-0.1025991663336753,0.0990111455321312,-0.102540872991085,0.0982171818614006,-0.0211651902645826,0.0374667085707187,0.094035618007183,0.1026525869965553,-0.1025021970272064,0.1017357483506202,-0.088923841714859,0.0714744105935096,-0.1020809337496757,0.1025582253932952,0.0598631016910076,-0.1026984676718711,-0.0867528170347213,0.1021230444312095,0.0090092038735747,-0.1008887812495231,0.0678217336535453,-0.0954933017492294,0.0632582828402519,0.1016787216067314,-0.1023005247116088,-0.0806886106729507,0.0342933274805545,0.0364463739097118,0.1023312956094741,-0.1027023121714592,0.0666455626487732,-0.1025917008519172,0.1025832742452621,-0.0821893364191055,0.0447268411517143,-0.0515775494277477,0.1014717370271682,0.085520714521408,0.102702759206295,0.0896643996238708,-0.1020035669207573,0.1027020663022995,-0.1023335084319114,0.0055094193667173,-0.021808298304677,-0.0981639996170997,0.0968008562922477,-0.1021986827254295,0.1025537177920341,-0.097579188644886,-0.1026621758937835,0.0898534283041954,-0.0186813287436962,-0.0876621901988983,0.1018530204892158,-0.1005436554551124,0.0982272624969482,0.1026907786726951,0.0504112094640731,-0.102557249367237,-0.1016812846064567,0.0985247865319252,-0.1025185659527778,-0.0204921383410692,0.102630078792572,0.0941172391176223,0.072418175637722,-0.1016782894730568,-0.0937310084700584,-0.0860306695103645,0.0978360921144485,-0.102619431912899,-0.0983413010835647,-0.0982640087604522,-0.0946328714489936,-0.0206521414220333,-0.0382405444979667,0.0983017310500145,-0.0965117737650871,0.097920224070549,-0.0976520106196403,-0.0619272738695144,-0.0983413755893707,-0.0981459319591522,0.047286182641983,0.0983293950557708,0.0981707423925399,0.0982709154486656,0.0968074351549148,-0.0982889905571937,0.0894975513219833,0.0983400270342826,0.0959473922848701,0.0972193330526351,-0.0635677129030227,0.0983418673276901,0.0981408432126045,0.0579395778477191,-0.0089650172740221,-0.0982711464166641,0.0979392156004905,0.0967004224658012,-0.0982969999313354,0.0983409360051155,0.0983415618538856,0.0951153263449668,-0.0745121017098426,-0.098339132964611,0.0983364656567573,-0.0120695726945996,0.008907108567655,0.098341204226017,0.0980938374996185,-0.0983124077320098,0.0967779457569122,-0.0983112081885337,-0.097544178366661,0.0973619222640991,0.0738047212362289,0.091034896671772,0.0983403697609901,0.0945105999708175,0.0557294152677059,0.0983011275529861,0.0813027471303939,0.0983418226242065,0.0023144311271607,-0.0924308747053146,0.0982710644602775,0.0975622683763504,0.0979621410369873,0.0983418598771095,0.0978145748376846,-0.0339455306529998,0.0623953677713871,0.0960895493626594,0.0803453475236892,-0.0824063047766685,0.0983350723981857,0.0977937951683998,-0.0983418673276901,-0.0854737758636474,0.0798962861299514,-0.0982636511325836,-0.0957512781023979,0.0983418673276901,-0.0983057543635368,0.0983418151736259,0.0305280275642871,-0.0729884281754493,0.0980702936649322,-0.0945630371570587,-0.0400685369968414,0.0666408166289329,-0.0704184919595718,0.0924192070960998,-0.098339669406414,0.0983308628201484,0.0960612669587135,-0.0765427872538566,-0.0949067920446395,-0.0982222557067871,0.095254398882389,-0.0961256995797157,-0.0816835016012191,-0.0983156859874725,0.0754489153623581,0.0717862471938133,0.0982355028390884,0.0983249694108963,-0.0983292236924171,0.0962485969066619,-0.0950649082660675,-0.0981472432613372,-0.0627240911126136,0.0976910144090652,0.0983191207051277,-0.0271066948771476,0.0975941494107246,-0.0976453125476837,0.0973356217145919,-0.0822175815701484,0.0977631732821464,-0.0978730171918869,0.097184233367443,-0.0983397364616394,-0.0442023649811744,-0.0977655127644538,0.0644767805933952,-0.097979687154293,0.0983291566371917,-0.0975874438881874,-0.0875699669122695,-0.0966101214289665,0.0961734503507614,-0.0449499413371086,-0.0841495618224144,0.0983418673276901,0.0983415618538856,0.0643564090132713,0.0954294949769973,0.0954456701874733,-0.0952657163143158,0.0954400077462196,-0.0954465568065643,0.0954464077949523,0.0828359499573707,-0.0954462960362434,-0.0954319313168525,0.0847277492284774,0.0953882485628128,-0.0951176285743713,0.0950911566615104,0.0954423323273658,-0.0942447260022163,0.0953946262598037,-0.0954465717077255,0.095446340739727,-0.0954459980130195,0.080318383872509,-0.0954222902655601,-0.0951146483421325,-0.0954465568065643,-0.0842062681913375,0.0942364484071731,-0.0950356349349021,-0.0954460278153419,0.0054212226532399,-0.0857164859771728,0.0954389572143554,-0.0954465642571449,0.0944607183337211,-0.0954461321234703,-0.0938143283128738,-0.0954384952783584,0.0759623646736145,0.0829432234168052,0.0954376906156539,0.0954434871673584,0.0232918485999107,-0.0773365721106529,0.0183157809078693,0.0954128876328468,-0.093487337231636,-0.0954465568065643,0.0953963696956634,-0.095350868999958,0.0296418257057666,-0.0952440574765205,0.0940408855676651,0.0953918546438217,-0.0952270701527595,-0.0539572648704052,0.0954395309090614,0.0717962607741355,-0.0954185873270034,0.0954376459121704,0.0954465493559837,-0.0817069262266159,0.0952532216906547,0.0954465717077255,0.0954424366354942,-0.0954322665929794,0.0947955027222633,0.0945420637726783,0.0947744995355606,0.0898937806487083,-0.0954456254839897,-0.0279327593743801,0.0953219383955001,0.0767959728837013,0.0954465717077255,0.0936290696263313,-0.0954385474324226,0.0954452231526374,0.0890043154358863,0.0954465568065643,0.0570325143635273,0.0954464823007583,-0.0684173181653022,0.088710255920887,-0.0954451411962509,-0.0475024431943893,0.0033326749689877,0.095153659582138,0.0954464748501777,0.0954463928937912,0.08775544911623,0.0943674966692924,0.0954352021217346,-0.0954465642571449,-0.0954445824027061,0.0150518948212265,0.0927802100777626,-0.0954440683126449,0.0954266861081123,-0.0903548300266265,-0.0941851362586021,-0.0954012498259544,0.0666227638721466,0.0716061219573021,-0.0954442471265792,0.094944454729557,0.0845557823777198,-0.0954248458147049,-0.0889237374067306,0.0731392279267311,0.0954465717077255,-0.0946937352418899,-0.0941246524453163,-0.0782967582345008,-0.0954402089118957,-0.0854717642068862,0.0898443162441253,-0.0841889902949333,0.0954459309577941,-0.0331765823066234,0.0954459384083747,-0.0945715606212616,-0.0424604527652263,0.0950167775154113,0.0954375341534614,-0.0954210087656974,0.0954461023211479,0.0954460054636001,0.0744047984480857,0.095119684934616,0.0954464152455329,0.0895661488175392,-0.0813672766089439,-0.0880267992615699,-0.0894660577178001,0.0895463228225708,0.0895700901746749,-0.0895666033029556,-0.089143231511116,-0.0895692631602287,-0.0895671620965004,-0.0895648598670959,0.0895452201366424,0.0884583592414856,0.0895711258053779,0.0895709991455078,-0.0895712971687316,-0.0490526184439659,0.0895714238286018,-0.0895711854100227,0.0895713716745376,0.0893303528428077,0.0895498022437095,-0.0895708724856376,-0.0895714312791824,-0.0895714238286018,0.0895617827773094,-0.0894637405872345,0.089571438729763,0.089571438729763,-0.0889874771237373,0.0892173647880554,-0.0895705819129943,0.0894172117114067,0.0895710960030555,-0.0889776498079299,0.0895110666751861,0.0891160145401954,-0.0893229469656944,-0.0895713046193122,0.0895663425326347,0.0895712748169899,0.076293870806694,0.0885714590549469,0.0862662121653556,0.0892139300704002,0.0895714238286018,0.0895645171403884,0.0895712152123451,0.0895113945007324,-0.089075930416584,-0.0890628919005394,0.0895573198795318,-0.0895713493227958,0.089571438729763,-0.0862288400530815,0.0895681604743003,-0.0895713344216346,0.0895712524652481,-0.0895712599158287,-0.0894523859024047,-0.0875267162919044,0.0895621255040168,-0.0895681828260421,0.0894758552312851,0.089571438729763,-0.0881325230002403,-0.089551143348217,0.0848099067807197,0.0895533636212349,0.082037478685379,-0.0895708128809928,0.0895695313811302,0.0891885831952095,0.0895648896694183,-0.0895713046193122,0.0895712971687316,0.0895714312791824,0.0848693698644638,-0.0895280689001083,0.089423544704914,0.089571438729763,-0.0880693197250366,-0.0851329341530799,-0.0895504280924797,-0.0895547419786453,0.0895682051777839,0.0890295729041099,-0.0895714312791824,-0.0090593229979276,0.0892954543232917,0.0893932357430458,0.0895575284957885,-0.0895698443055152,-0.0893075838685035,0.0893829688429832,0.0895714312791824,0.0895638391375541,0.088917888700962,0.0888244733214378,0.0895710363984108,-0.0894451662898063,0.0892815738916397,-0.0848938897252082,-0.089538462460041,0.089569054543972,0.0886324048042297,-0.0895713791251182,0.0895713493227958,0.089564174413681,0.0894135758280754,-0.0895589590072631,0.089570328593254,0.0873983204364776,-0.0893061161041259,-0.0895711928606033,0.089568443596363,0.0895709618926048,0.0895566567778587,-0.089571438729763,-0.089571438729763,0.0895546004176139,-0.0895295366644859,-0.0893941521644592,0.0882287994027137,0.0895533487200737,0.0895711705088615,0.0895668938755989,-0.0895711481571197,-0.001138363732025,-0.0742716044187545,0.0497321859002113,-0.0622133612632751,0.1213841140270233,0.1267518103122711,0.1315809935331344,-0.0721492990851402,-0.0089028356596827,0.128349557518959,0.1112965792417526,0.1340928673744201,0.0718069523572921,0.0676111504435539,0.1290805488824844,-0.1229075640439987,0.0769158750772476,-0.1085240393877029,-0.1268207728862762,0.0857037231326103,-0.1022804304957389,0.0006874224054627,0.0244443118572235,0.0071726427413523,0.097855232656002,0.1091812402009964,-0.0887950882315635,0.0119427442550659,0.0843924432992935,0.1186351925134658,-0.0574403628706932,0.0267319548875093,0.0499383434653282,-0.1223936229944229,0.0932506844401359,0.0339619219303131,0.0699783042073249,-0.1155179962515831,0.0854423195123672,-0.13052299618721,-0.0578395687043666,0.0512981861829757,0.0396088287234306,-0.1183255463838577,0.1321477591991424,0.0996142402291297,-0.0573124997317791,-0.1307117193937301,0.0414329543709754,0.066418707370758,-0.1244481727480888,0.0819392427802085,0.1304609477519989,-0.0867550745606422,-0.024252874776721,-0.047707874327898,-0.1100891157984733,-0.0627042576670646,0.0482233129441738,-0.1030831933021545,0.1156317144632339,0.1043156087398529,-0.1313918679952621,-0.1084526255726814,-0.079645000398159,-0.0178814865648746,-0.078574538230896,0.0584963038563728,-0.1140884682536125,-0.062715008854866,-0.0547361336648464,-0.0069712381809949,-0.0884604603052139,-0.1270105689764022,-0.0395056754350662,0.1263456791639328,0.0887608006596565,0.0462224557995796,0.1067787259817123,0.1015424653887748,0.0956806614995002,0.08587696403265,0.1058727353811264,0.1289347410202026,0.1332895457744598,0.0284888185560703,-0.0836053788661956,0.0684942901134491,-0.0897794514894485,-0.1238549128174781,0.1099524870514869,0.034810584038496,-0.0648811981081962,-0.1205999106168747,0.134620264172554,-0.0598325468599796,0.0273977015167474,0.0980070680379867,0.0119775393977761,-0.0092159081250429,0.0909870564937591,0.0880259945988655,0.095677874982357,0.055809523910284,0.1095338314771652,0.0305509287863969,-0.0261775869876146,0.110667772591114,-0.1147835776209831,0.0273581016808748,0.0996695384383201,0.0748905315995216,0.0984151139855384,-0.1165357083082199,0.0363582074642181,-0.1043900251388549,0.0548317395150661,-0.1029074937105178,-0.0969123020768165,0.09354218095541,-0.1033211573958396,-0.1331827044486999,0.0305809341371059,-0.0601908154785633,0.0041900263167917,0.0784564092755317,0.0170424971729517,0.0100114056840538,0.0232745595276355,0.0006605060189031,-0.0984057486057281,0.0942131355404853,0.0423769243061542,0.1620517373085022,0.1271429508924484,0.0471934080123901,0.0783372372388839,-0.1041778475046157,0.1109499260783195,0.0611393563449382,-0.0384886562824249,0.0096466960385441,0.1299303323030471,-0.0513859130442142,0.0851183980703353,0.0664208382368087,0.0025961501523852,-0.1536739468574524,0.1205255612730979,0.0271871797740459,0.0796325877308845,-0.1339864581823349,0.1084864661097526,-0.063825637102127,0.0142659042030572,0.0081545393913984,-0.1580957323312759,-0.0871482640504837,0.1151958778500557,-0.0266229938715696,0.153988778591156,-0.0204451065510511,-0.0420969873666763,0.1171970888972282,0.1466816663742065,0.0066389692947268,0.0586003214120864,-0.0853435322642326,0.1370769441127777,-0.0035764314234256,0.0170907471328973,-0.1539477556943893,-0.069710798561573,-0.0447281785309314,0.1800726354122162,0.0106203937903046,-0.0025547903496772,-0.0841104313731193,-0.0453633293509483,0.0920441001653671,-0.0548316016793251,0.0733967274427414,0.1247928068041801,-0.1197603866457939,-0.0328403748571872,-0.1306782364845276,-0.1627933531999588,0.1055588200688362,0.0678471103310585,0.0420977100729942,-0.1414560377597808,-0.0214933417737483,0.0948812514543533,-0.0670698881149292,-0.0653649643063545,-0.0744633972644805,0.0721122175455093,-0.0228397529572248,-0.1527328342199325,-0.0112600438296794,0.0551583468914032,-0.067203551530838,-0.0623511672019958,0.0459122844040393,-0.0849225670099258,0.0667579397559166,-0.0347801223397254,0.0026921164244413,-0.0271965749561786,-0.15247543156147,0.1065839082002639,-0.0652041211724281,-0.0034957902971655,0.0803661718964576,0.0265263207256793,-0.009406704455614,-0.0370899513363838,0.0107747847214341,0.1680877804756164,0.0001961296366062,-0.1302447617053985,0.1133057847619056,-0.10419412702322,0.0355459004640579,-0.1038572266697883,0.0790501087903976,0.0065141743980348,-0.095753900706768,-0.0423034876585006,0.1490524858236313,-0.0686852484941482,-0.0811206921935081,0.0728834867477417,0.0862315744161605,-0.0914452522993087,-0.1426208466291427,0.0872495919466018,-0.0389192253351211,0.0805663466453552,-0.1489295065402984,0.0880723074078559,0.0556658655405044,0.0673777088522911,-0.0495994836091995,-0.1213123798370361,-0.0032114824280142,-0.009157283231616,-0.168169617652893,-0.0590531788766384,0.0815564692020416,0.1650487631559372,-0.0136414989829063,-0.0092629436403512,0.0254094004631042,0.0848564803600311,-0.0735480785369873,KCXCSXLUYCTARV-UHFFFAOYSA-N,O=CN1CCN(c2cc3c(cc2F)c(=O)c(C(=O)O)cn3C2CC2)CC1
-0.1254080832004547,0.1192436292767524,0.0025749206542968,-0.1230066642165184,0.127037689089775,-0.0920434668660163,0.0824567303061485,0.0221192613244056,0.0867836847901344,-0.0051129264757037,0.049007061868906,0.0673113465309143,-0.0969794616103172,-0.094298779964447,0.038484051823616,-0.0811626836657524,-0.0303738452494144,-0.0301789734512567,0.0954871922731399,-0.127567857503891,0.0736702308058738,0.125487819314003,-0.1071242690086364,0.0851892009377479,-0.0482527948915958,0.1273404955863952,0.1051428541541099,-0.1179891750216484,-0.0580405741930007,-0.0112846493721008,0.0845907777547836,0.0283453203737735,-0.1233653351664543,-0.0340867340564727,0.000973725458607,-0.1255021393299102,-0.0027593309059739,0.0118434429168701,-0.098016545176506,0.0334169007837772,-0.1250906139612198,-0.0452882759273052,0.1224036961793899,0.0065698772668838,-0.1252382099628448,0.0975721180438995,0.1226266846060752,-0.1155659481883049,0.0388826318085193,-0.0139637058600783,0.0413650274276733,0.0493964180350303,0.0712672397494316,-0.1266588270664215,0.1175665184855461,-0.1022345796227455,-0.0673248395323753,-0.1242740303277969,0.1274174600839615,-0.0014911935431882,0.1267002522945404,-0.0637608990073204,-0.1054560467600822,0.0004072579322382,0.1262663453817367,0.052352700382471,-0.0447024405002594,-0.0762520805001258,-0.1274893879890442,0.077056661248207,-0.072557084262371,0.0538698621094226,-0.1004857942461967,-0.0032033827155828,0.1076835989952087,0.1034884005784988,0.0980136394500732,-0.092169240117073,-0.0927807092666626,0.0697711408138275,-0.1156432479619979,-0.0986972376704216,-0.0930654928088188,-0.1205042004585266,0.0043150298297405,-0.1058637574315071,0.0753346756100654,0.1137336194515228,-0.0721297487616539,0.1260803788900375,-0.1065787598490715,-0.1174328029155731,-0.127262070775032,0.12143175303936,-0.1250478327274322,0.0746325924992561,-0.0256538484245538,0.0921034216880798,-0.0317089259624481,-0.0494230389595031,-0.054446704685688,-0.1114193275570869,0.0641604587435722,0.1245065703988075,-0.0173315051943063,-0.1208303719758987,-0.1086183339357376,0.0983389914035797,0.1090373992919921,-0.0377808287739753,-0.1108447611331939,-0.0204510483890771,0.0497954450547695,-0.105776697397232,-0.0820802599191665,-0.0772244483232498,-0.104299359023571,-0.0226726494729518,0.112144149839878,-0.0412515327334404,-0.0599436499178409,0.1272758990526199,-0.0176795981824398,-0.1258827447891235,-0.100224532186985,0.0372598133981227,0.0262235514819622,0.0809711068868637,-0.0892488807439804,0.1119349673390388,-0.0874561294913292,-0.1021798476576805,-0.1063933968544006,0.0100634358823299,-0.1051881611347198,0.1081909239292144,-0.1036161109805107,0.0147468075156211,0.0244574788957834,0.0907532572746276,0.1061828434467315,-0.0995154604315757,-0.0709980353713035,0.083081915974617,-0.1126201450824737,0.1127791553735733,0.1123920083045959,0.0812797769904136,-0.111941248178482,0.0082826912403106,0.0408236496150493,-0.1108493953943252,-0.1096975579857826,-0.0675850659608841,-0.1128436848521232,0.1017098575830459,0.081074945628643,-0.1125723719596862,0.1120969876646995,-0.0262179523706436,-0.1117632687091827,0.0907201915979385,-0.1009445637464523,0.0865714773535728,0.1069187372922897,0.1128127872943878,-0.1106188669800758,-0.1096478104591369,-0.1117803156375885,-0.0955761075019836,-0.048416506499052,0.0628613382577896,0.0384867899119854,0.110276885330677,-0.1120102405548095,0.1026954054832458,-0.0197586361318826,0.1096868142485618,-0.109141893684864,-0.0300669129937887,0.1075402498245239,0.1092530786991119,0.0397339016199111,0.0105743492022156,0.0937811881303787,0.109381154179573,0.1098553612828254,0.1036960929632186,-0.1071211844682693,0.0584652461111545,0.0946685969829559,-0.112281933426857,-0.1105348393321037,-0.0545079559087753,-0.0808683112263679,0.094078928232193,0.1102980822324752,0.0951984599232673,-0.0245075151324272,0.0976281240582466,-0.0059595485217869,0.0972967222332954,-8.637482096673921e-05,0.0896772667765617,0.0870749279856681,0.1051699072122573,0.0717902034521102,0.1029814407229423,-0.1113967671990394,-0.0800325125455856,-0.0357894264161586,0.102336086332798,0.107648067176342,-0.0255900640040636,0.1019496470689773,-0.0405737236142158,0.0384654216468334,-0.0121217425912618,0.1043605580925941,0.1063109189271926,-0.0349186696112155,-0.0780857652425766,0.0819666013121604,-0.0065232231281697,0.1061806827783584,-0.1044684201478958,0.0252377111464738,-0.1096414551138877,-0.1087356433272361,0.1099814549088478,0.0084425266832113,-0.1127123534679412,0.1122438386082649,0.095297172665596,0.0371314138174057,-0.1113543659448623,0.1082976907491684,0.1109955906867981,0.1114310398697853,-0.0325589925050735,0.0781028494238853,-0.0446445569396019,0.0760323628783226,0.077733926475048,0.0825876593589782,-0.1096840798854827,-0.0805914849042892,0.1096047833561897,0.0031115997117012,-0.0040424275211989,0.0410793200135231,-0.0286210272461175,0.0500196143984794,-0.1105506718158721,0.1062058880925178,0.1096171438694,-0.1136007830500602,0.1039479300379753,-0.0922126397490501,0.1127654463052749,0.111722782254219,0.116121731698513,-0.1144485548138618,0.114982932806015,-0.0698612704873085,0.1123212873935699,0.0006760595133528,-0.1021637097001075,-0.0016333034727722,0.1162514463067054,-0.1157061755657196,0.109665036201477,-0.0626271069049835,-0.0323093794286251,-0.0838730484247207,-0.0698010325431823,0.1107368990778923,0.1137903779745101,0.022312955930829,-0.0784511640667915,0.0068131415173411,0.0546903200447559,-0.0924851596355438,0.1054519042372703,-0.0996301993727684,0.112648919224739,-0.1074975281953811,0.0386482179164886,0.1144319623708725,0.1106876879930496,-0.0986974313855171,0.0751214623451232,0.1151197552680969,0.1003408655524253,-0.0784424468874931,0.1092080622911453,-0.0980788022279739,0.0107690775766968,-0.034718107432127,0.1119515001773834,0.0374440476298332,-0.1117768064141273,0.1150441840291023,-0.0889087989926338,-0.014248707331717,-0.042657908052206,-0.0932720229029655,-0.00825628452003,0.0851895809173584,0.0735163614153862,-0.1160065382719039,0.113775685429573,-0.0360866673290729,-0.0637862309813499,0.1123281791806221,-0.1108516976237297,0.0629423409700393,0.089331716299057,0.0851614847779274,0.0774953663349151,0.0979745686054229,0.0824846997857093,-0.0999899953603744,-0.1003164872527122,-0.0874404311180114,0.0766118317842483,0.0431121066212654,0.1157833188772201,-0.1047737896442413,-0.116221509873867,-0.107254609465599,0.1049984991550445,-0.1071045324206352,0.0339125506579875,-0.1159397885203361,0.1154874414205551,0.0932492241263389,-0.0856777429580688,-0.0901553407311439,-0.0439626723527908,-0.1161647289991378,-0.110181339085102,0.0532564707100391,-0.0115306423977017,0.0907267555594444,-0.0864028632640838,-0.0706418454647064,0.1107290387153625,-0.0217777956277132,0.0415405482053756,-0.1058057323098182,0.114374041557312,0.0717958509922027,-0.0975189879536628,0.0917451679706573,0.1158539876341819,-0.0340663976967334,-0.0683629140257835,-0.1162105053663253,0.1147694289684295,-0.0504303947091102,-0.0594166256487369,-0.0281874872744083,0.012790648266673,0.1126833632588386,0.0943335816264152,0.1051893457770347,-0.0059519298374652,0.0043878844007849,-0.0753912255167961,-0.111127108335495,0.1013771370053291,-0.1118370592594146,-0.0303538143634796,-0.1003512218594551,0.0477927178144454,0.1098736673593521,0.0084662465378642,0.1016720011830329,0.1058186739683151,0.0647759586572647,0.0721154808998107,0.0482716709375381,-0.0937519595026969,0.1123836040496826,0.1374784260988235,0.046395905315876,-0.0216576568782329,-0.0335962362587451,0.1163055375218391,-0.0344450958073139,0.0862893164157867,0.0224527940154075,-0.1292884051799774,0.1322838217020034,-0.0842029377818107,0.033537495881319,0.0666294395923614,-0.0387110486626625,-0.0834000781178474,0.052204180508852,-0.0150361629202961,0.073521502315998,-0.0681735351681709,-0.1160696074366569,0.1688116490840912,-0.0410926863551139,-0.072125032544136,-0.0232874285429716,-0.0975516662001609,-0.070245049893856,0.0874464139342308,-0.0818738117814064,-0.0804339572787284,0.067617617547512,0.0440091714262962,-0.060129340738058,0.057138841599226,0.0548062250018119,-0.0581687204539775,-0.0225119832903146,-0.1462801396846771,-0.0696641281247139,0.1015660241246223,-0.0891678929328918,0.0511926598846912,0.0261621493846178,0.0339228324592113,-0.0886760503053665,0.0131183331832289,-0.0319498106837272,0.0361198745667934,0.0639683753252029,0.0093168392777442,0.0726217105984687,0.1147157326340675,0.0949204117059707,0.0432942397892475,-0.1478986740112304,-0.0604500584304332,-0.0087348623201251,0.0619836822152137,-0.0732097327709198,0.1305074393749237,-0.1379466205835342,0.0213939491659402,0.1425603628158569,0.0667909830808639,0.0921726524829864,-0.079675905406475,-0.1473865658044815,0.1093586906790733,-0.0836890637874603,0.1359757333993911,0.0283987335860729,0.0982201471924781,-0.09915741533041,0.1296240538358688,-0.1398380994796753,0.0229186657816171,0.1437471807003021,-0.1278121173381805,-0.1231737211346626,0.0310848504304885,0.0135356886312365,0.1173494309186935,0.0456547252833843,-0.1504537612199783,-0.1070756614208221,0.0008056260994635,0.1007785201072692,0.1487081944942474,0.0033392494078725,0.1067280694842338,0.0301907323300838,0.0310125779360532,-0.0949486270546913,0.0284937471151351,0.1273306459188461,-0.0173190906643867,0.1434357464313507,0.0773194804787635,-0.0146484011784195,0.0528589487075805,-0.0761463046073913,0.0552548766136169,0.1079122498631477,0.0722093656659126,0.0451727211475372,0.0467402674257755,-0.0246977414935827,0.1312435567378997,0.0018242165679112,0.1167044639587402,-0.0781704783439636,0.1180270165205001,0.154170960187912,-0.0537550114095211,-0.0952327772974968,-0.0204519648104906,0.0659457519650459,0.1044142320752143,-0.1652097851037979,0.0405084639787673,-0.0540829822421073,0.1435163468122482,-0.083638995885849,-0.1325787752866745,-0.0767260566353797,-0.1282957047224044,0.1078925281763076,-0.0083485320210456,-0.1068885996937751,0.1150970607995987,0.1360753774642944,-0.0370336063206195,0.1383701562881469,0.1061476469039917,0.1407525986433029,-0.1219219490885734,0.0429894812405109,0.0725350007414817,-0.0121111217886209,0.1351748406887054,0.0177546143531799,-0.0150408437475562,0.0436376444995403,-0.1415392756462097,-0.0257265716791152,0.0755688101053237,-0.1249002367258071,0.0098214950412511,-0.0634732767939567,-0.1139785274863243,-0.0546346120536327,-0.0319883041083812,-0.1030928716063499,0.0957236438989639,-0.03849833086133,-0.0402903817594051,0.0896124541759491,0.0092699201777577,0.024424934759736,-0.0554076954722404,0.1118427142500877,-0.1109879240393638,0.1033391132950782,-0.1177118346095085,0.1159772723913192,-0.1166666224598884,0.0380163602530956,-0.0635267570614814,0.070410817861557,0.0098064439371228,0.0553323403000831,-0.1227140128612518,0.090146318078041,0.1291193813085556,-0.0497507117688655,-0.1339841932058334,0.0097081428393721,0.0008509670733474,-0.1163660660386085,-0.0027256249450147,0.0779823586344719,-0.1433097720146179,-0.0669349208474159,0.0184771511703729,-0.1020835787057876,0.0489415898919105,-0.0516232624650001,-0.1320331692695617,-0.0727120786905288,0.1167841479182243,-0.1424293369054794,-0.0642397403717041,-0.1170966103672981,-0.1208731085062027,-0.0780664309859275,0.0893400758504867,0.0886799693107605,-0.0696841403841972,-0.1209050714969635,-0.0821821242570877,-0.0887278020381927,-0.123281329870224,0.091927945613861,0.0802824646234512,0.0636975914239883,0.1172912642359733,0.0371308997273445,0.1383403241634369,0.0594498999416828,-0.0958399400115013,-0.0684644877910614,0.1356355398893356,0.1092153638601303,-0.0685184523463249,0.1193905547261238,0.1027721464633941,-0.1221551895141601,-0.1294418722391128,-0.0484655201435089,-0.0478403829038143,-0.1287886053323745,-0.1303473263978958,0.1327033936977386,0.0040433453395962,0.0796786025166511,-0.0712651535868644,-0.0488640926778316,-0.0429834425449371,0.076724886894226,0.0989071503281593,-0.0029065497219562,-0.0440363101661205,0.0753986164927482,0.0830490365624427,0.0330206304788589,0.1189599707722663,-0.10223388671875,0.1364604085683822,0.0379095636308193,-0.0274608880281448,0.1368045359849929,-0.0632339417934417,0.0222772266715765,0.0160501319915056,0.1352709233760833,-0.0859319120645523,0.0262205377221107,0.034310907125473,-0.0742567181587219,-0.1281282901763916,-0.0733297914266586,-0.031738594174385,-0.0429394990205764,-0.019018854945898,0.0100261531770229,-0.0370223298668861,-0.0383428297936916,0.0170225910842418,-0.042101003229618,-0.0050703966990113,0.0056836325675249,0.0680188909173011,0.157219797372818,0.0636375173926353,-0.0146822240203619,-0.1276641339063644,0.0511384159326553,-0.0375347286462783,-0.1323074251413345,-0.0935301557183265,0.0985853970050811,0.054748672991991,0.0205629542469978,0.031549584120512,-0.0465638116002082,-0.1684869676828384,0.1171169877052307,0.1292744129896164,0.0391317307949066,-0.113114096224308,0.1514523923397064,-0.0463698767125606,0.0824402496218681,0.0080836592242121,-0.0937337428331375,-0.1084908843040466,0.0386367626488208,-0.0290975552052259,0.1483388096094131,-0.0448566824197769,-0.0695440918207168,0.133860558271408,0.1526312381029129,-0.0842825546860694,-0.0040799654088914,-0.0913775265216827,0.0951248407363891,0.1198740527033805,-0.1341214478015899,-0.1390320062637329,-0.0799166187644004,-0.0108134523034095,0.1633708029985427,0.0018512399401515,0.0172402784228324,0.0034901215694844,-0.1453266888856887,0.0662465319037437,-0.0870290249586105,-0.0169245284050703,0.1170415058732032,-0.0831163302063942,0.0392232052981853,-0.0444171614944934,-0.0141581632196903,0.1392431706190109,0.1301686912775039,0.1209023967385292,-0.0581249631941318,-0.0523334629833698,0.1003001257777214,-0.070484958589077,-0.0629299283027648,0.0459860451519489,0.1233379989862442,0.0806004479527473,-0.1202782317996025,0.0356165021657943,-0.0289691165089607,-0.1232939958572387,0.0025820394512265,0.1287391781806945,-0.0237017646431922,0.0951171964406967,-0.1444728374481201,-0.0102529507130384,0.0593151077628135,-0.1122870147228241,0.0756311491131782,-0.0813400074839592,-0.064827986061573,0.1146469339728355,0.0899825096130371,0.0231966953724622,-0.0272546131163835,-0.0112232295796275,0.0710226595401763,0.0387402139604091,-0.0620403364300727,0.0638663694262504,-0.0856378227472305,0.0128573449328541,-0.0494465976953506,0.1393542289733886,-0.0270403679460287,-0.0322497896850109,0.0697876885533332,0.1418429911136627,0.1093991175293922,0.0768190547823906,0.0582034885883331,0.0855129808187484,-0.1351460367441177,-0.1261589378118515,0.0834838524460792,-0.0806422233581543,0.1000874191522598,-0.1420814543962478,0.1133065596222877,0.0207040179520845,-0.038070760667324,-0.033102698624134,-0.1183997318148613,-0.148937851190567,-0.0136921908706426,-0.1032861694693565,0.0515541546046733,0.0684196799993515,0.1510763019323349,-0.1023538932204246,0.0492448844015598,0.0548784807324409,0.1179385110735893,0.02121527120471,GCDLIMRCFYQTHK-VAVHTVFJSA-N,CNC(=O)Oc1c2c(c(O)c3cc(CN4CCC4)ccc13)C(=O)C1=C(O)[C@]3(O)C(=O)C(C(N)=O)=C(O)[C@@H](N(C)C)[C@@H]3C[C@@H]1C2
0.0262732561677694,-0.118188589811325,-0.0823412984609603,-0.0642676502466201,-0.0988773703575134,0.1111974641680717,0.0763967856764793,-0.0302444770932197,0.0458443909883499,-0.110266238451004,-0.0294799990952014,0.0674442648887634,-0.0839475914835929,-0.1084954142570495,0.1167371943593025,0.0698403641581535,0.0980373322963714,-0.0667064860463142,-0.0536335594952106,0.1092842742800712,0.0812019929289817,-0.0594823509454727,-0.1188480779528617,0.098054215312004,0.0698693990707397,0.0770111754536628,0.0538401342928409,-0.0592182911932468,-0.0773414149880409,-0.1184420213103294,-0.0686797872185707,0.112955667078495,-0.0937937274575233,0.1187572702765464,-0.1122056916356086,-0.0441871732473373,-0.1108618527650833,0.0462674833834171,-0.0114688286557793,0.0902499631047248,0.0973364487290382,-0.1041803881525993,0.1189198344945907,-0.1175503060221672,0.1095491200685501,0.0959870591759681,-0.0843539163470268,0.1166677847504615,0.0002199861919507,0.09964020550251,-0.0800185352563858,-0.0149996224790811,0.1174553632736206,0.0849410146474838,0.0111645478755235,-0.0692545771598815,-0.1097499802708625,0.0764472782611846,-0.0855106636881828,-0.0589198730885982,0.1039109379053115,-0.1164316460490226,-0.0772056132555008,0.1135797947645187,-0.1115652993321418,-0.1012621223926544,-0.0154332853853702,-0.1011867746710777,0.114970214664936,0.0725743100047111,0.1186524555087089,-0.0425056479871273,-0.0590924993157386,0.0338658690452575,-0.0239955335855484,-0.1116826012730598,-0.0992424637079238,0.1116927862167358,-0.0508463345468044,-0.0990668982267379,-0.1180748865008354,-0.0965622290968895,0.1048163250088691,0.1153620332479476,-0.0272269379347562,-0.0200914833694696,-0.1146871075034141,0.0358353890478611,-0.0165419429540634,-0.1185351535677909,-0.0109069431200623,-0.080989196896553,0.1170563772320747,-0.1150806173682212,0.1143955066800117,-0.1141030862927436,-0.1183831617236137,0.0110211288556456,-0.0536537393927574,0.0478801466524601,-0.0620063059031963,-0.0729403272271156,-0.1078075468540191,-0.1188308224081993,-0.1064027547836303,-0.0757630690932273,0.0368622392416,0.0392779856920242,0.0990122109651565,0.1180614829063415,0.1180173605680465,-0.0984884351491928,-0.085945725440979,0.0432659722864627,0.1081218793988227,-0.1154703348875045,-0.0870396420359611,0.0177254788577556,-0.1188158392906189,-0.0705651119351387,-0.1090992987155914,0.0180219523608684,-0.1062091588973999,0.0788527652621269,-0.0382372587919235,0.1106543242931366,0.1128355637192726,-0.1009242385625839,-0.1054737120866775,0.1010825261473655,0.0979549512267112,0.1040524616837501,-0.0682360306382179,0.111313410103321,-0.0915299132466316,0.0456957593560218,-0.0908301770687103,-0.1043851897120475,-0.0902657285332679,0.0004493679734878,-0.104329340159893,-0.0982043445110321,0.1051540002226829,-0.1113158166408538,0.1014406606554985,-0.0398849919438362,0.1113169342279434,0.052784077823162,0.1113170161843299,-0.0612345859408378,0.0481287091970443,0.1103781759738922,-0.0142431640997529,-0.0775661319494247,0.08047416806221,0.1060803309082984,0.1025445610284805,0.0947121530771255,0.0456813424825668,0.0614916533231735,-0.1038557291030883,0.0992915481328964,0.1112124174833297,-0.1017901599407196,0.1095373928546905,0.0394640788435936,0.1113172397017479,0.002334393793717,-0.1048827990889549,-0.0608400106430053,0.1102171838283538,0.1113172322511673,-0.0070490282960236,-0.0896958038210868,0.1103668510913848,-0.0535601377487182,0.1071241497993469,-0.1053002327680587,-0.105395957827568,0.0302579011768102,-0.0833254605531692,-0.0210292376577854,-0.0901795029640197,0.1112041473388671,0.1113170459866523,0.0575662590563297,-0.1113108098506927,0.1084497570991516,-0.1098453179001808,-0.1113025397062301,-0.0940143913030624,0.1111731231212616,-0.1113172620534896,-0.1113133952021598,-0.1113172397017479,-0.0799162983894348,-0.1061460375785827,-0.106273278594017,0.1111248359084129,0.049527958035469,0.0907868295907974,0.0561254173517227,-0.1072657853364944,0.0385138802230358,0.1113158389925956,-0.1113172620534896,0.1088284105062484,0.1013437509536743,0.1113118752837181,0.1085790693759918,-0.0839280188083648,-0.1113172173500061,0.1013338565826416,0.09956606477499,-0.1113125309348106,-0.0055037811398506,0.0392203293740749,-0.0707063153386116,-0.1089634448289871,-0.0062930155545473,-0.0051635014824569,-0.0143409678712487,0.0655376762151718,-0.1093093603849411,0.0933950841426849,0.0290784984827041,0.0587801709771156,-0.0655847638845443,-0.029445206746459,-0.0706744194030761,-0.0286328941583633,-0.086680844426155,0.1022318676114082,-0.111316978931427,0.0988389179110527,-0.0918914303183555,-0.0809470042586326,0.1108430102467536,0.1096554100513458,-0.0227436181157827,0.0137941818684339,-0.0182231906801462,0.1036492437124252,0.1058840900659561,0.0025101883802562,-0.088300347328186,-0.0200146771967411,0.1051712036132812,-0.1113172620534896,0.1040575578808784,-0.1113097369670867,-0.034154187887907,-0.0139632243663072,0.1112944856286048,-0.070186823606491,0.0970994085073471,0.0040983669459819,0.106671318411827,-0.1095125302672386,-0.0921069830656051,0.0256387963891029,0.0618132911622524,0.0936493724584579,-0.1038470566272735,-0.1077716723084449,-0.1095126420259475,0.1016929075121879,0.067650519311428,0.109372042119503,0.0105420155450701,0.0297226347029209,0.0196156799793243,0.0789778307080268,0.0805511996150016,0.1074265614151954,0.0326251201331615,-0.1080500558018684,-0.1061135828495025,0.1045285388827323,-0.098571091890335,0.1060005202889442,-0.1091702952980995,0.0738116726279258,-0.1043856367468833,0.0962755605578422,0.1080737709999084,0.0629950985312461,0.1022898107767105,0.1072691604495048,-0.1085237339138984,-0.0400584079325199,-0.1095075607299804,-0.027742838487029,0.0904860645532608,0.0168724507093429,-0.1095126196742057,0.1082857027649879,-0.1017402037978172,-0.1095127537846565,-0.102977380156517,-0.1089031025767326,-0.0359415635466575,-0.0970607176423072,-0.0919940918684005,0.0386144369840621,-0.1037926450371742,0.1088766679167747,0.0071936892345547,-0.0982902571558952,0.0575959905982017,0.1091043502092361,-0.0068389908410608,-0.1094072833657264,-0.0402070619165897,0.0779804587364196,0.0680375024676323,0.1091712787747383,0.0984002202749252,0.1078505516052246,0.0472456663846969,0.1094686612486839,-0.0739879161119461,0.0877410769462585,-0.1095127984881401,-0.0725650936365127,-0.1064896062016487,0.1095121726393699,0.109500765800476,-0.0292899906635284,0.1095035001635551,0.0583870410919189,-0.0063571794889867,0.1095128059387207,-0.1095128059387207,0.0709460601210594,-0.1079297065734863,0.1062282398343086,-0.1095108687877655,-0.108172059059143,0.0575310364365577,0.0678449273109436,0.1095120534300804,-0.0999765917658805,0.0859231725335121,0.1095127537846565,-0.0071148429997265,-0.0009286795393563,-0.097959004342556,-0.1013096272945404,-0.0470289289951324,-0.0780273154377937,-0.0641127526760101,0.038090169429779,-0.1057501956820488,-0.1052728816866874,-0.0154202254489064,-0.1026191413402557,0.0827193707227706,0.0206974223256111,-0.0868192985653877,0.1090340539813041,0.0919079780578613,-0.0699978768825531,-0.0993029698729515,-0.1017609760165214,-0.1095127910375595,-0.1058745831251144,-0.0114745460450649,0.1094167828559875,-0.1078297197818756,0.1095106750726699,0.1079549416899681,-0.1090021654963493,-0.0809356793761253,-0.015499047935009,0.1050952970981597,-0.1095057427883148,-0.1093072295188903,-0.036183089017868,-0.1095128059387207,-0.1094814538955688,0.0426963567733764,0.027584221214056,-0.0872860103845596,0.117398664355278,-0.1116867810487747,0.0835379287600517,-0.0938383340835571,0.0417663902044296,-0.0613373667001724,-0.029700918123126,0.1186140105128288,-0.0741859450936317,-0.0790661945939064,0.102419801056385,-0.0150657929480075,-0.0253994818776845,0.1066825836896896,0.0284205544739961,0.105394996702671,-0.1203752756118774,0.1040194258093833,-0.106209710240364,-0.1076010689139366,-0.082562655210495,0.0919151455163955,-0.0078667495399713,0.0666076764464378,-0.1116476953029632,0.0719163790345192,-0.0419941432774066,-0.1093699261546135,-0.1145316138863563,0.1142967492341995,0.0944166257977485,0.1003388091921806,-0.1174002587795257,0.1186780482530593,0.0887743756175041,-0.1182433813810348,-0.1020904928445816,-0.1184074431657791,-0.0574401468038558,-0.0383374355733394,0.0825009644031524,0.0204435884952545,-0.1151713281869888,0.1177991926670074,-0.0449237190186977,0.0010348022915422,0.0556374751031398,0.0478855185210704,0.1151013746857643,-0.0101257758215069,-0.1095320209860801,-0.0697889328002929,0.1147198006510734,0.1177103966474533,-0.062132753431797,0.0645241662859916,0.0275888107717037,-0.0033169586677104,0.0246556121855974,0.084386296570301,-0.0926640108227729,-0.1162121668457984,0.0923072546720504,0.1017462834715843,0.0806117877364158,-0.0245822425931692,-0.0055875061079859,-0.0637945532798767,0.0740618556737899,-0.1139903292059898,0.0574011094868183,-0.109644815325737,-0.1029202938079834,0.1053089573979377,-0.1183690130710601,0.0723156407475471,0.1081793755292892,-0.1183762997388839,-0.0850829184055328,-0.1088405326008796,0.0089748091995716,-0.0041632987558841,-0.0981700420379638,-0.1006797030568122,-0.0245128609240055,0.0429313369095325,-0.0801190435886383,0.1198470741510391,0.0117199644446372,0.1082745566964149,-0.0542103163897991,0.0984133705496788,-0.1019507125020027,0.08547093719244,-0.0921828299760818,-0.0914647728204727,-0.061014786362648,-0.03867057710886,0.0902366191148758,-0.0880936160683631,0.1144313067197799,0.1048848703503608,0.0020493485499173,0.1106135919690132,-0.092270016670227,-0.117227017879486,-0.1205149665474891,0.1108233109116554,-0.0570428557693958,0.1098226606845855,-0.0052293706685304,0.1173813268542289,0.1148045733571052,0.014627113007009,0.09994438290596,0.1156293153762817,0.1111563518643379,0.024819541722536,-0.1144754216074943,0.0977972894906997,0.1083540618419647,0.0443916507065296,0.092660516500473,0.1156087145209312,-0.1175052523612976,-0.0779672190546989,0.0539586953818798,-0.108755238354206,-0.1256724447011947,0.0061148889362812,-0.050981119275093,-0.0796603113412857,-0.0508932024240493,0.0472979545593261,0.1292517334222793,0.0422846153378486,0.0904316082596778,0.1140932366251945,0.1089776456356048,0.0624523982405662,0.094992309808731,0.1208819597959518,0.0585165172815322,-0.1276514679193496,-0.0523704811930656,0.1215055286884307,-0.0308549590408802,-0.0436790212988853,0.061155017465353,0.0070364782586693,-0.1289770305156707,0.1149465665221214,0.0801265314221382,0.0669629722833633,-0.1290931552648544,0.1193691939115524,-0.1240721940994262,-0.054801519960165,-0.1089878231287002,0.0713612511754036,-0.0322530753910541,0.0354297943413257,0.1109355613589286,-0.1172768995165824,0.0900600403547287,-0.0639042109251022,0.1060984432697296,0.0077938567847013,0.0678781643509864,-0.1013316512107849,0.0525346957147121,0.0335180573165416,0.1090540215373039,0.029884735122323,-0.0795314535498619,-0.1184598132967948,0.1257754117250442,0.0331723392009735,0.0778422802686691,0.0982168540358543,-0.0690186694264411,0.1002187132835388,-0.079526275396347,-0.1096406430006027,-0.1078491136431694,0.116460882127285,-0.0187908038496971,0.075328953564167,0.1215250417590141,-0.0889954417943954,-0.1043392047286033,0.1287615895271301,-0.0965489968657493,0.0925933793187141,-0.0364329554140567,0.0806607902050018,-0.059460025280714,0.1167769655585289,0.0436059571802616,0.0281483437865972,-0.0952160134911537,-0.0370753854513168,0.1285977363586425,-0.080807901918888,0.0832653045654296,-0.0761500298976898,0.1161889061331749,0.0843442901968956,-0.0144414203241467,0.0989503860473632,0.1129720583558082,0.1246155649423599,-0.0627899467945098,-0.1250824183225631,-0.0808245241641998,0.0486439391970634,-0.0980725884437561,0.0777616426348686,0.0497836917638778,0.0796834379434585,-0.1034439653158187,-0.104776881635189,0.0766015946865081,0.0900672376155853,-0.0357821211218833,0.0203206837177276,0.0938710197806358,-0.0590209104120731,0.097300685942173,0.0657289698719978,0.1227884516119957,0.0501421242952346,-0.0773382857441902,-0.0928707048296928,0.0157437175512313,0.1159091964364051,0.1136963292956352,-0.0979931950569152,-0.1222231015563011,0.07755097001791,0.1289546191692352,0.0903347507119178,0.0776389241218566,-0.0088086444884538,0.1267398297786712,-0.1293597966432571,-0.0338029563426971,-0.1114752069115638,-0.0148354042321443,-0.0824466124176979,-0.1067130342125892,0.0212642569094896,-0.1227458119392395,0.103083923459053,0.1048838570713996,0.0114285591989755,-0.0864879488945007,0.0820390656590461,-0.0966970771551132,0.1266179233789444,-0.0507500134408474,0.1467676311731338,0.0344504825770854,0.1588465869426727,-0.0904357135295867,-0.0526022687554359,0.1243221312761306,-0.0340505391359329,-0.0305491518229246,0.0157031025737524,0.1262297481298446,-0.0189736746251583,0.0319112986326217,-0.1255715042352676,-0.0069429497234523,-0.107573963701725,-0.0458984598517417,-0.0256633553653955,-0.1107390895485878,-0.1451163291931152,-0.099736675620079,0.1215532198548317,-0.0034363481681793,0.1253705471754074,0.0429936721920967,-0.0277610123157501,0.1237212643027305,-0.0375506654381752,-0.0108341891318559,0.0256462935358285,-0.1501207053661346,0.0625722929835319,0.1244300082325935,0.013269867748022,0.0014284522039815,-0.1139866486191749,0.0174158047884702,-0.0403900444507598,-0.1282500326633453,-0.0094187008216977,0.159215897321701,-0.0170613192021846,0.172885850071907,-0.0001503149687778,-0.0283912103623151,0.0822008922696113,-0.1064943596720695,0.0168310813605785,0.1205832287669181,-0.0616092346608638,-0.0103138694539666,-0.0590028278529644,-0.1180866956710815,-0.1389737129211425,-0.0515045262873172,0.0102051636204123,-0.1234295889735221,-0.1384762674570083,-0.0855886191129684,-0.1232928037643432,0.0746244639158248,-0.0782257914543151,0.0868353471159935,-0.1351090669631958,0.1168616488575935,0.0070817610248923,0.0111972792074084,-0.107020802795887,0.0083632385358214,-0.0295036025345325,-0.1229570657014846,-0.1008530706167221,-0.1697718799114227,0.1035336703062057,0.0928482040762901,-0.1181201040744781,0.0840612351894378,-0.0993148386478424,0.0925467908382415,0.0392527319490909,0.000588190567214,0.1705084890127182,-0.1072393134236335,-0.0028992444276809,-0.0836492329835891,-0.1695564836263656,0.0559673458337783,-0.0376748107373714,-0.0770313441753387,-0.0437455363571643,-0.0421381182968616,0.0067886472679674,-0.0832702368497848,-0.0013702646829187,-0.0659764781594276,0.06495863199234,-0.0712180808186531,0.1781990826129913,0.0030579559970647,0.089822918176651,0.0681264400482177,-0.0656847432255745,0.0421675741672515,0.0275277532637119,0.1084077581763267,-0.0856670886278152,0.0799699276685714,0.0765068605542182,0.205914556980133,-0.0153042366728186,0.1247614100575447,-0.0465753525495529,-0.0521651543676853,-0.0174139514565467,-0.0102153671905398,-0.0104214511811733,0.0728723332285881,0.0377242378890514,0.1545897871255874,0.0335851237177848,0.0558854006230831,-0.0708152279257774,0.0327055007219314,0.009595738723874,VFXKSILCUXRSCB-UHFFFAOYSA-N,CCCn1c(-c2ccc(S(=O)(=O)c3ccc(Br)cc3)cc2)nn(CN2CCOCC2)c1=S
0.0349977016448974,-0.1026671677827835,0.1078361049294471,0.113757811486721,0.1120391860604286,0.0142293218523263,-0.0007870574481785,-0.0534300170838832,-0.0962399169802665,-0.091945044696331,-0.0507457368075847,-0.0254189707338809,-0.0639733523130416,0.1132254153490066,0.1128007695078849,-0.1097680255770683,0.1051030084490776,-0.0902496576309204,0.1073267608880996,0.1137261912226677,0.022789292037487,-0.1125184595584869,-0.0505099892616272,-0.034134417772293,0.0370362401008605,-0.0779830068349838,-0.1119366735219955,-0.1110418364405632,-0.0022081064525991,0.0775614455342292,-0.0144423050805926,-0.0502421893179416,-0.1120693460106849,0.0408636219799518,-0.113735094666481,-0.1136675328016281,0.024885656312108,0.1111642867326736,0.1117918118834495,0.1080096065998077,-0.0702132284641265,-0.0357906632125377,-0.0969429165124893,0.1132397949695587,0.1136144772171974,0.1132112368941307,-0.090956911444664,-0.0886138975620269,-0.1024895533919334,-0.0635146349668502,0.111895814538002,0.1034214720129966,-0.0514822378754615,0.1083780005574226,-0.1131573319435119,0.0746045336127281,0.0049675730988383,-0.113016590476036,-0.0962800532579422,0.0688707903027534,0.0764649137854576,0.1042741686105728,0.0865966826677322,0.0158222876489162,0.1099791377782821,-0.0931800603866577,-0.1136816516518592,-0.0518070198595523,0.0998586639761924,-0.1099429875612258,0.0525401830673217,0.1137545630335807,0.1049415245652198,-0.1135480478405952,-0.1032242625951767,0.0113560808822512,-0.1090703308582305,0.1093128249049186,-0.0895966291427612,-0.1113717183470726,0.0207620300352573,0.1097442731261253,0.0368455797433853,0.0895140320062637,0.0277585890144109,0.1136818006634712,0.1112461239099502,0.1134419292211532,-0.1117455065250396,-0.0088193081319332,0.1111869886517524,0.0530276708304882,0.1040820702910423,0.1122928857803344,-0.1101261675357818,0.0671363994479179,-0.1116749867796897,-0.0922896414995193,-0.0825129970908165,0.110834814608097,0.0310455784201622,0.1065359339118003,0.0794338956475257,0.05974742770195,-0.1134400889277458,-0.0335456021130085,0.0531604513525962,0.0437439568340778,0.1095443665981292,0.0241508763283491,-0.0136849619448184,-0.0206716172397136,-0.1048057451844215,-0.1129638850688934,0.1114906668663024,-0.0831581428647041,-0.1064333468675613,-0.1068479269742965,-0.109191283583641,0.1119154170155525,0.0094049712643027,0.1133703142404556,-0.0618510544300079,0.1067067384719848,-0.0277534872293472,0.0719400644302368,-0.0366725102066993,-0.1134414225816726,0.0981424078345298,-0.0538124702870845,-0.1003228947520256,-0.010917424224317,0.0181377213448286,0.0659339651465416,-0.0593899525701999,-0.0962156876921653,0.1008676216006279,-0.1007814556360244,0.1008682921528816,-0.0984408035874366,-0.1008315682411193,-0.1004587784409523,-0.1008050739765167,-0.0654985830187797,0.075199507176876,-0.0922478958964347,-0.1008732467889785,-0.1005300879478454,-0.0074310041964054,-0.1007864400744438,-0.100848838686943,0.0590345375239849,0.1008407026529312,0.042276844382286,0.1006559431552887,-0.0698153749108314,-0.1008725091814994,-0.0990839079022407,-0.0958152934908866,-0.0364480055868625,-0.1008332967758178,0.100864864885807,0.0992532819509506,0.0438001379370689,0.0993423834443092,-0.1008732467889785,-0.0878033190965652,0.1003609448671341,0.062767744064331,-0.0343881584703922,0.100869670510292,-0.1008732318878173,0.0135338716208934,-0.0278143621981143,0.0973582118749618,0.080791488289833,-0.100872203707695,0.0986918732523918,0.1008675321936607,-0.1008732244372367,0.005782623309642,-0.1008715853095054,0.0994463190436363,-0.1008470132946968,0.1007395237684249,-0.1008732467889785,-0.0862974673509597,-0.0980491191148758,-0.1008551940321922,0.0737630277872085,-0.1007642671465873,-0.0976748093962669,0.1008732467889785,-0.0998528972268104,-0.0911390781402587,0.096865564584732,-0.1008691489696502,-0.1001547500491142,-0.0206618327647447,-0.1008732244372367,-0.1008522063493728,-0.1002164781093597,-0.1004710718989372,0.0353119596838951,-0.0339500270783901,0.1003448665142059,-0.0158434007316827,-0.0947155877947807,-0.0980406627058982,0.0984251424670219,0.1003952845931053,-0.0969917923212051,-0.1005213111639022,-0.100284494459629,-0.093398593366146,0.1007782071828842,0.1007585003972053,0.0965835377573967,-0.1007974743843078,-0.0641908422112464,0.060430858284235,0.1008732467889785,-0.0934906527400016,0.0923056751489639,0.0995252802968025,-0.0900954082608223,-0.0972461700439453,0.0812195166945457,-0.0233579371124506,0.1008732244372367,0.0999381840229034,0.076189637184143,0.1008417978882789,0.1008718535304069,-0.0763259828090667,0.0968888774514198,-0.1008586809039115,-0.0919420272111892,-0.1000086963176727,0.0836331844329834,-0.100871056318283,-0.0950619205832481,-0.0503130108118057,-0.0305074118077754,-0.0987778231501579,0.0874180495738983,-0.0549653284251689,-0.0963340327143669,0.0813793316483497,-0.0932525694370269,-0.1004902943968772,0.072249561548233,0.1001115664839744,-0.1008693277835846,-0.0715327635407447,-0.1006583347916603,-0.096569649875164,-0.0863006189465522,0.0993013605475425,-0.0975085720419883,0.0993180572986602,-0.0993101745843887,-0.0478056855499744,-0.0993178412318229,-0.0973390862345695,0.0905524417757988,-0.0480202622711658,0.0896170958876609,0.0818606913089752,-0.0551131665706634,0.0888716503977775,0.0954106450080871,0.0529735274612903,-0.0300056524574756,-0.0954584926366806,0.0992170348763465,-0.0992664322257042,-0.0990527793765068,0.0988797172904014,0.0129660265520215,0.0988354757428169,0.0989566817879676,0.0937500372529029,0.0993129834532737,-0.0563063025474548,-0.0977377668023109,0.0993153005838394,-0.099219299852848,0.098573975265026,-0.0983719527721405,-0.0989615246653556,-0.0987238362431526,0.0981010943651199,-0.0975475013256073,-0.097393698990345,-0.0831370055675506,0.0956436097621917,0.0992647409439086,-0.0401565246284008,-0.0992896631360054,0.0761403664946556,0.0981900244951248,-0.0920472219586372,-0.0993171483278274,0.0982092097401619,-0.0949058160185813,0.0760736018419265,0.0822326764464378,-0.0991605296730995,-0.0982556864619255,-0.0984003990888595,-0.0130365090444684,0.0963674634695053,-0.0984779372811317,-0.0928424671292305,0.0980429425835609,0.0925011932849884,0.0992906689643859,0.0993178039789199,-0.0725973099470138,0.0819823965430259,0.0863674581050872,0.098902091383934,0.0919103026390075,0.0350783839821815,0.0882224738597869,-0.0977995246648788,-0.0992066338658332,0.0574361458420753,0.0993065536022186,0.0897240862250328,-0.099247932434082,-0.0991473123431205,-0.033276617527008,-0.0992723777890205,-0.0982022061944007,-0.0989886224269867,0.0993179827928543,-0.0727819502353668,0.0989800095558166,-0.0568210259079933,0.0309379529207944,0.0993180125951767,-0.0907468050718307,-0.0991473272442817,0.0963377282023429,0.0993137806653976,-0.0931300818920135,0.0991206988692283,-0.0986515060067176,0.0766818895936012,-0.0891675353050232,0.0221233703196048,-0.0027323784306645,-0.0564999394118785,-0.0951695293188095,-0.0749198272824287,0.0843439549207687,0.0820401087403297,-0.0040233321487903,0.0993153527379036,-0.0872369706630706,-0.0984639078378677,0.0431174300611019,-0.099308855831623,0.0956479161977768,-0.096007764339447,-0.0939989164471626,0.0989761725068092,-0.0990857034921646,0.0992790460586547,-0.0987583473324775,-0.0982665345072746,0.0429930388927459,0.0992620140314102,0.0990517884492874,-0.0840581804513931,-0.0969276055693626,0.0914224982261657,-0.0991992056369781,-0.0993085950613021,-0.0982504859566688,0.0350805781781673,0.0988552495837211,0.1373165249824524,-0.1075040400028228,0.0352697931230068,-0.1653565168380737,0.0373056344687938,-0.0097275795415043,-0.1099922284483909,-0.1220679730176925,-0.1068348363041877,-0.0100237112492322,0.0718197077512741,0.0067575522698462,0.0925570130348205,0.0658482909202575,-0.0409052297472953,-0.0643848106265068,-0.1115593016147613,-0.0394836068153381,0.0788436159491539,-0.0489557199180126,0.0961991176009178,0.1253379732370376,-0.0557897053658962,0.0620922148227691,0.0847803279757499,-0.1266112178564071,-0.1386999487876892,0.0990836769342422,-0.0904831886291503,-0.1111921146512031,0.1205861568450927,0.024869967252016,-0.0989366173744201,0.1365376561880111,0.0993682369589805,0.0767331570386886,0.1140133813023567,-0.0067309383302927,0.1334096491336822,0.1641601324081421,0.1185163185000419,-0.0611546710133552,0.1245548501610755,-0.0003305422142148,0.0455673113465309,-0.0461938269436359,-0.0245695151388645,0.0825727581977844,0.0469400137662887,-0.0002742059587035,0.0768416821956634,-0.0949669927358627,0.0262579582631587,0.1304200291633606,0.0179863534867763,-0.1237552911043167,-0.0437435209751129,0.0727431029081344,-0.0556028187274932,0.1710490137338638,-0.0145290400832891,-0.0003564875223673,0.0416411012411117,-0.0104912929236888,-0.0372751764953136,0.0836415737867355,-0.0191726498305797,0.0477871783077716,-0.0789495483040809,-0.0059683150611817,0.0739400312304496,-0.0738340318202972,-0.1357613354921341,-0.0523876249790191,-0.124791644513607,0.1059487238526344,-0.0863997712731361,-0.0387912467122077,-0.1095337122678756,-0.0313867107033729,0.04536072909832,0.1521299034357071,-0.1067945435643196,-0.1355523467063903,-0.018996337428689,-0.0367251448333263,0.0750355198979377,0.1598515063524246,-0.0041837715543806,0.1076056957244873,-0.0179494302719831,-0.0045402878895401,-0.1131405755877494,-0.1662764251232147,0.0109710982069373,0.0678586140275001,-0.0213198773562908,0.081538125872612,0.085234634578228,-0.0980346277356147,-0.0529848299920558,0.0980051234364509,0.1019928455352783,-0.1221217215061187,-0.1024915128946304,0.0887152925133705,-0.0476255491375923,-0.1502396166324615,0.112890712916851,0.1120457202196121,-0.1274517029523849,0.0224189590662717,0.0454278513789176,0.1513686329126358,-0.0581299886107444,-0.0701392814517021,-0.0369516089558601,0.0174520500004291,-0.0836617946624755,-0.1319130063056945,-0.1117161363363266,0.0403666049242019,0.0019366655033081,-0.0853187143802642,-0.0539718605577945,-0.1037838757038116,-0.1002411842346191,-0.031273178756237,-0.0424111783504486,0.1204434186220169,0.1414973586797714,-0.1034449115395546,0.1089369431138038,0.0739673301577568,0.1392104923725128,-0.1120476722717285,0.1206357106566429,-0.0698256194591522,-0.0272855591028928,0.0505592674016952,0.0869407653808593,0.12722809612751,0.0624517239630222,0.013857671059668,0.0700906366109848,-0.0794135481119155,0.0747891440987587,0.0805877372622489,-0.07318627089262,0.0549177043139934,0.0032432826701551,0.1079083681106567,-0.1358041018247604,0.1157272830605506,-0.0933525413274765,0.0744719356298446,-0.1360223442316055,0.1026806756854057,0.1432355940341949,0.0436387881636619,0.0732145011425018,-0.0891167148947715,-0.1436824649572372,0.0325519070029258,0.1322830915451049,-0.0967180132865905,0.1080466359853744,0.0070119365118443,-0.1009928658604621,0.0822741687297821,-0.1210635304450988,-0.0571755953133106,0.0124875605106353,0.0798169746994972,-0.076443038880825,-0.0372211337089538,-0.1131171435117721,-0.0682123154401779,0.0053309607319533,0.0010759595315903,0.1332110464572906,-0.1135994344949722,0.0707141980528831,0.0635050609707832,-0.0789561420679092,-0.0068875672295689,0.1367337852716446,0.0489532835781574,-0.125303253531456,0.1153696924448013,-0.0224284939467906,0.1191158816218376,-0.0321927145123481,0.0442054867744445,0.0981148928403854,0.0554611831903457,0.0048831761814653,-0.0834996998310089,0.0938781648874282,-0.1082667186856269,-0.0500816702842712,0.0321378149092197,0.0937578007578849,-0.1250327080488205,0.0933191254734993,-0.0466567166149616,-0.0921339765191078,-0.0855289623141288,0.1176745370030403,-0.0674629211425781,-0.1408125609159469,0.1440261453390121,-0.1142034232616424,0.0421326756477355,0.016792319715023,-0.0545036569237709,-0.0872805640101432,0.1393937468528747,-0.020305024459958,-0.0551558956503868,-0.1488480865955352,0.0425809398293495,0.1463665962219238,0.0212431382387876,0.1068568900227546,-0.0005172740202397,-0.005831757094711,0.0075364420190453,0.043670043349266,0.0034567671827971,-0.125444546341896,0.0786786153912544,0.0369922183454036,0.1091129183769226,-0.0122168622910976,0.0828333273530006,-0.0846642181277275,0.0028864291962236,-0.1139773279428482,-0.0004118157958146,0.1262845546007156,-0.1195781230926513,-0.0318104997277259,-0.030164286494255,0.143537238240242,-0.0471906140446662,0.1152441725134849,0.0189945437014102,-0.1375907808542251,-0.0984406247735023,-0.0190167929977178,0.0015588717069476,-0.1035199165344238,-0.1157399639487266,-0.1123533546924591,0.0182163398712873,-0.0612861588597297,-0.0996930748224258,-0.0141779752448201,-0.0454964973032474,-0.1246827617287635,-0.0043305908329784,0.13431416451931,0.0779562145471572,0.047104001045227,-0.1220808550715446,-0.0674235820770263,-0.0219270270317792,0.0542348250746727,0.0781617015600204,-0.0616900697350502,-0.026943864300847,0.1081389859318733,-0.1503907442092895,-0.125862181186676,0.1154132410883903,-0.1211021095514297,0.0228191632777452,-0.0871740505099296,-0.043457094579935,-0.0367700308561325,-0.0293598063290119,0.0577550865709781,-0.1349508017301559,0.0416528321802616,0.0476356744766235,-0.1425094604492187,0.1120852902531623,0.0034520332701504,0.1062583774328231,-0.0519333854317665,0.1018712669610977,0.1264480054378509,0.0832626745104789,0.0133858984336256,-0.0733686462044715,-0.1206243112683296,-0.130207747220993,-0.1190105080604553,0.0667270645499229,0.1279006749391555,-0.0738622993230819,0.1232983246445655,-0.0929853618144989,-0.0478434339165687,0.1218957975506782,-0.1238088011741638,0.0638437271118164,-0.0881566554307937,0.1436906456947326,-0.0075437291525304,-0.0801457986235618,-0.0033993970137089,-0.0528865940868854,0.100285030901432,0.1234215721487999,0.0439001731574535,0.0968937426805496,0.1282741278409958,-0.006702575366944,0.0626995339989662,-0.1361892372369766,0.0041679721325635,0.0106014404445886,0.140182539820671,0.0349854901432991,-0.0696044415235519,-0.0279292948544025,0.1283302903175354,0.1298192590475082,-0.108471468091011,-0.0776172801852226,-0.0738387927412986,-0.1286868304014206,-0.0065201460383832,-0.0691966563463211,-0.0406728833913803,0.0784816294908523,0.0099721224978566,-0.137237012386322,-0.1438550651073455,-0.1392730921506881,-0.0012620706111192,0.0228919982910156,-0.138035163283348,0.0883537754416465,0.1017200499773025,0.0116436071693897,-0.0250883046537637,-0.0534457117319107,0.0319675430655479,-0.0535243563354015,-0.0410717390477657,0.0828303918242454,-0.1232035979628562,0.1186152249574661,0.0125991739332675,-0.1022412851452827,-0.0241144523024559,-0.1064463108777999,0.1123847961425781,-0.0267457999289035,0.0447749346494674,0.1083712205290794,0.0589085593819618,0.0139330737292766,0.0989653319120407,-0.0329565033316612,0.0817804709076881,-0.0634813606739044,0.103206068277359,-0.1109957695007324,0.1296783089637756,-0.1094089150428772,0.114095039665699,0.1245945617556572,0.0455605126917362,0.0560111738741397,0.1346207857131958,0.0987917855381965,-0.0214558020234107,-0.1155562698841095,0.0685720145702362,-0.0097239455208182,ICZJAGGKGHNBQO-UHFFFAOYSA-N,CCNCc1nccs1
0.0580260157585144,-0.0695873573422432,0.105810523033142,0.1043797805905342,0.1054500117897987,0.0217092931270599,-0.1057132482528686,-0.1053615733981132,0.0586084239184856,0.0893242284655571,0.1033888459205627,0.0394302606582641,0.1045468226075172,0.105828009545803,-0.1056970506906509,-0.1045381277799606,-0.0958035141229629,-0.1031771302223205,-0.082331582903862,0.1056985706090927,0.0448912046849727,-0.0521244034171104,0.1053472459316253,-0.1039519980549812,-0.0920099020004272,-0.1035797819495201,-0.1054898723959922,-0.0800830051302909,-0.0923314839601516,-0.0179844070225954,-0.0559103563427925,-0.0851295590400695,0.0535789802670478,-0.1058263555169105,-0.0980202928185463,-0.1054585874080658,-0.0440316088497638,-0.0540483817458152,-0.104139544069767,0.104892611503601,-0.1056044027209281,0.0876664444804191,-0.104361779987812,0.1030294224619865,-0.1011423245072364,-0.0864355117082595,0.105711743235588,-0.1018270179629325,-0.1033968180418014,0.0437904596328735,-0.0145101938396692,-0.0708200111985206,0.0169842485338449,0.1026769280433654,0.0948366671800613,0.1020760536193847,0.0244879759848117,0.105458840727806,-0.1057297214865684,0.1058244109153747,-0.105824202299118,0.1058123782277107,0.0642584189772605,0.0126934377476572,0.0085120750591158,0.0982741042971611,-0.10581636428833,0.097956046462059,0.0798697173595428,-0.0643452182412147,-0.093244768679142,0.1058189794421196,0.0989167019724845,-0.0717538520693779,0.0535398013889789,-0.1058297678828239,-0.0820065662264823,-0.1058212593197822,-0.1054430082440376,-0.0387185104191303,-0.0025313072837889,0.0339244455099105,0.1057792231440544,0.0923385694622993,-0.1040258780121803,0.1049796715378761,0.0749882906675338,0.1048140078783035,-0.0315069481730461,0.0555798485875129,-0.101928673684597,0.0495838746428489,0.1051083654165268,0.0707911774516105,-0.1057761758565902,0.0877126306295394,-0.0310416165739297,-0.104887805879116,-0.0557781606912612,-0.0623875521123409,0.1023337915539741,0.0628875121474266,-0.1018898114562034,0.0786998569965362,-0.0095530431717634,0.1038352847099304,0.1053647473454475,0.1012307405471801,0.1001463830471038,-0.0998210683465004,0.0986090898513794,0.1057438924908638,-0.1054349392652511,-0.0994597524404525,0.0871802270412445,0.1056002229452133,0.1008918732404708,-0.0056154699996113,0.105666197836399,-0.1057978793978691,-0.1039117351174354,-0.061176847666502,-0.1037148684263229,0.097209058701992,0.0855432078242302,0.0822191685438156,0.1035000160336494,-0.1048289388418197,0.096725694835186,-0.0966544970870018,-0.0969020947813987,0.0969039052724838,0.0938243716955185,0.0964712277054786,-0.0969006270170211,-0.0891457423567771,0.0935008153319358,0.0960312560200691,0.0969044789671897,0.0965669602155685,-0.090665727853775,0.0965245813131332,0.0844259783625602,0.0683260634541511,-0.0961326360702514,-0.096282348036766,-0.0968741998076438,-0.0969040319323539,-0.0927605181932449,-0.0764801129698753,-0.0422840416431427,0.0955180451273918,0.0414358377456665,0.0968988537788391,0.096100315451622,0.0963293835520744,0.0744742751121521,-0.0952054783701896,-0.0967980325222015,-0.0911056995391845,-0.0967247113585472,-0.0966143608093261,-0.0050990339368581,0.0909607410430908,0.0757503807544708,-0.0066555174998939,-0.0967751443386077,0.0946043729782104,-0.0432075895369052,-0.0967657417058944,-0.0969041362404823,-0.093154989182949,0.0944980457425117,-0.096904270350933,0.0893845558166503,0.0946628749370575,-0.0949299335479736,0.0969024524092674,0.0480754375457763,-0.0968854948878288,-0.0895477756857872,0.0968832299113273,-0.032315719872713,-0.0966941267251968,-0.0289765670895576,-0.0578259974718093,0.0765936821699142,-0.0931064039468765,0.0967250317335128,-0.0968710035085678,0.0408307909965515,0.0967161580920219,0.0969043746590614,0.0898322984576225,0.096900574862957,-0.0941408723592758,-0.0966724529862403,-0.0107773644849658,0.0942930877208709,-0.0967573300004005,0.0969037488102912,0.0531782396137714,-0.0955229699611663,-0.096337653696537,-0.0846931859850883,0.0968693271279335,0.094771109521389,0.0637837797403335,0.0787723213434219,0.0865690261125564,0.0956082791090011,-0.0823092684149742,-0.0969032272696495,0.0791568011045456,0.0968932285904884,-0.0848930701613426,-0.0969044640660286,0.0946565642952919,-0.0968954190611839,-0.0919280797243118,0.0822829157114029,0.0931882262229919,0.0968799218535423,-0.0940479785203933,-0.0882967859506607,0.0969044789671897,-0.0858987793326377,0.0939236506819725,-0.0892841890454292,-0.0964215099811554,0.0909277647733688,0.0969044640660286,-0.0968720987439155,-0.0819626301527023,-0.0969044715166091,0.0960238352417945,-0.0968440175056457,-0.0968962684273719,0.0933376029133796,-0.021679863333702,-0.0968749672174453,-0.0965007618069648,-0.0969039946794509,-0.0949546992778778,-0.0968941748142242,0.0968761146068573,-0.0633756145834922,-0.0969044789671897,-0.091954119503498,0.0613362565636634,-0.0017826060065999,0.0961925163865089,0.0968418046832084,-0.0968912169337272,-0.0969007313251495,0.095821239054203,0.0933444276452064,0.0916103646159172,0.0593684874475002,0.1003922820091247,-0.0835114941000938,-0.1006506904959678,0.0999660715460777,-0.0689652562141418,-0.0011959014227613,-0.0931949019432067,0.0920235961675643,-0.0912283360958099,-0.1006506904959678,-0.1006487384438514,-0.0004340039740782,-0.0309756677597761,0.100475437939167,0.100027821958065,-0.1006190553307533,0.098186008632183,-0.1006504595279693,0.0996059477329254,-0.1006055101752281,0.0810680240392685,-0.0042624063789844,-0.0557840690016746,0.1005562022328376,0.1006482690572738,-0.1006405428051948,0.0136303305625915,-0.0993762835860252,-0.1004926562309265,0.1006477773189544,-0.1006393432617187,0.100504919886589,-0.0309699960052967,0.0976206287741661,-0.0884141996502876,0.1000006198883056,-0.0958722382783889,-0.0227686502039432,0.1006004735827446,0.0981494784355163,0.0300802178680896,-0.0982014387845993,0.1006196960806846,-0.0931085795164108,0.0165644120424985,-0.1005810424685478,-0.0915334075689315,-0.0622808448970317,0.1005092188715934,-0.0778419375419616,-0.0209889337420463,0.0090197948738932,-0.1005731597542762,-0.0376114509999752,-0.040774643421173,-0.0740687772631645,-0.0770534723997116,0.1004929766058921,-0.1005191728472709,0.1003578007221221,-0.0962662026286125,0.1006321683526039,-0.0277049075812101,-0.1006068214774131,-0.0021005126181989,0.1003979742527008,0.0900767296552658,-0.0881322771310806,-0.100611038506031,-0.0117534501478075,0.0997261404991149,0.1005950570106506,-0.1006469503045082,-0.0784746408462524,0.1006506904959678,-0.0839348062872886,-0.1003712192177772,-0.0810043588280677,0.0984714776277542,0.1006411239504814,-0.0999982059001922,-0.0251789428293705,-0.0186533685773611,0.1006476432085037,-0.0948248952627182,-0.0861044600605964,-0.1000555753707885,-0.0908504426479339,0.100298672914505,-0.1006502732634544,0.0998829081654548,0.1006358936429023,-0.0997759252786636,0.0989665985107421,0.100634641945362,0.1006392911076545,0.0954860895872116,-0.1006501838564872,-0.1002855822443962,-0.1006108894944191,-0.1004028022289276,-0.1003502160310745,0.1006506904959678,-0.100489392876625,0.0951398089528083,-0.0972400307655334,0.0866694301366806,-0.0883602127432823,-0.0881397426128387,0.0875089541077613,0.1006506904959678,0.0957748889923095,-0.1002062931656837,-0.0723819285631179,-0.1001268029212951,0.100633256137371,0.0819057822227478,-0.0459673032164573,-0.1006500124931335,0.1001401096582412,-0.0932190120220184,0.0951380580663681,0.1001387760043144,0.0897933319211006,-0.0870957672595977,-0.0771408751606941,-0.0070882807485759,-0.0511721037328243,-0.1205856949090957,0.0705178827047348,-0.0906931012868881,-0.0896085351705551,-0.0772889032959938,0.0358999297022819,0.0396379083395004,-0.0840692669153213,-0.096862569451332,-0.0303848162293434,-0.1222615092992782,-0.1263534724712371,-0.0323370620608329,-0.062115266919136,0.0313952155411243,0.1345551013946533,0.0820831805467605,-0.0749328657984733,0.0912712886929512,0.0890068337321281,0.0170925334095954,-0.0690958574414253,-0.0539136826992034,0.1211945489048957,0.0560100600123405,0.0478715486824512,-0.1209245473146438,0.0214670524001121,-0.059203028678894,-0.0154008995741605,0.151444137096405,0.1288280636072158,-0.0758181363344192,0.0190819893032312,0.1247701048851013,-0.0057534910738468,0.1607598811388015,0.1387853771448135,-0.0716518759727478,-0.0184279233217239,-0.1158477440476417,0.0542610883712768,-0.0033375937491655,-0.0928118377923965,-0.0312509909272193,-0.118178866803646,0.0889259725809097,0.092296078801155,-0.0595612488687038,-0.0155638298019766,-0.0511912666261196,-0.1116515100002288,-0.1699085086584091,0.0567844286561012,0.0971613824367523,0.0183968748897314,0.1616483926773071,0.029320215806365,-0.0017589540220797,-0.0241330303251743,-0.0550631918013095,0.101696066558361,-0.1273748129606247,-0.0580647364258766,-0.1003932580351829,0.0385054945945739,-0.037206195294857,0.0549718402326107,0.0463242009282112,0.0320884957909584,0.0427212603390216,-0.1126325279474258,-0.1109099686145782,0.100257858633995,-0.0875226855278015,-0.1577840149402618,-0.1185401380062103,0.066851831972599,0.1607546657323837,-0.0973135828971862,-0.0035236838739365,-0.0769585892558097,0.0443150997161865,-0.1652057766914367,0.1442372053861618,0.1696462333202362,0.0226111803203821,0.0201974064111709,0.0976873338222503,-0.1772049218416214,-0.1466614603996276,0.0828350037336349,-0.0559906959533691,-0.0584693998098373,0.0675311610102653,0.082313172519207,-0.1289779096841812,0.0368684791028499,-1.792803595890291e-05,-0.1237088590860366,-0.0578461252152919,-0.0571121722459793,0.000380542158382,0.0830300450325012,0.0792818143963813,0.0544577650725841,-0.0345524549484252,-0.0351171903312206,-0.0056337644346058,0.0950313508510589,0.1580878496170044,0.0055113448761403,-0.0395827889442443,0.1448947638273239,0.1609854400157928,-0.1366590857505798,0.0124867502599954,-0.0266263373196125,0.0562051013112068,0.143978476524353,-0.0739761739969253,-0.0239066202193498,0.0447736270725727,0.0090395743027329,0.0400173589587211,-0.1165273189544677,0.0285501908510923,0.1463682353496551,-0.1206210553646087,0.0370489954948425,0.1276117861270904,0.1469483226537704,0.1038407236337661,0.0905368849635124,-0.0592486523091793,-0.0802957341074943,-0.1024338603019714,0.1425893902778625,0.1267546117305755,-0.0459823310375213,-0.1261033713817596,0.1261341422796249,-0.0347710698843002,-0.1134081184864044,-0.0811789184808731,-0.0858169272541999,-0.1295766830444336,-0.126652792096138,-0.0274045206606388,-0.1187543049454689,0.1465848535299301,-0.1520428657531738,0.1129428520798683,-0.1357813775539398,0.0764315128326416,-0.0557897724211216,0.1152432858943939,0.0855539292097091,0.0319099053740501,0.0927857309579849,0.0101752048358321,-0.0490064620971679,0.0245821382850408,-0.0921566858887672,0.1065269187092781,0.051254004240036,0.0733206868171691,-0.0898551419377327,0.0433868132531642,0.0187055990099906,-0.0269115269184112,-0.0285441484302282,0.0244357343763113,-0.0142225110903382,-0.1352124214172363,0.098108634352684,0.1121350303292274,0.1125741228461265,-0.0700900703668594,0.0871253684163093,-0.0798148438334465,-0.0058927391655743,-0.073897548019886,0.1272469162940979,-0.0316551029682159,-0.0376526787877082,0.056412398815155,-0.0126896752044558,0.1134969592094421,-0.0353482626378536,-0.0484987162053585,-0.0569373555481433,0.0863181948661804,-0.1041165366768837,0.1155417710542678,-0.1338996440172195,-0.0666390210390091,-0.0333848670125007,0.0304583273828029,0.0768905952572822,-0.1195505484938621,-0.0039728539995849,-0.0288182608783245,-0.0063720941543579,-0.0182724744081497,-0.1217333674430847,0.0040816306136548,0.0154987731948494,-0.0465058423578739,0.0189420748502016,-0.0683542266488075,0.0074875461868941,-0.1059311851859092,-0.0351545624434948,0.1623053550720214,0.0483468472957611,-0.1127208322286605,-0.1491395086050033,0.0353854522109031,0.1053210496902465,-0.08650953322649,0.1364611089229583,-0.101776622235775,0.0271662380546331,0.0474090613424778,-0.0516676530241966,0.0541815757751464,0.0441450998187065,0.038636241108179,-0.0966515317559242,0.0850944519042968,0.0860606431961059,0.1163180693984031,-0.0021111269015818,0.0561136752367019,-0.1321059763431549,0.0779347941279411,0.1037139296531677,-0.039463598281145,0.0966793894767761,-0.0817010477185249,0.1638122349977493,-0.1441310942173004,0.045390211045742,-0.0219437349587678,-0.0848561078310012,0.1072491258382797,-0.0515861324965953,-0.0857590809464454,-0.1205338239669799,0.1210888475179672,-0.079064629971981,-0.0596648044884204,-0.0344825163483619,0.0764480531215667,-0.02515141479671,0.0526335351169109,0.0717052146792411,0.1537423133850097,0.1677015274763107,0.1093320623040199,-0.0563499145209789,-0.0276608597487211,0.0473358631134033,-0.0189041458070278,-0.1460488736629486,-0.0266797170042991,0.0395159609615802,-0.0051268362440168,0.1137897223234176,-0.1265646964311599,-0.0744320824742317,-0.1620291918516159,0.0440638698637485,0.0297178700566291,-0.1059239208698272,-0.0243198275566101,-0.041860394179821,0.0622343234717845,-0.035292662680149,0.0366247110068798,-0.0260862447321414,-0.103081963956356,0.1292117685079574,0.0045543028973042,0.0896615236997604,-0.0041672312654554,-0.0636364072561264,0.0955715328454971,0.1118131875991821,-0.0652084723114967,0.0447714254260063,-0.1422347426414489,0.0512432157993316,-0.0536394864320755,-0.0567548274993896,-0.0762839615345001,0.0773638859391212,-0.1149390116333961,0.1613800227642059,0.0271751042455434,0.030724424868822,-0.102741464972496,-0.1320096105337143,0.1258782148361206,-0.069364421069622,0.0555292442440986,0.1224038004875183,-0.1470996886491775,-0.0996549874544143,-0.0375637635588645,-0.1103951856493949,0.0549040958285331,0.0244845487177371,-0.0799870416522026,-0.1149922385811805,-0.0291498303413391,0.0622602589428424,0.0021305074915289,-0.113596111536026,-0.0369861871004104,0.0452084094285965,-0.0795926749706268,-0.1081163138151168,-0.0825376808643341,0.087550975382328,-0.011476669460535,-0.1256380081176757,-0.1029332503676414,-0.1388171911239624,-0.0162337999790906,-0.0546283237636089,0.0255987849086523,-0.0646610036492347,-0.1320803165435791,-0.0451766103506088,-0.0526499636471271,-0.0703955218195915,0.155391052365303,-0.0372262597084045,-0.1171928271651268,-0.0026612326037138,-0.0647366046905517,0.1315724104642868,-0.0369296260178089,-0.0558830127120018,0.0340975485742092,-0.1582170277833938,0.0726231336593627,-0.1029456853866577,0.0258966274559497,0.0262275207787752,-0.0455350540578365,-0.1009032353758812,0.1611882597208023,-0.0070575159043073,-0.0350676663219928,-0.106638066470623,0.1206213757395744,-0.1032323911786079,-0.1068684980273246,0.1399651020765304,-0.0444748438894748,0.1426360458135604,-0.1409457772970199,0.1139453798532486,-0.047328133136034,0.0296235922724008,-0.0697008296847343,-0.0936785042285919,-0.0857147723436355,-0.0718291401863098,-0.1367520540952682,0.0884442552924156,0.1382948160171508,0.167604923248291,0.0012951914686709,0.0611357726156711,-0.0846955105662345,0.0018522997852414,-0.0509630590677261,RSXNCRHFYYLUEW-UHFFFAOYSA-N,COc1ccc(F)cc1C(=O)Nc1cnns1
0.0941018983721733,0.0667676106095314,0.0986439138650894,-0.0645084604620933,0.0965734422206878,0.0909391045570373,0.0645834580063819,0.0542341955006122,0.0868598148226738,-0.0471505001187324,0.0221006702631711,0.0279916245490312,0.1050339788198471,-0.086050771176815,-0.1058045402169227,-0.1059787720441818,-0.1059864684939384,0.1057914346456527,0.0986643657088279,-0.1060436218976974,-0.1050352230668068,-0.1022884622216224,-0.0429780445992946,0.1030475124716758,0.0723058506846427,0.1060455963015556,0.106023758649826,0.0120929963886737,0.0131043773144483,-0.1033232733607292,0.0874204710125923,-0.1038252785801887,-0.0967368781566619,0.0768821612000465,0.095121257007122,-0.0633253008127212,0.0502916388213634,-0.1059380695223808,-0.1015599817037582,-0.0876267179846763,-0.105480171740055,-0.0489045642316341,-0.1050619855523109,0.0885988473892211,-0.1060452908277511,-0.0910667181015014,-0.1035509184002876,-0.0409429930150508,0.1060115396976471,0.0773908048868179,0.0947844609618187,0.1002888604998588,-0.0365857779979705,-0.1060203239321708,-0.1008993461728096,-0.0476476624608039,0.1052395105361938,0.0306783746927976,0.1011078059673309,-0.1016649529337883,0.1038209423422813,-0.1050580218434333,-0.1055937632918357,-0.0658495500683784,0.036611296236515,0.0584436245262622,0.0968177914619445,-0.1059191673994064,-0.1005397215485572,-0.0111038386821746,0.0153482090681791,-0.0889044255018234,-0.1057682186365127,0.0704981237649917,0.1033277735114097,0.1060285940766334,0.1054301559925079,-0.1012850627303123,-0.0935527011752128,0.1050093546509742,-0.0084205493330955,0.068338818848133,-0.0529801584780216,0.1055171862244606,-0.0656093657016754,0.0924037769436836,0.0886286124587059,0.1058080717921257,-0.106005273759365,-0.0841161683201789,-0.1060398370027542,-0.1016366630792617,-0.1057452857494354,0.086832508444786,-0.106008157134056,-0.1049427688121795,-0.105958454310894,0.1035982519388198,0.0932968705892562,-0.0006958857411518,-0.1060038730502128,0.0639619901776313,-0.1060454323887825,-0.0725301653146743,0.1060449555516243,0.0677948892116546,-0.1057159826159477,-0.1028195470571518,-0.1016126200556755,-0.0759326517581939,0.1056416183710098,-0.1049482375383377,0.1050107255578041,-0.1049131378531456,-0.1051539406180381,-0.1000422462821006,-0.07501782476902,0.0099565386772155,0.1028235852718353,-0.106041669845581,-0.0654517784714698,0.0238923318684101,-0.0038325130008161,-0.1060433164238929,-0.0715798661112785,-0.1060101091861724,0.0914327427744865,0.0433248244225978,0.104756012558937,-0.0182309933006763,0.0333453193306922,-0.105123795568943,-0.0963577181100845,-0.0400932170450687,-0.050970260053873,0.0793420672416687,-0.0890208929777145,-0.001365277916193,-0.0007349211373366,0.1029648631811142,0.105373777449131,-0.101400651037693,-0.104996420443058,0.1042991578578949,-0.1053718402981758,-0.1014409363269805,0.1046985313296318,-0.0980863869190216,-0.1031965464353561,-0.0195183418691158,0.105099119246006,-0.1053501293063163,-0.0939198359847068,-0.0929055660963058,-0.1049016192555427,-0.104403480887413,-0.0823980495333671,-0.1051414757966995,0.1050900816917419,0.1040665134787559,-0.1043813675642013,-0.1039619073271751,0.0561714954674243,-0.0977760702371597,-0.0660711675882339,0.1013173013925552,-0.1046789065003395,0.0613589249551296,-0.105202205479145,-0.1042223423719406,-0.0981409177184104,0.0740464627742767,0.0840232074260711,0.1022974178194999,0.0163916833698749,-0.0498812459409236,-0.1001119539141655,-0.1053526327013969,-0.1053649336099624,-0.0849610343575477,0.1053744629025459,-0.1001999676227569,-0.0909867957234382,0.063878409564495,-0.0714687705039978,0.1030053421854972,-0.1041702628135681,0.1049200072884559,0.049797736108303,-0.0387974977493286,-0.0446544028818607,-0.1049331203103065,-0.0919688940048217,0.0603998824954032,0.0719250589609146,0.1036208048462867,0.104944109916687,-0.0866600275039672,0.0086603658273816,0.105370856821537,-0.0262088868767023,0.003635146189481,0.105148509144783,0.026837782934308,-0.0653744712471962,0.1027527451515197,-0.0925231054425239,0.1053121909499168,-0.1049377769231796,-0.1053686365485191,-0.0958174169063568,0.1050785928964614,0.1029868125915527,-0.1016531139612197,0.0379336886107921,-0.1041154190897941,0.1026970967650413,0.1051966547966003,-0.0404912456870079,-0.099030502140522,-0.1052526235580444,-0.0816484093666076,-0.0944206416606903,0.0025828476063907,-0.1013724952936172,-0.1045244485139846,0.0394834838807582,0.0817513838410377,-0.1053714454174041,-0.0982384160161018,0.0924280360341072,-0.1051464304327964,0.1027134135365486,0.0161901991814374,0.0423565693199634,0.0989133715629577,0.1053426042199134,-0.0581238679587841,-0.0758353248238563,-0.102210022509098,0.0253800302743911,-0.1050545051693916,0.1038079932332038,0.0857398509979248,0.0596918761730194,-0.1023667156696319,0.1019647717475891,0.1052203029394149,-0.068844735622406,-0.0984835028648376,0.1041790172457695,0.1045661345124244,-0.1053704470396041,-0.0283221546560525,-0.0830012410879135,0.0945209935307502,-0.115959957242012,0.0997080504894256,0.0388463586568832,-0.104790098965168,0.0038545399438589,0.0707148164510726,-0.1195989623665809,-0.0990855172276496,-0.1009357795119285,0.1031495928764343,-0.1082876920700073,0.0924422889947891,0.0941680893301963,0.1191397011280059,0.0168642532080411,-0.1154260262846946,-0.0441868640482425,-0.0460406802594661,0.0489508844912052,-0.0512609630823135,0.0478886701166629,-0.0775705203413963,0.0224451720714569,0.1140841469168663,-0.0583118125796318,0.0636864155530929,0.0850715413689613,-0.0645468980073928,-0.10466118901968,-0.1009645089507103,0.069934107363224,-0.0974698066711425,-0.1122006922960281,0.1179891005158424,0.0949304774403572,0.1145601347088813,0.0961333066225051,-0.0360048487782478,0.0280424561351537,0.0510019399225711,0.1169415786862373,0.0514098443090915,0.1033739820122718,-0.1115306690335273,0.0589390397071838,-0.0910429805517196,-0.0168938376009464,0.1028218120336532,-0.1200707629323005,-0.1138152852654457,0.1151357144117355,-0.0235860776156187,0.0672146305441856,0.0304383486509323,0.0958500728011131,0.1070727556943893,0.1154797747731208,-0.0899419412016868,0.0346312001347541,0.0543287172913551,0.1018137112259864,0.1139008179306984,-0.0891202241182327,-0.0501203164458274,-0.0537780970335006,-0.0789325162768364,-0.049525611102581,0.0675993263721466,0.1111458018422126,0.0348018296062946,-0.1092377454042434,0.0136060277000069,-0.1124952882528305,-0.0435649119317531,0.1129030436277389,0.1196859404444694,0.0239011049270629,0.0227009952068328,0.0989190340042114,0.0500999502837657,-0.0898767188191413,0.0920473560690879,-0.027118481695652,-0.0736321583390235,-0.0885723829269409,0.0703418850898742,0.1147589907050132,-0.0579910650849342,-0.091340534389019,0.0696239545941352,0.0812820047140121,-0.0254468787461519,0.1031975224614143,0.0752375721931457,-0.0100630968809127,0.0930678099393844,-0.093979388475418,-0.0854788348078727,0.0278038941323757,0.1050145775079727,-0.1194384023547172,-0.1136512756347656,-0.1198635548353195,-0.1135543212294578,-0.0780355110764503,-0.1146143078804016,-0.1156153976917266,-0.1002876535058021,0.1195927783846855,-0.1120895370841026,-0.012469477020204,-0.119479201734066,-0.0212595276534557,-0.0632859095931053,-0.1185561791062355,-0.0839635953307151,0.1008352786302566,0.1187434419989585,-0.1140642166137695,0.1170022115111351,-0.1096395179629325,-0.0950362011790275,-0.1122456640005111,0.1084849387407302,0.1095502451062202,-0.1120899841189384,-0.0655348449945449,0.0952732563018798,0.0222327578812837,0.1094148904085159,0.0739590153098106,-0.1048562824726104,0.0365764461457729,0.0566768273711204,-0.0915890485048294,-0.0715680792927742,-0.0817964226007461,-0.1261527836322784,-0.0514341965317726,0.0334412604570388,0.1266473084688186,0.0225451234728097,0.0941772907972335,0.0011935468064621,0.0091731650754809,-0.0548728145658969,0.0779041275382042,-0.0792056620121002,-0.1154277026653289,0.063678354024887,0.0396898984909057,0.1320061087608337,0.0745119377970695,-0.0646441951394081,-0.0965180024504661,0.0582680515944957,-0.0527943335473537,-0.1376683413982391,-0.1181550174951553,0.0513087399303913,0.0175083372741937,-0.0672201886773109,-0.0662963837385177,0.1207494959235191,0.1525664925575256,0.0588871426880359,0.0054905172437429,0.0593935698270797,-0.1213289499282836,0.0573146715760231,0.0683537870645523,0.1271914392709732,0.0479620806872844,0.0308082439005374,0.0293859764933586,0.1279145926237106,0.0209235548973083,0.0613325946033,-0.0775204971432685,0.0526447035372257,0.1384716928005218,0.0871629416942596,-0.1297527104616165,0.0889196395874023,0.0558450184762477,0.1000345721840858,0.0158195737749338,-0.0437197647988796,-0.080755203962326,0.1361277252435684,0.1652522385120391,0.0142303556203842,0.0487848445773124,0.0907187536358833,-0.0716128647327423,0.1046531498432159,-0.0822627916932106,-0.0603688210248947,-0.1173073723912239,0.1203123927116394,-0.1280384659767151,0.000572967226617,-0.0969603806734085,-0.0299269445240497,0.0790482833981514,0.0742553919553756,-0.0204260908067226,0.0068448451347649,-0.0781593173742294,0.1341536790132522,-0.1173601150512695,-0.1277830898761749,-0.1477236002683639,-0.0854415521025657,0.1188250854611396,0.1243639513850212,-0.0776654481887817,0.0778722614049911,0.0803884863853454,0.035086128860712,0.001148898852989,-0.1380979716777801,0.0546299554407596,-0.0011729208054021,0.0952717214822769,-0.0718099325895309,0.0194949172437191,-0.0935913100838661,0.0982182398438453,0.114518254995346,0.1283847242593765,0.0042262850329279,0.1440155655145645,0.1132606640458107,0.0007503675878979,-0.039011862128973,0.1223351135849952,0.087268017232418,-0.0942029133439064,0.1215021759271621,0.0185951776802539,-0.0105078620836138,0.0722876712679863,-0.1011057198047638,-0.1203139349818229,-0.1221694201231002,-0.0031573288142681,-0.0386682152748107,-0.1175694912672042,0.1436354666948318,-0.1162527427077293,0.0637282580137252,0.1316738873720169,-0.1405546963214874,-0.0270469300448894,0.0567634180188179,-0.1082113459706306,0.0109718162566423,0.1342248022556305,-0.0214649066329002,0.1135992333292961,0.0358976125717163,0.0864979401230812,0.1130971685051918,0.0350493974983692,0.054300982505083,0.0199065040796995,-0.0762554034590721,0.1411706358194351,0.0883729457855224,-0.0500129871070385,-0.1161866337060928,-0.0382128171622753,0.0740777403116226,-0.1285516917705536,-0.0981107726693153,-0.0462098233401775,-0.1404182612895965,-0.1177424192428588,-0.0828148871660232,-0.0819230377674102,0.0424139760434627,-0.1319527328014373,0.1027924567461013,-0.1147009208798408,0.1192072033882141,0.0010223718127235,0.1029877588152885,0.1232120543718338,0.0476332604885101,0.1347542107105255,0.0245705489069223,-0.0147368954494595,0.0577629208564758,-0.1174159497022628,0.1268082708120346,0.1214692667126655,0.0920917317271232,-0.1284636706113815,0.0872785076498985,0.117837555706501,0.0654505789279937,-0.0404185391962528,0.1239496618509292,-0.0494496636092662,-0.1121206581592559,0.0528197921812534,0.1200032606720924,-0.0001766878121998,-0.0076372222974896,0.0271483212709426,-0.1293636411428451,-0.0281629785895347,0.0088628279045224,0.0767996609210968,-0.1098022982478141,-0.0628993660211563,0.0968390256166458,-0.0705147087574005,0.0594807155430316,-0.1024791076779365,-0.0038237001281231,-0.1323102265596389,0.0217801295220851,-0.0090330876410007,0.1413154900074005,-0.1276805996894836,0.0018134571146219,-0.0582088269293308,0.0043051876127719,0.1234941259026527,-0.1292053610086441,0.0297489091753959,0.1042105853557586,0.1203154474496841,0.1317243874073028,-0.1039709821343422,-0.0135761378332972,0.0423449389636516,0.0779837444424629,0.0487569868564605,-0.1232300028204917,0.1065296530723571,-0.1385133564472198,-0.0941076576709747,0.0702903792262077,-0.0101969018578529,0.0916913449764251,-0.1224403083324432,-0.0692866742610931,0.1216131448745727,-0.0580820739269256,0.0327140502631664,-0.1299864202737808,0.0413960926234722,-0.0705503225326538,0.0149063328281044,-0.0700654685497284,0.0586968697607517,0.0554658994078636,-0.037187710404396,0.0171193592250347,0.135802611708641,-0.0614434070885181,0.0863701477646827,-0.0635010600090026,-0.1275144964456558,0.0042118108831346,0.1191854774951934,-0.0581360831856727,0.1049467623233795,0.0657679140567779,0.0668371841311454,-0.126993253827095,-0.1131297945976257,0.0551693700253963,-0.1017054170370101,0.1239023208618164,-0.112827755510807,-0.0562873221933841,-0.056720457971096,0.1172221451997757,0.038150817155838,-0.0069530052132904,-0.0012745246058329,0.0458578690886497,-0.0071729039773344,0.130094289779663,0.0012728008441627,0.1402495950460434,0.1379961818456649,0.1093083247542381,-0.0677776783704757,-0.1001502051949501,0.0832575261592865,0.0242476221174001,-0.1231399774551391,-0.0024554934352636,-0.0194132048636674,-0.0679306536912918,0.0829613432288169,-0.0977543964982032,-0.0223573110997676,-0.1161675900220871,0.0899688228964805,0.0968912988901138,-0.0737979039549827,-0.0899601131677627,-0.0392794646322727,0.0574294589459896,-0.0546255856752395,0.0411014147102832,-0.0674348846077919,0.0428203009068965,0.1317194998264312,0.0672814026474952,0.0989715680480003,0.0651880130171775,-0.0360689498484134,0.0987678244709968,0.0547327734529972,-0.070014365017414,0.0227551758289337,-0.1082830131053924,0.0259960927069187,-0.1107301786541938,0.040200725197792,-0.0718711987137794,0.1061325818300247,-0.0891736671328544,0.145382285118103,-0.0832781940698623,0.0422745980322361,-0.0784937217831611,-0.0364091247320175,0.1309639811515808,-0.0228867791593074,0.0810164958238601,0.1356781721115112,-0.1304293870925903,-0.0297198053449392,0.0111467754468321,-0.1382700204849243,0.0075139617547392,-0.0070945201441645,-0.0586926229298114,-0.1133210584521293,-0.0529847256839275,0.0823158174753189,-0.0830399766564369,-0.10648874938488,0.0683407410979271,-0.016535747796297,-0.1258653551340103,-0.1354094892740249,-0.0755720436573028,0.0857031196355819,0.0750766471028328,-0.094103142619133,-0.1037781909108161,-0.1271361410617828,-0.0323176980018615,-0.0880289077758789,0.0002905002620536,-0.0949561968445777,-0.1120760887861251,-0.0468680970370769,-0.0974416732788086,-0.0290926359593868,0.0572866275906562,0.0556309036910533,-0.0926105827093124,-0.0167387165129184,0.026139497756958,0.142394945025444,0.0283361412584781,-0.0667860880494117,0.0872541368007659,-0.1184119284152984,0.0480236634612083,-0.1177363246679306,-0.0940126106142997,0.00488495035097,-0.1098721250891685,-0.1151941865682601,0.1415111273527145,-0.0731441155076026,-0.1382733285427093,-0.0788938701152801,0.0421459078788757,-0.1307156980037689,-0.1222260668873786,0.1169462352991104,-0.1206407248973846,0.1248740404844284,-0.1343754380941391,0.1259986460208892,-0.0780727490782737,0.1160498186945915,-0.1160454452037811,-0.0297689829021692,-0.0430365987122058,-0.1115879565477371,-0.131338283419609,0.0034458821173757,0.0520309843122959,0.1453351378440857,0.0970082581043243,0.0779850408434867,-0.1152417212724685,-0.0827822461724281,-0.0775654688477516,TZZKWVPNBFKLIT-UHFFFAOYSA-N,CCCCc1nc(Cl)c(C2NC(=O)NC(C)=C2C(=O)OCC)n1CC(=O)N1CCOCC1
0.0729608461260795,0.0977486670017242,-0.0754451304674148,0.1081245765089988,-0.1057318449020385,-0.0605263672769069,0.0387451127171516,-0.1075525507330894,-0.0898703336715698,0.0399838909506797,0.1034175455570221,-0.1078182384371757,-0.1029818877577781,-0.1067910864949226,0.1069812998175621,0.1065174713730812,0.1078829765319824,-0.1075513362884521,0.1051986068487167,0.1000686660408973,0.1016371697187423,-0.0440400391817092,0.1007285714149475,-0.1080600842833519,0.1048129796981811,-0.0960412919521331,-0.0938236787915229,0.0959485471248626,-0.0528228767216205,0.0318587757647037,0.07127096503973,-0.0868112072348594,0.0867983102798461,0.00093197444221,-0.1079621389508247,-0.0300404783338308,0.1079743131995201,-0.081415444612503,0.1067974418401718,0.1074304208159446,0.0094407508149743,0.1059344410896301,-0.041304588317871,0.1079824045300483,0.0743379071354866,0.1059105545282363,-0.1046814545989036,-0.1064502149820327,-0.1063684150576591,-0.0717465505003929,-0.061323657631874,-0.0748607590794563,-0.096107006072998,-0.0909754410386085,0.0105285057798028,-0.1036629676818847,-0.090518333017826,-0.0663307234644889,-0.1068652048707008,-0.0028731471393257,-0.0140482150018215,0.0034279082901775,0.0553082190454006,-0.1042140424251556,0.1081175431609153,-0.1076263412833213,0.1012617573142051,-0.1074054613709449,0.0643013417720794,-0.1077228784561157,0.0575473755598068,0.1073888316750526,-0.0586776845157146,-0.0880554169416427,-0.0354318730533123,0.1060088649392128,-0.0433390326797962,0.1074292212724685,0.1044313833117485,-0.1003077328205108,0.1046645119786262,-0.0027188684325665,-0.1081191673874855,0.106473222374916,0.1075356230139732,0.0421363487839698,0.1028521209955215,0.0979345589876174,0.0301386006176471,-0.1003021970391273,-0.0956652164459228,0.1078342795372009,-0.0811445340514183,0.1081233024597168,-0.1080467775464057,0.0541896559298038,-0.1079265028238296,0.1079842075705528,-0.1074297204613685,-0.1022758185863494,0.1060983687639236,-0.0773188769817352,0.1014562472701072,-0.0125673469156026,0.0284229796379804,-0.0221167486160993,0.1004602238535881,0.1062821596860885,0.065389446914196,0.1065354496240615,-0.0996871590614318,-0.1047870963811874,-0.0969920381903648,0.0439102016389369,0.107107400894165,-0.1073863953351974,0.0749179571866989,-0.1075374111533165,0.1029662936925888,0.1081204041838646,-0.059626717120409,0.0241356641054153,-0.1080773994326591,0.1080110296607017,0.0501785576343536,-0.0950096026062965,-0.0412030629813671,-0.0035354839637875,0.0931941792368888,0.0976853743195533,0.1009893789887428,-0.0813375785946846,-0.1010795682668685,0.1005606651306152,-0.0908630490303039,0.0822614654898643,0.0913768708705902,0.075342483818531,-0.0804218351840972,-0.1013940200209617,-0.0989974811673164,-0.0949998199939727,-0.0110409073531627,0.0688907131552696,0.0972106009721756,0.1013998165726661,-0.1011038050055503,0.0990049093961715,-0.0956705212593078,0.0609484277665615,-0.1013971120119094,-0.1013140380382537,-0.0951881632208824,0.0405924916267395,0.0613001659512519,0.0915697589516639,0.0945532023906707,-0.0959193706512451,0.0706635415554046,-0.0493735894560813,-0.0997698977589607,0.1013433411717414,0.009515730664134,0.0964555740356445,-0.0492877326905727,-0.0988630130887031,-0.0747105926275253,-0.097388707101345,0.0997874736785888,0.1004059836268425,0.1009550839662551,-0.1013535484671592,-0.1006305292248725,0.0321664772927761,-0.031083995476365,0.1006637588143348,-0.1013943701982498,0.1014002636075019,0.0979627892374992,-0.1013798043131828,-0.1013866961002349,-0.0997956469655036,0.0905209779739379,-0.0630981847643852,0.0888067558407783,-0.0797580257058143,-0.0983345732092857,0.0549342706799507,-0.0863933861255645,-0.0899665802717208,-0.095542274415493,-0.0740346536040306,0.1013957560062408,-0.0917706191539764,-0.0692204162478447,0.1011330485343933,0.0696974620223045,0.1002592295408248,-0.0180073790252208,-0.1013988852500915,-0.1013829708099365,-0.1012399643659591,-0.0999519452452659,0.1013980135321617,-0.1012553796172142,0.1009413078427314,0.1011453196406364,-0.0891493707895279,-0.0952489599585533,-0.0384483486413955,0.1013992726802825,-0.0898076742887497,-0.1010960489511489,-0.0743083357810974,-0.0868194475769996,0.0914185047149658,-0.0452161356806755,-0.0994802489876747,0.1012028381228447,0.0978357046842575,-0.0372556149959564,0.0987217873334884,0.1003964766860008,0.0989917293190956,0.1013912186026573,-0.1013846695423126,-0.0957408472895622,-0.1006741896271705,0.1011866703629493,0.101363904774189,0.1006870940327644,-0.0963842421770095,0.0841792374849319,0.0537311471998691,0.0874348729848861,0.1010152474045753,-0.0993316769599914,0.0128558697178959,0.0465998314321041,0.0907940790057182,-0.0970726162195205,-0.0756796151399612,-0.0119979754090309,-0.0905565991997718,-0.1012998595833778,-0.1013024672865867,0.1003989353775978,0.0573853999376297,0.0809357985854148,0.0948940813541412,0.1002344936132431,-0.0360437855124473,-0.0147705236449837,-0.101399652659893,0.1013958752155304,-0.093982495367527,-0.1083440706133842,-0.1050254106521606,0.1010955944657325,0.0873686373233795,0.1071408316493034,0.0971355214715004,-0.0925391539931297,-0.1084603816270828,-0.0752958729863166,0.0060904938727617,0.1029205247759819,0.1025740802288055,0.1083399280905723,0.1001853123307228,-0.1013182625174522,0.1033479869365692,0.0061551625840365,-0.0939583405852317,-0.1064294427633285,0.1040385887026786,0.106461115181446,-0.0959995537996292,0.1077164635062217,-0.0995856001973152,0.1061313822865486,-0.0349928326904773,-0.086699441075325,0.1027407348155975,0.0967186614871025,-0.1072143167257309,0.0899087861180305,-0.1048545092344284,-0.0088111432269215,0.1084484755992889,-0.0059304484166204,-0.105751946568489,-0.1081801429390907,-0.1071469113230705,0.0689903572201728,0.1064095273613929,0.084462746977806,0.1083627566695213,0.0631979778409004,0.0150034362450242,-0.1001215279102325,0.1073604151606559,-0.0984115228056907,-0.0994680821895599,0.108480229973793,0.0960322096943855,-0.0107991667464375,-0.0445781126618385,0.0952466279268264,0.1037297397851944,-0.065654270350933,-0.0633883476257324,0.022079600021243,-0.0967542231082916,-0.0911754444241523,-0.0856201946735382,-0.049718827009201,0.1084253564476966,0.0705173388123512,-0.0515913181006908,-0.1049954518675804,-0.0966240242123603,-0.0735852867364883,-0.0984892845153808,-0.1084451973438263,0.0506864041090011,0.0627515017986297,0.1007477492094039,-0.1011168882250785,0.0956422314047813,0.1047371327877044,-0.0995468646287918,-0.1079645156860351,-0.0995404943823814,-0.1060297563672065,-0.0224404335021972,0.094336412847042,0.1055304035544395,-0.0526736266911029,0.0464928746223449,-0.0972875580191612,-0.1081397905945777,0.0511927977204322,-0.0533236190676689,-0.1057726964354515,0.1058187410235405,0.1075534597039222,-0.0819113329052925,0.0701935514807701,-0.0607704184949398,0.1063619181513786,0.0186535790562629,0.0277793146669864,-0.0694787427783012,-0.086284726858139,-0.1081530153751373,0.0368758179247379,0.0371669977903366,0.1084497943520546,0.0532640293240547,-0.0192106496542692,-0.1007147058844566,-0.1058534309267997,0.0948881134390831,-0.1083977296948432,-0.0405131578445434,-0.0482807233929634,-0.1068131998181343,-0.0487674139440059,-0.0792504921555519,0.090357631444931,-0.1084162965416908,0.0567775070667266,-0.1084654703736305,0.1084825620055198,-0.0815343037247657,0.1044515520334243,0.0947638899087905,0.1073928698897361,-0.0131801795214414,-0.1043711230158805,-0.1075679361820221,-0.1070565432310104,0.0492911525070667,0.1247863620519638,-0.0286031458526849,0.0637706816196441,0.0023420967627316,-0.0553640462458133,0.0568818263709545,-0.0936268121004104,-0.0254422128200531,-0.0108338892459869,-0.016781335696578,0.1382714658975601,0.1369224637746811,0.0854846686124801,0.0556829124689102,-0.1288895905017852,-0.0302728433161973,-0.1451887339353561,-0.1450757086277008,0.0741569176316261,-0.0073008071631193,-0.1146491467952728,0.1561452746391296,-0.0448283739387989,-0.1378921270370483,0.0073851258493959,0.023482322692871,-0.1215188577771186,0.0030911150388419,-0.0743239820003509,-0.0216057803481817,0.0343028344213962,0.0999976173043251,-0.0830079391598701,0.0402247942984104,0.1661076694726944,0.0509797893464565,0.0226241182535886,-0.1666495203971862,0.1105550229549408,0.0433286167681217,-0.0837162360548973,-0.118391640484333,0.0874862223863601,0.1264785230159759,-0.0518325306475162,-0.0750598460435867,-0.0451637059450149,0.0662131905555725,-0.0815399438142776,0.0585524775087833,0.1237231940031051,-0.0505306646227836,-0.0309398770332336,-0.0577529892325401,0.000860952946823,-0.0440363697707653,0.0616439171135425,0.1495759934186935,0.037159901112318,0.1392491459846496,-0.0589475966989994,0.1035038009285926,0.1554816961288452,0.0242725331336259,-0.0516424737870693,-0.1353054344654083,-0.1615372449159622,0.0348717756569385,-0.0825403183698654,0.0195086430758237,-0.0321421138942241,-0.0583624728024005,0.0254381839185953,0.0200518015772104,-0.0369005464017391,0.0797360986471176,0.0744177773594856,-0.1571939140558242,-0.079454019665718,-0.1084633767604827,-0.0027266484685242,0.1110489517450332,-0.1520937383174896,-0.1637726575136184,0.0104410974308848,-0.0479611568152904,0.0451370105147361,0.1213902458548545,0.0104509126394987,0.1492367833852768,0.0031122337095439,-0.0781313404440879,-0.1155798211693763,-0.0381388776004314,-0.0027412085328251,-0.0313723012804985,-0.0330225378274917,0.0586825460195541,0.1280367076396942,0.0402629412710666,0.1012306734919548,-0.1139039769768714,0.1386953592300415,0.0164972804486751,0.0174176637083292,0.0213326085358858,-0.0268351212143898,0.1225692778825759,0.1690407395362854,0.1600484997034073,-0.0736283212900161,-0.061173815280199,0.128066599369049,-0.1326411813497543,-0.0160663593560457,-0.0488938763737678,0.1130319163203239,0.0039810761809349,-0.0053054969757795,0.0889335200190544,0.0165057629346847,-0.0070724384859204,0.1488380432128906,-0.0641708672046661,-0.1573533862829208,-0.0294123142957687,0.0260892957448959,0.0089621115475893,-0.1490790992975235,0.1405216753482818,0.1254753321409225,-0.0607425719499588,0.1070253849029541,0.1470270603895187,0.1665900498628616,0.0342419072985649,-0.0223545264452695,0.0825239419937133,-0.0566795393824577,0.0066766766831278,0.0135155785828828,0.0516337119042873,-0.1465233415365219,-0.1473127603530883,0.0721041932702064,0.1492123752832412,-0.1751747578382492,0.1421643644571304,-0.0018537662690505,-0.0948373451828956,-0.1445761919021606,-0.0005099503323435,-0.0083928974345326,0.0767952427268028,-0.0160124469548463,-0.0210120435804128,0.0083745019510388,0.003439467633143,0.0796675458550453,0.0903333947062492,0.0403977558016777,0.0236113704741001,0.1498766541481018,-0.0829288065433502,0.007554299198091,-0.0790105536580085,0.0160745065659284,0.0465774275362491,0.1221494600176811,-0.0130327688530087,-0.0316689908504486,0.0497693233191967,-0.0212532058358192,0.1017644181847572,-0.1038557216525077,-0.1294572204351425,0.0170205701142549,-0.0434841327369213,-0.0526900254189968,-0.0292086750268936,-0.0360459871590137,0.0146212335675954,0.0359969995915889,0.0172513034194707,-0.1250053197145462,-0.0117258988320827,0.0775500759482383,-0.0864279866218566,-0.0016837244620546,-0.0380266904830932,-0.0868387222290039,0.0429460667073726,-0.1473485231399536,-0.0947145745158195,-0.0222709905356168,0.0725684687495231,-0.0448861718177795,0.0394223891198635,-0.1029570549726486,-0.0459316186606884,-0.1818352043628692,0.0029216392431408,0.1705972999334335,-0.1108211502432823,-0.025294117629528,0.0917273089289665,0.0414105020463466,0.1447606831789016,0.1336862295866012,-0.0503793321549892,-0.007502376101911,0.1641784310340881,0.1256292462348938,-0.1587592959403991,0.0561160631477832,0.0616704858839511,-0.0540210753679275,0.0372973307967186,-0.1026898398995399,-0.0183554571121931,-0.1962839514017105,0.0324924029409885,0.0646926909685134,0.0541103892028331,0.1034126877784729,-0.0142684038728475,0.1017077639698982,-0.0233556218445301,-0.0633928775787353,0.0766392648220062,-0.0139330718666315,0.0443329438567161,-0.0876453220844268,0.0667343288660049,0.0157965775579214,0.0511032901704311,-0.0856650024652481,0.043253481388092,-0.0713481232523918,-0.121732123196125,0.1691567003726959,-0.0236095283180475,0.1359650045633316,0.0713524594902992,0.18135367333889,-0.0901586934924125,0.0962705910205841,0.015461622737348,-0.0299327801913023,0.0040262667462229,0.008246530778706,-0.1114777997136116,-0.1394772380590438,0.0758372098207473,0.0165650229901075,-0.0897286012768745,-0.1188919097185134,0.1315401345491409,-0.0646214038133621,-0.0751004964113235,0.0904943421483039,0.1206765323877334,0.0516153313219547,0.0915955901145935,-0.1251163482666015,0.1096320673823356,0.0798559933900833,-0.1215126439929008,-0.1048001646995544,-0.0826901942491531,0.0214716754853725,0.0883741006255149,-0.0332042314112186,0.0424428023397922,-0.1163983419537544,-0.1416224241256714,-0.1342789232730865,-0.0680414214730262,-0.0817049965262413,-0.1261969953775406,-0.0643686354160308,0.1156552210450172,-0.0265373848378658,0.1342078894376754,0.0881671234965324,-0.133528932929039,0.1257277578115463,-0.1296726316213607,-0.0655314624309539,-0.0923129022121429,-0.0433321669697761,0.1098944470286369,-0.0346678607165813,-0.1356002539396286,0.0773605853319168,-0.1369184851646423,0.0652665495872497,0.0006397439865395,-0.0350370593369007,-0.0484214834868907,0.0975962877273559,-0.0032387371174991,0.0098437648266553,0.1126837953925132,0.1218049600720405,-0.0618425421416759,-0.1311529576778412,0.0803135335445404,0.1174915358424186,-0.0100969141349196,0.0668887794017791,-0.1301241815090179,-0.1122638881206512,0.0508124828338623,0.0098325032740831,0.063403882086277,-0.0469162352383136,-0.1084343567490577,-0.0736544802784919,-0.069980539381504,-0.030067678540945,0.0511805303394794,-0.1083874925971031,-0.0239063557237386,0.1232555508613586,-0.1066822111606597,0.1121036931872367,-0.0565804652869701,0.0096613420173525,-0.1115048825740814,0.0087840165942907,-0.1320994645357132,-0.1051939502358436,0.0336994640529155,0.0857395902276039,-0.1233441829681396,0.0860954225063324,-0.0321048498153686,-0.0179112218320369,-0.0662925988435745,0.0698530375957489,0.1365199536085128,-0.0421170815825462,-0.1148259565234184,0.0277417041361331,-0.1297951936721801,0.0553798414766788,0.0200229100883007,-0.0982223227620124,0.0373932980000972,-0.1054094135761261,0.0211093556135892,-0.0284913145005702,-0.0067180572077631,-0.120557777583599,-0.0091052018105983,-0.1224395483732223,0.1035845056176185,-0.0438106395304203,0.1216960996389389,-0.116552248597145,0.0071605877019464,0.0794374272227287,-0.0605491399765014,0.0191192477941513,0.1001544594764709,0.1292203217744827,0.0168344099074602,0.128934621810913,0.0706964582204818,-0.0562210939824581,-0.006251913961023,-0.131020113825798,0.0962054058909416,-0.0819692760705947,-0.073420949280262,0.0990541875362396,0.1209461241960525,0.1276228725910186,-0.1067041680216789,-0.0267293322831392,-0.0481419339776039,0.0402389951050281,0.0630852356553077,ARBCTYBBCIYATH-UHFFFAOYSA-N,CCCCCCc1cnc(N)n1CCCc1ccccc1.Cl
0.1015631482005119,-0.0974827483296394,-0.1021858155727386,0.1020556315779686,-0.0990872904658317,-0.0808585658669471,0.102060779929161,-0.1005073338747024,0.0788816660642623,0.0578595772385597,0.0236577689647674,0.0893120840191841,0.0952032357454299,0.0888662040233612,-0.090304285287857,-0.1019838228821754,-0.0403113961219787,-0.0911369696259498,-0.1021795868873596,-0.0573102757334709,0.0938276946544647,-0.0890738070011138,-0.0463250465691089,0.0995012074708938,-0.094006136059761,0.1017061695456504,0.1021745726466178,-0.0992014557123184,0.0889076963067054,-0.1017163321375846,0.101690299808979,0.0597009770572185,-0.03957474604249,-0.0757826641201973,-0.099021777510643,-0.0997595116496086,0.0065936427563428,0.0954265817999839,-0.101491704583168,-0.0695154294371604,0.1021816283464431,-0.1021846979856491,-0.0820277258753776,0.1021655797958374,-0.1018086969852447,0.0984627977013588,-0.1021775007247924,0.1021568477153778,-0.1021631583571434,-0.0996705666184425,-0.1021497100591659,-0.0886430740356445,0.1021861806511879,0.1011274456977844,-0.0666122585535049,-0.085307165980339,-0.0869601368904113,0.100945733487606,0.0340857654809951,-0.1021851971745491,-0.0925929620862007,0.1015277132391929,0.1021820083260536,0.1021551638841629,-0.1020965799689292,0.1021858155727386,0.1021724194288253,-0.0037804006133228,-0.0694375112652778,0.0719153583049774,-0.0496895723044872,-0.0922543331980705,-0.1010391935706138,0.0386000871658325,0.0957727655768394,0.059192843735218,-0.0647672936320304,-0.1000829264521598,0.1021837443113327,0.0811076015233993,-0.0900957062840461,-0.0936124920845031,-0.0307779982686042,-0.0979366824030876,-0.1018336117267608,-0.1021796986460685,0.093447059392929,-0.1021078899502754,0.0068390714004635,-0.102077692747116,0.0625447332859039,0.102179542183876,0.1021551191806793,0.102185420691967,0.1021862998604774,0.1017391234636306,-0.0973592475056648,0.1021556481719017,-0.0857617259025573,-0.0941603258252143,0.0737323015928268,0.0830347090959549,0.0951502919197082,0.0506814904510974,0.1015631332993507,0.098135620355606,-0.1021840497851371,0.1020699739456176,-0.0916885733604431,-0.0348453372716903,-0.0988120064139366,0.0026773407589644,0.0985346809029579,0.1021833792328834,0.0917739197611808,-0.0940011069178581,-0.0310237314552068,0.0239899847656488,-0.1015917807817459,0.1020895913243293,0.101573497056961,0.098462089896202,-0.0188359525054693,-0.0442505814135074,-0.1019816622138023,0.0938514024019241,-0.0838949456810951,-0.0628343895077705,-0.0172161404043436,-0.0849917605519294,-0.094937689602375,-0.0964821055531501,0.0965939089655876,-0.0965799763798713,0.0957692638039588,-0.0950913354754448,0.0958699882030487,0.0963797345757484,-0.0877109318971633,-0.0841140449047088,0.096575416624546,-0.060576993972063,0.0963628068566322,-0.0801989957690239,-0.0932691916823387,-0.0966001823544502,-0.0966001600027084,0.0965686216950416,0.0965381041169166,-0.0965997651219368,-0.0965999141335487,0.0962980464100837,0.0965812131762504,0.0963990092277526,0.0935481041669845,-0.0966001972556114,-0.0965956822037696,0.0950174629688263,-0.0966002196073532,0.0966002345085144,0.0537355244159698,0.0965724736452102,-0.0963510572910308,0.0965997129678726,0.0595507882535457,-0.0966002345085144,-0.0966001227498054,0.0034591588191688,0.0965033620595932,-0.0965970009565353,0.092059351503849,-0.0966001972556114,0.0965987890958786,0.0964750051498413,0.08124740421772,-0.0965087115764617,0.0919057503342628,0.0123884892091155,0.0965854227542877,-0.0965987965464592,0.0965218022465705,0.0818256884813308,0.0038363961502909,-0.0966002345085144,0.0473614297807216,-0.0966002345085144,-0.0962405353784561,0.0915831327438354,0.0960864797234535,0.0958757922053337,-0.0269936807453632,0.0107160927727818,0.0966001898050308,-0.0952448919415474,-0.0855966210365295,0.0903572812676429,-0.0922276899218559,-0.0965937003493309,0.0930385813117027,-0.0965999141335487,-0.0965944305062294,-0.0877558439970016,-0.0966000482439994,0.0963815376162529,-0.0953309088945388,-0.0965926349163055,-0.0966000333428382,-0.0853441208600997,0.0944466441869735,-0.0776982083916664,0.005957469344139,0.0921646803617477,-0.0912482962012291,-0.0954728871583938,0.0965994074940681,0.0965790376067161,0.0966002270579338,0.0148890316486358,-0.0936659798026084,-0.0942356809973716,0.0965983420610427,0.0966002196073532,0.0486961305141449,0.0965669229626655,0.0965805575251579,-0.028626412153244,-0.0965222418308258,0.0965839251875877,0.063741534948349,0.0851101502776146,0.0965995267033577,-0.0911750569939613,0.0891526341438293,0.0962680801749229,0.0875160843133926,-0.0868022888898849,-0.0965375006198883,-0.0944750234484672,-0.0539684444665908,-0.089955985546112,-0.0965998917818069,-0.0966001749038696,-0.0877479016780853,-0.0910756215453147,0.0894902125000953,0.0965838059782981,-0.0954950451850891,-0.0959690138697624,-0.0963324978947639,-0.0876552462577819,-0.0046594864688813,0.0688113421201706,0.0947741344571113,-0.0820327326655387,0.0933376997709274,-0.0951861292123794,-0.1015775054693222,0.0958139151334762,0.0731387585401535,0.1016298234462738,0.0896366834640502,0.0084896581247448,0.0698826387524604,-0.1016326993703842,-0.0614066757261753,0.0753573402762413,-0.0752283781766891,0.0705076977610588,0.0968472212553024,0.0991873666644096,0.0980928167700767,0.0558751933276653,0.0804789140820503,0.0965591296553611,-0.1015837416052818,0.0269807484000921,-0.0729827880859375,-0.1016001924872398,-0.0913587659597396,0.0884613618254661,0.0453506410121917,-0.0548680499196052,-0.1013451963663101,0.0771289616823196,0.0990944504737854,-0.1011208742856979,0.0120955174788832,-0.0749780759215354,-0.1008922681212425,0.1015665158629417,0.0229516196995973,-0.1016033291816711,0.0890990868210792,-0.072716437280178,-0.0661548748612403,0.10163264721632,0.0912618190050125,0.1015776842832565,0.1013638824224472,-0.101516492664814,-0.0175594165921211,0.1014582589268684,-0.1014032885432243,-0.1014464348554611,0.1000685319304466,-0.1009813621640205,-0.1014527305960655,-0.0996582433581352,0.1015800684690475,0.0621879659593105,-0.1007837429642677,-0.101630575954914,0.0805424302816391,0.0999245196580886,-0.1003303974866867,-0.0856181308627128,0.1000989601016044,0.1016232371330261,0.1015367358922958,-0.0604177303612232,-0.0906480997800827,0.0968676060438156,0.1009039804339408,0.0673023909330368,-0.101571150124073,0.0633666440844535,0.0961238741874694,-0.0329255051910877,0.0712206810712814,-0.098116397857666,0.0974385887384414,0.1015865430235862,-0.0729668140411377,-0.0951050147414207,0.0891129970550537,-0.1015683859586715,0.0792977511882782,0.0191726703196764,0.0996897593140602,0.09919124096632,0.1015848368406295,-0.0348133109509944,0.1016019061207771,0.0992020517587661,0.0197838060557842,-0.0969393774867057,-0.0311288572847843,-0.1015674397349357,0.0993555784225463,0.1016215905547142,-0.1014587804675102,-0.1016295850276947,-0.1016023308038711,-0.0995148867368698,-0.1016326174139976,0.1005651801824569,0.1016322821378707,-0.1013662442564964,0.1016325280070304,-0.0819171369075775,0.0985156893730163,-0.0979038402438163,-0.0115880584344267,0.0774758905172348,-0.1013163104653358,0.1014648750424385,-0.0997106656432151,-0.1016115695238113,0.0975754633545875,-0.0998137891292572,-0.1016283929347992,-0.1015282571315765,0.0996003895998001,0.1016282588243484,-0.0080546317622065,0.0895298793911933,0.1016247645020484,-0.1012863144278526,0.0927935615181922,0.0470768027007579,0.0987314209342002,0.0541015118360519,-0.0972292423248291,0.0065042069181799,0.0251460745930671,-0.0669949501752853,0.0582004450261592,0.1060307100415229,0.0886676907539367,-0.0791452303528785,-0.0927225798368454,0.057696558535099,0.0347545221447944,0.0705774053931236,-0.1117279082536697,-0.1162205934524536,0.1002978682518005,-0.1161382868885994,0.1155852228403091,0.026799414306879,-0.0542887039482593,0.0714195147156715,-0.1035409048199653,0.0827462449669838,-0.1052155345678329,-0.0199764743447303,-0.076413482427597,0.1124516576528549,-0.0260732602328062,0.0029765863437205,0.0639787018299102,0.0362953543663024,0.092386819422245,-0.001508517190814,0.0175611600279808,-0.0842606350779533,0.0737426057457923,0.0861104428768158,-0.0431274771690368,-0.114195130765438,-0.1015516072511673,-0.1081360653042793,0.0984911695122718,0.1125417351722717,0.0912666767835617,-0.1169881522655487,-0.1148430481553077,-0.056068304926157,0.1126655712723732,0.1167541742324829,-0.1049419716000557,-0.1112633571028709,0.0317935310304164,0.1105759367346763,-0.0981827080249786,-0.1068470627069473,0.1131999716162681,0.0887457057833671,-0.0804661735892295,-0.1165862902998924,-0.1164212897419929,-0.1160800009965896,0.0086210053414106,0.1115470826625824,-0.1152844130992889,-0.0914253890514373,0.072416566312313,-0.0907431095838546,0.1122200787067413,0.0794247910380363,0.0907365381717681,-0.0016234487993642,0.1054447889328002,0.0762263238430023,-0.065843179821968,0.0600352585315704,-0.0978915318846702,0.1156761273741722,0.0028713811188936,-0.0509115494787693,0.0340450182557106,-0.1161008104681968,-0.1078269258141517,-0.1165728792548179,0.0691850557923317,0.096590831875801,-0.0575630888342857,-0.0552512891590595,-0.1095309555530548,0.0982377529144287,-0.102509818971157,-0.0892951488494873,0.1119044497609138,0.0617454722523689,0.0941216275095939,-0.0444788113236427,-0.0748778358101844,0.1142014563083648,0.0651635527610778,-0.0777820870280265,0.0424387641251087,0.033203437924385,-0.1048631891608238,0.0884388983249664,-0.0019918647594749,0.0242538023740053,-0.1139765605330467,-0.0979795232415199,-0.0128509914502501,-0.0292607601732015,0.1040851101279258,-0.0047089392319321,-0.0816187709569931,0.0651736631989479,-0.1165555641055107,-0.1134807616472244,-0.0357177443802356,0.1138135865330696,0.1134441122412681,0.0791439265012741,0.1155254542827606,0.1162559688091278,-0.073662482202053,0.1166668534278869,0.1168059110641479,-0.0565076805651187,0.1043075919151306,0.1080508530139923,0.0995141789317131,0.1164272204041481,-0.1162364557385444,-0.1137160956859588,0.1220543682575225,-0.0775213167071342,0.0799912735819816,-0.1000168099999427,0.1316345036029815,0.1073191314935684,-0.0191116891801357,0.0416520088911056,-0.1205792352557182,0.1279293298721313,0.0759052261710167,0.1499946266412735,0.0974025279283523,0.05056993663311,0.1030562967061996,0.0573826618492603,-0.0830872803926467,0.028276041150093,-0.0839008241891861,0.1509944647550583,-0.0713510662317276,0.0646246373653411,0.0285630039870739,0.1147312149405479,-0.042867474257946,-0.1486216783523559,-0.0232440344989299,0.1580282747745514,-0.0851104781031608,-0.0316530466079711,0.0535463839769363,-0.092906154692173,0.0777570381760597,-0.0453088879585266,-0.0511180534958839,0.0178595501929521,0.1202749088406562,-0.13174869120121,0.1355363875627517,-0.0381935834884643,-0.0164629220962524,0.0567122884094715,-0.1487676054239273,0.0143049592152237,0.0176293831318616,0.1569744795560836,-0.1497351825237274,0.037931315600872,-0.1500367522239685,0.0092933122068643,-0.090054303407669,-0.0812707617878913,0.0444014072418212,0.0336222685873508,-0.0424297973513603,0.093627244234085,-0.1244071200489997,-0.031398132443428,0.0620864778757095,-0.0524927638471126,0.0205522142350673,0.1033292338252067,-0.1531679034233093,0.0529958754777908,0.0617975853383541,0.08710178732872,0.1234093457460403,0.1318068653345108,-0.1419288516044616,-0.0783841982483863,-0.043829396367073,-0.1131292209029197,-0.1494151502847671,0.0473900400102138,0.1218560263514518,-0.0378153435885906,-0.0481631010770797,-0.0443092100322246,-0.0669975280761718,-0.0343046523630619,0.1490887254476547,-0.0307205952703952,-0.109530821442604,0.1527199745178222,-0.0005579432472586,-0.0122229075059294,-0.05835797265172,-0.0896860286593437,-0.0269761066883802,0.0931768342852592,-0.1421093344688415,-0.0475232936441898,-0.1575568318367004,0.0995947048068046,0.1011101603507995,-0.0163313839584589,0.0101022254675626,0.1105618625879287,0.0997264683246612,0.096954345703125,0.0512588210403919,0.0977373793721199,0.0455419942736625,0.0709893256425857,-0.0054167825728654,-0.0685719028115272,0.0671122744679451,0.0178887788206338,-0.1129886209964752,-0.0468828566372394,-0.0458501689136028,0.0026945250574499,0.1242757365107536,0.0313642136752605,-0.0309730991721153,0.0230314377695322,0.0698322653770446,0.0847710147500038,0.0551959201693534,0.0880143791437149,-0.0288992505520582,-0.108218677341938,0.0228053517639637,-0.1118061915040016,-0.1356614530086517,-0.1174229532480239,0.0398396365344524,-0.0848229601979255,0.0968840941786766,-0.0948495417833328,-0.093297854065895,0.0960742235183715,-0.0968972593545913,-0.0967326611280441,-0.0966144427657127,0.0657431334257125,-0.0016416889848187,-0.0968545228242874,-0.0968940332531929,0.0013346809428185,-0.0740356594324112,0.0930802300572395,0.0607915073633194,-0.0169730894267559,-0.0606209225952625,-0.0968967601656913,-0.0968962758779525,0.0968989953398704,-0.095095582306385,-0.0963283330202102,-0.0968147069215774,-0.0551478937268257,-0.0689941123127937,0.0963683873414993,0.0941530466079711,-0.0687508881092071,-0.0718943923711776,0.0968948602676391,-0.0968990325927734,-0.0949501767754554,-0.0680326893925666,-0.0878263339400291,0.0159910172224044,0.0663245618343353,0.0954909399151802,0.0968750938773155,-0.0968951433897018,-0.0968925878405571,-0.0964930206537246,-0.096875749528408,-0.0959787294268608,0.0415201112627983,0.0960374325513839,-0.0968537330627441,0.0966543406248092,-0.0967655181884765,0.0394983440637588,0.0967794135212898,0.0968892201781272,0.0968161970376968,0.0967195630073547,0.0968919172883033,0.091788537800312,-0.0919549390673637,0.096898429095745,0.0893108546733856,0.0829917043447494,-0.0840007811784744,-0.0968647375702858,0.0341147221624851,0.0968951284885406,-0.0968904197216034,-0.0230145044624805,-0.0961096957325935,-0.0177005399018526,-0.0081531889736652,0.0959513708949089,-0.096811905503273,-0.0921427011489868,-0.096865564584732,0.0967984646558761,0.0959984213113784,-0.0948700383305549,-0.0966255068778991,-0.0968975573778152,-0.0870331302285194,0.0967029631137847,-0.0808211266994476,0.0965780615806579,0.0968989133834838,0.0967999547719955,-0.0968186259269714,-0.0954950824379921,-0.0968977659940719,-0.0817373320460319,0.0968904420733451,-0.0968562588095665,0.0968204364180564,0.0968989431858062,-0.0968676283955574,-0.0890114232897758,-0.0951818078756332,0.0968913435935974,-0.0835310369729995,-0.0956905782222747,0.0967147871851921,-0.0968990325927734,0.0920695438981056,-0.0968744382262229,-0.0966110825538635,-0.096373438835144,-0.0968970507383346,0.0968917533755302,-0.096898153424263,0.0968745276331901,0.0968298241496086,0.0968620628118515,0.0967796146869659,0.0285320226103067,-0.080664537847042,-0.0957939177751541,0.0968374386429786,-0.0968564003705978,0.0964790657162666,0.0959382951259613,-0.0534948818385601,0.0968975350260734,0.0295770373195409,-0.0967640951275825,-0.0968966707587242,-0.0934806689620018,0.0968989580869674,0.0894921496510505,-0.0655701532959938,0.0968978404998779,0.0960349068045616,QQGPRAKGNYMYDI-UHFFFAOYSA-N,CCc1nc2c(c(NC)n1)CCNCC2
-0.1220508962869644,0.1111010164022445,-0.045457512140274,-0.1149961873888969,0.1251969039440155,-0.0623314008116722,0.0264846254140138,0.0107677988708019,0.0962732955813407,-0.0151421129703521,0.103026695549488,0.0572540797293186,-0.0284877847880125,-0.1071179285645484,0.0089529082179069,-0.1092373505234718,-0.0332109853625297,-0.0621643476188182,0.1019646227359771,-0.1263489723205566,0.0484975017607212,0.1238018274307251,-0.0853030234575271,0.0786985605955123,-0.0485923998057842,0.1262140572071075,0.1131852343678474,-0.1108482256531715,-0.0004054611490573,0.0474605336785316,0.0576529055833816,-0.0145512353628873,-0.1183038800954818,-0.0419434010982513,0.0225872062146663,-0.1230282858014106,-0.0585677027702331,-0.0372142232954502,-0.1061742678284645,0.0646849945187568,-0.1212371960282325,-0.1076638177037239,0.1163772419095039,0.0304854288697242,-0.1232703626155853,0.0941091477870941,0.1166481748223304,-0.095072366297245,0.049622718244791,0.042752418667078,-0.0386954098939895,0.0403102971613407,0.1046264767646789,-0.1250685900449752,0.0942398011684417,-0.0672849267721176,-0.0992296561598777,-0.1167382001876831,0.1259570866823196,-0.0375626571476459,0.1256254911422729,-0.0739254131913185,-0.1050767973065376,-0.0152849275618791,0.1239361390471458,0.053299680352211,-0.0799691081047058,-0.1021025106310844,-0.1259760111570358,0.0203814636915922,-0.096207246184349,0.0417580381035804,-0.093778982758522,-0.004183339420706,0.1001888439059257,0.117541991174221,0.1080631837248802,-0.0892629101872444,-0.0358753129839897,0.0111083528026938,-0.0963498055934906,-0.0699275955557823,-0.085325039923191,-0.1109638810157775,0.0032914031762629,-0.1102623790502548,0.0824754536151886,0.0935656800866127,-0.084401398897171,0.1231820881366729,-0.1115210726857185,-0.1133943349123001,-0.1254370957612991,0.1226048022508621,-0.1197319105267524,0.0604713782668113,-0.073224052786827,0.1203677579760551,-0.0896679013967514,-0.081467367708683,-0.0865233466029167,-0.0924401134252548,0.0073949177749454,0.1209371387958526,0.0742262303829193,-0.1102464571595192,-0.116658478975296,0.0787479504942894,0.0828161612153053,0.0075977379456162,-0.1006426736712455,0.0345665477216243,0.0772717371582984,-0.1116565987467765,-0.0746233984827995,-0.1035421341657638,-0.0694105550646781,-0.0348904244601726,0.1195274963974952,-0.0732534974813461,-0.033955380320549,0.1259147822856903,-0.0403356403112411,-0.1253529340028762,-0.1126521602272987,-0.0119268195703625,0.1024749800562858,0.0707863345742225,-0.0813735574483871,0.1135583743453025,-0.0917641744017601,-0.1007178202271461,-0.1112900376319885,-0.0209366865456104,-0.0992074608802795,0.1111317127943039,-0.0929427295923233,0.010273240506649,-0.013033052906394,0.0584042891860008,0.0885573178529739,-0.110473483800888,-0.0643628388643264,0.0733591094613075,-0.1161912605166435,0.11677286028862,0.1156167611479759,0.0860360413789749,-0.1159350201487541,0.0634045377373695,0.0714791044592857,-0.1142167374491691,-0.1139138266444206,-0.0871073454618454,-0.1168338879942894,0.0900351852178573,0.082284040749073,-0.1150140687823295,0.1147222965955734,-0.0174299534410238,-0.1142636239528656,0.0969411730766296,-0.0665306150913238,0.0732701644301414,0.0944268777966499,0.1167381107807159,-0.1123160868883133,-0.1116790995001792,-0.1120287179946899,-0.0946317985653877,0.0189984403550624,0.0654758960008621,-0.0222370531409978,0.1094823330640792,-0.1149363815784454,0.1075106263160705,-0.0525580234825611,0.1134899407625198,-0.1069115549325943,-0.0323968231678009,0.1045902743935585,0.1092980280518531,0.0308621283620595,0.0500804372131824,0.0866378024220466,0.1149172484874725,0.1122727915644645,0.1070904955267906,-0.1115503311157226,0.0029812532011419,0.0962516441941261,-0.1154293268918991,-0.1148566156625747,-0.0254537668079137,-0.0915582478046417,0.0863638520240783,0.1136233657598495,0.0841597691178321,-0.0367936678230762,0.0610919520258903,0.0229198466986417,0.1004883646965026,0.0096281133592128,0.0971767380833625,0.0771031454205513,0.0949372798204422,0.0996098741889,0.0894839391112327,-0.1125576868653297,-0.0789399966597557,-0.0243978928774595,0.1060675680637359,0.1131295561790466,-0.0130295380949974,0.0977231115102768,-0.0329055562615394,0.0191453602164983,0.0206687916070222,0.0953488200902938,0.093625821173191,0.0076206191442906,-0.0823086947202682,0.0932688266038894,0.0436931848526001,0.1085335686802864,-0.0998530536890029,0.068207062780857,-0.1160897985100746,-0.1051237657666206,0.1112978160381317,0.0052391644567251,-0.1163205429911613,0.1148805767297744,0.0990256369113922,0.0227644369006156,-0.1158183813095092,0.1136121824383735,0.1158155426383018,0.1118019148707389,-0.059134367853403,0.0483322888612747,0.0063485759310424,0.0525474995374679,0.0306151416152715,0.0778042152523994,-0.1156874895095825,-0.0775284171104431,0.113219678401947,0.042482741177082,0.0211270824074745,0.0544927753508091,-0.0401232950389385,0.0741429850459098,-0.1104145273566246,0.1109678372740745,0.1121328771114349,-0.1085991859436035,0.0624477341771125,-0.079705961048603,0.1071081608533859,0.1076527833938598,0.1090342476963996,-0.1087756231427192,0.1088649854063987,-0.0767817720770835,0.1083155870437622,0.0459574088454246,-0.0975729674100875,0.0218396335840225,0.1090363711118698,-0.1089749038219451,0.1051668524742126,-0.0614804551005363,-0.0356512740254402,-0.0858287960290908,-0.0823432803153991,0.1066718250513076,0.1064372733235359,0.0299469754099845,-0.0797471702098846,0.0208582766354084,0.0798792019486427,-0.0589969679713249,0.1028542518615722,-0.0900424048304557,0.1065431162714958,-0.1066489666700363,0.0556957870721817,0.1087908521294593,0.1085614264011383,-0.0902974680066108,0.0525747165083885,0.10864769667387,0.0992582142353057,-0.0806342959403991,0.1024476066231727,-0.0967842489480972,0.024877656251192,-0.0517246611416339,0.1082473471760749,-0.0544220954179763,-0.1080699935555458,0.1089494079351425,-0.0960919260978698,-0.0349888913333416,-0.0710262879729271,-0.0937661305069923,0.0555725991725921,0.0843690857291221,0.1002313271164894,-0.1090129986405372,0.1088544577360153,-0.0469273142516613,-0.096306562423706,0.1035262122750282,-0.1070761010050773,0.0920056328177452,0.1018823757767677,0.068917267024517,0.0894288644194603,0.0972075834870338,0.0802416130900383,-0.1070083752274513,-0.1025970801711082,-0.103901483118534,0.0922788828611373,0.042650569230318,0.1090093925595283,-0.1078484654426574,-0.1090216338634491,-0.1002889201045036,0.1004012078046798,-0.1079818904399871,-0.0022204942069947,-0.109018288552761,0.1085747703909874,0.0914647653698921,-0.0826506167650222,-0.0996623560786247,-0.0917236432433128,-0.1090344563126564,-0.1081804037094116,0.0709896311163902,-0.0585173070430755,0.0619101151823997,-0.0668937191367149,-0.0897166952490806,0.1086202561855316,0.0279247220605611,0.0177424624562263,-0.1061563119292259,0.1086421608924865,0.0812162086367607,-0.0856869518756866,0.0993659719824791,0.1088533326983451,-0.07002654671669,-0.0648523122072219,-0.1090265661478042,0.1086230427026748,-0.0852686986327171,-0.0815077498555183,-0.0507464185357093,0.0151839116588234,0.1081356480717659,0.0761712789535522,0.0971583724021911,-0.0780028104782104,0.0082229347899556,-0.0937004461884498,-0.1073844134807586,0.0754727199673652,-0.1080027446150779,-0.0654772222042083,-0.092384286224842,0.0263020507991313,0.107236236333847,0.0616349577903747,0.0954481586813926,0.1042554974555969,0.0599084645509719,0.0696150660514831,0.0584766045212745,-0.0937885791063308,0.1112216934561729,0.110793836414814,0.0264871101826429,-0.1169422566890716,-0.0157591644674539,0.1111102178692817,-0.0327082946896553,0.0034263709094375,-0.0889516100287437,-0.12558114528656,0.1003192290663719,0.0890925228595733,0.0995395630598068,0.0981056690216064,-0.0450086779892444,-0.1112919598817825,0.08856101334095,0.0628230348229408,-0.1162779852747917,-0.0626491010189056,-0.0877820774912834,0.1241333112120628,-0.1296809613704681,-0.0023815711028873,-0.1146996244788169,-0.0599883012473583,-0.1038898155093193,0.1117242202162742,-0.0121857430785894,-0.0287233553826808,0.0225816760212183,0.086465984582901,0.0258709471672773,0.0182980690151453,0.0068743666633963,0.0848794132471084,0.0894045904278755,-0.0908422693610191,-0.1273417174816131,0.0983446985483169,-0.0808214098215103,0.0903578773140907,-0.0595035180449485,0.1317564994096756,-0.0979545637965202,-0.0062542082741856,0.0835051611065864,0.1142165884375572,0.0582755729556083,0.0668862387537956,0.0561863929033279,0.1060934215784072,0.0489457435905933,0.1241203173995018,-0.1303123533725738,0.0764399543404579,0.0725798159837722,0.113965705037117,-0.1166633144021034,0.0431652031838893,-0.1337113678455352,0.0744622200727462,0.0984925329685211,0.0973389893770217,0.1242146715521812,-0.0185503307729959,-0.1196052134037017,0.0590108782052993,0.0377540625631809,0.0644868314266204,-0.0829717516899108,0.1212940663099289,-0.1026621609926223,0.1324804425239563,-0.1356274783611297,0.1238671615719795,0.1179074347019195,-0.0587025992572307,-0.0996982455253601,0.0061474563553929,0.0253589507192373,0.1064004823565483,-0.0574111863970756,-0.1267455071210861,-0.1311103403568267,-0.0691460967063903,0.1156700626015663,0.0922010242938995,-0.0764007121324539,0.1234140768647193,0.0324729792773723,0.0515946894884109,-0.0928469523787498,-0.0666626766324043,0.066180408000946,0.1035044938325882,0.1188791617751121,-0.0108813773840665,0.0931187272071838,0.0535590834915638,-0.0530512146651744,-0.0149293038994073,0.0871277004480362,0.067874014377594,0.1233884766697883,0.0495264157652854,-0.1251680701971054,0.1144668459892273,-0.0492670275270938,0.1192464977502822,-0.0586326718330383,0.1019273623824119,0.1172109097242355,-0.1096196472644805,-0.10333813726902,0.0193906556814908,-0.0761167258024215,0.0731662139296531,-0.1214532330632209,-0.0068413945846259,0.0483069643378257,0.105905532836914,0.0338265635073185,-0.0916421562433242,0.0159821789711713,-0.0893183797597885,0.080269269645214,0.0463718920946121,-0.0919309705495834,0.0101852174848318,0.0804949775338172,-0.0462887473404407,0.135880708694458,0.0895651578903198,0.160981610417366,-0.0941863507032394,0.0102552492171525,0.070177711546421,0.1411469280719757,0.1340745836496353,0.073484256863594,0.0407355464994907,0.0833130851387977,-0.1483543217182159,-0.0403429716825485,-0.0261389017105102,-0.1393646448850631,-0.0081187672913074,-0.0743097811937332,-0.0819450765848159,0.0231339838355779,0.069768339395523,0.0101958019658923,0.0701851695775985,-0.1180457025766372,0.0049323821440339,-0.0096444524824619,0.0770471915602684,-0.0254138931632041,-0.0592863596975803,0.1024940758943557,-0.1158277168869972,0.1019997671246528,-0.0830694809556007,0.1258094906806945,-0.1479290127754211,0.067238911986351,-0.0911111384630203,0.0461784042418003,0.0349427945911884,-0.0250289067625999,-0.1362428218126297,0.1298995316028595,0.1455913186073303,-0.0547550767660141,-0.1598415076732635,0.0962645560503006,0.0674721375107765,-0.0930088087916374,-0.0749682337045669,0.0911944881081581,-0.1485269516706466,-0.0713764429092407,-0.0429003275930881,-0.1007804125547409,0.0664438605308532,0.0083149261772632,-0.108031690120697,0.0693563148379325,0.135520726442337,-0.1619290113449096,-0.1127587109804153,-0.0017537897219881,-0.0491081029176712,-0.0189433880150318,0.0918576940894126,0.0165880490094423,-0.0570064671337604,-0.1322014480829239,0.0142152654007077,-0.0846562534570694,-0.1396763324737548,0.1265784800052642,0.0781787633895874,0.0920753106474876,0.1034184917807579,-0.0078756930306553,0.0877476781606674,0.0337164886295795,-0.0102609572932124,0.0426168963313102,0.1498570740222931,0.125930979847908,-0.0173080656677484,0.0713300928473472,-0.0316829904913902,-0.144399344921112,-0.1041874662041664,0.0405826866626739,0.0575938150286674,-0.1253665685653686,-0.1372693181037902,0.1621406525373459,-0.0648215264081955,0.0290850438177585,-0.0609035491943359,-0.0503164678812027,0.008607187308371,0.0877200067043304,0.0641151592135429,0.1052919626235961,-0.0218260362744331,0.0738403871655464,0.0092061106115579,0.003499569138512,0.137506678700447,-0.0396460071206092,0.0951804146170616,0.0668298006057739,0.0830162838101387,0.1518696546554565,-0.09031742811203,0.0232487376779317,-0.0446795485913753,0.119689404964447,-0.1019676923751831,-0.0856343358755111,-0.0002431308821542,-0.0839285925030708,-0.1543109118938446,-0.0615352988243103,0.0303466655313968,0.0006951557588763,0.0485247783362865,0.0095519553869962,-0.0283443517982959,-0.0049075759015977,-0.0373475477099418,-0.0660878419876098,0.0799236670136451,0.0556775294244289,0.1482714116573333,0.1805812120437622,0.0954795032739639,0.0034438602160662,-0.1486061066389084,0.0967998504638671,0.0057532973587512,-0.1457427591085434,-0.0721545442938804,0.0894341021776199,0.0381024815142154,0.0698452517390251,-0.0339022502303123,-0.0155441984534263,-0.1742487400770187,0.1023443266749382,0.0988155901432037,0.0337186641991138,-0.1119061186909675,0.1205074936151504,-0.0080693280324339,0.010790204629302,-0.0213634315878152,-0.0916421487927436,-0.0442454814910888,0.088621862232685,0.0635114014148712,0.1475098133087158,-0.0243310220539569,-0.0539138130843639,0.1254141479730606,0.1556146293878555,-0.0364205129444599,0.0363839752972126,-0.0664093419909477,0.0672212168574333,0.0434336625039577,-0.1158012375235557,-0.0926415175199508,-0.029007164761424,-0.0923049598932266,0.1875201910734176,-0.0071910326369106,-0.0140858646482229,-0.0079726530238986,-0.0836792737245559,0.098196730017662,-0.0916884392499923,-0.0190540589392185,0.0922582745552063,-0.1004037708044052,0.0239418130367994,-0.0499135367572307,-0.0686601251363754,0.128248244524002,0.0916072949767112,0.0249797385185956,-0.1169959381222724,-0.0684050247073173,0.0501107536256313,-0.0229411739856004,-0.0865241736173629,0.05020771920681,0.0986421927809715,0.0160364247858524,-0.1640421003103256,-0.0155146187171339,-0.0007553775212727,-0.0702914521098136,-0.0497571714222431,0.0504084043204784,-0.1512496620416641,0.0700221061706543,-0.131782978773117,0.0415908396244049,-0.0021542403846979,-0.156424418091774,0.0846026614308357,-0.0371489189565181,-0.0451336354017257,0.1346786916255951,0.0878368318080902,-0.0625007674098014,-0.0570113584399223,-0.0338272750377655,0.0843701735138893,0.0318635292351245,-0.0618221163749694,0.1084330081939697,-0.1380316913127899,0.0227259844541549,-0.0806273594498634,0.0793288722634315,0.0192799009382724,-0.0624442771077156,0.0300874598324298,0.1653410792350769,0.0540818162262439,-0.0040600411593914,0.0351850315928459,0.0735612735152244,-0.1598285883665084,-0.1439446806907653,0.1403602659702301,-0.1405764520168304,0.1340809017419815,-0.1679091304540634,0.1128836646676063,-0.0001873898727353,0.0297353398054838,-0.0435894019901752,-0.0776709243655204,-0.1542184352874755,-0.0715808644890785,-0.1023590788245201,-0.0018641077913343,0.0741370469331741,0.1652540862560272,-0.0323011502623558,0.0556279346346855,0.0167601704597473,0.0092779751867055,0.003316214075312,LMHKQNBDEVIKKK-QZDXGZOUSA-N,CCCOc1c2c(c(O)c3cc(CN4CCC4)ccc13)C(=O)C1=C(O)[C@]3(O)C(=O)C(C(N)=O)=C(O)[C@@H](N(C)C)[C@@H]3C[C@@H]1C2
0.0857235118746757,-0.0994527116417884,0.0871367156505584,0.099452719092369,0.0993919223546981,0.0994016155600547,0.0665224567055702,0.0155664281919598,0.0810849443078041,-0.0967045798897743,0.0993977710604667,-0.0953028574585914,-0.0992730557918548,0.0994390025734901,0.0932654216885566,0.0910979658365249,0.0991762280464172,-0.0994317904114723,0.0994302704930305,0.099452719092369,0.0985272601246833,-0.099355362355709,-0.0994259044528007,0.0933047905564308,-0.0939384400844574,0.0986640378832817,-0.0994497165083885,-0.099428690969944,-0.0986648350954055,0.0976364389061927,0.0949130430817604,-0.0979517176747322,-0.0957112684845924,-0.0709938034415245,-0.0994287878274917,-0.0993505120277404,0.0183300673961639,0.0989993810653686,0.019511055201292,-0.0949267596006393,0.0992458462715148,-0.0992535948753357,-0.0177813898772001,-0.0127042839303612,0.099451869726181,0.0910784751176834,-0.0958580151200294,0.0994520187377929,-0.0256788544356822,-0.0992230176925659,0.0993126705288887,0.0994447395205497,-0.0994310826063156,0.0994527041912078,-0.0572247505187988,-0.0583872944116592,-0.0954375565052032,-0.0984442755579948,-0.0994040071964263,0.0991307869553566,0.0994199812412262,-0.088717296719551,-0.0224516354501247,0.0994487181305885,-0.0693090260028839,-0.0909531116485595,-0.0982819497585296,0.0258862636983394,0.0994408875703811,0.0143525330349802,0.0989283621311187,0.0990516245365142,0.0993060320615768,-0.0899689570069313,-0.0980774387717247,0.0312055516988039,-0.0918962210416793,0.099451407790184,-0.0994379222393035,0.0975466668605804,-0.0953005701303482,-0.0990145951509475,-0.0961587280035018,0.0854169204831123,-0.0994181185960769,0.0992608964443206,0.0972588285803794,0.0994515791535377,-0.0993889942765235,-0.0087878089398145,0.0994449630379676,-0.0988332480192184,0.0991126671433448,0.0991154536604881,-0.0184553321450948,-0.0445703044533729,-0.099448874592781,-0.0662047788500785,-0.0994171723723411,0.0994512438774108,-0.0975703969597816,0.0985239818692207,-0.0994279906153678,-0.0106226773932576,0.0811162739992141,0.0992051884531974,0.0964008048176765,-0.0402572080492973,0.0994526892900466,-0.0974088907241821,0.0994514301419258,0.0008612527744844,-0.0994372591376304,-0.099452719092369,0.098499022424221,-0.0994495972990989,-0.0994481965899467,0.0940143689513206,-0.0935113579034805,-0.0488131381571292,-0.0994520857930183,0.098195306956768,-0.0547854080796241,0.0991847962141037,0.0498008243739604,-0.0235965158790349,-0.0342083424329757,-0.0993276685476303,-0.1009130403399467,-0.099179059267044,-0.1010728403925895,-0.101138986647129,-0.0906967893242836,0.1009085550904274,-0.0836118832230568,0.0920288786292076,0.0952589586377143,-0.1012341752648353,-0.0603241845965385,0.1012364849448204,-0.10122761875391,-0.0989916250109672,-0.1012372076511383,-0.1000082269310951,0.1003650054335594,-0.1011215299367904,-0.1012355908751487,-0.1006509140133857,-0.032411228865385,0.0006903304602019,0.0289139505475759,0.1012161299586296,0.0577274821698665,0.090323768556118,0.1012123599648475,0.0990101471543312,-0.0912492349743843,-0.0908555388450622,0.0179359856992959,-0.1006854996085167,0.0927386358380317,0.0836053565144538,0.101227082312107,0.0333985537290573,-0.0665206611156463,-0.1012372970581054,-0.0240396410226821,0.1007850915193557,-0.0991866812109947,-0.0965607017278671,0.1012361347675323,-0.1012158617377281,0.100263699889183,-0.0930273011326789,0.1012371778488159,-0.0119056934490799,-0.0949915423989296,-0.0976308211684227,0.1012313663959503,-0.1012158393859863,0.1001041978597641,-0.1012367978692054,0.017463194206357,-0.1011413484811782,0.098342590034008,-0.1011062413454055,0.1012238636612892,0.0766010135412216,-0.1012293323874473,-0.0970564186573028,-0.1010893806815147,0.0794869288802146,0.1012324765324592,0.1011934950947761,0.0540720522403717,-0.1011714562773704,-0.1012053564190864,-0.1012372970581054,0.0777332186698913,-0.1012292355298996,-0.1008674278855323,-0.0997906848788261,-0.038662027567625,-0.0952086076140403,0.0619554594159126,-0.0109466686844825,0.0931324809789657,-0.1012204512953758,0.0812438130378723,0.1012287959456443,-0.0438169427216053,0.0864645689725875,-0.087670162320137,0.0916187390685081,-0.0963499844074249,0.0991015881299972,0.1012180969119072,-0.080731064081192,-0.1011564284563064,-0.0997781157493591,0.1006646230816841,0.1012351065874099,-0.1011642441153526,-0.101031444966793,-0.1006110161542892,0.0628713965415954,-0.1012272015213966,-0.0335844308137893,0.0541768632829189,0.0961601957678794,-0.0028262056875973,0.0901488065719604,-0.0251727011054754,0.085817664861679,-0.0665753185749054,0.0993604734539985,-0.0243105106055736,0.0969494804739952,-0.1004688218235969,-0.1003257110714912,-0.0804557055234909,0.0974255129694938,0.0974088236689567,0.088890865445137,0.0984659567475318,0.0996595248579979,0.100891500711441,0.1010480299592018,-0.0251171961426734,-0.0937690660357475,-0.0458679720759391,0.0593941137194633,0.1009558364748954,-0.0454914942383766,0.0725594088435173,-0.1010822802782058,0.093797743320465,0.0937435105443,0.0936206355690956,-0.0937995538115501,-0.0937056988477706,-0.0938046872615814,-0.0937246233224868,-0.0938045084476471,-0.0937759056687355,-0.0174438152462244,-0.0873560234904289,-0.0718606412410736,0.0847844257950782,-0.093018889427185,-0.0815301612019538,-0.0839348658919334,-0.0937852934002876,0.0623702742159366,-0.0936059430241584,0.0938007533550262,-0.0938046872615814,-0.093804657459259,-0.0366724319756031,-0.093543417751789,0.0938046872615814,0.0937108695507049,0.0938046723604202,-0.0938045680522918,-0.0749018043279647,0.0936153754591941,0.0935109928250312,-0.0689915120601654,-0.0933440178632736,-0.0938045978546142,-0.0937995761632919,-0.0937975123524665,-0.0828027427196502,0.0805266872048378,-0.0920974910259246,0.0930039808154106,0.0937076807022094,0.001704902970232,0.0937784165143966,0.0865486413240432,0.0150740798562765,-0.0850564911961555,-0.0937046483159065,-0.0937851592898368,-0.0905728861689567,0.0874460935592651,0.093804620206356,0.0938046723604202,-0.0935751870274543,-0.0938046872615814,0.0938046872615814,-0.0938046798110008,0.0938046872615814,-0.0938046798110008,0.0867427736520767,-0.0514113642275333,0.0447479523718357,-0.0936067849397659,-0.0179283954203128,-0.0936010926961898,0.0936382189393043,0.0938046872615814,0.0832683891057968,-0.0921361073851585,0.0903720557689666,0.093800239264965,-0.0938046872615814,-0.0938045233488082,0.0937976986169815,0.0938046872615814,0.0936457961797714,-0.0935350432991981,-0.0938046872615814,0.0936375185847282,-0.0923311710357666,-0.093619056046009,-0.093616709113121,0.0938034877181053,-0.0936499685049057,0.0936259105801582,0.0835577622056007,0.0752861052751541,0.0820371955633163,0.0850056409835815,-0.0817642956972122,0.0938045382499694,0.0938021764159202,0.0937564820051193,-0.0937734320759773,-0.09380454570055,0.0938046276569366,0.0937894061207771,-0.0854480564594268,0.0496171154081821,0.0892641022801399,-0.0937792062759399,-0.0921997874975204,0.0937327891588211,-0.085110493004322,-0.0924010872840881,0.0937886983156204,0.0938039124011993,-0.093779943883419,-0.0938036888837814,-0.0938046723604202,0.093723140656948,0.0929085835814476,-0.0933577939867973,0.0894699990749359,0.0935181155800819,0.0936483442783355,-0.0418609790503978,-0.0938044711947441,0.093802809715271,0.0932672247290611,0.0871063917875289,-0.0890363529324531,-0.0936755836009979,0.0802157372236251,-0.0937390252947807,-0.0938045009970665,0.0935755670070648,0.093744158744812,0.0934006869792938,0.0987956449389457,0.0604946427047252,-0.023365918546915,-0.0541817359626293,0.0041015250608325,-0.0193256307393312,-0.0971408784389495,-0.0716889575123786,0.0208232942968606,-0.1033196523785591,0.0086390580981969,0.0084643866866827,-0.0395499728620052,0.0692779049277305,-0.133250817656517,0.0541008822619915,-0.1348211467266082,-0.0408857874572277,0.1609302461147308,0.0748301148414611,-0.1064138934016227,0.0964545831084251,0.0794511511921882,-0.1016523092985153,0.0468801409006118,0.0367159508168697,-0.1212607473134994,0.0390290133655071,-0.0117098493501544,-0.1351024359464645,-0.0664602443575859,0.0066847559064626,-0.14699687063694,0.1389070004224777,0.1511771082878112,-0.0020840230863541,0.0094388108700513,-0.1039527356624603,0.1121103540062904,0.1210876852273941,0.1109875291585922,-0.1134563460946083,0.0850822851061821,-0.0855107083916664,0.0381526686251163,-0.05951764062047,-0.044573713093996,0.0825543403625488,-0.0880959033966064,-0.0672357156872749,0.0496194846928119,0.0002173816610593,-0.0931755974888801,0.0732450932264328,0.1218675896525383,-0.1015181019902229,0.071493461728096,0.1497696638107299,0.0428355559706687,0.1640097498893737,0.0030778348445892,-0.0291830748319625,0.105458877980709,-0.099574401974678,0.1438106596469879,-0.0946028903126716,-0.0983062237501144,0.0253683179616928,-0.0343659035861492,0.0974338352680206,0.1327902823686599,-0.0404208749532699,0.0674009397625923,-0.000819090695586,-0.1214545369148254,-0.0665050968527793,0.1316374838352203,-0.081122986972332,0.014584794640541,-0.0293157119303941,0.1224984154105186,0.1031645610928535,-0.0164414681494236,-0.1551973074674606,0.0096816383302211,0.0663140341639518,-0.0532949827611446,0.1548305749893188,0.1551573723554611,0.0255665611475706,-0.0842147916555404,0.1105469837784767,-0.1069900393486023,-0.0922402366995811,0.0831158831715583,-0.0533573180437088,0.0034262251574546,0.1545052528381347,0.1056059747934341,-0.1101078018546104,0.0133592532947659,-0.0314646214246749,0.1277324706315994,0.043034803122282,-0.0912427604198455,0.0007230435148812,-2.4224391381721944e-05,-0.0034095842856913,0.1609969735145568,0.0494856797158718,-0.0957620441913604,0.0165513884276151,0.1383823156356811,-0.084529735147953,-0.0196234062314033,0.0002665866923052,0.1491434127092361,0.1325112730264663,-0.1479890793561935,-0.0161479674279689,0.0292298011481761,0.0325541831552982,0.0723698064684867,-0.0442227870225906,-0.1272018104791641,-0.0620793662965297,0.0787512883543968,-0.0275865998119115,-0.1228078305721283,0.1338861882686615,0.1537215709686279,-0.0605047196149826,0.0747208520770073,0.1162472143769264,0.1649195104837417,-0.0115461153909564,0.1237633377313613,-0.1051829978823661,-0.0462259203195571,-0.0580934174358844,0.0261464696377515,0.0677637234330177,0.0516178719699382,-0.1049258559942245,0.1197768151760101,-0.0643640235066413,0.0457474328577518,0.0919465646147728,-0.0694859027862548,0.0412320680916309,-0.0050673126243054,0.0923361256718635,-0.1545458883047104,0.1359255611896515,-0.0400109887123107,-0.0257249604910612,-0.0802177637815475,0.1156944036483764,0.1312979459762573,0.1143500655889511,0.0346135944128036,-0.0004583303234539,-0.1424587965011596,-0.041400596499443,0.0637369155883789,-0.0996295139193534,0.07306769490242,-0.064295470714569,-0.0929100438952446,0.0257974117994308,-0.0536670386791229,-0.0943444073200225,-0.0645478963851928,0.0828784108161926,-0.0191165581345558,-0.0857933238148689,-0.0714138820767402,-0.0717795342206955,0.0633176937699318,-0.0583203770220279,0.1465533375740051,-0.0884184092283248,0.0954082310199737,0.043922372162342,0.0012382619315758,0.0471086204051971,0.154473066329956,0.019317403435707,-0.1005217209458351,0.0571337342262268,-0.0394302755594253,0.0727138295769691,-0.0421080365777015,-0.0509186014533042,0.114225372672081,0.0874391049146652,0.06629628688097,-0.116525761783123,0.0074550993740558,-0.1062243729829788,-0.0672660395503044,0.042311031371355,0.0912878438830375,-0.0869181752204895,0.0713335871696472,0.0092286057770252,-0.1305560320615768,-0.0427992716431617,0.120275467634201,-0.0824311152100563,-0.1448630541563034,0.0968804433941841,-0.0633782744407653,-0.0115676168352365,0.0631719157099723,0.0447829477488994,-0.0704955607652664,0.1598148792982101,0.0255387611687183,-0.1129100769758224,-0.1753241270780563,0.1040852144360542,0.1440013796091079,-0.0706983730196952,0.0416311174631118,0.0058764470741152,-0.0418941676616668,0.0566149167716503,-0.0215429533272981,0.0157586093991994,-0.1221345290541648,0.0405391827225685,-0.0339290387928485,0.1289895623922348,-0.0850780084729194,0.0768394246697425,-0.0713932663202285,0.0924214571714401,-0.0732140764594078,-0.0456555187702178,0.1060166358947753,-0.1448216289281845,0.0194434355944395,-0.0940673425793647,0.1714063435792923,-0.0520876869559288,0.1341767460107803,0.01771199144423,-0.1430523246526718,-0.084184393286705,0.0455752722918987,0.004657709505409,-0.1145660579204559,-0.0702756941318512,-0.1474278718233108,0.0381403975188732,-0.0608192197978496,-0.0413254313170909,0.0220323335379362,0.0292173754423856,0.0278010163456201,0.0582916028797626,0.1824896782636642,0.192021906375885,-0.0275294035673141,0.0259905867278575,0.0998581573367118,-0.0050581744872033,-0.0717955753207206,-0.065825842320919,0.0158656854182481,-0.0337898917496204,0.0589585527777671,-0.1613664329051971,-0.1567433476448059,-0.0841563418507576,-0.0277973730117082,0.0844867303967475,-0.0861368104815483,-0.0389158502221107,-0.0002127660991391,0.0104642892256379,-0.005023593083024,0.0217104647308588,0.0184032972902059,-0.1404683142900467,-0.0295723434537649,0.1090172454714775,-0.0660246387124061,0.0305815301835536,-0.0871469900012016,0.1220079809427261,0.1580050587654113,0.0630075335502624,0.0748615562915802,-0.0555859096348285,0.0557210966944694,-0.0162117909640073,-0.104536548256874,-0.1082182303071022,0.0842260718345642,-0.0170637387782335,0.0957038104534149,0.0036215663421899,-0.0255501605570316,0.0531915575265884,-0.1148840934038162,0.0771197602152824,-0.1035014241933822,0.0921053141355514,-0.004646873101592,-0.1009173914790153,-0.16050685942173,-0.1146152541041374,0.0661437809467315,0.1118771731853485,0.0157023947685956,0.0344382524490356,0.0557899437844753,-0.079405777156353,0.1026500910520553,-0.0883429795503616,0.0579853616654872,-0.0615975223481655,0.1282191574573516,0.05314926430583,-0.1135728135704994,-0.1083763539791107,-0.0167578589171171,0.0812174007296562,-0.147500604391098,-0.0946489423513412,-0.1141887307167053,-0.1039676666259765,-0.0409305915236473,-0.0563013367354869,0.0355271250009536,-0.1190698891878128,-0.0573438666760921,-0.1008880361914634,-0.1477803140878677,0.0887060984969139,-0.0691083818674087,0.0408949628472328,-0.124481700360775,-0.1161730736494064,-0.0083689214661717,0.0908279791474342,-0.0001981850218726,-0.0599303655326366,-0.1314722001552581,-0.043819110840559,0.0731114447116851,0.1331916451454162,0.0639287307858467,0.0474622324109077,0.0645814836025238,0.0640874430537223,0.0820421874523162,0.0117524163797497,0.0693274810910224,0.125692218542099,0.0061956834979355,-0.0173856243491172,0.0129826506599783,-0.1079243943095207,-0.0151418093591928,-0.0471942313015461,0.1952806860208511,-0.1198902130126953,0.1440744251012802,-0.1273683905601501,0.0068713296204805,-0.1508035212755203,0.0411322265863418,0.03358880802989,0.0625871792435646,0.1909040659666061,0.1490527093410492,-0.0263375844806432,0.0192601811140775,-0.1579274386167526,0.1064109429717063,-0.0534083992242813,OOGHRTAAWHWFMO-UHFFFAOYSA-N,Cc1nn(-c2ccc(F)cc2)cc1CN
0.0876402854919433,-0.1133372783660888,0.123421125113964,0.1281562894582748,0.1179151684045791,-0.0776136070489883,-0.0027154136914759,-0.0510071702301502,-0.0057199071161448,-0.0038107882719486,0.0751303285360336,-0.0693573281168937,0.0504434779286384,0.1193304806947708,0.1080178543925285,-0.0290694460272789,0.0984557121992111,-0.0754040405154228,0.1167098358273506,0.1281279027462005,0.0854427963495254,-0.1180053353309631,-0.0620859563350677,0.01035195030272,-0.0969417691230773,-0.0771049037575721,-0.1261171400547027,-0.1177740693092346,-0.0598584897816181,0.1051724478602409,-0.0377394519746303,-3.563995414879173e-05,-0.1170418411493301,0.0758366286754608,-0.125542402267456,-0.1222949475049972,-0.051162514835596,0.112486183643341,0.1111362129449844,-0.047202568501234,0.0050818468444049,0.0167208686470985,-0.1021296754479408,0.0960196554660797,0.1245467960834503,0.0673979371786117,-0.0577407069504261,0.0246603768318891,0.0581674948334693,-0.0881568863987922,0.1250639706850052,0.0828672721982002,-0.1244700700044632,0.1258510798215866,-0.0950431451201438,0.0467029176652431,-0.0125694880262017,-0.1122694909572601,-0.1161141619086265,0.1188400760293006,0.0624363869428634,0.0546611435711383,0.0780726447701454,0.0094649074599146,0.1163961291313171,-0.1205489486455917,-0.1184659004211425,-0.0118466820567846,0.1248806044459343,-0.0482002720236778,0.0276014823466539,0.1272965222597122,0.1018844693899154,-0.1249028667807579,-0.0893415063619613,-0.0078323977068066,0.0290938187390565,0.0646696388721466,-0.1056273579597473,-0.0899771451950073,-0.0685329213738441,0.0004658476391341,0.0214752294123172,-0.0571687594056129,-0.0173911023885011,0.12471554428339,0.1233039274811744,0.1184124425053596,-0.119183525443077,0.0869456380605697,0.1191532239317894,-0.021716745570302,0.1032246276736259,0.0207156166434288,-0.1216805800795555,0.1146293878555297,-0.07527656853199,-0.1213220283389091,-0.0965089052915573,0.1142013296484947,-0.0115451803430914,0.0754776373505592,-0.0339198485016822,0.0505092665553092,-0.1211131364107132,0.0361161157488822,0.1178820803761482,-0.0320935621857643,0.1137162372469902,-0.086841233074665,0.1121166348457336,0.0386911816895008,0.0578406751155853,-0.125504195690155,0.1120523884892463,-0.0521653108298778,-0.0740735009312629,-0.0470065101981163,-0.1065078526735305,0.0595833472907543,-0.0053897704929113,0.1093989685177803,0.074529081583023,0.1086451932787895,-0.0930999740958213,-0.0840137004852294,-0.0041609914042055,-0.1260091662406921,0.1084780618548393,0.0604679472744464,0.0942750945687294,0.0630820617079734,0.1011382415890693,-0.1016998216509819,0.0733912140130996,0.0148848919197916,0.0390458516776561,-0.1088139489293098,0.1088609918951988,-0.094442494213581,-0.1021711826324462,-0.10752684623003,-0.1028131768107414,-0.073145143687725,0.1024284735321998,-0.007838531397283,-0.1089625209569931,-0.104621835052967,-0.0963615700602531,-0.1027424037456512,-0.107095293700695,-0.0951217114925384,0.1013579294085502,-0.1066716909408569,0.0318864025175571,0.0314898528158664,-0.1081869304180145,-0.0847987979650497,0.0272280145436525,-0.0906748920679092,-0.1088770702481269,0.1088455244898796,0.1014031991362571,-0.0969465598464012,0.1023840829730033,-0.108996994793415,0.0770772621035575,0.06729207187891,-0.0952931717038154,0.0110406186431646,0.1069989800453186,-0.1084848940372467,0.0767942816019058,-0.0960476323962211,-0.0332717411220073,0.085509568452835,-0.0576037317514419,0.1033782884478569,0.0927388668060302,-0.106730006635189,-0.107779361307621,-0.1088910028338432,0.0791716054081916,-0.0293918307870626,0.1026927977800369,-0.1089701950550079,-0.0669747591018676,-0.0999379828572273,-0.0436983928084373,0.0546099655330181,-0.1083225756883621,-0.008731935173273,0.109023205935955,-0.0046067959628999,-0.1049583926796913,0.0976696386933326,-0.0996958091855049,0.0842195227742195,-0.0488629564642906,-0.1050446182489395,-0.1087732762098312,-0.0901547819375991,-0.1084085702896118,0.052423670887947,-0.0856121331453323,0.0972670912742614,-0.0711172819137573,0.0751958340406417,-0.1070787832140922,0.0206756982952356,0.0186071041971445,-0.0627474337816238,-0.02756461314857,-0.0993490070104599,-0.1070768162608146,0.1058094128966331,0.0610521920025348,0.0587817579507827,-0.1083666905760765,-0.0820421427488327,-0.1068580672144889,0.1089563891291618,-0.1058147624135017,0.1016968861222267,0.0591043643653392,-0.1041145771741867,-0.0601593069732189,0.0343336723744869,0.1075988560914993,0.1089385226368904,-0.078088454902172,-0.0815533846616745,0.1030458137392997,0.1072974354028701,0.0926598012447357,0.0828195810317993,-0.1072890236973762,-0.074708767235279,-0.100393533706665,0.0975752249360084,-0.0924323052167892,0.0821393132209777,0.1061905696988105,0.1075146794319152,-0.100674994289875,0.1078943014144897,-0.0522890798747539,-0.1046359688043594,0.1088100224733352,-0.1073376610875129,-0.0181387346237897,0.038726270198822,-0.0040955496951937,-0.1089740619063377,-0.1087457984685897,0.0304566640406847,0.0438852198421955,-0.1033744663000106,0.1011641845107078,-0.1028808131814003,0.0986895784735679,-0.1034326702356338,0.1023883372545242,-0.0962677076458931,0.0206981878727674,0.0427703782916069,0.1012507006525993,-0.1032717153429985,-0.0995663926005363,-0.1034378781914711,-0.0298543516546487,-0.0741239860653877,0.0255350191146135,0.0764939039945602,0.0317749306559562,-0.089227095246315,-0.098384141921997,-0.0667770057916641,0.1008516475558281,0.0353431440889835,0.0128312679007649,0.0860503911972045,0.0909807384014129,0.0760134384036064,0.0945238694548606,-0.1017742231488227,-0.075529083609581,-0.1031608134508133,-0.0771975666284561,-0.102056011557579,0.0830289646983146,-0.1027432233095169,-0.1020925790071487,-0.1033470854163169,-0.0271257814019918,-0.103040762245655,0.0212042387574911,0.0934797152876854,0.0957907140254974,-0.0958998203277587,0.1033667847514152,0.0076198512688279,-0.0842807292938232,-0.0997432842850685,0.1015528440475463,-0.1000603139400482,0.0663863494992256,-0.0987568125128746,-0.1032364442944526,0.1018571406602859,-0.0820332244038581,0.1032809093594551,-0.0184827614575624,-0.1011177822947502,0.0456578508019447,0.1029751598834991,-0.1031783893704414,0.0998152941465377,0.1034215316176414,0.0975082516670227,0.0779044479131698,0.0991933122277259,0.0996972396969795,0.0942183434963226,0.1034075319766998,0.0535492524504661,-0.1033695116639137,-0.1027625799179077,-0.0836750268936157,0.1034400463104248,0.0105427158996462,-0.1034093424677848,-0.1033665388822555,0.0757613778114318,-0.0273338016122579,-0.0842255353927612,-0.095506340265274,0.0978663116693496,0.0562362372875213,0.0948293805122375,-0.1034309044480323,0.0661999285221099,0.1001349836587905,0.0835207030177116,-0.0798843130469322,0.1023274958133697,0.1029810905456543,0.0816199481487274,0.0873885452747345,-0.0992714837193489,0.0467568896710872,-0.0913016498088836,-0.1026679873466491,0.1030561923980712,0.1033042520284652,-0.1034377366304397,-0.1034038513898849,0.1019060835242271,0.1020804047584533,0.1030483692884445,-0.0076899244450032,-0.0677523612976074,-0.078139528632164,-0.0984087139368057,-0.0738192051649093,0.0917818248271942,0.1012646406888961,0.1006889715790748,-0.0575767382979393,-0.089470200240612,0.1034200191497802,-0.1021125763654708,-0.091681495308876,-0.1033596619963646,0.1034407913684845,0.1030619814991951,-0.1002020165324211,0.1022538989782333,0.1032482683658599,0.0016698918770998,0.0841914713382721,-0.0960824266076088,-0.0890934467315673,0.0655194893479347,0.0203778203576803,0.0072658876888453,-0.0734037458896637,-0.0255925673991441,0.0692438706755638,-0.0643685907125473,0.0499751418828964,0.0075317602604627,0.135048046708107,-0.0364109426736831,-0.024282619357109,0.0904074609279632,-0.0037406147457659,-0.0892308205366134,-0.0856954231858253,-0.0742238387465477,-0.1885233670473098,0.0561754181981086,0.1310800164937973,0.0173428654670715,-0.0021661133505403,0.143132597208023,0.1326086074113845,0.0736671462655067,0.0846434086561203,0.0638649463653564,-0.0890834778547287,-0.0682311877608299,0.0811437144875526,-0.1319777816534042,-0.0341244079172611,0.1384863704442978,-0.1210885867476463,0.0503732524812221,0.083733893930912,0.0843457505106926,0.0251268986612558,0.0292973034083843,0.1639042943716049,0.0614304281771183,0.1441948413848877,0.0465253889560699,0.1430741399526596,-0.0357110574841499,0.1123055890202522,-0.0608272030949592,-0.0436594448983669,0.0085347155109047,-0.0244554374366998,0.0852255374193191,-0.0308334045112133,-0.0666476637125015,0.0807178318500518,0.0256775058805942,-0.0044697471894323,-0.0665033087134361,0.1206540837883949,0.1487531960010528,-0.0102173648774623,0.1678996831178665,0.0146920066326856,-0.0508149713277816,0.0766014084219932,-0.1477569639682769,0.1341730207204818,-0.0474839136004447,-0.030595451593399,-0.152158498764038,0.0898607671260833,0.001212052302435,0.0272523518651723,-0.04531716927886,0.0089322244748473,-0.0439157262444496,-0.0197575781494379,-0.0217021908611059,0.0816816985607147,-0.0317717678844928,-0.103042759001255,-0.039614412933588,0.0450224354863166,0.1350640505552292,-0.0894496291875839,-0.1690375953912735,0.0214103404432535,0.1283662021160125,-0.1605989187955856,0.1992549896240234,0.1516317725181579,0.063096210360527,0.049798022955656,0.1427486985921859,-0.1052774265408515,-0.0822609961032867,-0.011216240003705,-0.0698393881320953,0.1477003991603851,0.0214109532535076,-0.0196936577558517,-0.1556757390499115,0.0545519664883613,0.0121876196935772,0.1028462126851081,-0.0142658790573477,-0.0487310737371444,0.0823668017983436,0.1134427860379219,-0.019111318513751,0.1453476995229721,-0.0660517141222953,0.0395795814692974,0.0487521812319755,0.0244449656456708,-0.020096056163311,-0.0740677267313003,0.0339221023023128,-0.0206663236021995,0.0183790121227502,-0.0972411483526229,-0.0860149189829826,-0.0930517464876174,0.0652444064617157,-0.0321257673203945,-0.0020885919220745,-0.1409355849027633,-0.1509744673967361,0.1604263335466385,0.0896465331315994,-0.1498019248247146,0.1027085483074188,0.1241986155509948,-0.0892295241355896,0.0184461176395416,0.1001052036881446,0.1473092883825302,0.1030712202191352,0.0991673991084098,-0.0954184755682945,-0.0352261811494827,-0.1260049939155578,0.0754974111914634,0.0852686166763305,0.0665303692221641,-0.1225029826164245,0.1639613062143325,-0.0047777355648577,-0.0195688568055629,0.0490462221205234,0.0191709380596876,0.0235838312655687,-0.0697247684001922,0.0850376412272453,-0.0938250198960304,0.1247401013970375,-0.1716945469379425,0.0958115831017494,-0.1163143962621688,0.0991099625825882,0.0429183728992939,0.1424843072891235,0.0354258716106414,0.0936280488967895,-0.0556567460298538,0.0801458954811096,0.0037217801436781,-0.1371130496263504,-0.0449488088488578,-0.0232716407626867,-0.0074045034125447,-0.0300088040530681,-0.1154121533036232,-0.0229430645704269,-0.0278338510543108,-0.0124514820054173,-0.0275758597999811,0.0207544583827257,0.014782934449613,-0.0936336368322372,0.1449477672576904,-0.0485637113451957,0.0935646593570709,0.038240659981966,0.0947975367307663,-0.0886493697762489,0.0490337423980236,0.0180267244577407,0.1851759254932403,0.0762057974934578,-0.0480350255966186,0.0480208732187747,-0.0342605151236057,0.0816269293427467,0.022540533915162,-0.0132508501410484,0.0756626650691032,0.0328640863299369,0.025779215618968,0.0741698741912841,0.0054345712997019,-0.0939161106944084,-0.1233317255973815,0.0282226633280515,0.1555407494306564,-0.1260340213775634,-0.0120478505268692,-0.0463774837553501,-0.0485266260802745,-0.0695804357528686,-0.0186655614525079,0.0157030168920755,-0.0538552850484848,-0.0164311882108449,0.0231145843863487,-0.0181643534451723,0.0948698297142982,-0.0347923524677753,-0.0528048612177372,0.1793336272239685,0.1105751693248748,-0.0967633053660392,-0.1578707247972488,0.0019013650016859,0.138407751917839,-0.0940515100955963,0.0679664462804794,-0.1005708873271942,0.022767037153244,0.1135803908109664,-0.0476486571133136,-0.0079593313857913,-0.010166946798563,0.1353177428245544,-0.1031145751476287,0.0893004611134529,0.0248098578304052,0.0492446310818195,0.0948245450854301,-0.012107141315937,-0.1318505555391311,-0.0062789991497993,0.1567745059728622,-0.1482568383216858,0.0322496592998504,-0.0304112862795591,0.1769086867570877,-0.1588125824928283,0.0920273140072822,-0.0251094233244657,-0.1399833410978317,-0.0343168266117572,-0.009322565048933,0.003776115598157,-0.1055385470390319,0.1341922283172607,-0.1752185970544815,0.0659692138433456,-0.027644570916891,0.0395066291093826,0.0109586734324693,0.0037475212011486,-0.0543706454336643,0.0958659499883651,0.1219989210367202,0.1736849397420883,-0.0467884838581085,0.0518228262662887,0.1292640715837478,0.0072451727464795,0.0223605781793594,-0.0764538943767547,-0.0542260520160198,-0.0116745634004473,0.0612162537872791,-0.0861243307590484,-0.0700370520353317,-0.0118515798822045,0.0365797020494937,0.1090243086218833,-0.107193224132061,-0.0787225663661956,0.0141678703948855,0.021308684721589,0.1174746826291084,0.1239414662122726,-0.0557586662471294,-0.0971833914518356,0.0340834483504295,0.0716574490070343,-0.0641798377037048,-0.0199279487133026,-0.1528019309043884,0.0092916553840041,0.0999027118086814,0.0580375082790851,0.0862918272614479,0.0049171177670359,0.1321251392364502,-0.0285111516714096,-0.0083214361220598,-0.1427575200796127,0.1548820883035659,0.0959673076868057,0.0994629859924316,-0.0480021983385086,-0.0173176825046539,-0.0394906550645828,-0.0672154650092125,0.0427088178694248,-0.109377346932888,0.0785593688488006,0.0714426934719085,-0.0496449954807758,-0.1736642867326736,-0.0846888720989227,-0.0937396809458732,0.0160134825855493,0.0243159588426351,0.0276064742356538,0.1287838220596313,-0.0793331265449523,0.155892863869667,-0.1222837716341018,0.1078755185008049,-0.0608638301491737,0.0634281262755394,0.0143985422328114,-0.0989982262253761,-0.134157195687294,-0.0334154739975929,0.1445918381214141,-0.1156409531831741,-0.0100505147129297,0.026349801570177,-0.0855833813548088,-0.0739502236247062,-0.0739525705575943,0.0117606986314058,-0.0273444596678018,-0.1063171625137329,-0.0232369247823953,-0.100700631737709,-0.0378295890986919,-0.0098713189363479,0.0159629471600055,-0.0121479071676731,-0.093070313334465,0.1017010509967804,0.1311215609312057,0.0222063958644866,-0.053455363959074,-0.0520352944731712,-0.0240874979645013,0.0540609546005725,0.0870534554123878,0.1455499529838562,0.0664506033062934,0.0075367442332208,0.1078181937336921,0.0518242791295051,-0.0519840791821479,0.0872290879487991,0.0782021731138229,0.0187216233462095,-0.1240902468562126,-0.0142887458205223,-0.1323781013488769,-0.0905869752168655,0.0319713540375232,0.1709850579500198,-0.1604780256748199,0.1938841789960861,-0.1944548189640045,0.0590156726539135,-0.1268632858991623,-0.0390813834965229,-0.0454028397798538,-0.0447387509047985,0.1415218561887741,0.1904551684856414,-0.0080655543133616,0.0830362886190414,-0.1468485742807388,0.0886048451066017,-0.0976918339729309,DFFXZVXCRWLADB-UHFFFAOYSA-N,CC(c1ccccn1)N(C)C(=O)c1cscn1
0.1010588183999061,-0.1000079959630966,-0.0823287665843963,0.1017658337950706,-0.0981263667345047,-0.0979574546217918,-0.0601970627903938,-0.1009047031402587,-0.1007312834262847,0.0902796238660812,-0.0829293876886367,0.0961537957191467,-0.1014734432101249,-0.0170072838664054,0.1014707162976265,-0.1014784649014473,-0.1017655804753303,0.0864553824067115,-0.0957606136798858,0.1017074808478355,-0.0446943640708923,0.0544354878365993,-0.0724357292056083,0.0979035794734954,0.0933021456003189,0.097706988453865,0.1008620932698249,0.1015074476599693,0.0442941710352897,-0.1004764810204505,-0.0644387677311897,-0.0418626777827739,0.0025492331478744,-0.0200022161006927,-0.101400688290596,-0.0982216373085975,0.0729509741067886,0.099679984152317,-0.0883173644542694,-0.1001318022608757,0.1013802364468574,-0.0586989484727382,-0.100575178861618,0.0971516296267509,-0.0350290723145008,0.0975045263767242,-0.1017647236585617,0.097444474697113,-0.1016408577561378,-0.1017608568072319,-0.1016981527209281,0.1014440804719924,-0.0883843824267387,0.1017660796642303,0.0788231939077377,0.0751046165823936,-0.072014220058918,0.0409345626831054,0.0880401879549026,-0.1017408668994903,0.1017524600028991,0.1017624884843826,0.1017464473843574,0.1017251312732696,-0.1017647013068199,0.1017644703388214,0.1017491891980171,0.1015298664569854,0.0168643426150083,0.0990632027387619,-0.0916135758161544,-0.1016129627823829,-0.0750595033168792,0.1014536693692207,-0.1013166457414627,-0.0881902053952217,-0.1016830876469612,0.1008827835321426,0.1017650887370109,0.0504662133753299,-0.1006881818175315,0.0995932966470718,0.0818611532449722,-0.0154028441756963,-0.1017343029379844,-0.1014840677380561,0.1017462536692619,-0.0865631997585296,0.0488475076854229,-0.1016000211238861,0.101761095225811,0.1016670539975166,0.1017660051584243,0.014136902987957,0.1017653793096542,-0.040712509304285,-0.101671278476715,0.101682960987091,0.0356861837208271,0.0979315266013145,-0.0875922217965126,-0.0996595919132232,-0.1015940457582473,-0.0535852648317813,-0.0990650504827499,0.0197423622012138,-0.0778691843152046,0.0911767408251762,0.0253054518252611,0.0173465348780155,0.1015218943357467,-0.1017630100250244,0.0613474249839782,-0.0579464100301265,0.0781204998493194,0.0825814306735992,-0.092711292207241,-0.1010724231600761,-0.0999371409416198,0.1005047410726547,-0.0489396825432777,0.1009380966424942,-0.0980644151568412,-0.1000392287969589,0.090202622115612,0.099066250026226,-0.0989751443266868,0.0934598371386528,-0.0977621674537658,-0.0978659763932228,-0.0975616797804832,0.0755689144134521,0.0014202119782567,0.0976867154240608,0.0711404383182525,0.0874536484479904,-0.0541212372481823,0.0959954410791397,-0.0978916063904762,0.0646560937166214,0.0963560864329338,0.0747950226068496,0.0861495211720466,-0.0978043675422668,0.0832606926560401,-0.0978928208351135,-0.0978841409087181,0.0978780910372734,-0.0478753931820392,-0.0403775759041309,0.0750776231288909,0.0978928208351135,0.0978906005620956,0.0959909483790397,-0.0084035126492381,-0.0953743085265159,-0.0823410600423812,0.0963828414678573,-0.0978928208351135,0.0978807210922241,0.0978880673646926,0.0977565869688987,0.0903351008892059,-0.0955489724874496,0.0978824198246002,-0.0978928133845329,0.0225248076021671,0.097863107919693,0.0978900119662284,-0.0956075489521026,0.0978898853063583,-0.0957916602492332,0.0977810025215148,-0.0932519808411598,0.0978326201438903,-0.0970075279474258,0.0977650806307792,0.0860847160220146,0.0978840515017509,0.02562084980309,0.0976819396018982,0.0978899449110031,-0.0978903397917747,-0.0942402258515358,0.086857222020626,-0.0978806018829345,0.0245005972683429,0.0951347276568412,0.0347773507237434,0.0712952092289924,0.0186727531254291,0.0951871499419212,0.0975106284022331,-0.0823851153254509,0.0969696342945098,0.097466267645359,-0.0978928208351135,-0.0978183001279831,0.0848655328154563,-0.0978918746113777,-0.0972624793648719,0.0978928133845329,-0.0978908389806747,0.0572251863777637,-0.097867265343666,-0.0618008859455585,-0.0929160788655281,-0.0978894755244255,0.0771659985184669,0.0978903844952583,-0.0978403240442276,0.0976418778300285,-0.0978852435946464,0.092751070857048,0.0978904888033866,0.0977945476770401,0.0978832244873046,-0.0149221485480666,-0.0892591848969459,-0.0906327813863754,0.0977932810783386,0.0958863943815231,-0.0340800434350967,0.0970728024840354,0.0977880880236625,0.0964206755161285,-0.0978924557566642,0.0258649848401546,0.0977572351694107,-0.0975707620382309,0.0978661775588989,0.0978230386972427,0.0972742140293121,-0.0796615332365036,0.0970328524708747,-0.0921886786818504,-0.0457535348832607,0.092702493071556,-0.0970209762454032,-0.088429681956768,-0.0977296978235244,-0.0978878289461135,0.0873143747448921,-0.0975933298468589,0.0962384715676307,0.011130902916193,0.0967137962579727,0.0870813950896263,0.0891167819499969,-0.0960681736469268,0.0639933422207832,0.0967970415949821,-0.0978156179189682,0.0978927910327911,0.0955869480967521,-0.0864202603697776,0.0986131653189659,0.0993673652410507,0.0948378145694732,0.0996484830975532,0.0835460126399993,0.0570788048207759,-0.0483471825718879,-0.0977391600608825,-0.0996954590082168,0.0989977717399597,0.0844218209385871,-0.0366588234901428,0.0610785372555255,-0.0283397156745195,0.0997571498155593,0.0919619500637054,-0.0997713282704353,0.0728538930416107,-0.0997484698891639,-0.0833811089396476,-0.0997613742947578,-0.0497262589633464,0.0839914381504058,0.0583818927407264,0.0766464099287986,-0.030918713659048,-0.0809736624360084,-0.0976469218730926,0.0979910716414451,0.0811381116509437,0.08054830878973,-0.0977078154683113,-0.0997727513313293,-0.0893404111266136,-0.0997161120176315,-0.0968212485313415,0.0918449163436889,0.0901674628257751,-0.0996380522847175,0.0997709333896637,0.0640844330191612,0.0987640991806984,-0.0351804196834564,-0.0997716262936592,0.0612533651292324,0.0995847359299659,-0.0997477620840072,-0.0997580662369728,-0.0955342426896095,-0.0976287722587585,-0.0016726673347875,-0.0920519232749939,0.0208434462547302,0.0970858708024025,-0.0961621776223182,-0.0997209027409553,0.0997727438807487,0.098260149359703,-0.0367596819996833,0.0984018370509147,0.0997725203633308,0.0997123941779136,0.099500723183155,-0.0978671908378601,-0.0989594534039497,0.0997727438807487,0.0993132293224334,-0.0996102020144462,0.099766582250595,0.0981893613934516,-0.0997069627046585,-0.0857659056782722,0.0994361266493797,0.0970240533351898,0.0991898104548454,0.0993295982480049,0.0993649140000343,0.0989735797047615,0.0997602865099906,-0.0997053384780883,-0.0996788293123245,0.091498740017414,-0.0945968553423881,0.0997466444969177,-0.0090845581144094,0.0997721925377845,0.0997727587819099,-0.0921307504177093,-0.0993498936295509,0.0230196472257375,-0.0977119132876396,-0.0948656946420669,0.0997578650712966,0.0994892716407775,-0.0950876399874687,-0.099768117070198,-0.0997379347681999,-0.0592762380838394,-0.0994443744421005,0.0446978770196437,0.0821893736720085,-0.0422548428177833,0.0997560396790504,-0.0935413166880607,0.0997246280312538,-0.0980674624443054,0.092295616865158,0.0873568803071975,0.0936252549290657,0.0081899715587496,-0.0321213230490684,-0.0995608195662498,-0.0702383518218994,-0.0987065434455871,-0.0997682362794876,-0.0271301362663507,0.0991789922118187,0.0997727513313293,-0.0993908867239952,0.0852312669157981,-0.0986974686384201,-0.067492201924324,-0.0899814739823341,0.099769540131092,-0.0913402885198593,0.0990127474069595,0.0252008009701967,0.0974238589406013,-0.0567706860601902,0.0820996090769767,-0.1469719111919403,0.0784792676568031,0.0992938727140426,-0.1014510318636894,0.050022292882204,0.187226265668869,0.0243438147008419,-0.0477076917886734,0.1048669070005416,0.1070694699883461,-0.0571381077170372,-0.1015676707029342,0.0122552625834941,0.0179918482899665,-0.1047451570630073,0.0862525254487991,-0.034253541380167,-0.0616938732564449,0.1291355788707733,0.1901845484972,-0.0600493140518665,-0.0247681997716426,0.0277070067822933,0.0940689891576767,-0.1301431506872177,0.1101875603199005,0.0132181672379374,-0.0413830317556858,-0.0918296426534652,0.0770346075296402,-0.1027114316821098,0.0654915422201156,-0.0587700083851814,-0.0560875609517097,-0.0879494771361351,-0.0116697428748011,-0.0417109988629817,0.0795809626579284,0.0746454745531082,-0.0516078881919384,-0.0738634541630745,0.0886547863483429,0.0075903069227933,-0.0403408929705619,-0.0013064497616142,0.0587365292012691,0.097976341843605,0.1751954406499862,-0.1146758571267128,-0.0698017254471778,0.1787196993827819,0.1237723305821418,0.0352721065282821,0.0579209513962268,-0.0699479207396507,-0.0147409522905945,-0.1319598406553268,0.0840191096067428,-0.0078945728018879,-0.0182621087878942,-0.1179017797112464,-0.1155304536223411,0.158628225326538,0.0539059750735759,0.0343644022941589,0.0646500661969184,0.0704490542411804,-0.113026425242424,-0.093802161514759,-0.0394412390887737,0.1466221958398819,-0.08526162058115,0.048072014003992,0.0751266703009605,0.1584665179252624,-0.1561901718378067,0.0012136950390413,-0.0904197096824646,0.064995564520359,0.051386222243309,0.0272751040756702,-0.0296039693057537,0.0410654582083225,-0.0089627271518111,0.0737416669726371,0.1503383219242096,-0.099014975130558,-0.0156623721122741,0.0016644677380099,0.0293521340936422,0.0787772536277771,0.0715193822979927,0.1192363873124122,-0.0720591619610786,0.112167477607727,-0.0649140104651451,-0.0782050490379333,-0.071256473660469,-0.0840367302298545,-0.0101800234988331,0.0992828160524368,0.0645980685949325,-0.0349074937403202,-0.2029453963041305,0.0577997006475925,-0.0160668734461069,-0.0928892493247985,-0.1067607998847961,-0.1408670842647552,0.1837717294692993,-0.0119506968185305,-0.0033478133846074,-0.1479464918375015,-0.0107286907732486,0.0132259624078869,0.0949844866991043,-0.081268735229969,-0.066215232014656,0.0337840728461742,-0.0475605241954326,-0.1107397675514221,0.1247088089585304,-0.0590178295969963,0.0052334647625684,-0.0113180857151746,-0.1281090378761291,-0.0495078116655349,0.0494682677090168,0.1267854273319244,-0.1084169447422027,-0.0055352449417114,0.0351662188768386,-0.0153041249141097,-0.0164960492402315,-0.0345334410667419,0.1452585011720657,-0.0121083930134773,0.0162376165390014,-0.0521085187792778,0.0019319156417623,0.0383193492889404,-0.0064340778626501,0.0646540820598602,0.0692426338791847,0.0410059541463851,0.1453287899494171,0.1587488651275634,0.1517484039068222,0.0711778551340103,-0.0656274482607841,-0.106994941830635,-0.0804800614714622,-0.026349963620305,0.0902278795838356,0.1269099861383438,0.1158169135451316,0.1377553641796112,0.1091089472174644,-0.0327681265771389,0.0958419069647789,-0.1645479500293731,0.13652303814888,0.0722765326499939,-0.1354762315750122,0.0923642516136169,0.0174457635730505,0.0135967135429382,-0.0429545193910598,-0.0429501682519912,-0.013779716566205,0.0300320964306592,-4.537033964879811e-05,0.0164775755256414,0.050204299390316,-0.1340592503547668,0.009909969754517,0.0261515863239765,-0.1539527177810669,0.1101315915584564,0.0499701611697673,0.1418555825948715,-0.0690301954746246,0.0410333015024662,0.1362455785274505,0.1643074303865432,-0.0897792428731918,-0.1287794113159179,-0.0745087563991546,-0.1181182339787483,-0.1005825996398925,0.076822280883789,0.0546830780804157,-0.0905890613794326,0.0126020973548293,0.0771919339895248,0.0658228546380996,0.1319594383239746,-0.051296804100275,-0.0224481858313083,-0.1727848052978515,-0.0517417415976524,-0.0317350327968597,0.0916298627853393,-0.1077916994690895,-0.0062604672275483,-0.0703591555356979,0.0994443669915199,0.0208274256438016,-0.1536308526992797,0.0903385579586029,-0.0350626185536384,0.1102631986141204,-0.0548916086554527,-0.1375320851802826,-0.0899189114570617,0.0224352590739727,-0.0268454141914844,0.0643597394227981,-0.0431537888944149,-0.1055802479386329,0.1324373632669448,0.1644126325845718,-0.1122360229492187,0.0502619296312332,0.082714632153511,-0.0886311829090118,-0.1308154612779617,0.0984290763735771,0.0728431418538093,0.0361600629985332,0.0383987128734588,0.0022604672703891,0.1363043189048767,-0.1397245526313781,0.0772613883018493,-0.0333770811557769,-0.033362690359354,-0.0088753513991832,0.1642208099365234,-0.038387656211853,0.145661860704422,0.071594588458538,0.0313848555088043,-0.1177136674523353,0.0982099995017051,0.0198832284659147,0.0450013242661953,-0.0922958254814148,0.0089620379731059,0.054222896695137,0.0600685589015483,-0.0968462824821472,0.0497474782168865,0.0868579894304275,0.0375733934342861,-0.0609931424260139,-0.0918504670262336,0.1009306535124778,-0.099972628057003,0.0047037391923367,0.0961501225829124,0.1490025371313095,-0.097486101090908,-0.0716788619756698,0.1480260640382766,-0.0061116693541407,-0.0576435588300228,-0.1037129312753677,0.1164972931146621,-0.0619178004562854,-0.1115540042519569,-0.0793160572648048,-0.1576045155525207,0.0866454094648361,-0.0239488463848829,0.1100522503256797,0.017688388004899,-0.1251038461923599,0.0487159043550491,0.0498173981904983,0.0741910636425018,0.1175303384661674,0.0838973820209503,-0.0853040292859077,-0.1268037855625152,0.0120810074731707,-0.0640643909573555,0.0678912326693534,-0.0933405384421348,0.1076244190335273,0.1510024666786193,0.0395734086632728,0.0819472223520279,0.0366940908133983,0.1498681753873825,-0.0761899873614311,-0.0192144103348255,-0.0037402231246232,0.0463586822152137,-0.0292040351778268,0.1493196338415146,0.0196471344679594,0.0096922479569911,0.1446296274662017,0.100722812116146,-0.0038148663006722,-0.0143375499173998,0.0200813300907611,-0.071622148156166,-0.0699934363365173,-0.0805827900767326,0.0181915238499641,0.1307699531316757,-0.053809106349945,0.012600552290678,0.1201823726296424,0.0574712418019771,-0.1434207409620285,0.1435149610042572,-0.0629921033978462,0.1230695471167564,-0.1118479818105697,0.1537383049726486,0.1211830899119377,-0.1434651762247085,-0.1169056147336959,-0.05986899882555,0.0051597882993519,-0.0297491196542978,0.0477633066475391,-0.1411589533090591,0.0063132885843515,-0.0365446470677852,-0.0970636457204818,0.118344210088253,0.0267049837857484,0.0900808051228523,-0.106133759021759,-0.0366041287779808,0.0615123622119426,0.0751327648758888,0.1343894451856613,-0.1421463340520858,-0.0364592336118221,-0.0152842253446578,0.0267245937138795,-0.0686682164669036,-0.1003775149583816,0.0950009077787399,-0.005897662602365,0.0263843797147274,0.1137863844633102,-0.1154800727963447,-0.0490854270756244,0.0675321221351623,0.1186575144529342,0.089217871427536,-0.0005969535559415,0.1315136402845382,-0.1173084676265716,-0.0206755064427852,-0.0201889779418706,0.0605720840394496,-0.1321199834346771,-0.0078666433691978,-0.0244062058627605,0.1565402746200561,0.0385589376091957,0.0517771914601326,-0.02971444837749,-0.0755903869867324,-0.0813577398657798,0.0958632156252861,0.098181203007698,0.0564407669007778,0.0724958479404449,-0.0377938821911811,0.1218885853886604,0.1202600970864296,-0.1426514089107513,0.0888911932706832,-0.0037593443412333,PTJPUGUXHUHAKT-UHFFFAOYSA-N,NC1CCCN(c2ccccn2)C1
0.0748277306556701,0.059180062264204,0.1072967797517776,0.0915620625019073,0.0530649684369564,0.0919905379414558,-0.1062784045934677,-0.1073519736528396,0.0995720475912094,0.1053378880023956,0.0519019365310668,0.1064135730266571,-0.0450672134757041,0.1074675768613815,-0.1075740456581115,-0.104247972369194,-0.0017204895848408,-0.1030298471450805,-0.1039372608065605,0.1070686653256416,-0.0671883821487426,-0.0826061889529228,0.1076188758015632,-0.1063964068889617,0.0195497069507837,-0.1074568256735801,0.0045482534915208,-0.0014729419490322,-0.0922469422221183,-0.0994402691721916,-0.0044945664703845,-0.0928395390510559,0.0966840386390686,-0.1076462119817733,-0.0467600300908088,-0.1072266772389411,-0.0483671799302101,-0.0666449144482612,-0.0674933269619941,0.107415460050106,-0.1075481921434402,-0.0989693254232406,-0.0573414750397205,0.104136548936367,-0.0948016569018364,-0.0991350784897804,0.1054313257336616,-0.0434185490012168,-0.0999186336994171,0.0983894169330596,-0.1042192578315734,-0.0347347743809223,0.1062572076916694,0.0114191714674234,0.1024545952677726,0.0749546885490417,0.1049420088529586,0.1073731034994125,-0.1066056862473487,0.1069616749882698,-0.10764642059803,0.1075239479541778,-0.0964104086160659,0.0356008596718311,0.0659006014466285,0.1047968193888664,-0.107210636138916,0.1074003428220748,-0.020810542628169,0.0929707437753677,-0.0823872908949852,0.1076376065611839,0.0624433904886245,-0.0831300765275955,0.0411301143467426,-0.1076463684439659,-0.0875659212470054,-0.1076405420899391,-0.1072229593992233,-0.049565639346838,0.095329001545906,-0.0383694767951965,0.1076258718967437,0.1054007411003112,-0.1013852581381797,0.1042639017105102,-0.101090982556343,0.0878915712237358,0.1051488071680069,-0.0588747151196002,-0.1073663532733917,-0.0678089931607246,0.0640762820839881,0.0972060561180114,-0.1042607352137565,0.1013316214084625,-0.1013856902718544,-0.0262742899358272,0.0805060341954231,-0.0123919826000928,0.1022519245743751,0.1023628860712051,-0.0903311148285865,0.0827083513140678,0.0284230224788188,0.0943364277482032,0.0844901725649833,0.0970443785190582,-0.0334178991615772,-0.0727575272321701,0.0254969745874404,0.105322927236557,-0.1074819192290306,0.1044304594397544,0.0378921851515769,0.1034613624215126,0.1030050441622734,0.0031269153114408,0.1073844954371452,-0.1074370294809341,-0.106727659702301,-0.0134225152432918,-0.075942076742649,0.1063846349716186,0.1037940308451652,0.1058377400040626,0.0882989317178726,-0.105578564107418,0.0969634056091308,-0.0966261327266693,-0.0970979481935501,0.0970979109406471,0.0955381616950035,0.0965645909309387,-0.0970976799726486,-0.0969782620668411,0.0933139398694038,0.0966782644391059,0.0970979854464531,0.0968519151210784,-0.0919961109757423,0.0970537066459655,0.0857749879360199,0.0926612094044685,-0.0958538949489593,-0.0968568474054336,-0.0968776568770408,-0.0970979705452919,0.009499411098659,-0.0880645662546157,-0.0257400628179311,0.0883368328213691,-0.0855898037552833,0.0970978960394859,0.0969110056757927,0.0969570502638816,0.0565788112580776,-0.0733950436115264,-0.0970328897237777,-0.0265269018709659,-0.0970341861248016,-0.0970976650714874,-0.0931486561894416,0.0963387712836265,-0.0255940351635217,0.0953875184059143,-0.0970913544297218,0.0844438672065734,-0.0942077785730362,-0.0968139916658401,-0.0970979854464531,-0.0935708805918693,0.0277610886842012,-0.0970977395772934,0.0787056311964988,0.0961157530546188,-0.0954909175634384,0.0970890596508979,-0.0395001657307148,-0.0970934703946113,-0.0963401794433593,0.0970978066325187,-0.0684910863637924,-0.0970354899764061,0.0483583807945251,0.0648981183767318,0.0835027918219566,-0.0809170827269554,0.0970520973205566,-0.0970973446965217,0.0914852172136306,0.096936747431755,0.0970978587865829,0.0875887498259544,0.0970971956849098,-0.0970870330929756,-0.0860563591122627,0.02580844797194,0.0959492698311805,-0.0967976599931716,0.0970979854464531,0.0124006960541009,-0.0949144810438156,-0.0966176688671112,-0.0699900090694427,0.097092181444168,0.0927750617265701,0.0909332484006881,0.0896369516849517,0.0457031168043613,0.0964962244033813,-0.0922727957367897,-0.0970970913767814,0.0599737204611301,0.0970968455076217,-0.0321233421564102,-0.0970979854464531,0.0710806101560592,-0.0969783663749694,-0.0901682376861572,0.0932259038090705,0.0927133560180664,0.0970975384116172,-0.0859533920884132,-0.0885557159781456,0.0970979854464531,-0.0801069214940071,0.0830212980508804,-0.0914850309491157,-0.0970885902643203,0.0754434838891029,0.0970979779958725,-0.0970942378044128,-0.0825856328010559,-0.0970979854464531,0.0969114601612091,-0.0970503687858581,-0.097096212208271,0.0908826291561126,-0.0454257540404796,-0.0970942676067352,-0.0960084348917007,-0.0970979854464531,-0.0965449213981628,-0.0970972999930381,0.0970874950289726,-0.0682430490851402,-0.0970979854464531,-0.0968038812279701,0.0921540558338165,-0.0160174518823623,0.0957325771450996,0.097097598016262,-0.0970930904150009,-0.0970878899097442,0.0967725813388824,0.0591797418892383,0.0914926826953888,-0.0358554422855377,0.0985729098320007,-0.0987522602081298,-0.0988080129027366,0.0637234598398208,0.0878658518195152,0.0763085111975669,-0.0228055845946073,0.0986274927854538,-0.0967398509383201,-0.0988080129027366,-0.0988079831004142,0.0932354032993316,-0.0365116111934185,0.0940016433596611,0.0987814664840698,-0.098788321018219,0.0957982316613197,-0.0988079458475112,0.0986481234431266,-0.0987903699278831,0.0105393165722489,0.0854640007019043,-0.0950711220502853,0.0974702909588813,0.0985021367669105,-0.0986502766609191,0.098516084253788,-0.0956359058618545,-0.0987266525626182,0.0987817496061325,-0.0977007001638412,0.0988016724586486,-0.0974767059087753,0.0805632397532463,0.0573296584188938,0.0822722017765045,-0.0469455942511558,-0.0964717492461204,0.08046206086874,0.0605764165520668,0.0982779338955879,-0.0975594297051429,0.0981223508715629,-0.092782087624073,0.0985034257173538,-0.0821175947785377,-0.0979839041829109,0.0178548712283372,0.0986289158463478,-0.0694464594125747,0.044034507125616,-0.0032922993414103,-0.0988079756498336,-0.0384367257356643,0.0491078160703182,0.0965720117092132,-0.0985858291387558,0.0987888872623443,-0.0987973436713218,0.0389088280498981,-0.0818819850683212,0.0960862934589386,-0.0138239171355962,-0.0988073498010635,-0.0590934380888938,0.048265129327774,0.0720333680510521,-0.0909988284111023,-0.0987120196223259,-0.0973143130540847,0.098130851984024,0.0988078266382217,-0.098805122077465,-0.0977398082613945,0.0988080129027366,-0.0909728407859802,-0.0977182909846305,-0.0870343595743179,-0.0394577085971832,0.0988062992691993,-0.0987976789474487,0.0980380177497863,-0.0776129066944122,0.0987941399216651,-0.0987203270196914,-0.0977992042899131,-0.0984706357121467,-0.0986345633864402,0.0987263470888137,-0.0988079756498336,0.0987327843904495,0.098745658993721,-0.0987725704908371,0.0869520977139473,0.0986783504486084,0.0987846851348877,0.098144993185997,-0.0988002568483352,-0.0829186365008354,-0.0968854799866676,-0.0968004167079925,-0.0988079905509948,0.0988080129027366,-0.0988063290715217,0.0982436314225196,-0.0978228226304054,0.0400496572256088,-0.0987471863627433,-0.0975387692451477,-0.0182198267430067,0.0988080129027366,-0.0668146535754203,-0.0700705796480178,-0.0943336486816406,-0.0987915769219398,0.0987939983606338,0.0890520215034484,0.0985312312841415,-0.0988074243068695,0.0937223136425018,-0.0956338122487068,0.0986881032586097,0.0982816144824028,-0.0789567604660987,0.0821003541350364,-0.0183812137693166,0.0584211163222789,-0.0190494246780872,-0.0857781767845153,-0.0653859972953796,0.1244851946830749,-0.0497949942946434,0.0808741301298141,0.0929906740784645,-0.1106013730168342,0.0904688984155654,0.1092172339558601,0.0874730050563812,0.0819530636072158,-0.1162407472729682,-0.1014943495392799,0.103542536497116,0.0643016844987869,-0.0448733046650886,-0.1180794313549995,-0.1276105493307113,0.1361628472805023,-0.0504276677966117,0.0433395765721797,-0.1332909911870956,-0.0837925300002098,-0.026596562936902,0.1011942401528358,-0.0430292971432209,-0.0239074658602476,-0.0178681630641222,0.1310546994209289,0.1034562736749649,-0.0812993198633194,0.0426654182374477,0.0570028163492679,0.1099506020545959,-0.0527886450290679,-0.1236723884940147,0.1182120814919471,-0.1336037367582321,0.135660707950592,0.0337714254856109,0.0815511047840118,-0.1287226676940918,-0.0677305161952972,0.0390945114195346,0.0589587017893791,0.0223774686455726,-0.0441722571849823,0.0615108124911785,0.1230533272027969,0.0553486123681068,0.1203764081001281,-0.1115007027983665,0.0593999288976192,0.0959428697824478,0.1418421864509582,-0.1264128535985946,0.1287757158279419,-0.1247860789299011,-0.097657673060894,0.0573426634073257,-0.0233932584524154,0.1324477344751358,0.0132085150107741,-0.1014988124370575,0.0979161858558654,0.0459569469094276,0.1198146864771843,0.0872195214033126,0.0910994186997413,-0.0530095212161541,0.0688983649015426,-0.1321339160203933,0.0249339584261178,0.1126233786344528,-0.0975883454084396,-0.0441053844988346,0.0551047399640083,-0.0488511845469474,0.0471898838877677,0.0045958375558257,-0.1182968243956565,-0.0992018356919288,-0.0442025996744632,0.0918522626161575,0.1226732209324836,-0.0603492520749568,0.0940706133842468,0.0896546393632888,-0.0207996759563684,0.0540459565818309,0.0156365651637315,0.1025771871209144,-0.0374567583203315,0.1179382652044296,0.0060435212217271,0.0722256004810333,-0.0339522063732147,-0.1071343570947647,-0.1010515317320823,0.1141242831945419,0.0250495411455631,0.1172054782509803,-0.1003889590501785,-0.0695003345608711,0.1341042220592498,-0.0388584472239017,0.0992823094129562,-0.0558821633458137,0.1272741109132766,0.1073587015271186,-0.079888068139553,-0.1217014640569686,-0.0917357206344604,-0.0807398557662963,0.1376372128725052,-0.1194167882204055,0.0357341207563877,0.0112681789323687,0.0479134656488895,-0.0103013711050152,-0.1059121713042259,0.0808722823858261,-0.0591487139463424,0.1373144686222076,0.043304868042469,-0.1279620677232742,0.111520804464817,0.1552201211452484,-0.1386413127183914,0.1097766533493995,0.147780179977417,0.1637527495622635,0.0513104312121868,0.1106998696923255,0.0586445219814777,-0.0536221675574779,-0.010515752248466,0.1075975224375724,0.0874140784144401,0.0074893347918987,-0.1191676929593086,0.0798139944672584,-0.0664567202329635,-0.0380921438336372,0.0479166433215141,-0.0395216383039951,-0.1396179348230362,-0.1138104498386383,-0.0711624100804328,-0.1547155529260635,0.1621904373168945,-0.1031320765614509,0.0136797651648521,-0.0892294645309448,0.1437588930130005,0.036170944571495,0.1372198760509491,0.1052237749099731,0.0150895332917571,-0.0088396677747368,0.0318883322179317,0.1199687048792839,-0.067264437675476,0.0110126929357647,-0.0300931707024574,-0.0213627107441425,0.120333544909954,-0.1018833145499229,-0.0103602698072791,0.0159167423844337,-0.029163209721446,0.0167180746793746,-0.0531825758516788,-0.0676472708582878,-0.1229002177715301,0.0952771455049514,0.1180114671587944,0.1452272683382034,-0.1023462414741516,0.0663403049111366,-0.0919224843382835,-0.0768316909670829,-0.0207384582608938,0.0847059562802314,-0.0783912315964698,-0.1364379972219467,0.0189703255891799,-0.0206199400126934,0.1119844391942024,-0.1291574537754058,-0.0989146083593368,-0.0749244540929794,0.074279636144638,0.0197502356022596,0.0613252855837345,-0.0417061373591423,-0.1315215975046157,0.0038413959555327,-0.1071831658482551,0.0309485979378223,-0.1358737647533416,0.1161477416753768,0.0436739549040794,-0.0704330950975418,0.0495189018547534,-0.0295690707862377,-0.0753076821565628,-0.048735748976469,0.0254604872316122,-0.0738798975944519,-0.0204749237746,0.0930211991071701,-0.0842036828398704,-0.0303248334676027,0.1159045398235321,0.0052422964945435,-0.121268630027771,-0.1457165628671646,-0.0702535584568977,0.1452825218439102,0.013606796041131,0.0615294985473156,-0.0261988304555416,0.0519637465476989,-0.0602429248392581,-0.0385596267879009,0.0097619341686367,-0.1048181504011154,0.0044615701772272,-0.0009685611585155,0.1332918107509613,0.0539627186954021,0.099273569881916,-0.0052572577260434,0.0972373783588409,-0.1388115882873535,-0.0020695768762379,0.1343488097190857,-0.0734200328588485,0.1059089303016662,-0.0394249744713306,0.163969025015831,-0.1191858798265457,0.1000970304012298,0.103177860379219,-0.1372512131929397,-0.0024361459072679,-0.0419299863278865,-0.0625772699713707,-0.0516536608338356,-0.0439353324472904,-0.1267100423574447,0.0140384342521429,-0.0941571667790412,0.020676139742136,-0.0542376823723316,-0.0450864918529987,0.0800934433937072,0.0385984145104885,0.1640416979789734,0.1246273070573806,-0.0280149094760417,-0.084794633090496,0.0226285718381404,-0.0754898861050605,-0.1260389536619186,-0.1073398366570472,0.174988716840744,0.0724892616271972,-0.0059099420905113,-0.038848727941513,-0.1248290911316871,-0.1707786619663238,0.0738491863012313,0.0916638374328613,-0.0436334684491157,-0.0909974500536918,0.1170093044638633,0.0364725105464458,0.0637485906481742,0.027209797874093,-0.0097589055076241,-0.1959715187549591,-0.0158414877951145,-0.0483297705650329,0.1432138532400131,-0.0733797848224639,-0.047616321593523,0.1361497938632965,0.1676300764083862,-0.039221953600645,0.0294975191354751,-0.0826794058084487,0.1386753022670745,0.109595388174057,-0.1825356632471084,-0.1876039952039718,-0.0333313941955566,-0.0061576487496495,0.0663144886493682,0.0683812648057937,-0.0032571265473961,0.022362295538187,-0.1723999679088592,0.0248687677085399,-0.1277991980314254,0.0655889436602592,-0.0075107160955667,-0.0777291506528854,-0.006945093628019,0.0220527071505785,0.0189711581915617,0.1659215837717056,0.1019794344902038,0.1118841990828514,-0.0391877628862857,0.015810877084732,0.0246908105909824,-0.0652666315436363,-0.0793127417564392,-0.1002623662352562,0.0638297274708747,0.1041111126542091,-0.0781629979610443,0.0238022394478321,0.0133698852732777,-0.144804909825325,0.0086549734696745,0.0542396567761898,-0.0373096987605094,0.0638655200600624,-0.1337758302688598,-0.0251729916781187,0.1474678367376327,-0.0951033234596252,0.0424750857055187,-0.0200483668595552,-0.105928860604763,0.1358702629804611,0.0404003337025642,-0.0344888269901275,-0.0781937018036842,-0.025222485885024,-0.0068427706137299,-0.0261117927730083,-0.0150491073727607,0.0609627813100814,-0.0847931206226348,0.0682229250669479,0.0006612025899812,0.1944933980703354,-0.0388716049492359,-0.0193161852657794,0.0471266321837902,0.0489962585270404,0.0598122552037239,0.0816326215863227,0.05231399461627,0.0602153465151786,-0.0879051908850669,-0.1247423514723777,0.0620724037289619,0.0133628193289041,0.1221241429448127,-0.0861632451415062,0.0106987040489912,-0.0368417352437973,-0.0693650394678115,-0.0246111638844013,-0.1342666894197464,-0.1590856611728668,-0.0443519167602062,-0.0871025398373603,0.0156281199306249,0.0842088684439659,0.0297185964882373,-0.0771758183836937,0.0235620997846126,0.0496740378439426,0.174404114484787,0.1556160151958465,QDTAPRWHQRFZEP-UHFFFAOYSA-N,Nc1nccnc1C(=O)Nc1cccc2cccnc12
0.0763215199112892,-0.0997113585472107,-0.0559709668159484,0.0997848585247993,0.0967627465724945,-0.0997848436236381,0.089500643312931,0.0947889760136604,0.0950867906212806,0.0976636931300163,0.0759876072406768,0.0977142676711082,-0.0992836132645607,0.0854913219809532,0.0997845754027366,-0.0070866323076188,-0.098955363035202,0.0996421948075294,0.0997848585247993,0.0997848510742187,-0.0956231877207756,-0.0997505635023117,0.0502046570181846,0.0968902111053466,-0.0976037383079528,-0.0997773185372352,-0.0995301157236099,-0.0977942273020744,-0.0997847542166709,0.0341394543647766,-0.0242632701992988,-0.0993110612034797,0.0975108221173286,0.0992922186851501,-0.0524353012442588,-0.0995324924588203,-0.0980714783072471,-0.0818466693162918,-0.0926588624715805,-0.0996718555688858,0.0827250704169273,-0.0297105517238378,-0.0928281918168068,0.0938863009214401,0.0995645821094513,0.0072296322323381,-0.0990143120288848,0.099488653242588,0.0997821241617202,-0.0997722670435905,0.0388796441257,0.0994860976934433,-0.0997823253273963,0.0997848585247993,0.0997286513447761,-0.0995237156748771,0.0925354436039924,-0.0990758314728736,-0.0963917300105094,-0.0502894446253776,0.0997033193707466,0.0276682414114475,-0.0919736996293068,0.0997378155589103,0.0854998007416725,-0.0801936537027359,0.0996783375740051,-0.0997214168310165,0.0994152724742889,0.0994707569479942,0.0915184915065765,-0.0997837781906127,0.0962603315711021,0.0688997656106948,-0.0997136980295181,0.0096945343539118,-0.0982573106884956,0.0997847542166709,0.0967716798186302,0.0426051765680313,0.0683643594384193,0.0989769846200943,-0.0996714532375335,-0.0997284054756164,-0.0996901020407676,0.072600781917572,0.099719300866127,0.0980730801820755,0.0806408822536468,-0.0685943141579628,0.0997848585247993,0.0778944194316864,-0.014461132697761,-0.048829261213541,0.0983917638659477,0.0959927290678024,-0.0523151531815528,0.0978320837020874,0.0995202958583831,-0.0950244590640068,-0.0555043779313564,0.0888896286487579,-0.0982246026396751,0.0708986744284629,-0.0241670832037925,-0.0368118472397327,0.0997752547264099,-0.0867897644639015,0.0994572192430496,-0.0872968807816505,0.0997747331857681,-0.0997835770249366,-0.099660187959671,-0.099432349205017,0.0997844040393829,0.0032347457017749,-0.0997824519872665,0.0994221195578575,-0.0977591425180435,0.0983499810099601,-0.0997689068317413,0.0996747836470604,0.0894466191530227,-0.0668614208698272,-0.0398610383272171,-0.0997844114899635,-0.0985060557723045,0.0993725582957267,-0.1002237275242805,0.0515446811914444,0.0889209136366844,-0.0151226064190268,-0.0933890119194984,-0.0943228006362915,-0.0853244960308075,-0.0997575744986534,-0.0755766555666923,-0.0986670553684234,-0.1004960462450981,0.0865973755717277,-0.1005534902215004,-0.1004423201084137,-0.1004737392067909,-0.0947336107492446,0.100260205566883,0.099528931081295,0.053274318575859,0.0022332223597913,-0.096471257507801,0.1005076318979263,0.0650233998894691,0.1005536466836929,-0.1002253592014312,0.1004761084914207,-0.0714504420757293,0.1005536168813705,0.1005394831299781,-0.0935185030102729,0.09744793176651,-0.100331425666809,0.0965663939714431,0.1005074754357338,0.1005536317825317,-0.1005272045731544,0.0893121883273124,-0.0992716923356056,-0.0529137216508388,-0.0924675539135932,0.0151510844007134,-0.0023660850711166,0.0966722294688224,0.091722585260868,0.0975316017866134,-0.1005486473441124,0.1001480147242546,-0.1005503460764885,0.0994543582201004,0.0083890426903963,0.1002841740846633,0.099565289914608,-0.1004442051053047,0.1003167182207107,-0.1005498468875885,0.0716969445347786,-0.0919537171721458,0.0892341509461402,0.0972610563039779,-0.0988398492336273,-0.0973075032234191,-0.0850394740700721,-0.0136067485436797,0.0929561182856559,-0.0987725108861923,0.09965381026268,0.1000222936272621,-0.100548006594181,-0.1005388498306274,-0.1005389094352722,0.0738092511892318,-0.1000808775424957,-0.1005109623074531,0.0912864133715629,0.0504703149199485,0.0985820740461349,-0.0764525160193443,0.0462320782244205,0.1005463823676109,-0.100533053278923,0.0924180820584297,0.1005259379744529,-0.1002335771918296,0.0994944050908088,0.0524056740105152,0.1004606634378433,0.077287346124649,-0.0490725263953208,0.0987072214484214,-0.0974082201719284,-0.0197730939835309,-0.1004150509834289,0.0717307850718498,0.0958017855882644,-0.0645687058568,-0.100518986582756,0.0994838997721672,-0.1000875160098075,-0.0639411881566047,0.0230997875332832,0.0981512293219566,-0.0338424630463123,-0.0933682918548584,0.0683475285768508,-0.0228441692888736,-0.0956451818346977,0.0904472693800926,-0.0741342827677726,-0.100485548377037,0.1005440205335617,-0.1005500629544258,-0.099650464951992,-0.0990998670458793,0.1005520746111869,-0.0105813452973961,0.0993001237511634,0.0963958874344825,-0.1005479022860527,0.099680483341217,0.1005111187696456,0.100433126091957,0.1005422323942184,0.0431751236319541,-0.1002012714743614,0.0333485230803489,0.1001227647066116,-0.0379343219101429,-0.098849207162857,0.0991609543561935,-0.099160760641098,0.0986778810620307,-0.0975793451070785,-0.0985429435968399,0.0989442020654678,0.0979379639029502,-0.0300865769386291,0.097021572291851,-0.0605103522539138,0.0989692956209182,-0.0916429981589317,0.0990348905324935,-0.0991563647985458,0.0909880772233009,-0.0986985936760902,-0.0939393118023872,0.0747165381908416,0.0786965563893318,0.0919077694416046,-0.0857477188110351,-0.0989649966359138,0.0991607382893562,-0.0968660041689872,-0.0956025049090385,-0.0964769050478935,0.0986345633864402,-0.0991326123476028,0.0928108096122741,-0.0888796597719192,0.0990260317921638,0.0991368442773819,-0.0989814773201942,-0.0713283792138099,-0.0972488448023796,-0.088248997926712,-0.0552155300974845,-0.0807172358036041,0.0935790836811065,0.0990749299526214,0.0991608351469039,-0.0972689688205719,0.0951809659600257,-0.0142010962590575,0.0990474820137023,-0.095445916056633,0.0012104571796953,0.0660032108426094,0.0492021404206752,-0.0984064117074012,-0.0918589681386947,0.0911041051149368,-0.0991162657737732,0.0956409350037574,0.0991611331701278,0.0987811833620071,0.0991587936878204,0.0843948274850845,0.0005447838339023,0.0891071036458015,0.0805762186646461,0.0988058969378471,-0.0970695838332176,-0.0988469272851944,-0.0991493239998817,0.099159151315689,0.0988176763057708,-0.0532688610255718,0.0990782007575035,-0.0980157852172851,-0.0991135463118553,-0.0989490076899528,0.0987036898732185,0.099161185324192,-0.0960441082715988,-0.0767311751842498,-0.0990900099277496,0.0696682184934616,0.0991613268852233,0.0670853704214096,-0.0566691420972347,0.0975359231233596,-0.0971471890807151,0.0988776907324791,-0.0991588979959487,-0.042738813906908,-0.0947401374578476,-0.0989220887422561,-0.0989185720682144,-0.0317070521414279,-0.006925088353455,0.0902731493115425,0.0991580933332443,-0.0980267226696014,0.0991381257772445,0.0024366781581193,-0.0989505127072334,0.0082262307405471,0.099161148071289,-0.0991613045334816,-0.0196472574025392,0.0989817231893539,0.0991319790482521,-0.0697658136487007,0.098451167345047,-0.0752097442746162,0.093945674598217,-0.0991006791591644,-0.0918582007288932,0.095976136624813,0.0991434827446937,-0.0802730843424797,-0.0165392775088548,-0.0930642262101173,0.0960593670606613,-0.0934062898159027,-0.0569150149822235,0.0968025922775268,0.0986228138208389,0.0226884894073009,-0.0949748456478118,0.0990996062755584,0.0359605550765991,0.0991520434617996,-0.0985008403658866,0.0808334648609161,-0.0951085090637207,-0.099060982465744,0.1285141259431839,-0.1064238473773002,-0.0504432544112205,-0.1186779290437698,0.0430205538868904,-0.0707382708787918,0.028188182041049,-0.1100924313068389,0.0001570212043588,-0.0657814443111419,-0.0997605249285698,0.0864603742957115,0.0517476759850978,-0.0183994378894567,0.0195319987833499,-0.1303379386663437,-0.1510342955589294,0.0728904157876968,0.1139146015048027,0.0271066408604383,0.0446129217743873,0.0592160895466804,0.0984615311026573,0.0497059747576713,0.1242061257362365,-0.0971918106079101,-0.1339846402406692,0.0421056039631366,0.102488525211811,0.0160747803747653,0.0829510316252708,0.1478399336338043,-0.0731488093733787,-0.0815182328224182,0.0746986120939254,0.0609209723770618,-0.0946316644549369,0.0692515522241592,0.1260555386543274,0.0596914403140544,0.1374062746763229,0.0803545266389846,0.141597032546997,-0.0354407578706741,0.1099176630377769,-0.0414628572762012,0.038255862891674,0.1134895831346511,0.0205433908849954,0.104215107858181,-0.0478429086506366,0.0212291982024908,0.0971324369311332,0.0630227327346801,-0.0036409620661288,-0.0304741244763135,-0.0408499650657177,0.0902874395251274,-0.06937275826931,0.1487988829612732,0.0442973151803016,-0.034306414425373,0.0671482682228088,-0.0966116189956665,0.1286723613739013,0.1230973452329635,0.022460414096713,-0.094300664961338,0.1227113828063011,0.088596798479557,-0.0721631348133087,0.0450345538556575,-0.0948221087455749,-0.1082241386175155,-0.0835735276341438,0.115991361439228,0.0055401683785021,0.0812760889530181,-0.0869010090827941,-0.0515271350741386,0.1039992049336433,0.1352309882640838,-0.1313526034355163,-0.0870612785220146,0.0022937860339879,0.0450893118977546,-0.1308834850788116,0.1513020545244217,0.1204597577452659,0.1050301268696785,-0.009418549016118,0.1396200209856033,-0.0697540193796157,-0.1245689466595649,-0.0786646381020546,-0.0155420368537306,0.1051477119326591,-0.0340839885175228,0.079188548028469,-0.1138144582509994,-0.0378600768744945,0.0523947589099407,0.1039960384368896,-0.1451806724071502,-0.0460508093237876,0.1044315248727798,-0.043617520481348,-0.0990631133317947,0.1135800331830978,0.1029100343585014,-0.085971251130104,-0.0349202267825603,0.0895489752292633,0.0795551165938377,-0.1376404017210006,-0.0781780779361724,-0.1034462749958038,-5.136441541253589e-05,-0.1035999283194542,-0.1173155978322029,-0.010575633496046,-0.0024217937607318,0.0621376745402812,-0.097722016274929,-0.0840404331684112,-0.1180931031703949,0.044358380138874,0.0773504227399826,-0.125658243894577,0.1127362698316574,-0.035358153283596,-0.1330915093421936,-0.0712502673268318,0.0275962762534618,0.1346279829740524,0.0516566671431064,0.1116852313280105,-0.0475787669420242,-0.0436425916850566,-0.0131977824494242,0.0899117067456245,0.1244061663746833,0.0312740989029407,-0.1248678937554359,0.0995552167296409,0.0194270629435777,-0.0069071985781192,-0.0404031686484813,-0.0044813612475991,-0.0168198868632316,-0.1133754476904869,0.1230901926755905,-0.0610294751822948,0.1326285153627395,-0.1371357291936874,0.1145050823688507,-0.1339981257915496,-0.0037417635321617,-0.0054229600355029,0.0904207378625869,-0.0983990654349327,0.0017790718702599,-0.0304804649204015,-0.0829905644059181,-0.0610983446240425,0.0054237181320786,-0.0874094367027282,0.1015291735529899,-0.0476806946098804,0.0011665548663586,-0.101281926035881,-0.0844510495662689,-0.0357464477419853,-0.1115070357918739,-0.086636334657669,-0.1132164448499679,0.0422614030539989,-0.125554621219635,0.134280115365982,0.1164280027151107,0.1005478352308273,0.0991803854703903,0.0238224249333143,-0.1094439923763275,0.0501948669552803,-0.0646050348877906,0.129350483417511,0.1025005578994751,0.0627473518252372,0.0060472092591226,0.0508896596729755,0.1321091949939727,-0.0407413095235824,0.0850953608751297,0.0711008235812187,0.1203377023339271,-0.0662245899438858,0.0771460458636283,0.0098495241254568,-0.0670090168714523,-0.1016675755381584,0.0821744725108146,0.1023603528738021,-0.1260488778352737,-0.1228326708078384,-0.1125574484467506,-0.0741273239254951,-0.1109375730156898,-0.0533995330333709,0.0653391405940055,-0.0797647312283515,-0.0852543637156486,-0.0367982909083366,-0.0713993534445762,-0.0775071233510971,-0.0611505545675754,0.0740179494023323,0.1380230039358139,0.0967819616198539,0.0267231967300176,-0.1231998279690742,0.0584110580384731,0.0985962823033332,-0.0737179592251777,0.1036306396126747,-0.0632040202617645,-0.0528009608387947,0.1296777725219726,0.0082463780418038,-0.0946462675929069,0.0418984927237033,0.0941383466124534,-0.0755064859986305,0.126158207654953,0.0417264476418495,0.0742055848240852,0.0113204503431916,0.0425876341760158,-0.126160055398941,0.1282422095537185,0.1277728378772735,0.0239800177514553,0.0040728691965341,-0.0903704538941383,0.1231065168976783,-0.1323311030864715,0.1123272776603698,-0.0519098229706287,-0.1280783712863922,0.0992319881916046,-0.0939454510807991,0.1038289293646812,-0.1291953474283218,0.1049569323658943,-0.1078835502266883,-0.0607081092894077,-0.120017722249031,0.0824432447552681,-0.1196850910782814,-0.0149316359311342,-0.0278737656772136,0.115850381553173,0.0751617476344108,0.1158035919070243,-0.0243170950561761,0.0219301264733076,0.0726723074913024,0.0184108652174472,-0.0257156379520893,0.1040013507008552,-0.0269467402249574,0.0882607698440551,0.1028188467025756,-0.1179611086845398,-0.0408054217696189,-0.125821441411972,-0.1316919177770614,-0.1088112145662307,-0.0862809419631958,-0.1140132918953895,-0.1275858283042907,0.0565922558307647,-0.0287877805531024,-0.0871292948722839,0.0486598834395408,0.0790556594729423,-0.0520310401916503,-0.0596794262528419,-0.0654774978756904,0.0882637202739715,-0.0332066901028156,0.0433998890221118,0.0926245301961898,-0.0884722396731376,0.0070912055671215,-0.1309772431850433,-0.0934493914246559,-0.125025063753128,-0.0776900276541709,0.1146011278033256,0.1293231695890426,-0.0055815568193793,0.1219309419393539,0.1094514802098274,0.042907066643238,0.1163404285907745,-0.1307698637247085,-0.0353213176131248,0.1139284148812294,0.0138377081602811,-0.0956299602985382,-0.1051042228937149,0.0290517024695873,-0.0341434776782989,-0.0720933601260185,0.0164396446198225,-0.0520443022251129,-0.1109542250633239,-0.0519930943846702,0.0382861271500587,-0.0867491662502288,0.0518781319260597,-0.0190822035074234,-0.0259385611861944,0.1277384161949157,-0.1030696034431457,0.0656497702002525,0.004737407900393,0.1244471669197082,-0.0893374606966972,-0.1306672841310501,-0.1275491565465927,-0.1064606010913848,-0.019745972007513,0.1161386296153068,-0.09971534460783,-0.0030217950697988,-0.0968831554055213,0.1219980865716934,-0.0423925258219242,-0.1190221384167671,0.0882327035069465,-0.0866328254342079,-0.1156983524560928,-0.0928728580474853,-0.1051477640867233,0.1248589009046554,-0.0970046445727348,0.0085902465507388,-0.0672327801585197,-0.1258020997047424,0.0982634648680687,-0.1247274354100227,-0.0041715977713465,-0.1275154799222946,0.1118510439991951,-0.0831470191478729,0.089604377746582,-0.0172061473131179,0.1064807474613189,0.0239441320300102,-0.075985848903656,0.0971560403704643,0.1141550242900848,0.1014075055718422,0.0875256136059761,0.1321813762187957,0.1205582320690155,0.1138334572315216,-0.0959395393729209,0.1209889277815818,0.0385342836380004,-0.0007025604136288,0.09591855853796,0.0601853765547275,0.0859097018837928,0.1099218726158142,0.1016324236989021,0.1295671164989471,0.0205415692180395,-0.0531564801931381,-0.0699921697378158,0.0746723711490631,0.0328028909862041,ACDGHJOQBDWPGP-UHFFFAOYSA-N,CCC1CCCN(Cc2nc(-c3cccnc3)no2)C1
0.0137142920866608,0.0099064363166689,0.0953371599316597,0.1104941517114639,-0.0435747802257537,0.0211761184036731,-0.0616379082202911,0.1056810393929481,-0.1005997285246849,-0.0894809886813163,-0.032242901623249,-0.1067879498004913,0.0107445968315005,-0.035193882882595,0.1104828864336013,-0.0923178419470787,0.10820272564888,0.0875569581985473,0.0341280661523342,0.1103083789348602,-0.0592577457427978,-0.0614900738000869,0.0629487484693527,-0.0990913137793541,0.1096449643373489,-0.0349857024848461,-0.1054586470127105,0.1007273942232132,0.1022719964385032,0.0284178741276264,-0.1055974438786506,-0.0108724171295762,-0.0010786603670567,0.1021805480122566,-0.1105410978198051,-0.1000837609171867,0.1017068848013877,0.1086707562208175,0.1097537279129028,0.1078663244843483,-0.110305868089199,0.0735110491514206,-0.1025266200304031,0.1102053746581077,0.1104936525225639,0.1092866212129592,-0.1081735715270042,-0.1104684099555015,-0.1071545928716659,-0.0583522655069828,0.06193158775568,-0.0328360013663768,-0.0738837942481041,0.0824757367372512,-0.1089786440134048,0.0676532834768295,-0.0747209414839744,-0.1091946065425872,-0.0928485319018364,0.0601154826581478,0.0954839810729026,0.1045256406068801,0.0878681316971778,-0.04635751247406,0.1105083599686622,-0.1097730845212936,-0.1098099797964096,-0.0950542986392974,0.0261369794607162,-0.1063249409198761,0.0118088135495781,0.1104959025979042,0.1093710064888,-0.1104783192276954,-0.0262258052825927,0.1029093787074089,-0.1098653301596641,0.107607901096344,0.0500835441052913,-0.1076234504580497,0.0709729790687561,0.1097363084554672,-0.0881831347942352,0.0565600208938121,0.1100016310811042,0.0967776179313659,0.1077215746045112,0.1078539788722992,-0.1050985530018806,0.0309207309037446,-0.077775128185749,0.0893865525722503,0.02880928106606,0.1100222617387771,-0.1105342358350753,-0.049045018851757,-0.1105470806360244,0.108539879322052,0.0473027229309082,0.1092640161514282,-0.0177129413932561,-0.0543122477829456,0.1101190596818924,0.1072036176919937,-0.1094212085008621,-0.1058067977428436,0.107477381825447,0.0976699739694595,0.0407753996551036,-0.0661454424262046,0.0278724301606416,0.0237760916352272,-0.008660240098834,-0.0342027768492698,0.1102937012910842,-0.0693094655871391,-0.106891430914402,-0.1082964614033699,-0.1090650036931037,0.1104789301753044,-0.0640939697623252,0.1090607792139053,-0.1000909134745597,0.1072947680950164,-0.0002356013574171,0.0997590273618698,-0.1079791337251663,-0.1100128889083862,0.1021067276597023,0.033171709626913,-0.0229826979339122,0.0914776995778083,-0.0390441454946994,0.1022426411509513,-0.0747503489255905,0.0475214086472988,0.1024150997400283,-0.097203217446804,0.1026457622647285,-0.1024915128946304,-0.1025701314210891,-0.1025407910346984,-0.0771309211850166,-0.0752773135900497,0.0713780373334884,0.1007465049624443,-0.1026829108595848,-0.1021348759531974,-0.0649792701005935,-0.0832108408212661,-0.1023381948471069,-0.0705573260784149,0.1001888513565063,-0.0720108076930046,0.0981568470597267,0.0205580703914165,-0.1021914556622505,-0.0973650217056274,-0.0756251588463783,-0.0770356431603431,-0.1021509617567062,0.1026776209473609,0.1012221202254295,-0.0941340997815132,0.1016740873456001,-0.1026825830340385,0.042535975575447,0.0830066129565239,0.0992824509739875,0.1003695502877235,0.1026701107621193,-0.102682739496231,-0.0225207116454839,-0.1008992567658424,0.0349706970155239,0.0961151346564292,-0.1026813760399818,0.1026763617992401,0.1025846377015113,-0.1026806756854057,-0.1007933318614959,-0.1025570333003997,0.0921399518847465,-0.067891776561737,0.0867620557546615,-0.1026823371648788,-0.1017618253827095,-0.0953114628791809,-0.0972092822194099,0.0630194097757339,-0.1025590896606445,-0.1003937050700187,0.1026829332113266,-0.0919145569205284,-0.0926337838172912,0.1022156402468681,-0.1026575341820716,0.0576870925724506,-0.0577232092618942,-0.1026777476072311,-0.1026544645428657,-0.0978158339858055,-0.0951283499598503,0.0720476433634758,-0.1022409051656723,0.1025578007102012,0.1017833948135376,-0.0566800162196159,-0.0983661189675331,-0.0056798127479851,0.1026328578591346,-0.1009029746055603,-0.1010239049792289,-0.0966277420520782,-0.0978222265839576,0.0985101908445358,0.0602747909724712,0.0621378570795059,-0.1020277217030525,-0.0994710549712181,-0.1009741276502609,0.1026804000139236,-0.0267931967973709,0.0938891991972923,0.1016020476818084,-0.0995695739984512,0.0808021053671836,-0.0706823244690895,0.1000838205218315,0.1026808992028236,0.0999247655272483,0.0987111926078796,0.1019442901015281,0.1023753508925437,0.0449289344251155,0.1010742932558059,-0.1026128828525543,-0.0978519320487976,-0.0930018424987793,-0.0037510411348193,-0.1005675494670867,-0.0232594665139913,0.0984654873609542,-0.0452716350555419,-0.1025939583778381,-0.097935751080513,-0.0393494330346584,-0.0916943922638893,0.1018794700503349,-0.0128689222037792,0.0378884598612785,0.0384461283683776,0.0680513605475425,-0.1026803627610206,-0.0404529385268688,-0.0923555418848991,-0.0880614593625068,-0.0998278632760047,0.1013577729463577,-0.1011098101735115,0.1011989563703537,-0.1015984714031219,0.1002402827143669,-0.1014976948499679,-0.0995548814535141,-0.092459850013256,0.1012879088521003,-0.0987740233540535,0.0126643246039748,-0.1013838946819305,-0.0721647217869758,0.0875932499766349,-0.0315698906779289,0.015464006923139,-0.0887415185570716,0.0938820168375969,-0.0983374938368797,-0.0968302264809608,0.0967332869768142,-0.0157402083277702,0.0855660736560821,0.0995881631970405,0.0970033556222915,0.1015431731939315,0.0789368376135826,-0.1003289520740509,0.0866614878177642,-0.1016068458557128,0.0574968121945858,-0.0962130576372146,0.0184121131896972,-0.1012839004397392,-0.097016729414463,-0.1016101092100143,-0.0946417450904846,-0.0989467427134513,-0.0119442222639918,0.0997927635908126,0.0594819486141204,-0.0999051332473754,0.1000055000185966,0.0990662351250648,-0.1001513823866844,-0.0989676937460899,0.0996624454855918,-0.0117939822375774,0.0861427560448646,-0.095955491065979,-0.1015893071889877,0.0917599275708198,-0.0974166691303253,0.0982028692960739,-0.0445478297770023,-0.074248768389225,0.0075733950361609,0.0946684181690216,-0.0999748930335044,0.1010819226503372,0.1016203016042709,0.0347442403435707,0.0853664949536323,-0.0119350580498576,0.0984206572175026,0.1007762551307678,0.0934968069195747,0.0443957448005676,-0.1012412458658218,-0.0530540756881237,-0.0580090954899787,0.1016232520341873,0.0013642384437844,-0.1016212329268455,-0.1015854105353355,0.0859027057886123,-0.0969065800309181,-0.1006789952516555,-0.1002951636910438,0.100526750087738,0.067772664129734,0.0945679545402526,-0.1013126224279403,-0.0976200401782989,0.1005441844463348,0.0450569428503513,-0.0989338010549545,0.1000851094722747,0.1015562862157821,-0.0903763025999069,0.0080115236341953,-0.1009992286562919,0.0973607376217842,-0.1004442498087883,-0.1012018546462059,0.1005182266235351,0.1005688160657882,-0.1015745848417282,-0.1014504805207252,0.0795498266816139,0.0978569388389587,0.1015340015292167,0.0824309661984443,-0.0758045762777328,-0.0963093712925911,0.0437516272068023,-0.1008023247122764,0.0979790762066841,0.0881677791476249,0.0609725639224052,-0.0370392054319381,-0.0967016741633415,0.1016173213720321,-0.1015145629644393,-0.0985464751720428,-0.1013213247060775,0.1016233712434768,0.1013753786683082,-0.0781233757734298,0.0952984243631362,0.100044697523117,-0.0277612544596195,-0.0407193414866924,-0.0759707242250442,-0.0992872565984726,0.1007997542619705,-0.0036440519616007,0.1284148097038269,-0.0758872479200363,0.037043135613203,0.0904135927557945,-0.132535234093666,0.0686467438936233,0.0362867973744869,0.1212432235479354,-0.0484285801649093,0.1306555271148681,0.065484881401062,-0.1257122606039047,-0.122315876185894,0.0066499351523816,0.0413574762642383,-0.0957457646727562,0.0340529792010784,0.0262923669070005,0.1151745244860649,0.1320528984069824,-0.0262789689004421,-0.0751143097877502,-0.0295961108058691,0.1410344243049621,0.1440849602222442,-0.0952554270625114,0.068735234439373,0.0800950899720192,-0.1267921179533004,-0.0922963470220565,-0.0456022769212722,-0.1444959193468094,0.0580376684665679,-0.0857171639800071,0.1115605309605598,0.0436935946345329,0.058309081941843,0.142130509018898,0.0307290032505989,0.1261298060417175,-0.1054578050971031,0.0428394712507724,0.0527246259152889,0.002756803529337,-0.1245158612728118,-0.0059106457047164,-0.0555632449686527,0.082077533006668,0.1402604579925537,-0.0022523361258208,-0.0942321121692657,0.01949268206954,0.0267526637762784,0.1320885270833969,0.0491936616599559,0.0778393521904945,-0.0057924319989979,0.0483907461166381,-0.0585777387022972,-0.0909807682037353,0.005891527980566,-0.098672442138195,-0.0596276037395,0.0936875268816948,-0.0686213076114654,-0.0198957864195108,-0.1104640588164329,0.035540722310543,-0.073985755443573,-0.0350976437330246,-0.0901260375976562,0.136514738202095,-0.0697003677487373,0.084237702190876,0.1397943198680877,0.0211709737777709,-0.034607034176588,0.0834961384534835,-0.083093449473381,-0.0153423566371202,0.0951104015111923,0.0961643904447555,-0.1288478523492813,0.1346138715744018,0.0827463492751121,-0.0219225827604532,0.1365153789520263,-0.0888499617576599,-0.1336593925952911,-0.1163350492715835,0.1095824912190437,0.0184425823390483,0.0209732484072446,-0.0155259789898991,0.1043916568160057,0.1375444680452346,0.1388625651597976,-0.0527744255959987,-0.1089564859867096,-0.0458798296749591,-0.1148792803287506,0.1219488829374313,0.0440306179225444,-0.1015128567814827,-0.0455152913928031,0.0843173861503601,-0.1411495357751846,-0.0804164633154869,-0.1458624899387359,0.1254256218671798,-0.006794985383749,-0.089998260140419,-0.1317226737737655,-0.0733385682106018,0.0922417491674423,-0.1013295575976371,0.0047756591811776,0.0988065376877784,0.0962267220020294,-0.0745444670319557,-0.0919883921742439,-0.0377796255052089,0.1171155422925949,-0.1030386909842491,-0.0046172235161066,-0.0092077692970633,-0.0003174598386976,-0.0534032061696052,0.0152331013232469,0.148041695356369,-0.0915609970688819,0.0876348093152046,0.1152952313423156,0.1170220747590065,0.0925611704587936,0.0505583137273788,0.0036604416090995,-0.0868513062596321,-0.0827803015708923,0.1468325406312942,0.1215623244643211,-0.0954745784401893,-0.1018592715263366,0.1076663434505462,0.0010678867110982,-0.1362845450639724,-0.0966852903366088,-0.0894354954361915,-0.137177363038063,-0.1344876438379287,-0.0952778384089469,-0.133778691291809,0.1277846992015838,-0.1338493973016739,0.1176020875573158,-0.1385685205459594,0.0943797677755355,-0.0459209196269512,0.1154525354504585,0.11550934612751,-0.0174904037266969,0.1213176473975181,0.0798936635255813,-0.0480246506631374,0.1024575605988502,-0.094042420387268,0.1106470450758934,0.086644597351551,0.1053570732474327,-0.1231256201863288,0.0701568871736526,0.0326897762715816,-0.0385540910065174,-0.0253078769892454,0.1088252440094947,0.0079556191340088,-0.1386960297822952,0.0341482572257518,0.1385647803544998,0.1060048043727874,-0.0757119432091713,0.1045167446136474,-0.0386288128793239,-0.0420574136078357,-0.1188747808337211,0.0644011944532394,-0.0361680947244167,-0.0561549812555313,0.0468454360961914,-0.0080039361491799,0.0955558493733406,-0.0419666655361652,-0.0769818723201751,-0.1207893714308738,0.0441658645868301,-0.1254559606313705,0.1459708511829376,-0.1215672940015792,-0.0567091256380081,-0.0203715860843658,-0.0046488307416439,0.0635697990655899,-0.1237092837691307,0.0794976875185966,-0.0273525584489107,0.0745290368795394,0.0649793371558189,-0.1249312236905098,-0.0101180700585246,0.0567576810717582,-0.0135081065818667,0.0477917678654193,-0.0788208022713661,0.0628766641020774,-0.1266022473573684,-0.0174737684428691,0.1395570635795593,0.0121707720682024,-0.0972380489110946,-0.0919099524617195,0.0186158176511526,0.0409915372729301,-0.0329639948904514,0.1030981987714767,-0.123032346367836,0.0888480618596077,-0.0429831370711326,-0.0555535480380058,0.0235252566635608,-0.0008263594354502,0.0270807947963476,-0.0652782842516899,0.0540361776947975,0.1283319443464279,0.0501733534038066,0.0121512254700064,-0.0234988443553447,-0.1398363709449768,0.0546556077897548,0.087711401283741,-0.0418069623410701,0.1031893491744995,0.0231565870344638,0.140855073928833,-0.1374857276678085,-0.0170560162514448,0.0340067110955715,-0.0015706601552665,0.1226735115051269,-0.0807558372616767,-0.1337581425905227,-0.1006360873579979,0.1148383021354675,-0.0290806423872709,-0.0457368567585945,-0.1078095957636833,-0.1147584989666938,-0.1168249696493148,0.0957382321357727,0.052352201193571,0.0854201912879943,0.0825069472193718,0.1789169460535049,0.0478596352040767,-0.0794915035367012,0.097025528550148,0.0726170316338539,-0.0984636023640632,-0.0811636224389076,0.1619733273983001,-0.0218281429260969,-0.0100235566496849,-0.0060643535107374,-0.0102071398869156,-0.102323442697525,0.0133549999445676,0.0788102075457573,-0.0339566804468631,-0.0929098129272461,-0.0073712053708732,-0.0561406947672367,-0.051556009799242,0.1095597445964813,0.0293083228170871,0.0127377677708864,0.1066556274890899,0.1039650216698646,0.1024523600935936,0.0555505976080894,-0.1524470746517181,0.1296139508485794,0.1189542040228843,0.0237955302000045,0.1044864133000373,-0.0010514667956158,0.0505636371672153,-0.0169867314398288,-0.0277929045259952,-0.1335591226816177,0.0402606576681137,0.1216843053698539,0.2101970911026001,-0.0786443576216697,0.0408713482320308,0.0986816510558128,-0.0089075872674584,0.0974864810705185,0.0313054323196411,-0.0029434745665639,0.0039782971143722,0.0746723189949989,-0.0801121443510055,-0.0530037209391593,-0.0918298289179802,0.0719586461782455,-0.051852248609066,0.0827955901622772,-0.0015753612387925,0.000415600487031,-0.0078687379136681,-0.1416374444961547,-0.0870457366108894,-0.0457070395350456,0.1169139966368675,0.0499759912490844,-0.1725526452064514,-0.1232191622257232,-0.0397770926356315,0.025634566321969,-0.0265366304665803,0.0384818613529205,-0.1670484989881515,0.0736917108297348,-0.1447117328643798,-0.0871631950139999,0.0887613222002983,-0.1340672969818115,0.0928395986557006,-0.0007600245298817,0.0124155553057789,0.0703051760792732,0.0640215128660202,0.0248204171657562,-0.0366393476724624,-0.1130329966545105,0.0201093703508377,0.0491503402590751,-0.0884786322712898,0.103422462940216,-0.0839046388864517,-0.0233239587396383,0.0829616338014602,0.08223557472229,-0.0117825157940387,0.0103496881201863,0.062171284109354,0.1450633108615875,-0.0580700673162937,-0.0992451608180999,0.1468299031257629,-0.057089690119028,-0.1178998202085495,-0.1126999109983444,-0.0192994493991136,-0.1553378105163574,0.0772817283868789,-0.0954686924815177,0.1948644071817398,-0.1126009002327919,0.1263315379619598,-0.1137263998389244,-0.0053057512268424,-0.099670223891735,-0.1325786411762237,0.0062482836656272,-0.0371156521141529,0.1096976324915885,0.1683430075645446,0.0300408136099576,0.006024844944477,-0.0489992164075374,0.0171342566609382,-0.0417304560542106,MUYZGWJXMVGEPW-UHFFFAOYSA-N,CCC(N)c1ccccc1OCC(=O)N(C)C
-0.0946536809206008,0.016847837716341,0.0602963306009769,0.0991500169038772,-0.0991451442241668,-0.0988276004791259,-0.0680025443434715,0.0945302620530128,-0.0684401765465736,-0.0981618762016296,0.0908125564455986,-0.0991464778780937,-0.0908732786774635,-0.09892288595438,0.0991502180695533,0.0938134938478469,0.0984988734126091,0.0809309780597686,0.0983406007289886,0.0875571593642234,-0.0233079269528388,-0.0070136855356395,0.096907801926136,-0.0991019383072853,0.0991501733660698,-0.0887051448225975,-0.0990695133805275,0.0990622341632843,0.0401031672954559,-0.0655115097761154,-0.0991105735301971,-0.0889564082026481,0.0883435159921646,0.0991492643952369,-0.0991460755467414,-0.0909792557358741,0.0989239439368248,-0.0035593507345765,0.0991500914096832,0.0944500342011451,-0.0989473164081573,0.0990587994456291,-0.0972586497664451,0.0991344973444938,0.0991498380899429,0.0991496741771698,-0.0991460606455802,-0.0991471037268638,-0.097381092607975,0.0951191261410713,-0.0985552817583084,-0.0990664809942245,-0.0806650072336196,0.047083169221878,-0.0989467054605484,-0.0769795402884483,-0.0938766226172447,-0.0866978839039802,0.047238789498806,-0.0978407487273216,0.0988038182258606,0.0978657752275466,-0.0485813356935977,-0.0991302281618118,0.0991502180695533,-0.0991473942995071,-0.0940823256969451,-0.099135085940361,0.098067969083786,-0.0991033613681793,-0.0682654604315757,0.0991311967372894,-0.0196769461035728,-0.0991501584649086,-0.0195170864462852,0.0989479720592498,-0.0991500839591026,0.0991498455405235,0.0990788489580154,-0.0990081131458282,0.0977421998977661,0.0971848517656326,-0.099150076508522,0.0486349537968635,0.0990447551012039,-0.0647120401263237,0.0991348996758461,0.0991213098168373,-0.0975184813141822,0.0495858527719974,-0.0022076056338846,0.099145121872425,0.0185791440308094,0.0991501584649086,-0.0991502180695533,-0.098204605281353,-0.0991502180695533,0.0991491302847862,-0.0326385498046875,0.0577287264168262,0.0940033718943595,-0.0967614203691482,0.0991467759013176,0.0882259756326675,-0.099011555314064,-0.0991395860910415,0.099130742251873,0.0990251526236534,0.0458378940820694,0.0616640821099281,-0.0960354059934616,-0.0962994396686554,-0.0870318263769149,0.0982372835278511,0.099149577319622,-0.0773869454860687,-0.0087422532960772,-0.0991498604416847,-0.0991473197937011,0.0991502180695533,-0.0972859933972358,0.0977994948625564,-0.0991469025611877,0.0989741906523704,-0.0570397041738033,0.0326113551855087,-0.0975637435913086,-0.09573545306921,0.1029831916093826,0.0814476385712623,0.1029908806085586,0.0696492120623588,-0.0937310308218002,0.1023616567254066,0.0178984049707651,-0.0075254696421325,0.1024620309472084,-0.0869042798876762,0.0906877294182777,-0.1029639393091201,-0.1029611155390739,-0.1029685586690902,-0.0120681505650281,-0.0896433070302009,0.1012328267097473,0.102931335568428,-0.1029979437589645,-0.0803753137588501,-0.0331856198608875,-0.0987060591578483,-0.1029853448271751,-0.0915099680423736,0.0653865858912468,-0.0775941759347915,0.0902942642569542,-0.0704041272401809,-0.0983459800481796,0.0312804840505123,-0.0714230090379715,0.0285217352211475,-0.1027960032224655,0.1029978469014167,0.0999652966856956,-0.0991147682070732,0.1008485406637191,-0.1029978990554809,0.0790547057986259,-0.100341685116291,0.101547472178936,0.1029146611690521,0.1029947847127914,-0.1029979139566421,-0.0537367910146713,-0.0923486575484275,-0.0175211131572723,-0.0114443507045507,-0.1029969602823257,0.10299713909626,0.1029837355017662,-0.1029966250061988,-0.1029896512627601,-0.1025650650262832,0.0748929977416992,-0.0160907991230487,0.0455711036920547,-0.1029952615499496,-0.102979227900505,-0.1013329178094863,-0.0789963379502296,0.0661886408925056,-0.1029817461967468,-0.0973016917705535,0.1029979586601257,-0.0975485369563102,-0.1029113084077835,0.1028477251529693,-0.1028277575969696,0.1008468642830848,0.044149249792099,-0.1029979065060615,-0.1029963344335556,-0.1028332188725471,-0.1029477268457412,0.1026654541492462,-0.1029846593737602,0.1023740470409393,0.0166157446801662,-0.0358962304890155,-0.099374808371067,-0.0955432131886482,0.1029858216643333,-0.0940910726785659,-0.0777359306812286,-0.1029627099633216,-0.1026635244488716,0.1029762998223304,0.0819724649190902,0.0689343065023422,-0.0970167964696884,-0.0849442183971405,-0.0195310339331626,0.1029932424426078,0.0785162076354026,0.1029614508152008,0.1029822006821632,-0.1029281690716743,0.0263302121311426,-0.1020630374550819,0.1029698103666305,0.1029902920126915,0.1028167977929115,0.0016241651028394,0.1017621383070945,0.1029559150338172,0.0988444089889526,0.1005298569798469,-0.1029914990067482,0.0007103015086613,-0.102232426404953,0.0271192546933889,-0.0974871441721916,0.0947645306587219,0.1015526130795478,0.095122329890728,-0.1027022302150726,-0.1011884957551956,0.010276798158884,-0.0398559756577014,0.1029546335339546,0.022852174937725,0.0029846946708858,0.1000693142414093,0.0173865836113691,-0.1029824092984199,0.0819995775818824,-0.1022681519389152,-0.0965132713317871,-0.0965264737606048,0.0965010374784469,0.0897805243730545,0.0965266823768615,0.0959612727165222,0.0965236499905586,-0.0958339422941207,-0.0415752008557319,-0.0255389250814914,0.0965049937367439,-0.0951704382896423,0.0965212658047676,-0.0925584062933921,-0.0234579537063837,0.0964830219745636,-0.0802613794803619,-0.0793233290314674,0.0197811368852853,0.0961413159966468,0.0965170040726661,0.0928526669740676,0.0965265333652496,-0.0965266898274421,0.0902529209852218,-0.0907366722822189,-0.0885698348283767,0.096525065600872,0.0965232849121093,-0.0946534126996994,0.090705893933773,-0.09649708122015,-0.0469077676534652,0.0965254008769989,-0.0638078823685646,-0.0965236127376556,-0.0965263769030571,-0.096322476863861,-0.063382901251316,-0.0525014288723468,0.0965126827359199,0.0964694917201995,-0.0949247851967811,-0.0963799506425857,0.0812281593680381,0.095112532377243,-0.0942105874419212,-0.0965083912014961,0.0965267717838287,0.0961938723921775,-0.0924696996808052,-0.096432939171791,-0.0965260341763496,0.0965266674757003,-0.095953345298767,0.0961890667676925,0.0711438804864883,-0.0630467981100082,-0.0964111611247062,-0.0530503131449222,0.0796931236982345,0.0965267345309257,0.0965258926153183,-0.0964250192046165,-0.0964928343892097,-0.0965082868933677,0.0011175321415066,-0.0614103153347969,-0.0922305509448051,-0.0964994579553604,-0.0946130529046058,0.096524640917778,-0.0964732766151428,0.0963970124721527,0.0773432329297065,-0.096493974328041,-0.0938542634248733,-0.0960907042026519,-0.0963316783308982,-0.0705991610884666,0.0686894506216049,0.096510112285614,-0.0961575582623481,-0.0962919369339943,-0.0965267345309257,-0.0942177399992942,0.0897765159606933,0.0880046561360359,-0.0965262055397033,0.0965252965688705,0.0965263471007347,0.0880692973732948,0.0954192355275154,-0.0836065933108329,0.0960808023810386,-0.0964797288179397,0.0631726905703544,0.0965080261230468,0.0334784500300884,-0.0965146198868751,-0.0145668946206569,0.0965259373188018,0.0965263172984123,0.0957859903573989,0.0799064636230468,-0.0964990183711052,-0.0884638652205467,0.0782380774617195,-0.0863548964262008,-0.0874095112085342,0.0749607309699058,0.0462635420262813,-0.0958964377641677,-0.0923043563961982,0.0965263769030571,-0.0959539040923118,0.0379903800785541,-0.0965267717838287,0.0965267717838287,-0.0884152129292488,0.0734802335500717,0.0965256765484809,0.0964169353246688,0.094990961253643,-0.0963814407587051,-0.0963015928864479,-0.0965121090412139,0.0965135693550109,-0.052552044391632,-0.0680746659636497,-0.121266171336174,0.1137904524803161,0.1455299258232116,0.0154530312865972,-0.1003700122237205,0.1142941862344741,-0.0514256842434406,-0.1129952073097229,0.0272801462560892,-0.0518688485026359,0.1422457695007324,-0.0152493976056575,-0.0085763931274414,-0.1577692776918411,-0.0992194488644599,0.0367571860551834,0.0702700093388557,-0.0524788610637187,0.1183889359235763,0.1612079441547393,-0.1643497496843338,0.0372382327914238,0.1201446503400802,0.0269685164093971,-0.130556508898735,-0.0695722624659538,-0.1081783920526504,0.0056869816035032,-0.0452579036355018,0.1069376617670059,-0.1445624679327011,-0.0384761989116668,0.0937513634562492,-0.1738237738609314,-0.1411072015762329,-0.0293882060796022,0.0702192038297653,0.0167612470686435,0.1024169772863388,-0.0577206127345562,-0.0579493157565593,-0.0960818156599998,0.1093233451247215,0.1047965213656425,-0.0413729660212993,0.0832615420222282,-0.0167351923882961,0.1183495670557022,-0.0470498129725456,0.0508278347551822,0.1681857705116272,0.1295841038227081,0.0391707867383956,-0.083127774298191,-0.17507004737854,-0.0939196795225143,0.0261006914079189,0.0894052907824516,-0.1310469657182693,0.0085636284202337,0.0378376990556716,0.001029610983096,0.0429587177932262,0.0935273393988609,-0.0155191160738468,-0.0483912825584411,-0.0726815164089202,0.0524269267916679,0.0732551217079162,-0.0582352839410305,-0.019060818478465,0.0358232893049716,0.0036475560627877,0.1106140911579132,0.0257803387939929,-0.0817898735404014,-0.051330529153347,-0.0375651642680168,0.0752021297812461,0.0978880077600479,-0.0490533933043479,-0.1041947305202484,0.0842808857560157,-0.1428737789392471,0.0921195894479751,0.0963208153843879,-0.0530923567712307,-0.0002350270369788,0.1485124081373214,-0.0533404350280761,0.0213874448090791,-0.0464986525475978,-0.0296526178717613,0.0531422011554241,0.012890700250864,-0.0951387733221054,-0.13240447640419,-0.025633368641138,0.0671078115701675,0.0616715736687183,0.0346299260854721,-0.0525500327348709,-0.1853055208921432,-0.0729736760258674,-0.1214197874069213,-0.0649250075221061,-0.0675070285797119,0.0394589975476264,-0.1363779604434967,0.0148722724989056,0.0024793935008347,0.1663639992475509,-0.0292741656303405,-0.0543355979025363,0.1424606740474701,0.0558235682547092,-0.0220650266855955,-0.1144886016845703,0.1460635066032409,-0.1072635203599929,0.0307528059929609,-0.0134767359122633,-0.032463002949953,0.0860743299126625,-0.1530623286962509,0.0332320369780063,0.0384995825588703,-0.0734385475516319,0.1560157835483551,-0.002527383621782,0.0784478187561035,0.1183961108326911,0.0477304682135582,-0.0158412978053092,0.0134515399113297,-0.0871833637356758,0.0587070733308792,-0.0599520988762378,0.1231247410178184,0.0806724950671196,0.1184746846556663,-0.038694966584444,0.0833943858742713,0.0074111837893724,-0.0017548284959048,0.0626975074410438,-0.0702659413218498,0.1210604682564735,0.0732643380761146,0.0569454804062843,-0.1017624661326408,-0.0753408521413803,-0.1191258132457733,0.1444005966186523,-0.0258618984371423,0.1295556128025055,0.1357805281877517,-0.0031226819846779,0.0575244389474391,-0.0216962043195962,-0.153562307357788,0.098985955119133,0.0713976323604583,-0.1472853571176529,0.0926503166556358,-0.0217823069542646,-0.0820393934845924,-0.0197665449231863,-0.0918278694152832,-0.0482339225709438,-0.0154640236869454,0.1521586179733276,-0.0818559676408767,0.1044069528579711,-0.1137991324067115,-0.056277010589838,0.0547843389213085,-0.1446518152952194,0.1122803464531898,-0.0492227636277675,0.082516148686409,0.0655150562524795,0.044565238058567,0.0538403280079364,0.1528701037168502,-0.0729368552565574,-0.1029918938875198,0.1139770671725273,-0.1423026174306869,-0.0370526202023029,0.123049795627594,0.1145039722323417,0.1046732068061828,0.0630085989832878,-0.0821771323680877,-0.0496731884777545,0.0918664634227752,-0.1199533715844154,-0.1021653413772583,0.0388264097273349,0.0701087191700935,-0.0563381351530551,0.0879618972539901,-0.0786959454417228,-0.087293803691864,-0.1125608161091804,0.1010013446211814,-0.0964095145463943,-0.1492452025413513,0.1407869309186935,-0.0243355669081211,0.0473663508892059,-0.0785758942365646,-0.0915444493293762,-0.1320957094430923,0.1518875658512115,0.0585074461996555,-0.06282939016819,-0.1379910260438919,0.1099918037652969,0.1493144482374191,-0.0835913866758346,-0.0103983739390969,-0.0279248319566249,-0.021689748391509,0.1087678223848342,0.0171760730445384,0.1292978823184967,-0.0097189117223024,0.1010181009769439,-0.0954357013106346,-0.0762621909379959,-0.0171685889363288,0.013012639246881,0.0161643773317337,-0.0109498705714941,-0.0131093738600611,-0.0526715666055679,0.1387003511190414,-0.1011036559939384,0.0017401903169229,-0.0582986958324909,0.1283415704965591,-0.0401129871606826,-0.0214215498417615,0.0446390472352504,-0.0782902315258979,-0.1230753064155578,0.091845154762268,-0.034876100718975,-0.1309211552143097,0.0224436558783054,-0.0465138927102088,0.1046869382262229,-0.0709691941738128,-0.0980942770838737,0.0890658125281333,0.011000957340002,-0.1058714315295219,-0.0707806125283241,0.1081871166825294,0.0980554223060607,0.1154259964823722,-0.0351780019700527,0.0027195326983928,0.00428296206519,0.084640696644783,0.0401197895407676,-0.1090790405869484,0.0165804307907819,0.111674815416336,-0.1175225675106048,-0.1110973730683326,0.1229755207896232,-0.1232790201902389,0.021590132266283,-0.0175076052546501,-0.1008384898304939,0.0634176731109619,-0.0702352523803711,0.092404581606388,-0.1192936450242996,-0.0060393037274479,-0.056666862219572,-0.1252170205116272,0.0907614082098007,-0.1027734950184822,0.0789887681603431,0.1038514748215675,0.1071788519620895,0.1016414985060691,0.0481184944510459,0.1103725433349609,-0.1087328940629959,-0.0783913806080818,-0.1224720627069473,0.0826923474669456,-0.0016562368255108,0.0599503926932811,0.0124176191166043,0.1074186861515045,0.0549433901906013,-0.0983843356370925,0.1143670752644538,-0.0719634145498275,0.11712197214365,-0.1232491806149482,0.1253557950258255,-0.0813121572136879,-0.0761807709932327,-0.010757646523416,-0.0755351483821868,0.0807954594492912,0.1240190044045448,0.092845007777214,0.1072151139378547,0.1025867834687233,0.1192895099520683,-0.0279864538460969,-0.1221336647868156,-0.0342466533184051,0.0795774906873703,0.1095937564969062,-0.0784460753202438,-0.1076418757438659,0.01533186994493,0.1245914846658706,0.110240951180458,-0.1231871619820594,-0.0178691837936639,-0.0086858365684747,-0.1253900974988937,-0.00511732744053,-0.120186373591423,0.027906559407711,0.0060266405344009,-0.0739546939730644,-0.1014771983027458,-0.1240373626351356,-0.1247109174728393,-0.029813963919878,0.0102035319432616,-0.1216752529144287,0.0975529477000236,0.0610415339469909,0.1155662834644317,0.1103259325027465,-0.0516891218721866,-0.076106458902359,-0.0785982236266136,-0.017964007332921,0.0936905220150947,-0.0774308368563652,0.1191967651247978,0.1080860346555709,-0.1170853748917579,-0.0361987128853797,-0.0550551414489746,0.1186704784631729,0.0923308879137039,0.0655780732631683,-0.0743467211723327,0.0615134164690971,-0.0533148646354675,0.040831446647644,0.0664931088685989,0.1014693453907966,-0.1009815111756324,0.1256642639636993,-0.0394051522016525,0.118936114013195,-0.1201068982481956,0.0343082472681999,0.1230099201202392,0.0315863005816936,0.1070306971669197,0.1249078959226608,0.045357696712017,-0.0979042798280716,-0.1238390132784843,0.0148620614781975,0.0181185081601142,NZJWITSLFKTATC-UHFFFAOYSA-N,N#CCCCNCc1ccccc1
0.0930870026350021,-0.1106255427002906,-0.1110408157110214,0.1116061434149742,-0.0732267871499061,-0.1073269471526146,-0.0879882872104644,-0.0086684264242649,-0.1040794774889946,0.1123035326600074,-0.0736391171813011,0.0976802632212638,-0.0947990268468856,0.0680276155471801,0.1118440628051757,-0.1105253621935844,-0.1116186156868934,0.0534870289266109,-0.093221791088581,0.1087874323129654,-0.110011875629425,0.0699423477053642,0.085913173854351,0.0566430576145648,-0.0712460651993751,-0.0590665973722934,-0.0121076721698045,0.1013026908040046,0.0965422242879867,-0.1091172695159912,-0.1111333221197128,-0.1036188304424285,-0.0024461827706545,-0.0306966360658407,0.095270961523056,-0.1090054661035537,-0.0295495875179767,0.0446686819195747,-0.0974311605095863,-0.1123441532254219,-0.0916337743401527,-0.062228575348854,-0.0369192212820053,-0.0653784796595573,0.070765696465969,-0.1070179864764213,-0.1126010566949844,0.0652629286050796,-0.0371522828936576,-0.1123536899685859,-0.1126263439655304,0.0928440168499946,0.042137261480093,0.1127442345023155,0.1116695404052734,-0.0058005140163004,-0.046785581856966,-0.0306763891130685,-0.0753436461091041,-0.0898739695549011,0.1091837659478187,0.112719289958477,0.0688004419207573,0.0994644239544868,-0.1125200539827346,0.1122210249304771,0.0386808514595031,0.1040940955281257,-0.105837658047676,0.1116219311952591,0.0907940790057182,-0.1114781573414802,-0.0631247907876968,0.0687634423375129,-0.1126381382346153,-0.1075869351625442,-0.1127301082015037,0.095777541399002,0.1100477874279022,-0.0829787626862526,-0.1090732291340828,0.0910112410783767,0.097404845058918,-0.0878899991512298,-0.1122276782989502,-0.1118068769574165,0.1121366396546363,-0.0429794862866401,0.0527457818388938,-0.0401650816202163,0.1127148941159248,0.108352705836296,0.1124528422951698,-0.0767688453197479,0.1125089973211288,0.0489105209708213,-0.1096513867378234,0.1127277314662933,-0.029634304344654,0.0705556869506836,-0.0941543504595756,0.0691177099943161,0.0488322563469409,-0.0412614606320858,-0.0697134211659431,-0.1056416109204292,0.0453214310109615,0.1071229130029678,-0.0626515820622444,-0.0594830028712749,0.1124479472637176,-0.1125890612602233,0.0812826827168464,-0.0806170627474784,0.1120660379528999,0.1100959554314613,-0.1076325327157974,0.0154558951035141,-0.1108017712831497,-0.0481220185756683,0.025975601747632,-0.0565270669758319,0.0934329777956008,-0.1119267717003822,0.1075180098414421,0.047245230525732,-0.0249429419636726,0.0032683447934687,-0.0977358371019363,-0.0982161909341812,-0.0589624159038066,-0.0762220546603202,0.099080853164196,0.0776502192020416,0.099214106798172,0.096199132502079,-0.0888429433107376,-0.0325063988566398,-0.0991294234991073,0.0944003313779831,0.0962256714701652,0.0932633876800537,0.098782978951931,-0.09829942882061,-0.0706214904785156,-0.0992115512490272,-0.0981868654489517,0.0991039723157882,0.0387485735118389,0.0991115570068359,0.0965122133493423,0.0992107763886451,0.0974164009094238,-0.0846803337335586,-0.085030548274517,-0.0954474285244941,0.0090613113716244,-0.0980885550379753,-0.0992145761847496,0.0987723842263221,0.0992132350802421,0.0991201251745224,0.099206194281578,-0.0954103767871856,0.0991446673870086,-0.0992145612835884,-0.0286734420806169,0.0992142483592033,0.0979448482394218,-0.0548458695411682,0.0926030948758125,-0.0976408943533897,0.099186897277832,-0.096127763390541,0.087758332490921,0.0249560475349426,0.0992128029465675,0.0981086567044258,0.0992141962051391,0.0987437590956687,-0.0855093523859977,0.0985046774148941,-0.0988402813673019,-0.0879744663834571,-0.0103524457663297,-0.0992118865251541,0.0242299158126115,-0.0797618329524993,0.0984077602624893,0.0890623927116394,-0.0887679159641265,-0.0115715125575661,0.0992144718766212,0.0609134584665298,0.0988971814513206,0.0925494730472564,-0.0992145761847496,0.0861618518829345,0.0989526063203811,-0.095301866531372,-0.0992142483592033,0.0992134883999824,-0.0992138385772705,0.0601950623095035,-0.0985432788729667,-0.0777513459324836,-0.0866303071379661,-0.0992059037089347,0.051783699542284,0.0082699107006192,-0.0958413407206535,0.0688059106469154,-0.0991357937455177,0.0404353216290473,0.0991839691996574,0.0961379930377006,0.0990500673651695,-0.0279450137168169,-0.0989477485418319,-0.065948449075222,0.0988233387470245,0.0991861522197723,-0.0992004871368408,0.0988995432853698,-0.0879440382122993,-0.0869852602481842,-0.062003020197153,0.0992074683308601,0.0991474315524101,0.018465083092451,-0.0991553887724876,0.0951435193419456,-0.0956233963370323,-0.0907610654830932,0.0989465191960334,-0.097941979765892,-0.0916894152760505,-0.0981642305850982,-0.0990167260169982,-0.0889993533492088,-0.0990844517946243,-0.0989502295851707,0.0969535186886787,-0.0545932874083519,0.0657471939921379,0.0992008671164512,0.0916914492845535,-0.0991184413433075,0.0992143452167511,-0.0991639867424964,-0.0449065677821636,0.0991550162434578,-0.0992105603218078,0.0992041379213333,-0.0978662371635437,0.0055314977653324,0.1024151444435119,0.1022135019302368,-0.0974024608731269,0.0957076847553253,-0.0899982824921608,0.100023403763771,-0.1001326069235801,0.0615451820194721,-0.1023780032992363,0.0955833941698074,0.1023964285850524,-0.094882845878601,0.0578293837606906,-0.0691075250506401,0.1018458604812622,0.1014003604650497,-0.1024372950196266,0.0735337436199188,-0.1018126234412193,0.003333494067192,-0.102162517607212,0.0951880887150764,0.0893801227211952,0.0976408049464225,0.0546491332352161,-0.0532425008714199,-0.1018362566828727,-0.1020313873887062,0.0990800783038139,0.1024236902594566,-0.0247796103358268,-0.1022544577717781,-0.1024375110864639,-0.0971461683511734,-0.1016809940338134,0.0144770760089159,0.0668307617306709,-0.0936374813318252,0.0198831390589475,0.1024356037378311,0.081807292997837,0.1023323610424995,0.0082696294412016,-0.102320522069931,0.1018674224615097,0.0079030590131878,-0.1024298518896102,-0.0582589320838451,-0.1012676209211349,-0.01686299033463,0.1011478304862976,-0.1024209037423133,-0.0921877399086952,0.1012548133730888,0.1010102704167366,-0.0537711977958679,0.1024374961853027,0.1023197472095489,0.1008178889751434,0.1018086522817611,0.1023960635066032,0.0957592725753784,0.0979663729667663,-0.016268415376544,-0.1017352938652038,0.1024375036358833,-0.004783799406141,-0.1023862659931182,0.1024374961853027,0.0985696539282798,-0.1022686660289764,-0.0671723410487175,0.1016540303826332,0.0703935846686363,0.0974587500095367,0.1005219370126724,0.1019118577241897,0.1024010404944419,0.1024371907114982,-0.0387713350355625,-0.0968996956944465,0.0461447462439537,0.0408240631222724,0.1024354621767997,-0.0818689540028572,0.102433368563652,0.1024374961853027,-0.0953724607825279,-0.0822937116026878,0.0834571421146392,-0.1024374812841415,-0.1008034572005271,0.1023178324103355,0.0890712365508079,0.0362707115709781,-0.096960000693798,-0.0751727223396301,-0.0179919730871915,0.083365224301815,-0.1016834452748298,-0.1016116142272949,-0.0936899185180664,0.1010298952460289,-0.1022684574127197,0.1020193248987197,-0.066158652305603,0.0976408272981643,0.0923491641879081,0.1024294942617416,-0.0870702490210533,0.101680152118206,0.0150356693193316,0.0117332404479384,-0.1014661192893982,-0.1023183390498161,0.1020507141947746,0.1023047491908073,0.1024375110864639,-0.1023139581084251,-0.069893904030323,-0.0609494969248771,-0.0717371180653572,-0.0303540360182523,0.1024367362260818,-0.0877850949764251,0.0987204238772392,0.0989337861537933,-0.0258509144186973,-0.0480619370937347,0.0830574929714202,-0.0798043683171272,0.0703887417912483,-0.0308023057878017,0.0285800006240606,-0.1285692751407623,-0.0599154159426689,-0.1113987788558006,-0.1355044096708297,0.1223814636468887,-0.1309088170528412,0.0757783502340316,-0.0382347665727138,-0.1112454682588577,-0.010165212675929,-0.0860730111598968,-0.1227593496441841,0.1331535875797271,0.1098769977688789,-0.0692362859845161,-0.0235213954001665,0.041655883193016,-0.0883644074201583,0.1455646306276321,0.0114140072837471,-0.1168503835797309,0.0570967569947242,-0.1207485124468803,-0.078990913927555,0.0688404142856597,-0.0145132131874561,0.0084857121109962,0.1210613250732421,0.1334464251995086,-0.1287016123533249,-0.0006045092013664,0.045678399503231,0.0299159046262502,0.1133308410644531,0.0755233988165855,-0.1407584398984909,-0.0947488024830818,-0.1044775396585464,0.1220754906535148,0.0323854759335517,0.0888014510273933,0.0648986250162124,-0.0280116256326437,0.0165048167109489,0.0583153590559959,0.0924243256449699,-0.0327098630368709,-0.0070283729583024,0.0149504533037543,0.0257552489638328,0.0427788086235523,0.0613423772156238,0.0076713818125426,0.1304841339588165,0.0076394686475396,0.038172148168087,0.0858641192317009,0.004128891043365,0.0974905714392662,-0.0852174758911132,-0.1279543936252594,0.1207801923155784,-0.135579913854599,0.0241835750639438,0.0841627269983291,0.030770918354392,-0.0027753831818699,-0.103492796421051,-0.0812799707055091,-0.0277444329112768,-0.0059918011538684,-0.1335990130901336,0.0516914278268814,-0.1160124763846397,0.1297734826803207,0.0248332638293504,0.0979896336793899,-0.0666662380099296,0.0475162453949451,0.0069700223393738,-0.1179572716355323,0.1490333974361419,0.1113819852471351,-0.0954519957304,0.0877724811434745,0.0822922736406326,-0.0820928215980529,-0.1347027868032455,-0.0294571388512849,-0.0416937246918678,-0.0600721277296543,0.144290342926979,0.1001005098223686,-0.0888683646917343,-0.0939257368445396,-0.1119548007845878,0.001550601562485,0.0898537784814834,-0.0028909461107105,-0.1034657284617424,0.0357689447700977,-0.1313507854938507,0.1293460577726364,-0.0199740976095199,-0.1192166358232498,0.0918043628334999,0.1430188864469528,0.079574353992939,0.0958684235811233,0.1156087070703506,0.1523682922124862,-0.0686925649642944,-0.1012667417526245,0.1292838007211685,-0.0084947310388088,-0.1131419613957405,0.0373781472444534,-0.0227522198110818,-0.0828626081347465,0.1098232343792915,-0.1311198472976684,0.0516281574964523,-0.0140848727896809,0.0059413691051304,0.1170841008424758,-0.0622166618704795,0.1698681712150573,0.0888715460896492,0.1016688272356987,-0.0796517431735992,0.0511663220822811,0.0522418692708015,0.0236799418926239,0.0352467633783817,0.0357157960534095,0.0794986709952354,0.0077856634743511,-0.0713418126106262,0.0409523583948612,0.0256153848022222,0.0156056154519319,0.1948739737272262,-0.0925668999552726,0.0629108548164367,0.0219310894608497,0.0350456535816192,-0.1342706829309463,0.1148749589920044,0.0014356031315401,-0.0485549420118331,0.0142494644969701,0.073837824165821,0.075127899646759,0.0727678537368774,0.0537030212581157,0.0047493767924606,-0.1066010668873786,-0.0282334256917238,0.1015585735440254,-0.1881857216358184,0.0581706687808036,-0.0542211681604385,-0.0491550751030445,0.1278346627950668,-0.0187719166278839,0.0601495131850242,-0.0856273546814918,-0.0376197807490825,-0.0924782305955886,-0.0336505807936191,-0.0399551168084144,-0.0633578822016716,-0.0742485225200653,-0.0944122746586799,0.1202842220664024,-0.0231315996497869,0.0039004294667392,0.129701480269432,-0.1590684205293655,-0.0269515495747327,0.1190669611096382,-0.0376951768994331,-0.0576530881226062,0.0512156374752521,-0.0999144092202186,-0.0036086488980799,-0.1005874872207641,-0.0839788392186164,0.0642301142215728,0.0647439435124397,-0.0078065195120871,-0.060916107147932,0.1267611533403396,-0.1066422685980796,-0.1274107098579406,-0.0670546665787696,-0.042349386960268,-0.0586678460240364,0.1223173514008522,-0.0310810655355453,-0.0036966204643249,-0.037659041583538,0.0911066383123397,-0.0352971255779266,-0.1399935781955719,0.1411141008138656,-0.0024841432459652,0.0437154471874237,0.0267468504607677,-0.0124009810388088,-0.023738520219922,0.0919166356325149,0.0618309564888477,-0.1621328443288803,-0.188383549451828,-0.0163520406931638,0.1815584152936935,0.0823630839586258,0.093671053647995,0.1062496826052665,0.1188031435012817,-0.0990123152732849,0.0088527286425232,0.1223965734243393,-0.0233545675873756,0.0625791326165199,0.0575323551893234,0.1006743758916854,-0.1150475069880485,-0.0185462422668933,-0.0711847990751266,0.0759247690439224,0.015868192538619,0.0112110041081905,0.1177484095096588,-0.1102766692638397,0.1271533071994781,-0.1167456954717636,0.176993116736412,-0.0294529441744089,0.0891399309039115,0.0533516444265842,-0.1448602080345153,-0.1514547020196914,0.1631941497325897,-0.1285318732261657,0.0078257638961076,-0.1012965589761734,-0.135667622089386,-0.057600911706686,0.0585267953574657,0.0981545969843864,0.0958601757884025,0.0992797315120697,0.0574063509702682,-0.0969755202531814,-0.0972495973110199,0.0927879512310028,-0.097439706325531,0.0925770699977874,0.0989732518792152,0.0985110029578208,-0.0993987992405891,-0.0895685851573944,-0.0349729619920253,-0.0797350630164146,-0.099208265542984,0.0531083680689334,-0.0994871035218238,0.0982407703995704,-0.0965513512492179,0.0985415056347847,0.0825318694114685,-0.0945734977722168,-0.047794684767723,-0.0777182281017303,0.0990673154592514,0.0959859862923622,-0.0689063817262649,-0.0941401794552803,-0.0978000313043594,0.0240858066827058,-0.0975345075130462,0.0777750834822654,0.0972782969474792,0.0933097824454307,-0.0991382524371147,-0.0993443727493286,-0.0893099755048751,-0.0994421020150184,0.0944138094782829,0.0817214250564575,0.0815259367227554,-0.0908046811819076,-0.0647716522216796,0.0939539447426796,0.0990678891539573,-0.0908795967698097,-0.0977115407586097,0.0993588492274284,-0.087278164923191,0.0953643023967742,0.0476372763514518,0.0991867110133171,0.0964558571577072,-0.094402477145195,0.0977431312203407,0.09490517526865,0.0254529025405645,-0.0767392143607139,-0.0975498855113983,0.0976305231451988,0.0870905369520187,-0.0646631717681884,0.0970373004674911,-0.0660426244139671,-0.0859064310789108,0.0989204347133636,0.050343245267868,-0.0951561629772186,-0.0994174629449844,0.0993380770087242,0.098252423107624,-0.0986321121454238,0.0837802663445472,-0.0986922085285186,0.0627627968788147,-0.0946637243032455,0.0934942588210105,-0.0950553715229034,0.0978419184684753,-0.0887039601802825,-0.081401415169239,-0.0942269563674926,-0.099040687084198,-0.0280127041041851,0.0993339717388153,0.0963604822754859,-0.0957432985305786,0.0955884158611297,-0.0405839383602142,0.0991306230425834,0.0971858948469162,0.0830431506037712,-0.0943476110696792,0.0988926365971565,0.0924107432365417,0.0859963372349739,-0.0984934866428375,-0.0255083069205284,0.0525089539587497,-0.0788527727127075,0.0943060144782066,-0.0084549570456147,-0.0918538570404052,0.06369449198246,-0.0984471812844276,-0.0971313193440437,-0.0952820032835006,-0.0986933037638664,0.0985525548458099,-0.0637458637356758,0.0993424952030181,-0.0927669256925582,-0.0923161655664444,0.0930195450782775,-0.0900615379214286,0.0839778631925582,-0.0989401191473007,0.0990069061517715,-0.0523085035383701,0.0986392647027969,0.0980267375707626,-0.0842979550361633,0.0919704586267471,-0.0993541255593299,0.0888190418481826,0.0994431227445602,IAQBMAQIQARJEU-UHFFFAOYSA-N,O=C(c1cccc(Cl)c1Cl)N1CCNCC1
0.0948023647069931,0.0598630309104919,0.0957138389348983,0.1040766909718513,0.0894437581300735,-0.0951892733573913,-0.0892909839749336,0.0679056346416473,0.0130454003810882,0.0835729390382766,0.0347915217280387,-0.0917856395244598,0.0795870646834373,0.0917149931192398,0.1040295660495758,-0.0802798345685005,0.1015936583280563,0.0935411900281906,0.1036878079175949,0.1040764227509498,0.0086137261241674,-0.1004692986607551,0.1009836345911026,0.0019450464751571,0.0615377984941005,-0.1033488884568214,-0.104061484336853,-0.0595580860972404,-0.0140316896140575,0.0983964949846267,0.0367251597344875,-0.0887622460722923,-0.0112769519910216,0.1016280949115753,-0.1040676906704902,-0.102589227259159,-0.0330702252686023,0.1008625850081443,0.1006652116775512,0.0752479583024978,-0.1031160429120063,-0.0192791745066642,-0.1036761254072189,0.1040536612272262,0.1040216907858848,0.1030189022421836,-0.1031451374292373,-0.1040088608860969,0.0299098473042249,-0.0441742129623889,0.103363387286663,0.0296548381447792,-0.1027014777064323,0.1040728017687797,-0.0791961103677749,-0.0359087251126766,-0.0894928127527237,-0.1038298234343528,-0.1034817919135093,0.1033698916435241,0.1010448634624481,0.1031477004289627,0.0914691835641861,-0.0224805418401956,0.1040698662400245,-0.1040265634655952,-0.1040306910872459,-0.101469911634922,0.1003089323639869,-0.1037228107452392,0.0664270892739296,0.1040419042110443,0.1029615029692649,-0.1036191135644912,-0.1023779511451721,0.0799411386251449,-0.1013791561126709,0.1026429235935211,-0.0824734643101692,-0.103855550289154,0.0392323359847068,0.1025781407952308,-0.0757347419857978,0.0306607205420732,0.1010089367628097,0.1019207909703254,0.1032140031456947,0.1037068665027618,-0.1037639006972312,0.1006904914975166,0.101775586605072,0.1019793003797531,-0.0702943056821823,0.102697767317295,-0.1040719449520111,0.0976132601499557,-0.1040157750248909,0.100919984281063,0.0373055450618267,0.1039504781365394,-0.0757707357406616,-0.0297573693096637,0.1039980575442314,0.0975213199853897,-0.1037261933088302,-0.0799981877207756,0.1040663942694664,0.0736256763339042,0.0078279608860611,-0.0915275961160659,0.1023322641849517,0.0985619872808456,-0.0063981008715927,-0.1025253310799598,0.1040729656815528,0.0278846137225627,-0.1039699763059616,-0.0670635402202606,-0.1023650541901588,0.1031092181801796,0.0047841109335422,0.1040363982319831,0.0888416990637779,0.1008000150322914,-0.1025048196315765,0.0195311326533556,-0.0857165828347206,-0.1040527075529098,0.100304327905178,0.0314560383558273,0.0605640262365341,0.0579951480031013,-0.002226079115644,0.0925091132521629,-0.0210695620626211,-0.0071529913693666,0.1002273932099342,-0.0996262207627296,0.1003431230783462,-0.1003415584564209,-0.1003447249531745,-0.100290909409523,-0.0829022005200386,-0.0792872682213783,0.0956041887402534,0.0938705205917358,-0.1003626808524131,-0.0992671102285385,0.0129624493420124,-0.1000421792268753,-0.1003590300679206,-0.0041999276727437,0.1001890897750854,-0.0273849368095397,0.0969560742378234,-0.0847206935286521,-0.1003054678440094,-0.0922193750739097,-0.0930840447545051,0.0612194053828716,-0.1003515645861625,0.1003625988960266,0.0976995453238487,-0.0789626687765121,0.0997629389166832,-0.1003626808524131,-0.0363791473209857,0.021680811420083,0.0996466949582099,0.0982591956853866,0.1003570780158042,-0.1003626734018325,0.0574914626777172,-0.0808901190757751,0.0575103610754013,0.094329833984375,-0.1003617271780967,0.1003580540418624,0.1003615409135818,-0.1003626435995101,-0.1002640277147293,-0.1002867445349693,0.0963117182254791,-0.0998642295598983,0.0998232811689376,-0.1003626808524131,-0.1003300696611404,-0.0988285392522811,-0.0934134647250175,0.0647532939910888,-0.1003210619091987,-0.0915400311350822,0.1003626808524131,-0.0957728922367096,-0.1001033186912536,0.1001710593700409,-0.1003582254052162,0.0726437792181968,0.0041549317538738,-0.1003626659512519,-0.1003606915473938,-0.0996759831905365,-0.1003289744257927,0.0996086597442627,-0.1001259610056877,0.1002200171351432,0.064568854868412,-0.0570824667811393,-0.0990424305200576,-0.0684031024575233,0.1003036648035049,-0.0988309606909751,-0.0994049906730651,-0.1002020239830017,-0.0952907428145408,0.1003297865390777,0.098810464143753,0.0651303082704544,-0.1003353670239448,-0.0977817475795745,-0.0887579768896102,0.1003626659512519,-0.052422646433115,0.1002512499690055,0.1003448739647865,-0.099323384463787,-0.0209478233009576,-0.0214987397193908,0.0998835638165474,0.1003625690937042,0.1000826954841613,0.0512452125549316,0.1003154069185257,0.1003615781664848,0.0614330619573593,0.0959749221801757,-0.1003614738583564,-0.0966778025031089,-0.0989894345402717,0.0747861489653587,-0.10032220184803,-0.063675433397293,0.0905066952109336,0.0915415063500404,-0.1002877578139305,-0.0211864244192838,-0.0513718985021114,-0.0995672568678855,0.100146509706974,-0.0824442058801651,-0.0933713167905807,0.0963762179017067,0.0952162146568298,-0.1003623753786087,-0.0596596673130989,-0.0991546735167503,-0.1002631932497024,-0.0987398698925972,0.1004082038998603,-0.1004832684993743,0.1005133911967277,-0.0999781861901283,0.0993876010179519,-0.1000116989016532,-0.0965031534433364,-0.084397405385971,0.100486122071743,-0.0973725542426109,-0.0327966473996639,-0.0904003605246543,0.0610546432435512,0.0930278748273849,-0.0615645498037338,0.0541623309254646,0.0745014250278472,0.0966327339410781,0.0093206176534295,-0.0727477893233299,0.1003112494945526,-0.0849506184458732,0.100156083703041,0.0951774716377258,0.0984982550144195,0.1005069687962532,0.0997726693749427,-0.0991093665361404,0.1002211421728134,-0.1004853844642639,0.0894760712981224,-0.0488024652004241,-0.090489387512207,-0.1002161353826522,-0.0660334378480911,-0.1005083248019218,-0.098690427839756,-0.0948995351791381,0.1003679260611534,0.0912688001990318,0.0290696639567613,-0.1005121991038322,0.1000450402498245,0.0767655298113823,-0.0939166620373725,-0.1004597544670105,0.0998581424355506,-0.0885158479213714,0.0914827212691307,-0.099152460694313,-0.1005128026008606,0.0945029556751251,-0.0862267538905143,0.0989643633365631,0.0469866506755352,-0.0980667546391487,-0.0909444168210029,0.1004604622721672,-0.0013927343534305,0.0996286794543266,0.1005135253071785,0.0699261948466301,0.0931535363197326,0.060067068785429,0.099067322909832,0.1002845019102096,0.0974879041314125,-0.0830943882465362,-0.1005097404122352,-0.0333893708884716,-0.0868078991770744,0.100486546754837,0.0743893384933471,-0.10050680488348,-0.1004680767655372,-0.0678867921233177,-0.10047547519207,-0.0999444648623466,-0.0562109425663948,0.1005125045776367,0.0444907955825328,0.097318910062313,-0.1005115881562233,-0.0801110193133354,0.0994724929332733,0.0097905118018388,-0.0997151061892509,0.0821937620639801,0.1005056947469711,-0.0142422141507267,0.0963304340839386,-0.1001062467694282,0.079622745513916,-0.1001738384366035,-0.0940790176391601,0.1004170030355453,0.0998526960611343,-0.1005064770579338,-0.1000022962689399,0.0980324745178222,-0.0251121819019317,0.0998785197734832,0.0992561653256416,-0.0562247931957244,-0.0984276831150055,-0.011273019015789,-0.0832040607929229,0.0961822718381881,0.0992360264062881,0.0975364670157432,0.0957959741353988,-0.0993653014302253,0.1005109548568725,-0.0989713743329048,-0.0999266728758812,-0.10047397762537,0.100513570010662,0.100479781627655,0.0073131481185555,0.0601251050829887,0.0304472986608743,-0.0953449755907058,-0.1000254154205322,-0.0484192371368408,-0.040173090994358,0.0986788719892501,0.0441965088248252,0.0188960842788219,-0.070356585085392,-0.0181932784616947,-0.0014573072548955,0.0235159359872341,-0.1122484654188156,0.0509923286736011,0.0314975604414939,-0.0889919474720954,0.074212372303009,-0.0796401128172874,0.1077430471777916,-0.0923172086477279,-0.0297026168555021,-0.1572566777467727,-0.0465726070106029,-0.1218599379062652,0.0691974163055419,0.0606938861310482,0.1038030385971069,0.1457932591438293,-0.0796222239732742,0.0040542255155742,0.1810067147016525,-0.0113677671179175,-0.1366325169801712,0.0296601448208093,-0.0310544017702341,-0.1543495506048202,0.0800177380442619,0.0789118260145187,-0.1854553967714309,0.0997255444526672,0.1706340014934539,-0.0884744897484779,-0.0378506481647491,-0.1477341651916504,0.1240545660257339,0.0707534328103065,0.1087607517838478,-0.1870393604040146,-0.0525777600705623,-0.009224010631442,0.0355830863118171,0.0590355582535266,-0.0301053319126367,-0.0223050974309444,0.0031364772003144,0.1030216366052627,0.0820469483733177,-0.0445469096302986,0.0003919448063243,0.0829810798168182,-0.0185834262520074,-0.1262854039669037,-0.1020509377121925,0.0745804533362388,0.0955023765563964,0.1346043050289154,-0.0913162305951118,0.0140267992392182,0.1126897558569908,0.0067710373550653,0.0470239482820034,-0.118399791419506,-0.0408229194581508,-0.0691391229629516,-0.0690304562449455,0.0980534255504608,0.003656234126538,-0.0024221949279308,-0.0958889424800872,0.0628491044044494,-0.1661913841962814,0.0451223403215408,-0.0406553298234939,-0.1602414697408676,-0.116056703031063,-0.0725961625576019,0.0973896160721778,0.1834904253482818,-0.0698947608470916,-0.2382570058107376,-0.0422380976378917,-0.0312246978282928,0.0091645512729883,0.1179241240024566,-0.0322418585419654,0.0255717542022466,0.0871098935604095,-0.0378691814839839,-0.1314648985862732,-0.0441156700253486,0.031101431697607,-0.0079460907727479,0.0309127643704414,0.112208716571331,-0.0192502997815608,-0.0054012881591916,0.000108173044282,0.0773996040225029,0.0535136461257934,-0.0095104705542325,-0.098378024995327,0.0834893882274627,-0.0343812182545661,-0.0680059045553207,0.1267577707767486,0.1368685811758041,-0.1330933570861816,-0.1014510542154312,0.0232414454221725,0.1160525828599929,-0.0259748827666044,-0.0317267924547195,0.100430928170681,0.0415862500667572,-0.080288752913475,-0.0498033054172992,-0.0234015118330717,0.0022152867168188,0.0813164934515953,-0.0970010757446289,-0.0949916243553161,-0.0340444445610046,-0.1371394395828247,0.0044741202145814,-0.0544020123779773,0.1228076815605163,0.098785251379013,-0.1134295091032981,0.0521428175270557,-0.0018423878354951,0.1254271268844604,-0.1056522130966186,0.1149352416396141,-0.1135560870170593,-0.0143988449126482,0.0956332683563232,0.0904404371976852,0.1243420168757438,0.0854181870818138,-0.0436158925294876,0.0605348534882068,-0.0895300880074501,0.0986202210187912,0.0096764508634805,-0.1051334217190742,0.0796405896544456,0.0316328853368759,0.1238397285342216,-0.1245488077402114,0.1244348138570785,-0.1118111908435821,0.0870171561837196,-0.129932552576065,0.0684109106659889,0.1205044612288475,0.0375761948525905,-0.0059032742865383,-0.1157417967915535,-0.1253079622983932,-0.0321214236319065,0.1014903560280799,-0.0118546551093459,0.058708444237709,0.0843477249145507,-0.0796312913298606,0.0988294407725334,-0.0956594198942184,-0.1090079620480537,0.0377225242555141,0.0169590078294277,-0.0938635319471359,-0.0878355428576469,-0.1027578562498092,-0.0785199627280235,0.0953490585088729,0.0956683158874511,0.1256681084632873,-0.0850415751338005,0.0911842212080955,0.044847298413515,-0.0326911434531211,-0.0190138909965753,0.1204572841525077,0.109855830669403,-0.090906836092472,0.1104171201586723,0.0050298376008868,0.1190497502684593,-0.0059065842069685,0.0714718624949455,0.1038531213998794,0.0603431835770607,0.0220926534384489,-0.0948167443275451,0.0825755298137664,-0.0944491550326347,-0.0164760313928127,0.0902967005968093,0.0677893534302711,-0.1134533807635307,-0.0528516434133052,-0.0475250706076622,-0.112630009651184,-0.1053591072559356,0.0831073299050331,-0.0528334714472293,-0.1274612545967102,0.113620713353157,-0.0914763659238815,-0.0289455540478229,0.0153550235554575,-0.0732161700725555,0.0508287698030471,0.1268988698720932,0.0281259473413229,0.0038934987969696,-0.1293405145406723,0.0745716243982315,0.1225823685526847,-0.0163323674350976,0.1239017844200134,-0.0130576007068157,-0.102652408182621,0.1074154824018478,0.0943683683872222,-0.0812198966741561,-0.1224336549639701,0.0539075769484043,0.0872185230255127,0.1264898627996444,0.0114471139386296,0.1015216708183288,-0.0878137126564979,0.068003810942173,-0.07131078094244,0.1068614795804023,0.0816452205181121,-0.1175358891487121,-0.0811231657862663,-0.0036970903165638,0.1218148246407508,-0.0888643786311149,0.1111651957035064,-0.0026888770516961,-0.1285553723573684,-0.0525400787591934,-0.0920741185545921,0.0802642032504081,-0.1205282881855964,-0.1078002005815506,-0.1157490685582161,-0.0060117109678685,0.0420796647667884,-0.135949432849884,0.0106880720704793,-0.0600530691444873,0.1160287111997604,0.1181318387389183,0.1579725295305252,0.1617640852928161,0.0504784509539604,0.1044175624847412,0.1189968436956405,0.0170482099056243,0.0752057433128357,-0.1074004173278808,0.0092008095234632,-0.0455941632390022,0.088320605456829,-0.0606343932449817,-0.0056828479282557,-0.0605853274464607,-0.1087528839707374,0.0872310101985931,-0.0200140476226806,-0.0927933678030967,0.0946782156825065,-0.0469481870532035,-0.0145880365744233,-0.0836316645145416,-0.0223238803446292,-0.090294249355793,-0.0580976642668247,0.0407167635858058,-0.1381775885820388,-0.0013046007370576,-0.0947852507233619,0.0246989540755748,0.0840099453926086,0.1050425842404365,0.0156632959842681,0.0215044617652893,-0.0219484474509954,-0.0026142806746065,-0.0902583077549934,-0.0643867030739784,0.0718128979206085,-0.0051405313424766,0.040986567735672,0.0191982351243495,0.0350935012102127,-0.0367885567247867,-0.0816440358757972,0.0831261724233627,-0.0917043313384056,0.1032702699303627,-0.0352475345134735,-0.0342494137585163,-0.1297311037778854,-0.1168971583247184,-0.0108667276799678,0.142949029803276,0.0783761516213417,-0.0188922826200723,0.1560842543840408,-0.01487972214818,0.0257256831973791,-0.1035751849412918,-0.0212782211601734,-0.041574478149414,0.0346939601004123,0.0052127032540738,0.0097096711397171,-0.0646504908800125,-0.0346149019896984,0.1381646543741226,-0.1244911774992942,-0.009496085345745,0.0537186451256275,-0.1202423498034477,-0.0981715247035026,-0.0871709063649177,0.0387983694672584,-0.1265506446361541,-0.0795649886131286,-0.0094217648729681,-0.1019176021218299,-0.0761537104845047,-0.1123265773057937,-0.0923471897840499,-0.1238688826560974,-0.1417306363582611,-0.1123409420251846,0.1522286236286163,0.1140814796090126,0.0247459523379802,-0.0305677019059658,-0.0798723772168159,0.0963509380817413,0.1466100364923477,0.1447332501411438,0.1043866425752639,0.0115830423310399,-0.0745067670941352,0.0149623332545161,0.0474546961486339,0.1341930031776428,0.0943043678998947,0.1130924746394157,-0.0070320074446499,0.0548803135752677,-0.0787529796361923,-0.1210805550217628,0.0633765906095504,0.1284661591053009,-0.1367157846689224,0.1704734563827514,-0.1588464081287384,0.119899682700634,-0.1511724442243576,0.0050526107661426,0.1116340681910514,-0.0456840135157108,0.148098886013031,0.1322233974933624,-0.0052896626293659,-0.0368824079632759,-0.1020917221903801,0.1147074326872825,0.0140722310170531,UBFMPVIINYUCFK-UHFFFAOYSA-N,CN(C)C(=O)CCc1cccnc1
-0.1039232686161995,0.1039337813854217,-0.104142352938652,-0.1041249707341194,0.0229942463338375,-0.1038438230752945,0.1036851033568382,0.0257012043148279,0.0617953352630138,-0.1000398993492126,-0.0527777671813964,-0.0181970428675413,0.1012243330478668,0.0916973277926445,0.1037172600626945,0.0964234173297882,0.056035291403532,-0.0870982781052589,-0.0808035358786583,-0.1019970923662185,-0.0533206835389137,-0.1035496443510055,-0.0921695902943611,-0.1029647588729858,-0.1025707125663757,-0.0975746810436248,-0.0567508824169635,-0.0664017871022224,-0.1039163395762443,0.0986809134483337,0.068306416273117,0.1012927591800689,-0.1038422808051109,-0.1026352122426033,-0.1040934398770332,-0.1036565229296684,0.1041375771164894,0.101894773542881,0.0482569709420204,0.0894573852419853,0.0907642096281051,0.1040785461664199,-0.0949744060635566,0.0132372695952653,0.1026236787438392,0.0986090749502182,-0.0023315451107919,-0.0998703762888908,0.0168500449508428,-0.0564674921333789,-0.1020489111542701,-0.103898748755455,0.0531889572739601,-0.0567921586334705,-0.1037449762225151,-0.0158655159175395,0.1039671227335929,0.1030778139829635,0.1010097190737724,0.1037221252918243,0.0111106829717755,-0.1022431850433349,0.1012060120701789,0.1041139811277389,-0.1035704389214515,-0.1038190200924873,-0.1010620445013046,0.1006193086504936,0.0622230842709541,-0.0806414037942886,-0.0983967408537864,-0.1041391268372535,0.0951911583542823,0.0847813710570335,0.0480550564825534,0.1021723672747612,-0.1034275963902473,-0.1021423861384391,0.0609836168587207,0.1005304232239723,0.1036949679255485,0.1010035648941993,-0.0688780471682548,-0.1040679886937141,0.0699894055724144,0.1034886986017227,0.0622977092862129,0.0556242913007736,0.0976441726088523,0.0253765694797039,0.10406544059515,-0.1041304096579551,0.1019301936030387,-0.0884314402937889,0.1002878248691558,-0.0084344707429409,0.1041420400142669,-0.1011192575097084,0.0277654416859149,0.0732475444674491,0.1041419506072998,0.104109801352024,0.0946276485919952,-0.0744422748684883,0.0876671001315116,-0.1041427105665206,-0.0722637325525283,-0.0998822823166847,-0.0665179565548896,-0.1041389778256416,-0.1041334941983223,0.0897419527173042,-0.0069131888449192,0.091920793056488,-0.0741536915302276,0.081668846309185,0.1041067466139793,0.0874335542321205,0.0949095711112022,0.0825119316577911,0.0968783423304557,-0.1008212864398956,-0.0834101364016532,0.0864459350705146,0.1025222092866897,-0.0591696947813034,0.0817578956484794,-0.0958693102002143,-0.0715192481875419,0.1044390201568603,0.0840880647301673,-0.1132569760084152,0.0228544864803552,0.0301865711808204,0.055371768772602,0.0952333137392997,-0.0658993795514106,0.0842903107404708,-0.0942312553524971,-0.0030241874046623,0.1133322492241859,0.1103829368948936,0.1118896007537841,0.0396474488079547,-0.1127834916114807,0.1135588735342025,0.0887116119265556,-0.1027303263545036,-0.0219065863639116,-0.0788593515753746,-0.0450176894664764,-0.0424669347703456,0.0728750601410865,0.1121101230382919,-0.0436222255229949,0.0899756103754043,0.1076375693082809,-0.1139354705810546,0.1130454018712043,-0.1084523275494575,0.0025710272602736,0.0537713319063186,-0.1121550872921943,0.1135122776031494,0.1111511439085006,0.0795873701572418,-0.0382198207080364,-0.0707660689949989,0.0346836559474468,-0.1001737713813781,-0.1128392070531845,-0.1045347452163696,0.1129544824361801,0.1130744814872741,-0.1131892949342727,-0.1094426065683364,0.0601003356277942,-0.0470017939805984,0.0823561549186706,-0.0220800451934337,-0.0187575351446867,0.1127879247069358,0.1137213259935379,-0.090826392173767,-0.0392986424267292,-0.0932661816477775,0.0794713124632835,-0.0836299434304237,-0.082347847521305,0.1106654182076454,-0.0843851640820503,-0.1011209636926651,-0.1134891137480735,0.0736237913370132,0.1017138287425041,0.0677184537053108,0.1046211048960685,0.1069076880812645,-0.1077934131026268,0.1135676950216293,0.1038984730839729,-0.0490387864410877,-0.1105828657746315,-0.0400098972022533,0.1075038611888885,0.0632379129528999,-0.1099905744194984,0.0623399168252944,-0.026031345129013,-0.0103345932438969,0.1058246791362762,-0.09903085231781,-0.0061701629310846,-0.1082162484526634,-0.1032302379608154,0.0227528978139162,-0.084171824157238,-0.1072194725275039,0.1128734573721885,0.1139436289668083,-0.0713240876793861,0.0906694531440734,0.0025811272207647,0.0854207873344421,0.1132920309901237,-0.0015673178713768,-0.1079629436135292,0.1013087630271911,-0.1136746630072593,0.0333522036671638,0.0865262970328331,-0.1131220757961273,0.0974785611033439,-0.0595673955976963,0.09414953738451,0.0751283913850784,-0.0939528346061706,0.1034739837050437,0.1135636642575264,0.1138481721282005,0.1134465262293815,-0.0975702926516532,0.073166973888874,0.1134341657161712,0.0656581670045852,-0.1083307415246963,-0.0628704875707626,-0.0132150892168283,-0.0478982105851173,-0.0976061820983886,-0.0335668250918388,-0.1026177555322647,0.0635078102350235,-0.1095097437500953,0.1066550984978675,-0.1070721298456192,0.0906580239534378,-0.0775489509105682,0.0954375490546226,0.0963218510150909,-0.0973367244005203,0.0983216986060142,0.0980116873979568,-0.0240094792097806,-0.0965545922517776,-0.0953395292162895,0.0355502106249332,-0.0770409554243087,0.0950505882501602,0.0904159545898437,0.0886805951595306,-0.0976534634828567,-0.0917103737592697,0.0344391278922557,-0.0927735716104507,-0.0675235092639923,0.0983220785856247,-0.0980001166462898,-0.0980579107999801,0.0773056596517562,0.0941888839006424,-0.0718646794557571,0.0972411930561065,-0.0384255833923816,0.0979230254888534,-0.0981958210468292,-0.0982860103249549,-0.0957530289888382,0.097335509955883,-0.0982526466250419,0.0979618206620216,0.0858207270503044,0.0950153917074203,0.0916078761219978,0.0983220189809799,-0.0960745811462402,-0.0975462570786476,0.0974079594016075,0.0981042459607124,0.09827920794487,-0.0983182191848754,0.0983181968331337,-0.085426315665245,-0.0980590358376503,-0.0979919955134391,-0.0927913784980773,-0.0969240888953208,0.0973139107227325,-0.0921181067824363,-0.0751034542918205,-0.0976369827985763,0.097257912158966,-0.0980909168720245,-0.0862350165843963,-0.097588300704956,0.0954036340117454,0.0982895642518997,0.0140270227566361,-0.0978908091783523,0.0938441008329391,0.0909954756498336,-0.0981887951493263,-0.035787783563137,0.0930759459733963,-0.0152464359998703,-0.0971750542521476,0.0955445244908332,0.0982902944087982,0.0892746448516845,-0.0983217880129814,-0.0693468824028968,0.0763683542609214,-0.0971051603555679,0.0921667069196701,-0.0933919474482536,-0.0973619520664215,0.0143534773960709,-0.074621558189392,-0.0942305028438568,-0.087068386375904,0.0946057066321373,-0.0465180464088916,-0.0979044511914253,0.0957524478435516,0.0396985113620758,-0.0486793369054794,0.0700438991189003,0.0890638902783393,0.0982996821403503,0.0409083478152751,0.0849246755242347,0.0983194038271904,0.097966618835926,0.0766495913267135,-0.0983181893825531,0.0946286097168922,0.0983220860362052,0.0979088693857193,0.0366631969809532,-0.0960115268826484,0.0942516922950744,0.0958835408091545,-0.0804230645298957,0.0977446660399437,-0.0982165336608886,0.0935915932059288,-0.0824156254529953,0.0981405228376388,-0.098148688673973,0.0671694204211235,-0.0857730209827423,-0.0976337864995002,-0.0949820801615715,-0.0974495634436607,-0.0981806442141532,0.0905332267284393,-0.0733928307890892,0.0982511639595031,0.0979798659682273,0.0963828340172767,0.0894422382116317,-0.0456210970878601,0.0743341520428657,-0.0922833979129791,0.1139851287007331,-0.0858535394072532,0.044412899762392,-0.0566486455500125,-0.1223939508199691,0.0931276530027389,0.011977489106357,0.1329761147499084,-0.0570642799139022,-0.1149503365159034,0.0870259404182434,-0.0693169012665748,-0.0022785812616348,0.119570255279541,0.0730747953057289,0.0079285725951194,-0.1251912117004394,0.0250507742166519,-0.0832074880599975,-0.1035733819007873,0.0226867403835058,0.1082483604550361,0.0215932372957468,0.059985913336277,-0.0873384326696395,0.0654206648468971,-0.1002126932144165,-0.07750254124403,-0.096344269812107,0.0006497201393358,0.1212381422519683,0.0911563634872436,-0.1149792298674583,0.1196226105093956,-0.001240806072019,-0.1350000202655792,-0.1117572635412216,-0.1253815740346908,-0.0920335426926612,-0.0723621323704719,0.1008865013718605,0.1073257103562355,-0.0814578682184219,0.0226785391569137,-0.0936797782778739,-0.0501549020409584,0.0326713547110557,0.0822657644748687,0.1279498636722564,-0.0774381905794143,-0.0643344148993492,0.1027378737926483,0.0486191138625144,0.1020741611719131,-0.1225162595510482,-0.0106794498860836,0.0523475781083107,-0.0499748811125755,0.1056075096130371,0.0762702301144599,-0.104100152850151,-0.0653326585888862,0.0139449937269091,0.1240614354610443,0.1080693006515502,-0.0991128906607627,0.0656101182103157,0.0843288078904151,0.1033329963684082,-0.0637334138154983,-0.0963689759373664,0.0872819274663925,-0.1139886453747749,0.1301825940608978,-0.1332505941390991,0.0350584834814071,0.1095701456069946,-0.0022430182434618,-0.110493503510952,-0.0356714203953743,0.0090480195358395,-0.1234649941325187,-0.0868735834956169,-0.1079287827014923,-0.0239089727401733,-0.0129729937762022,-0.0415485724806785,0.1279052942991256,0.0081551484763622,0.0883881598711013,0.1082799360156059,0.0555404536426067,-0.0802802368998527,0.0484844706952571,-0.1109148189425468,0.0431006662547588,0.0810288786888122,-0.0445633456110954,-0.0376826152205467,-0.0294188596308231,-0.0081407465040683,0.1251282691955566,-0.0677914023399353,0.1130242422223091,-0.1221285685896873,-0.1214164271950721,-0.126409038901329,0.1197544485330581,0.0086767962202429,-0.0235831867903471,0.0432890355587005,0.1289656311273574,0.0771806538105011,0.1070935875177383,-0.1113992556929588,0.1135035380721092,0.0841559544205665,0.0421538054943084,-0.1324553787708282,-0.095183216035366,-0.104123555123806,0.1013887673616409,-0.0761218145489692,0.0614750236272811,-0.0922326147556305,-0.1325683444738388,0.1188202127814292,-0.1015781983733177,-0.0900753289461135,-0.0900753661990165,-0.0900753661990165,0.0900725498795509,0.0894435793161392,0.0662708729505539,0.0900751948356628,0.0900753661990165,0.0900742262601852,0.0900738835334777,-0.0900342389941215,0.0900751575827598,-0.0900752916932106,-0.0900753587484359,0.0895469933748245,0.0900753661990165,0.0900753587484359,-0.0900280624628067,-0.0900691375136375,-0.089781142771244,0.0900753587484359,-0.0864974930882453,-0.0900469422340393,0.0900753363966941,0.0900753661990165,0.0878679901361465,0.0898949801921844,0.0900686532258987,0.0900737196207046,-0.0900753661990165,0.0899999737739563,-0.0900753661990165,0.0877158567309379,0.0900753661990165,0.0900753661990165,0.0900751426815986,0.0900753214955329,-0.0900745913386344,-0.0900744348764419,-0.0900753065943718,-0.0899756029248237,0.0885591134428978,-0.0900753661990165,0.0899618864059448,0.0900753661990165,0.0900730267167091,-0.0898384898900985,-0.0892894715070724,0.0900752916932106,0.0900721549987793,-0.0900748968124389,-0.0895895734429359,-0.0900736823678016,-0.090060755610466,-0.0900753661990165,0.0900752767920494,-0.0900747552514076,0.0900735110044479,-0.0894157886505127,0.0897811651229858,-0.0900708213448524,-0.0180811546742916,-0.0900752991437912,0.0900607109069824,-0.0899756625294685,0.0900753661990165,0.0900753661990165,0.0900740027427673,0.0900753661990165,0.0900738388299942,-0.0900686383247375,-0.090064987540245,0.0867517739534378,0.0900437086820602,0.0899289399385452,-0.0900753661990165,0.0900745019316673,0.0877741575241088,-0.0900753661990165,-0.0900151431560516,0.0900165066123008,0.0900753661990165,0.0900753661990165,0.090054415166378,-0.0897945463657379,0.0900753661990165,-0.0258925147354602,-0.0900582000613212,-0.0900745317339897,0.0892868861556053,0.0900705829262733,0.0896458700299263,-0.0900753661990165,-0.0900753587484359,0.0670749843120575,-0.0900540798902511,-0.0900753661990165,0.090064637362957,0.0900749117136001,-0.0900753661990165,-0.0900752618908882,0.0900747925043106,0.0900753661990165,0.0900434181094169,-0.0900753363966941,0.083358459174633,0.0254793092608451,-0.090054914355278,0.0900753661990165,-0.0900753661990165,-0.0900753661990165,-0.0900160074234008,-0.0900753438472747,-0.0896772593259811,-0.0900753661990165,-0.0900724306702613,0.0900636985898017,-0.0900728926062583,0.0900753661990165,-0.0900753661990165,-0.0900547131896019,-0.0900730192661285,0.090075135231018,-0.069266676902771,-0.0900615155696868,-0.090002954006195,-0.0900753661990165,-0.0899597182869911,0.0907038450241088,0.0906557813286781,-0.0302773360162973,0.0894655287265777,0.0897102281451225,-0.0907119140028953,0.0906214788556099,-0.0907118767499923,-0.0906152725219726,0.0905600488185882,-0.0899562016129493,0.0907119065523147,-0.0907118022441864,-0.0907075181603431,0.0907097980380058,0.0906853750348091,0.0907092317938804,0.089905209839344,-0.08267842233181,-0.0903527066111564,-0.0907119140028953,-0.0810785293579101,-0.0305831190198659,-0.0897043719887733,0.0906819850206375,-0.0907118767499923,0.0907115265727043,-0.0907095223665237,0.0907119140028953,-0.0901248678565025,-0.0906691327691078,0.0905413255095481,-0.0907119140028953,-0.0906878560781478,0.0907118916511535,0.0865393728017807,-0.0906532481312751,0.0907119140028953,0.0907113552093505,-0.0907097458839416,0.0907118320465087,0.0907119065523147,0.0907112136483192,0.0907119140028953,-0.0891701504588127,-0.0409487709403038,-0.0907119065523147,0.0907119140028953,-0.0890105813741684,0.0907119140028953,0.0907116308808326,-0.0907119140028953,0.0907118916511535,-0.0907119065523147,-0.0905316025018692,-0.0907118618488311,0.0903536677360534,-0.0883689597249031,0.0907119140028953,-0.0906828865408897,-0.0907118991017341,0.0905106589198112,-0.0905773267149925,-0.0907047912478447,-0.0907103419303894,0.0907080769538879,0.0907047837972641,0.0907119140028953,0.0838551893830299,-0.0907028540968895,-0.0907116532325744,0.0888868123292923,-0.0907118842005729,-0.0907119140028953,0.0900718793272972,0.078949749469757,-0.0906241312623024,-0.0907119140028953,0.089010015130043,-0.0907119065523147,0.0907114669680595,-0.0907119140028953,0.0907119140028953,0.0907095968723297,-0.0898767858743667,0.0907118469476699,0.0907113403081893,0.0902914628386497,0.0907119140028953,-0.0907115265727043,-0.0907117649912834,0.090711772441864,0.0907118618488311,-0.0907119140028953,-0.0904062539339065,-0.0906179249286651,-0.0907119140028953,0.0907069966197013,-0.0907119140028953,0.0730705857276916,-0.0822507366538047,0.0907118916511535,0.0907119140028953,-0.0746274441480636,-0.0888422429561615,-0.0907119065523147,-0.0504243597388267,-0.0899426788091659,0.0907117500901222,-0.0897051990032196,-0.0905605480074882,-0.0901041775941848,0.0906888097524643,-0.0906706824898719,-0.0907093361020088,0.0907119140028953,-0.0906264781951904,-0.0907062068581581,-0.0906259715557098,0.090711772441864,-0.0907008126378059,-0.090544044971466,-0.0907119140028953,0.0905474349856376,0.0907117128372192,-0.067124992609024,0.0907105207443237,-0.0619533509016037,JUXXIYAVSKUWCR-UHFFFAOYSA-N,COc1ccc2ncc(F)c(CCC34CCC(NC(=O)c5ccc6c(n5)NC(=O)CO6)(CC3)CO4)c2n1
0.0073102111928164,0.1025805622339248,0.0738791152834892,0.0627777203917503,-0.0761696472764015,-0.1038270071148872,-0.1074026599526405,-0.0164780411869287,-0.0924697592854499,-0.0901795849204063,-0.03857147321105,-0.0922538861632347,-0.0024618392344564,0.0677850246429443,0.1065891087055206,0.0408208705484867,-0.1078390479087829,0.1077449843287468,-0.1064414232969284,0.0911693647503852,-0.1031983792781829,0.1026520431041717,0.1075790375471115,-0.0913070291280746,-0.0550946556031703,-0.0941809564828872,0.0721401497721672,0.0911137983202934,0.0956451147794723,0.1016813889145851,0.0448729656636714,0.0865650326013565,0.1049765273928642,-0.0775548219680786,0.1066346615552902,0.1069655418395996,0.1074762716889381,0.0135308289900422,-0.1074540838599205,-0.1078132390975952,-0.1061160266399383,-0.0793354287743568,-0.0958996415138244,-0.1072117835283279,0.0082980711013078,-0.1063976064324379,-0.0608896501362323,-0.1012854725122451,-0.0684689283370971,-0.1077129542827606,-0.0978135541081428,-0.0720690563321113,-0.1000322252511978,0.1078465729951858,0.104782797396183,0.0994359999895095,0.0984500497579574,-0.1060579344630241,0.1032370030879974,-0.069371074438095,0.1076502427458763,0.1077939569950103,-0.0668463632464408,-0.0515295304358005,-0.1078325361013412,0.1075447499752044,0.1015609502792358,-0.0654114484786987,-0.0883218497037887,0.0154765136539936,-0.0480242036283016,-0.1029782593250274,-0.00622224714607,0.1068443953990936,0.0937750935554504,-0.0797675848007202,-0.1055175885558128,0.0866395384073257,0.1011508032679557,-0.09433014690876,-0.004579456988722,0.107794240117073,0.1076864004135131,0.0865297615528106,-0.096906840801239,-0.1052373275160789,0.10271468013525,0.0222252197563648,-0.0959244221448898,-0.0908768326044082,0.1077683642506599,0.106868140399456,0.0985384806990623,-0.0472625233232975,0.0847010165452957,-0.0657839104533195,-0.0294166952371597,0.107837475836277,0.0750609785318374,0.1062827780842781,0.096382163465023,-0.1072880253195762,-0.0615741834044456,0.1077620312571525,-0.0825096443295478,-0.062633492052555,-0.0720019191503524,0.0190346371382474,-0.1078206449747085,0.1024723351001739,0.1023075655102729,-0.0689409077167511,-0.1065051034092903,-0.0982895940542221,0.0252676699310541,0.0530355013906955,-0.1042528823018074,-0.1000879630446434,0.0983356237411499,0.1074835062026977,-0.0065984348766505,-0.0657770633697509,0.1070715934038162,-0.0407258421182632,0.1074551418423652,0.105313129723072,0.0947485864162445,-0.0779326632618904,0.1035201773047447,-0.0991350933909416,0.0201294831931591,0.10313630849123,0.0819143578410148,0.0473193638026714,-0.0847415477037429,0.103043146431446,0.1033301129937172,0.1034330353140831,0.0176496561616659,0.1030824705958366,0.103359043598175,0.067487433552742,0.1018557175993919,-0.0130841499194502,-0.0332788117229938,-0.0451385490596294,-0.0681376010179519,-0.09017925709486,-0.0510046705603599,-0.0712710991501808,-0.1009933054447174,-0.0856767073273658,0.0207844842225313,0.1032476499676704,-0.1035086438059806,0.0478031001985073,0.0132247991859912,-0.1021103262901306,-0.1028881594538688,-0.0909882262349128,0.0982154458761215,0.1033033058047294,0.0907975807785987,0.1034153997898101,0.0085857333615422,-0.10178192704916,0.0656896531581878,0.0960936024785041,0.1027648746967315,0.0013158803340047,-0.1029610186815261,-0.0701797679066658,0.1008498668670654,-0.0875461921095848,-0.1035110205411911,-0.0566083118319511,0.0991836041212081,0.1035113930702209,-0.0978008434176445,0.1003470495343208,-0.1010601073503494,0.0975213721394538,-0.0884336754679679,-0.102131076157093,-0.0841162875294685,-0.0954636633396148,-0.0893613845109939,-0.1035147830843925,0.0933517813682556,0.0077669299207627,-0.1028623133897781,-0.0177969392389059,0.1035088151693344,0.0939513891935348,0.085825890302658,0.1032973304390907,-0.1033767834305763,0.1027012318372726,-0.0811302661895752,-0.1009057834744453,-0.0324905328452587,0.0187133103609085,-0.1016636118292808,-0.1033084616065025,-0.1034839823842048,0.1034463122487068,-0.1033972278237342,-0.1016210168600082,-0.1034774929285049,0.0983498245477676,-0.100717507302761,0.1023548990488052,-0.0993734821677208,0.0684406906366348,0.1022689044475555,-0.0998710319399833,-0.0686885714530944,0.1030246913433075,-0.0822899341583252,-0.1011099815368652,0.0942154675722122,0.0929247736930847,0.0593261048197746,0.1034634560346603,-0.0953787788748741,0.0611718632280826,-0.1015489920973777,0.1030724048614502,0.0540441051125526,-0.1015786230564117,-0.0971233695745468,-0.0922120064496994,-0.1017350107431411,-0.0962546840310096,-0.1026689112186431,0.0825576856732368,-0.0984716787934303,-0.0917370915412902,0.0192474666982889,0.1030664443969726,-0.0984290391206741,0.045108500868082,0.0030234579462558,0.1033588647842407,-0.1034335866570472,0.0934359282255172,0.0967052951455116,-0.1033264845609664,0.1027140617370605,-0.1034872010350227,0.0173457004129886,0.1033390834927558,-0.0658232048153877,-0.1020620167255401,-0.0913227126002311,0.0797689408063888,0.0727585703134536,-0.0572050251066684,-0.0900617986917495,-0.0204153135418891,0.1051741242408752,0.1046458408236503,-0.0120537728071212,0.1034038960933685,0.1049756631255149,0.1042594909667968,0.0282088201493024,-0.0999557226896286,-0.1051626726984977,-0.1022284477949142,0.1052962318062782,0.1017095521092414,-0.1052015349268913,0.1022296398878097,0.1040844246745109,-0.0059375106357038,0.1029084846377372,0.105124682188034,0.10391466319561,0.1031691506505012,-0.105026476085186,-0.0513497069478035,0.1013255342841148,0.031264130026102,0.0964322835206985,-0.1035641357302665,0.0938334912061691,0.0883149951696395,-0.1047551929950714,0.0253474805504083,-0.0282746702432632,0.0712062567472457,-0.1029428616166114,-0.0593213811516761,-0.1040222570300102,-0.0737826228141784,0.1049669384956359,-0.0973310247063636,-0.0932730883359909,-0.1052656173706054,0.1030353233218193,-0.0972167924046516,0.0696751400828361,-0.1039501801133155,-0.1031854376196861,-0.0536008402705192,0.0920342653989791,-0.1047239825129509,0.0316886194050312,0.1052961647510528,-0.1051760017871856,0.0511594898998737,0.104639783501625,0.1034904569387435,-0.1023226380348205,-0.0076310154981911,0.1042321845889091,-0.0724184662103653,-0.0042046778835356,-0.0512164384126663,-0.0474558733403682,0.0262253545224666,0.1008398234844207,0.0982009023427963,0.1052961647510528,0.1048684567213058,-0.0626184791326522,-0.0637163668870925,0.0994174256920814,-0.092256411910057,0.0469377487897872,-0.0815015658736229,0.1052623763680458,0.0917760729789733,0.1052500158548355,-0.0857726857066154,-0.105006456375122,0.1049890592694282,0.1050992608070373,0.0939754843711853,-0.1027025505900383,0.0701560378074646,0.1047680303454399,-0.1052527278661727,-0.0563493072986602,-0.1051502525806427,-0.1051165014505386,-0.0757867097854614,0.1052811965346336,0.0958864465355873,-0.0923719331622123,-0.1052931696176529,-0.0043521467596292,-0.0987138301134109,0.0075936997309327,0.0683018565177917,-0.0330236032605171,0.1052771732211113,0.0943471416831016,-0.1051563322544097,-0.1052839457988739,0.1052622199058532,-0.1049610674381256,0.0996987968683242,0.1052768528461456,-0.1048202663660049,-0.0235095471143722,-0.1044126078486442,0.0453767515718936,-0.0789600536227226,-0.1052222326397895,-0.0857239589095115,0.1052498370409011,-0.0180600937455892,0.0515315011143684,0.0771470740437507,-0.090730495750904,0.1040162295103073,-0.1009394749999046,0.1052922159433364,-0.1047965884208679,-0.0646199807524681,0.0943828597664833,0.0337783172726631,-0.1175368055701255,-0.0884972810745239,-0.0530367419123649,-0.0050865332596004,0.0629849284887313,0.1093593016266822,-0.0464788563549518,-0.0111852828413248,0.0214460231363773,-0.0119880111888051,0.0571317449212074,-0.0944497212767601,0.0633486062288284,-0.0813428312540054,-0.0280175786465406,-0.0987331271171569,0.1036911532282829,0.0795795246958732,-0.1403061747550964,-0.011047912761569,-0.036550723016262,0.1053535863757133,-0.0866100117564201,0.1500888764858245,-0.0899111106991767,-0.0706676542758941,0.0374494194984436,-0.1040823683142662,0.0095896096900105,-0.0893130898475647,-0.0730625316500663,-0.0884128436446189,-0.03427604585886,0.0267438944429159,0.0733672156929969,0.0533580258488655,0.0730175226926803,-0.0745055079460144,0.0930616706609726,0.1451459378004074,0.12098278850317,-0.1345323622226715,-0.1267700791358947,-0.1054782643914222,0.1147564947605133,0.1202318593859672,-0.0491740554571151,-0.0675552487373352,-0.0679994747042656,0.1273270100355148,0.076508954167366,-0.0995315760374069,0.1274682730436325,0.1322067081928253,-0.1365700960159301,-0.102464385330677,-0.118752896785736,-0.0060173147358,0.0150269903242588,0.123663805425167,-0.1485404223203659,0.0567125640809536,0.0256659667938947,0.1003031283617019,-0.0319285988807678,0.105532206594944,-0.0589884594082832,-0.0912768691778183,0.0938735380768776,0.0308598559349775,0.1089459657669067,-0.086957186460495,-0.1243140622973442,0.1416635513305664,-0.0966691672801971,0.102460391819477,-0.0644776001572609,-0.1056321635842323,-0.0595655851066112,-0.0331040881574153,-0.0249655116349458,0.1298649758100509,0.0259588975459337,-0.1470726430416107,-0.0647510662674903,-0.0443775281310081,0.0550650469958782,0.0866104513406753,0.0017062573460862,0.1196217238903045,0.1435073465108871,-0.1111641526222229,-0.1006172448396682,0.0729521512985229,0.0443633422255516,0.0057084369473159,0.1082672700285911,-0.1235944107174873,-0.0743464604020118,-0.1029511615633964,0.0402136258780956,0.0976020619273185,-0.1291031688451767,0.0763817057013511,0.0098087778314948,-0.0033794923219829,0.0112135633826255,0.0504724234342575,-0.0547542348504066,0.0142949800938367,-0.1109490394592285,-0.1251733750104904,-0.0665822029113769,0.1297376602888107,-0.0370751433074474,-0.1052528470754623,0.0845316126942634,0.1386850178241729,-0.0528074130415916,0.0907179415225982,0.0700007081031799,-0.0134569220244884,0.0974694043397903,0.1057606190443039,0.0335350520908832,0.1249123215675354,-0.1131364628672599,-0.0152361271902918,-0.1092583760619163,0.0898508504033088,0.1316062957048416,-0.1073832735419273,0.1109328791499137,0.0711524486541748,0.1540415585041046,-0.0155210001394152,0.092480257153511,0.1030819118022918,-0.04549041390419,0.1087947636842727,0.0637920647859573,0.0753337740898132,-0.0728732496500015,-0.0252222027629613,0.0402629561722278,0.0914728194475174,-0.0379714183509349,0.1371873021125793,0.0869873613119125,0.0328663364052772,-0.1110593080520629,0.0894033163785934,-0.0747748091816902,0.0515931956470012,-0.1568349450826645,0.1502574533224105,-0.1043646410107612,0.0774364024400711,0.0969953760504722,0.0513170659542083,0.1150988042354583,0.0449707098305225,0.0329174287617206,0.0158466789871454,0.113441452383995,-0.135219931602478,0.0137860206887125,0.0272085517644882,-0.0468046888709068,0.0291656181216239,-0.1552272737026214,0.0119690475985407,0.0281089041382074,-0.0024983906187117,-0.1411022990942001,0.0463547483086586,-0.0538830086588859,-0.0367877297103405,-0.0362111441791057,0.0830087885260582,0.0297829192131757,0.0496992394328117,0.0481326654553413,-0.0112428637221455,-0.1217178329825401,-0.0021848685573786,0.1327678561210632,-0.0709932446479797,-0.0903759822249412,0.0098502105101943,-0.1237077265977859,0.1254194527864456,-0.1007231920957565,0.0310757420957088,0.0237617101520299,0.0927262157201767,-0.040221519768238,0.1047089993953704,0.0316097065806388,-0.1186621561646461,-0.1245233863592147,-0.0742452070116996,0.1367693096399307,-0.1594640016555786,0.0566668696701526,-0.0830488801002502,0.0985660403966903,0.0660552829504013,0.0890000090003013,0.0816644504666328,-0.0590735711157321,0.1406252086162567,-0.0340233333408832,0.0170754194259643,0.0466709211468696,-0.1026366278529167,-0.0756119191646575,0.0895164236426353,-0.0055952435359358,-0.0337544567883014,-0.1649567186832428,-0.087420642375946,0.1301058381795883,0.0936822667717933,0.0838068351149559,-0.011137961409986,0.1479963660240173,-0.0399211123585701,-0.0680737942457199,0.0696949809789657,0.0354955270886421,0.122160792350769,-0.009817692451179,0.0258273817598819,0.1205086931586265,0.0514997579157352,-0.0097553087398409,-0.0928666368126869,-0.161010056734085,-0.0542417354881763,0.1582440882921219,0.0008128331974148,0.0453980788588523,0.0995208919048309,0.1440041363239288,-0.1447878032922744,0.1289075762033462,0.0865126848220825,-0.091595359146595,-0.0603379793465137,0.0300628021359443,-0.0531587451696395,-0.1258555799722671,-0.0386702828109264,-0.0715048313140869,-0.0772245228290557,-0.1123263537883758,1.604517274245154e-05,-0.0361683629453182,0.0557081066071987,-0.0795339569449424,0.0041492055170238,0.1000121384859085,0.1088862195611,-0.0395186617970466,-0.12197295576334,0.0080882348120212,0.0546706691384315,-0.1184289678931236,-0.0247978791594505,0.0709803253412246,0.0331693738698959,0.0158362835645675,-0.0953982546925544,-0.1438534557819366,-0.0590013861656188,-0.0200901385396718,0.04306485876441,-0.0705896317958831,-0.1497252136468887,0.111968845129013,-0.0440627560019493,0.1404669284820556,0.0221128016710281,-0.0246567670255899,0.0095687983557581,-0.1051587462425232,0.1150520667433738,0.1025634780526161,-0.0242732241749763,-0.0319083519279956,0.150326669216156,0.139846071600914,-0.0591465234756469,0.050518948584795,-0.1324941217899322,0.051249586045742,-0.0514949299395084,-0.0586033314466476,-0.116691917181015,0.0272539667785167,0.0841906517744064,0.1893540471792221,0.0009629462147131,-0.0368151627480983,0.158036470413208,-0.1219976246356964,0.011809354647994,-0.0435364693403244,0.1040997728705406,0.0425173677504062,-0.0322219766676425,0.0588368251919746,-0.0293549317866563,-0.0359951183199882,0.1404073387384414,0.0469247475266456,0.1372753530740738,0.0233602300286293,0.0666540414094924,0.0038074431940913,-0.119416706264019,-0.0153827425092458,0.0850739851593971,0.1385717988014221,0.0893627777695655,-0.1717705279588699,0.027419151738286,0.0528119429945945,-0.0241682510823011,-0.0658576712012291,0.008241425268352,-0.0977761074900627,-0.07585409283638,-0.1322405487298965,-0.0683338418602943,0.0802302062511444,-0.0656934231519699,0.1215531006455421,-0.0937156453728675,-0.1407907456159591,-0.0651164576411247,0.1527100801467895,0.0153548819944262,-0.0666619688272476,0.0691205412149429,0.1443613767623901,0.0293889567255973,-0.0304352045059204,0.0672233551740646,-0.0978315323591232,0.0744940638542175,-0.0676959753036499,0.0776216685771942,-0.1263225972652435,0.0545771233737468,0.0433347672224044,0.0920909494161605,0.0425579361617565,-0.0698467716574668,0.1376120299100875,-0.0396371483802795,-0.1462099552154541,-0.1115821301937103,0.0419735498726367,-0.1242540851235389,0.1792686879634857,-0.0675889402627945,0.1664061844348907,-0.1052201166749,0.0862512588500976,-0.0363241545855999,0.0077634016051888,-0.1088662296533584,-0.1177941411733627,0.0117710167542099,0.0055394670926034,0.0425195842981338,0.1758493185043335,-0.0672197043895721,0.0596817880868911,-0.0587531849741935,0.0717565193772316,0.0618693083524704,LNIKQZSKGDWGHM-UHFFFAOYSA-N,CC(C(=O)NC1CC1)N1CCNCC1
-0.0211722012609243,0.1031508520245552,-0.1029070913791656,-0.1031507104635238,0.0765876397490501,-0.0527432858943939,0.103135272860527,-0.0741865485906601,0.0953631848096847,-0.0697421431541442,0.0968308746814727,-0.0716306120157241,-0.102187655866146,-0.1014388427138328,-0.1030799001455307,0.1031453758478164,0.0957897379994392,-0.1031054556369781,-0.1031086891889572,-0.1031507849693298,0.102436251938343,-0.0689336583018302,-0.083095759153366,0.0806869268417358,0.1031485646963119,-0.0792792215943336,-0.1013942062854766,0.0451384335756301,0.1011233925819397,0.0439579077064991,-0.0901674702763557,0.0975443199276924,-0.1029441654682159,0.0808284804224968,0.0903173759579658,0.0989951118826866,-0.0944569781422615,-0.0953019335865974,0.0652197152376174,-0.1030636057257652,0.0854028314352035,-0.0409114137291908,0.0365717560052871,-0.1031054183840751,-0.1028372347354888,0.1031503826379776,0.1023116558790206,0.1031261906027793,0.1010834723711013,0.0750808268785476,-0.0992416590452194,-0.1028619185090065,-0.0645169392228126,-0.1031504943966865,0.0690655782818794,0.1003305092453956,-0.0912159755825996,0.0261374711990356,0.1031023487448692,-0.1030939742922782,0.101590558886528,0.1031485050916671,0.1030587553977966,0.0041832751594483,0.1030724197626113,0.085737332701683,-0.0548709221184253,0.1031508594751358,-0.0917690992355346,-0.0909249708056449,-0.0988308191299438,0.1006258875131607,-0.0321936346590518,0.0938745290040969,-0.0517926514148712,-0.1001585274934768,-0.1030949652194976,0.0874237343668937,0.0719547867774963,0.1002900600433349,-0.1004162430763244,-0.1025141179561615,0.0810275748372078,-0.0700504630804061,-0.1026556417346,-0.1031264215707779,0.0730076879262924,0.1015223711729049,-0.1023391708731651,0.1031509414315223,0.1026021242141723,-0.0701129883527755,-0.1031234487891197,0.074409432709217,-0.1030919328331947,-0.0689850822091102,0.103150762617588,-0.1014398783445358,0.0520497858524322,0.0798121467232704,0.0809289440512657,0.010148262605071,-0.083931565284729,0.0715874880552291,-0.0962361767888069,-0.1031276360154151,0.0579356402158737,-0.0633702352643013,0.1031491458415985,-0.1009875535964965,-0.1031509414315223,0.0303830634802579,-0.1000387221574783,-0.1010256558656692,0.0987977311015129,-0.0549284219741821,0.0998730510473251,0.0898165479302406,-0.1026330217719078,-0.101543053984642,-0.019548799842596,-0.0918067172169685,0.1021450608968734,0.0898548662662506,-0.0131940329447388,-0.0670635998249054,-0.0280140973627567,0.1010890156030654,0.0955862700939178,-0.0047220112755894,0.0813762098550796,0.0939337462186813,-0.0886039137840271,-0.0838681310415268,-0.0962238311767578,0.0962233170866966,-0.0889014899730682,-0.0909022092819213,-0.0924901738762855,0.093654491007328,0.0960554108023643,-0.0939430296421051,-0.0957959070801734,-0.095756322145462,-0.0879173800349235,0.0962251499295234,0.0962253361940383,0.0961845368146896,-0.0953204780817031,0.0948398634791374,-0.0454250425100326,-0.0962210819125175,-0.0962245017290115,-0.0726015567779541,-0.0962254106998443,-0.0959944725036621,-0.0962163656949997,-0.0962003543972969,0.0962254032492637,0.0799958258867263,-0.0962234511971473,0.0961415246129036,-0.0913341790437698,0.0840881690382957,0.0946089103817939,0.0962254106998443,-0.083583191037178,-0.0936421006917953,-0.0962251275777816,-0.0962253585457801,-0.0956596657633781,-0.0628071129322052,-0.0955847725272178,0.0962254032492637,-0.0962254032492637,0.0962247624993324,0.0936070680618286,0.0962214395403862,-0.0628406926989555,0.0961869135499,0.0904163271188736,0.0914078801870346,0.0962240695953369,-0.0891649797558784,-0.0380129367113113,0.0962252244353294,0.0960933342576026,0.0962153673171997,-0.0170437153428792,0.0909576490521431,0.0786848440766334,-0.0962061285972595,-0.0962250754237175,-0.095294214785099,-0.0960057154297828,0.0958805903792381,0.0955849662423133,0.0954447612166404,0.0427803844213485,-0.090966522693634,0.0946873128414154,0.0962201729416847,-0.086776778101921,-0.0193806160241365,0.0958066284656524,0.092777632176876,-0.0945746004581451,0.0234538372606039,-0.0962253734469413,0.0507171489298343,-0.0927292704582214,0.0956168472766876,0.0962249040603637,0.0099124135449528,0.0961768925189971,-0.067383199930191,0.0662577003240585,0.0962031483650207,0.0962226465344429,-0.0936508476734161,0.09225644916296,-0.0961920395493507,0.0961778834462165,0.0952144116163253,0.04636025801301,-0.096086636185646,-0.0368806011974811,-0.096182495355606,-0.0955898091197013,0.0962248519062995,-0.0962243154644966,-0.0962253361940383,0.0961511880159378,0.0962039604783058,0.0783679783344268,-0.0962253957986831,0.0962253659963607,0.0962252989411354,0.0962210148572921,0.0954611152410507,0.0933589860796928,0.0961867794394493,-0.0446172095835208,0.0728365108370781,0.0962191820144653,0.093454509973526,0.024276740849018,0.0960018038749694,0.0961505249142646,-0.0962232276797294,-0.0954607725143432,0.0950957536697387,0.0891469717025756,-0.0801068395376205,0.0862676948308944,0.0723475888371467,0.0970575138926506,-0.0502336882054805,-0.0995214730501174,0.0995295047760009,0.0995289087295532,0.0977638214826583,-0.0984116196632385,-0.0994977951049804,-0.0832616463303566,0.0803759098052978,-0.0973025187849998,0.0701274499297142,0.0993448793888092,-0.0910699889063835,-0.0979199633002281,-0.0612896904349327,-0.09951201826334,-0.0992885902523994,0.0290398262441158,-0.0985370576381683,0.0995294973254203,0.0993044376373291,0.0995295047760009,-0.0810494124889373,-0.0750712230801582,0.0753362253308296,0.0993223264813423,-0.0733335837721824,-0.0705204308032989,-0.0870701074600219,-0.0897939801216125,0.0992277190089225,0.0967641696333885,-0.0866762325167656,0.0982075333595275,0.0995293855667114,0.0959803834557533,0.0995294973254203,0.0995294973254203,0.0521166250109672,0.0972949713468551,0.0538123287260532,0.0548851676285266,0.0967386662960052,-0.0995273366570472,0.0995294973254203,0.0995291247963905,-0.0995117351412773,0.0992746949195861,0.0790188387036323,-0.0995226129889488,-0.0948625281453132,0.0937452986836433,-0.0892079398036003,0.080841913819313,-0.0897733569145202,0.0175841487944126,-0.0991661101579666,0.0995289087295532,-0.0995020866394043,0.0994015336036682,0.0989560931921005,-0.0966991856694221,-0.0474033318459987,-0.0595714785158634,-0.0961838662624359,-0.0989088341593742,0.0995227545499801,0.0995105355978012,0.0749009922146797,0.0989636853337287,0.0995202362537384,-0.0949052423238754,-0.0995261967182159,0.0792703032493591,0.0994992107152938,-0.0323889702558517,-0.0987289026379585,0.0937975496053695,-0.0234547816216945,-0.0983843579888343,-0.0991576388478279,-0.0053977104835212,-0.0860214382410049,0.0032101590186357,0.0989959016442298,-0.0995292887091636,0.0538733564317226,0.0845288559794426,0.0995169878005981,0.0992781594395637,0.0988020449876785,0.0667580589652061,-0.064931534230709,0.0881077125668525,0.0855296477675437,0.0247196666896343,0.054607056081295,-0.0995274037122726,0.0988099724054336,0.0995291247963905,0.0995074361562728,-0.0994898900389671,-0.0951891019940376,0.0981683433055877,0.0976004898548126,-0.0958823561668396,-0.0994724184274673,0.0894394069910049,0.0995281487703323,0.0976914539933204,0.0995293259620666,-0.0993319675326347,0.0995293632149696,0.0814929157495498,-0.0952402055263519,0.0988701432943344,-0.0995293706655502,0.0995088517665863,0.0555111020803451,-0.0420813225209713,-0.0966152772307396,-0.0674951300024986,0.0995281338691711,-0.0964605808258056,-0.0980577692389488,0.0143525321036577,-0.0534590855240821,0.0871151387691497,0.0908153802156448,0.096761330962181,-0.0897048190236091,-0.0512952469289302,-0.091431014239788,-0.0059444038197398,0.081200286746025,-0.095698095858097,-0.0979881212115287,0.0983345806598663,0.0798370540142059,0.0369205847382545,0.0954633429646492,-0.0941472128033638,0.0941953063011169,0.031712781637907,0.0976829305291175,-0.0981580093502998,-0.0931859239935875,-0.0902818739414215,0.0870826318860054,-0.0929362624883651,0.0927865132689476,-0.0972865223884582,0.0128511348739266,-0.0952230989933013,-0.0939772576093673,-0.0976750254631042,0.0981627628207206,-0.0217266082763671,0.0982498973608017,-0.0886676385998725,0.0317684262990951,0.0846757665276527,-0.0789436623454094,-0.0439064353704452,-0.0978596955537796,-0.0982286781072616,-0.0619521737098693,-0.0982536599040031,0.0981326401233673,-0.0982056781649589,0.0984745845198631,-0.0983232483267784,-0.0974767580628395,0.096370555460453,0.0982735231518745,0.0947559252381324,0.0950469374656677,-0.0948596820235252,0.0976327434182167,0.097919575870037,0.0967292264103889,-0.0930539444088935,0.0830273255705833,0.0983758941292762,0.0757095217704773,-0.0951418280601501,-0.0949549823999404,-0.0983950793743133,-0.0940026640892028,0.09843011200428,0.0957183465361595,0.0945166945457458,-0.0285385008901357,-0.0975240841507911,-0.0946181118488311,0.0777724683284759,-0.0976720973849296,-0.0834635347127914,0.0899505019187927,-0.0979829281568527,0.0984365940093994,-0.0977946519851684,0.0980792120099067,0.0961489081382751,-0.0910499170422554,-0.0959104895591735,-0.0982782021164894,-0.0906768441200256,0.0983085110783577,-0.05350162088871,-0.0978678837418556,-0.0897553414106369,-0.0983434617519378,0.0978362634778022,0.098292127251625,-0.0973037481307983,0.0907027497887611,-0.0638467147946357,0.0937703773379325,-0.0612534806132316,-0.0607461519539356,-0.0954696163535118,0.0907779783010482,0.0868407487869262,-0.0457819253206253,0.0979234501719474,-0.0854086354374885,0.0976438000798225,-0.0908168330788612,0.0959101244807243,0.0976894125342369,0.0811245143413543,-0.0318139195442199,-0.0984009727835655,0.0969139710068702,-0.0981452837586402,0.0977451503276825,0.095829077064991,0.0947144255042076,0.0980400070548057,-0.0982600972056388,0.0941984131932258,0.0447175353765487,-0.0875268280506134,-0.0798467323184013,-0.082558736205101,0.0980526432394981,0.0980162620544433,0.0964239463210105,0.0953652262687683,0.0900193154811859,-0.0981449484825134,-0.0979556441307067,-0.0455497652292251,0.0105283828452229,0.0907403156161308,-0.0862998962402343,-0.1002988368272781,0.031220007687807,0.1003062650561332,-0.1002754122018814,-0.1003074422478675,0.1001513674855232,0.0996349677443504,-0.0606193877756595,-0.1002871096134185,-0.076642170548439,-0.1003187820315361,-0.0662702769041061,-0.0998652279376983,0.100267194211483,-0.0165656991302967,-0.1002929583191871,-0.0998584404587745,-0.0525210537016391,0.1003177985548973,-0.0747399851679802,-0.0338054299354553,0.1001599431037902,0.0879037380218505,-0.1003177687525749,-0.0922418311238288,0.0392852239310741,-0.0812266767024993,-0.0847572311758995,-0.1003177464008331,-0.1003180146217346,0.0943804681301117,0.098840519785881,0.0615922287106514,-0.0973356813192367,0.0917498245835304,-0.0549909807741642,-0.0993156433105468,0.0998554676771164,0.0518822520971298,-0.0279385708272457,-0.0566584095358848,0.1003187969326973,-0.1003082394599914,-0.100318819284439,-0.0719295293092727,-0.0985566973686218,0.0891073569655418,0.0953685939311981,0.089826576411724,-0.1003128290176391,-0.1003181785345077,0.0987256541848182,-0.0997953712940216,-0.1002804934978485,0.0769472941756248,-0.1002974212169647,0.1003154069185257,-0.0900319591164588,0.0346859209239482,0.0993178188800811,0.1003176867961883,-0.0794388204813003,0.0722362026572227,0.0721481665968895,0.1001730188727378,0.0585163831710815,0.0385507903993129,0.0759324058890342,-0.0973781794309616,0.093905434012413,-0.0978139862418174,-0.0553632266819477,-0.0944152250885963,-0.0384459719061851,-0.0992231667041778,0.099413976073265,0.1003188043832779,0.079367771744728,0.0504631623625755,-0.0942135602235794,0.0986829921603202,-0.1003187447786331,-0.0933179929852485,0.1003038436174392,0.0992662087082862,0.0943129286170005,0.1003077998757362,-0.1002845391631126,0.1002757623791694,-0.1002724096179008,0.0976151600480079,-0.1001907289028167,0.1002353876829147,-0.0976212993264198,0.1003186926245689,-0.0985870063304901,0.0026831601280719,0.1002721786499023,-0.1000422313809394,0.0879876390099525,-0.0652718991041183,-0.1001728698611259,0.0946747586131095,0.073593258857727,-0.0975026339292526,0.1003016158938407,-0.1003171056509018,-0.1000500172376632,-0.0831209346652031,0.0891251489520073,-0.0935301259160041,-0.0804556831717491,-0.0797978565096855,0.0989687293767929,0.0992561802268028,-0.052137054502964,0.081730343401432,0.098044715821743,0.0289604123681783,0.0840112939476966,0.0928710997104644,0.0493822209537029,0.1003188416361808,0.1003187671303749,-0.0950249508023262,-0.1003170683979988,0.0243203192949295,0.1182125732302665,0.0748925730586052,-0.1118369475007057,-0.1159092783927917,0.0999127030372619,-0.0906824246048927,-0.0511345081031322,-0.1003477573394775,-0.1065824031829834,0.1061753407120704,-0.112387016415596,0.0471119508147239,-0.0026089316233992,0.0206037405878305,-0.0594902299344539,0.0485302619636058,-0.0886985808610916,0.1015545278787612,-0.0882016271352768,-0.1128965392708778,-0.099014900624752,-0.093310497701168,-0.0951475128531456,0.0819368287920951,-0.10689028352499,0.1204777583479881,0.0294506177306175,0.121438480913639,-0.1115840151906013,0.1015600264072418,-0.1134583950042724,-0.0747831538319587,-0.0224481038749218,0.0123202288523316,0.0147173134610056,0.0142785906791687,0.0185449291020631,-0.1038398593664169,0.026716748252511,0.0815155431628227,0.1227735877037048,-0.0015710934530943,0.0955989137291908,0.0823057889938354,0.0316009521484375,-0.0746065527200698,0.1031218767166137,-0.1063697189092636,0.0995905175805091,-0.1072173714637756,-0.0365083329379558,0.1058566868305206,-0.1100235655903816,-0.0631071850657463,-0.1075993180274963,0.0059205256402492,-0.0770918801426887,0.0806556493043899,0.1095555424690246,-0.0935607254505157,0.0285017285495996,-0.1064895316958427,-0.0315917581319808,-0.1141991391777992,0.1155973747372627,0.1109499260783195,0.057807981967926,0.1095654368400573,0.0688839927315712,0.1073388680815696,0.1090546548366546,-0.0536545999348163,-0.110945850610733,0.0457397326827049,0.0983061343431472,-0.0205983687192201,0.0839478448033332,0.0138693554326891,-0.1093209907412529,0.0627970322966575,-0.0540566444396972,0.1091634780168533,-0.0333169773221015,0.0844041258096695,0.1150565594434738,-0.0468458570539951,-0.0602451562881469,0.0968768596649169,-0.0935564637184143,-0.1110587790608406,-0.0950696468353271,0.0186972916126251,-0.1144286319613456,-0.0839521139860153,-0.1175573095679283,-0.1190135404467582,-0.1036552861332893,-0.0258848443627357,-0.0834313854575157,-0.1100048422813415,0.1230501607060432,0.1095796823501586,0.1069311574101448,0.1001941785216331,-0.115133099257946,-0.0549995526671409,-0.0859717950224876,0.1214830800890922,-0.0930725559592247,-0.0219536609947681,0.1193187087774276,0.118767999112606,-0.0830671042203903,0.0519571676850318,0.1033910512924194,0.0877884551882743,-0.107020191848278,-0.1208829507231712,0.1183905079960823,0.0886472091078758,-0.1183524057269096,-0.0174317713826894,-0.0482680387794971,0.1173658594489097,0.0630285665392875,-0.0830595046281814,0.0354970656335353,MAWBZECITFLGSD-BJSWLHQCSA-N,CCCCCC[C@H]1NC(=O)[C@H](Cc2ccc3ccccc3c2)NC(=O)[C@H](CCCNC(=N)N)NC(=O)[C@H](CC(C)C)NC(=O)CNC(=O)[C@H](Cc2ccc3ccccc3c2)NC(=O)[C@H](CCCNC(=N)N)NC1=O
0.0852473676204681,-0.0046228403225541,-0.1153702139854431,0.1167429238557815,0.06684510409832,-0.0296922381967306,0.100553348660469,-0.1023662462830543,-0.0854707807302475,0.1149033680558204,-0.1180062144994735,0.1082219928503036,-0.1157164499163627,0.1143566742539405,-0.0438788533210754,0.0292308796197175,0.1188095211982727,-0.1101049482822418,-0.0666933208703994,0.0787339061498642,-0.0536763072013855,-0.1144016459584236,0.0918113440275192,0.0621802732348442,0.0029118862003087,-0.1073557436466217,0.117743007838726,-0.11214479804039,0.0528691112995147,-0.0458006672561168,0.1139856800436973,0.0033617476001381,0.0206783413887023,-0.1002812013030052,-0.0905612036585807,-0.1156615167856216,0.0723329782485961,0.0863088071346283,0.1096469834446907,0.1108478605747222,0.0053782085888087,-0.1101654022932052,0.0841598808765411,0.0864135399460792,0.0839520618319511,0.0735281258821487,-0.0856483653187751,-0.0071013858541846,-0.1127630025148391,0.0967066287994384,-0.0241831243038177,-0.0720498412847518,0.1189814656972885,0.0107930684462189,-0.0420588701963424,-0.0926538705825805,0.0667890310287475,-0.1093863770365715,-0.0164435170590877,-0.1030716076493263,-0.1169141456484794,0.0887322276830673,-0.0022225696593523,-0.0474230088293552,0.1042691171169281,0.0568482168018817,0.0783796235918998,-0.0929531008005142,-0.1136546581983566,-0.0698791742324829,0.0952165052294731,0.1184954866766929,-0.0347859039902687,-0.1064768657088279,-0.0978288725018501,-0.1061397418379783,-0.067862756550312,0.0793015733361244,0.0573856346309185,-0.0984749719500541,0.1166561916470527,-0.066124677658081,0.0695942193269729,-0.0231286864727735,0.1014785841107368,0.0993839055299758,-0.1157064139842987,0.0724959969520568,0.0985703915357589,-0.1129361316561698,-0.0842880755662918,0.1140796691179275,0.0477668233215808,0.1190067678689956,0.0989602878689765,0.0674252957105636,-0.1152833551168441,0.1129424273967742,-0.0816500931978225,-0.0925239846110344,0.0834984481334686,0.1154086962342262,0.111697182059288,-0.0285697039216756,-0.0679788738489151,-0.0518569238483905,-0.1171058043837547,0.1168464720249176,-0.0492517799139022,0.1183538362383842,-0.1034950390458107,-0.0994766876101493,-0.1174181550741195,0.1169870346784591,0.0671877712011337,-0.0890098735690116,-0.0289886239916086,0.0109955891966819,-0.0762532651424408,0.1181380897760391,0.0733468681573867,0.1048310995101928,-0.0438814759254455,0.06700299680233,0.082264244556427,0.1077478155493736,-0.1098010390996933,0.0342515930533409,0.0967777296900749,-0.0965393930673599,0.0967952907085418,0.0954262465238571,0.0879843384027481,-0.0966580361127853,0.0937533751130104,-0.0967269614338874,0.096726469695568,-0.08970258384943,-0.0143563421443104,-0.096756987273693,-0.0966941863298416,-0.0955746695399284,0.0954454094171524,-0.0966781005263328,0.0964283719658851,0.0796540901064872,-0.0967959463596344,0.0922593995928764,0.0962805077433586,-0.0966567397117614,-0.0967959463596344,0.0186209976673126,0.0015856365207582,0.092712365090847,0.0794559717178344,-0.0967869311571121,-0.0964200273156166,0.0928590521216392,0.0181714836508035,0.0958477929234504,-0.0967957153916359,0.096786729991436,-0.0910844132304191,0.0907078236341476,0.0431089550256729,-0.0967959314584732,-0.0965902358293533,-0.0966925993561744,0.0499995611608028,-0.0122667178511619,0.0477633289992809,-0.0967959463596344,0.0764083191752433,0.0859592407941818,-0.0965519547462463,-0.0965000018477439,-0.0967935919761657,0.0967716574668884,0.0967957675457,-0.0967959389090538,-0.0967931449413299,-0.0838008970022201,0.095701016485691,-0.0966923758387565,-0.0703841671347618,-0.0967959314584732,-0.0967884957790374,-0.0967804566025734,0.0966274291276931,-0.0967365652322769,-0.0967868939042091,0.0941406860947609,0.0967959463596344,-0.0836692377924919,-0.0967887192964553,0.0967897176742553,-0.0877778455615043,0.0967881605029106,0.0966154783964157,-0.0967959463596344,-0.0967919677495956,-0.0967537313699722,-0.0967946425080299,0.096795380115509,-0.0967294946312904,0.0256970692425966,-0.0967727899551391,0.07019704580307,-0.0965571254491806,-0.0501497350633144,0.0967633202672004,-0.0363776460289955,-0.0889431834220886,-0.0967959463596344,-0.0940127745270729,0.0967959091067314,0.0967599973082542,0.0962825566530227,-0.0600017011165618,-0.0966964215040206,0.037921093404293,0.0967894420027732,0.0929794088006019,0.0967574790120124,0.0967875197529792,-0.0967893004417419,-0.081902839243412,-0.081376776099205,0.0967951491475105,0.0967885479331016,0.096774935722351,-0.0914714559912681,-0.0022872714325785,0.095773197710514,0.0287120454013347,0.0566184781491756,-0.096795879304409,-0.0903859883546829,-0.0955602526664733,0.0967893451452255,-0.0902570411562919,-0.0163459666073322,-0.0943904817104339,0.0957757979631424,-0.0967047736048698,0.0967081189155578,0.0936992466449737,-0.096733421087265,0.0967943966388702,0.0557807497680187,-0.0965955629944801,0.0942181721329689,0.0911681801080703,-0.0967950671911239,0.0807051882147789,-0.096792459487915,-0.1036204472184181,0.0839582309126854,-0.078406386077404,0.0213771518319845,0.0397618748247623,0.0501376837491989,-0.1034223660826683,-0.1036729216575622,-0.0940522924065589,-0.0476542375981807,0.0573344863951206,0.1031549647450447,0.1024880334734916,0.0933772623538971,-0.1015773639082908,0.1034675687551498,-0.0531838573515415,-0.0956712365150451,-0.1036125868558883,0.1023188829421997,0.0640165507793426,-0.1020754352211952,0.0425729304552078,0.1014288961887359,0.1020462810993194,-0.0805048123002052,-0.1010969877243042,0.1030506119132042,0.0103655122220516,-0.0936239808797836,0.099417470395565,-0.1021626517176628,0.0332754403352737,0.1036504358053207,0.0939230620861053,-0.1035046428442001,-0.1034636348485946,-0.100137710571289,0.1033038198947906,0.0993720293045044,-0.0954023897647857,0.0845565944910049,0.0312968865036964,0.1029914021492004,-0.102784439921379,0.1034930869936943,-0.0931732505559921,0.0202311091125011,0.1036730855703353,0.0899496078491211,-0.0587948411703109,-0.1032502204179763,0.0855068936944007,0.1033176183700561,-0.0964733734726905,-0.1034075692296028,-0.0925134792923927,0.0907906368374824,-0.0695409625768661,-0.0888881906867027,-0.0674919933080673,0.1014512479305267,-0.0709856078028678,0.0718123987317085,-0.0960159450769424,-0.1011801287531852,0.0926836431026458,-0.1000920757651329,-0.1036729216575622,-0.0219067018479108,0.0783570557832717,0.1035992205142974,0.0771290808916091,0.1025885045528411,0.102902628481388,-0.1025581806898117,-0.1015211418271064,0.0939114391803741,-0.0459795854985713,-0.1028865650296211,0.1024045795202255,0.0350334867835044,0.0931902229785919,-0.0678301528096199,0.1020980700850486,-0.1036723405122757,-0.0373638458549976,0.0167025234550237,-0.0998868346214294,0.0936212241649627,-0.0868197381496429,-0.1036176681518554,-0.0278636086732149,0.0131849963217973,0.103289395570755,0.0201918557286262,-0.094005100429058,-0.0995156615972518,-0.1019600182771682,-0.1032472848892211,0.0028282757848501,-0.0688707530498504,0.103672906756401,0.0396434292197227,-0.1033509001135826,-0.0816346928477287,-0.101781465113163,0.1036633923649787,-0.1036679595708847,0.0531346872448921,-0.0912414714694023,-0.1036667749285698,-0.0830262079834938,-0.0874168500304222,-0.0836143493652343,-0.1036532893776893,0.0978703796863555,-0.1028803512454032,0.1036731228232383,-0.1034557223320007,0.1036727800965309,0.1014926359057426,0.1019469276070594,-0.0403123386204242,0.0742538943886756,-0.0896682515740394,-0.1011715680360794,0.1024193167686462,-0.0881404504179954,0.0582083761692047,-0.0639476031064987,-0.0124344378709793,-0.0929260179400444,0.0977493301033973,-0.0131930392235517,0.0929547175765037,0.109092928469181,-0.0860106274485588,0.0793633460998535,-0.0931057184934616,0.1139779090881347,-0.1211637184023857,-0.0314270593225955,-0.1285895854234695,0.1067618653178215,-0.1145591959357261,-0.1256739199161529,0.1120888590812683,0.1294552981853485,-0.0519659109413623,-0.0690477490425109,0.1360207349061966,0.1360840052366256,-0.0010266421595588,-0.1119771376252174,-0.110183335840702,0.0212345886975526,-0.1186437085270881,0.0071177664212882,0.0811337828636169,-0.121305763721466,-0.0357672236859798,0.122385136783123,-0.0597349554300308,-0.0592372491955757,-0.1362970322370529,0.0244655478745698,-0.0351079255342483,0.0970978885889053,-0.1278478503227234,-0.1269527673721313,0.0680541545152664,0.0528736859560012,0.0619573891162872,0.064249537885189,-0.0187927652150392,0.0661991462111473,0.1017319932579994,-0.0170882511883974,-0.0302569847553968,-0.0967094972729682,0.1134897470474243,-0.0083320057019591,-0.0663605332374572,0.0163049139082431,-0.0509610623121261,0.1270986348390579,-0.0762494131922721,-0.0586476363241672,0.0348808690905571,0.0671934783458709,0.1187564879655838,-0.1124678403139114,-0.0941162854433059,0.0704827085137367,-0.1340214014053344,-0.0302782095968723,0.0294380187988281,-0.0802475959062576,0.0343815684318542,-0.1176241859793663,0.1328055113554,-0.1150885224342346,0.0162076000124216,-0.1309554874897003,-0.0919941142201423,-0.1228951215744018,0.0329748019576072,0.0929453074932098,0.1289035379886627,0.0327388234436512,-0.1419261842966079,-0.1284306645393371,-0.1021491363644599,-0.023500544950366,-0.010785425081849,-0.1189964339137077,-0.0607968308031559,0.1260568797588348,-0.1297235786914825,-0.0785621553659439,0.0104661416262388,-0.069557137787342,0.0818172097206115,0.0752513408660888,0.1029182448983192,-0.0622759461402893,-0.0854150354862213,0.0181772988289594,0.1017573177814483,-0.0555836148560047,0.1250375509262085,-0.1022757962346077,0.1181497797369957,-0.1169075965881347,-0.1059154346585273,-0.0129920337349176,0.1193973496556282,0.0268986728042364,-0.1328582465648651,-0.0783943533897399,0.0085194390267133,0.1030695959925651,0.0259519517421722,-0.0830469354987144,-0.0706076622009277,0.065024584531784,0.0190308950841426,-0.0526673048734664,0.0494641251862049,0.0820403099060058,0.0139460721984505,-0.0756633058190345,-0.0878833159804344,-0.1427358984947204,0.0966524556279182,0.0610139369964599,-0.1140350550413131,0.137396901845932,-0.070026084780693,0.0855777934193611,0.1017117947340011,-0.1186612173914909,-0.0503922998905181,-0.0292163640260696,-0.0903338268399238,-0.0374375320971012,-0.111271433532238,0.0459662228822708,0.1182545870542526,0.0157988406717777,0.1249894797801971,0.0064189084805548,-0.0067687164992094,0.0908630117774009,0.1045186668634414,-0.1019580066204071,0.1416351348161697,0.059476226568222,-0.0630359947681427,-0.1311099380254745,-0.0806488916277885,0.0247895400971174,0.1423520147800445,-0.0473464019596576,-0.0350516848266124,0.1043250858783721,-0.0143898064270615,0.0758360177278518,0.0671157762408256,-0.1576248556375503,0.0128889372572302,0.0492650903761386,-0.1344404816627502,0.1085977777838707,0.0733396783471107,-0.0610264241695404,0.00932811293751,-0.0296590086072683,0.1173217669129371,-0.0619219839572906,0.1125482767820358,-0.0072353170253336,0.1414113789796829,-0.1421984583139419,-0.0260860305279493,-0.0166559610515832,-0.1477464288473129,0.0991607308387756,-0.0898689180612564,-0.0276729203760623,0.1178369373083114,-0.0476847440004348,0.0464904867112636,0.1268153041601181,-0.0220415592193603,-0.1120397895574569,0.0963786020874977,-0.0899891257286071,0.0838393718004226,0.1006536781787872,0.0176192671060562,0.134449228644371,-0.0380615778267383,-0.1171780377626419,-0.1178226992487907,0.0992054715752601,-0.1031020060181617,-0.0656473115086555,0.1115698814392089,-0.012669033370912,-0.1213108301162719,0.062524639070034,-0.025204075500369,-0.0716672390699386,-0.1317870169878006,0.0547354444861412,-0.0271489080041646,-0.1481282413005828,0.1448439210653305,-0.0468595288693904,0.0633230432868003,0.0096067376434803,-0.0943657308816909,-0.1197221502661705,0.1563482582569122,-0.053616777062416,-0.1185974478721618,-0.1304229646921157,0.1402867287397384,0.0352674052119255,-0.0390007495880126,0.0601862668991088,0.0418301969766616,0.0673646852374076,0.0300769470632076,-0.0133033879101276,0.1391542851924896,0.0364900343120098,0.1065801382064819,-0.0673256143927574,-0.0774959623813629,-0.1166255697607994,-0.0622688233852386,-0.0761510357260704,0.0407919436693191,0.0281958859413862,-0.0782198011875152,-0.0242516752332448,0.028883971273899,0.0452801324427127,-0.0784453973174095,0.1498955637216568,0.0284530147910118,-0.0825434550642967,-0.1014115959405899,0.0248355660587549,0.0226587057113647,0.147518515586853,-0.0648257359862327,-0.1226144358515739,0.0909454002976417,-0.0603015571832656,0.0966351181268692,-0.1206654161214828,0.094138003885746,-0.0478492937982082,0.1005470529198646,-0.1324469596147537,0.0453991219401359,-0.0859030783176422,0.0816492214798927,0.0254591014236211,-0.139129564166069,-0.0537459924817085,-0.0944521054625511,0.1231224834918975,0.1327387690544128,0.0104947155341506,-0.0387877710163593,0.0564213953912258,-0.0903316810727119,0.0363481938838958,-0.0151237649843096,-0.0876328945159912,-0.065496526658535,0.0425547175109386,-0.1387877762317657,-0.0568890795111656,0.113204039633274,0.1003641635179519,-0.0494826734066009,0.0112370811402797,0.0457517020404338,-0.1123010888695716,0.0431781150400638,0.0946607887744903,0.0512085519731044,0.0256811529397964,0.0911048501729965,0.0732732862234115,-0.091249831020832,-0.0714708939194679,-0.0919266492128372,-0.101199984550476,-0.1095337867736816,-0.0629809200763702,0.0623519010841846,0.0914566293358802,-0.0332865193486213,0.1473823189735412,-0.0795526802539825,-0.089002676308155,0.1438049077987671,-0.0756877958774566,0.0829309821128845,0.098707228899002,0.0949002876877784,-0.1101581826806068,0.0930900126695633,0.0952713936567306,-0.0604382902383804,-0.065906710922718,0.0803451910614967,0.0288889817893505,-0.0626308843493461,-0.0309882629662752,0.0940871834754943,-0.0169256161898374,-0.111022263765335,0.0971189737319946,-0.0028029372915625,0.1415893286466598,0.1377479434013366,0.0529075972735881,0.106554590165615,0.1282945722341537,0.0845769420266151,-0.1107617616653442,0.0612281002104282,-0.030055571347475,-0.034691609442234,0.063915841281414,0.0700718089938163,-0.0072238566353917,0.0800715386867523,0.1211148500442504,0.116572305560112,-0.1065239235758781,-0.1007799357175827,-0.0004261897702235,-0.1006266996264457,-0.004077011719346,0.12639220058918,0.077719859778881,-0.1094546020030975,-0.045910894870758,0.1228985264897346,0.101806916296482,0.0927079692482948,-0.0408651232719421,-0.07061617821455,-0.1178925037384033,0.1130511239171028,-0.1054218634963035,-0.0998928472399711,-0.1076640859246254,0.0827553868293762,0.1311949342489242,-0.0915693491697311,0.0099831605330109,-0.0505322217941284,0.1148031577467918,0.0454422682523727,0.1412167251110077,0.1364364027976989,0.0538563132286071,-0.0425904020667076,0.1085739582777023,0.0558369196951389,0.104922205209732,0.0915749743580818,-0.0010979049839079,0.1205854937434196,0.0882443860173225,-0.1195289269089698,0.1085976213216781,-0.0708772018551826,0.0438102856278419,0.1070521846413612,-0.0800814628601074,0.0958814471960067,KLEAULPPPZBWLA-UHFFFAOYSA-N,CNC(=O)NCCc1c[nH]c2ncccc12
-0.0747450366616249,-0.117789901793003,-0.1181568056344986,-0.0455403737723827,0.0394936949014663,0.0922266170382499,-0.0323631055653095,0.0418272987008094,-0.0204025395214557,0.0570789016783237,0.0776246935129165,0.0918086841702461,0.0103633599355816,-0.1095319464802742,-0.0753292441368103,-0.0749906525015831,0.1096942722797393,-0.1177064329385757,-0.0371622033417224,-0.0537548176944255,0.1171700730919838,-0.0976243764162063,0.06229168176651,0.0647811368107795,0.0241520926356315,0.1120493039488792,0.0505962744355201,-0.0036585109774023,0.0900422632694244,-0.1137649565935134,0.1180129572749137,-0.0169172398746013,-0.0643697381019592,-0.0264880694448947,0.1002504378557205,-0.0544694624841213,0.0095573235303163,0.0948489680886268,-0.117203913629055,0.1069150120019912,-0.0520185902714729,-0.1182634755969047,0.1182218044996261,0.1107201278209686,0.0315186791121959,0.0427194312214851,0.0942656323313713,0.107726901769638,-0.1177620291709899,0.082221120595932,-0.1179835572838783,-0.0206887014210224,0.118225023150444,0.1150432750582695,0.1138525828719139,0.0718484967947006,-0.1135577261447906,0.1120663061738014,-0.1176638230681419,0.1060544922947883,-0.0577238053083419,-0.0387597121298313,0.1147243231534957,0.1166534796357154,-0.099974475800991,0.102277286350727,0.0432726964354515,-0.0248402953147888,-0.1085192784667015,0.0982401445508003,0.0892201960086822,-0.1179875805974006,-0.091042123734951,0.1084656491875648,0.0346683748066425,-0.0864378735423088,-0.0011582453735172,-0.0794431269168853,0.0897294580936431,0.1159222200512886,-0.0904087722301483,-0.1125289425253868,-0.0846945345401763,-0.0547887310385704,0.0861115157604217,-0.1179111152887344,-0.0081049390137195,-0.1157719418406486,0.1156413108110427,-0.1103153154253959,-0.060828011482954,0.0794778242707252,0.1136181280016899,0.1140004247426986,0.1182743087410926,0.0491934530436992,-0.1141889095306396,0.1179742589592933,-0.0999301150441169,-0.0964855700731277,0.0734419524669647,-0.0598380155861377,0.1112863346934318,-0.0977160036563873,0.1146745607256889,-0.0159252788871526,-0.1013901308178901,0.1056857258081436,-0.0423168577253818,-0.0768029317259788,0.1156700178980827,-0.1014848500490188,-0.0036666996311396,0.117818497121334,0.0799779668450355,-0.111573189496994,-0.1068807020783424,0.0971673503518104,-0.097734622657299,-0.0068135820329189,0.1079700738191604,0.1059950143098831,0.0032943391706794,-0.0799491554498672,-0.0488764941692352,-0.0554289370775222,0.0202460531145334,-0.092828668653965,-0.1063383817672729,-0.1044385358691215,0.0139580788090825,-0.1017590463161468,0.0126357804983854,0.0871080309152603,-0.0981493666768074,0.1036510169506073,-0.1063421443104744,-0.0781312882900238,-0.1067357212305069,-0.1025174558162689,-0.093913197517395,0.1067139208316803,0.0901255458593368,0.1064611375331878,0.104288175702095,-0.0572271533310413,0.088593803346157,0.0958624109625816,0.0866985470056533,0.1035306826233863,-0.1047219485044479,0.1067710071802139,0.1010527536273002,0.0286717973649501,0.093812957406044,-0.105715163052082,0.1065148785710334,0.0576114989817142,-0.0774700716137886,0.1056996807456016,0.1065829470753669,0.0934376269578933,-0.014726223424077,-0.10471872985363,0.1053293570876121,0.0041532265022397,-0.0434327721595764,0.1038706228137016,0.1039458736777305,-0.1006176769733429,0.1054521277546882,-0.1023105531930923,-0.1023837700486183,0.0998914241790771,0.023276999592781,0.1050954312086105,0.1065271571278572,0.1010331138968467,-0.0342828296124935,0.0891188234090805,-0.0106333270668983,0.1056297868490219,0.0977234542369842,-0.0782021358609199,0.1051968932151794,0.1043263524770736,0.1036816090345382,0.1068330034613609,0.0880579352378845,0.0913960039615631,-0.0828862339258194,0.0952194333076477,0.0943043902516365,0.0404782518744468,0.1060875281691551,0.1034000292420387,-0.106776438653469,-0.0288903750479221,-0.0486445315182209,-0.1033387333154678,-0.1038129776716232,0.106809064745903,-0.1047387868165969,0.1068445369601249,-0.0338054858148098,-0.0853872448205947,0.1065026298165321,0.0133418310433626,0.0183450281620025,-0.070864662528038,0.0922530442476272,-0.0012797499075531,-0.1066766083240509,0.1067965105175972,0.0876047536730766,-0.0512091070413589,-0.0968833491206169,-0.1066978648304939,0.0863778367638588,-0.0942115858197212,-0.0393529012799263,-0.106138676404953,0.0372818931937217,-0.0471164286136627,0.0993012934923172,0.1044257059693336,-0.1064080521464347,0.0951369106769561,-0.0962830781936645,-0.1059337258338928,-0.1008194535970687,0.0652648583054542,0.0999990701675415,0.0369145609438419,0.1062452048063278,-0.0560976266860961,0.071984976530075,-0.0828965231776237,0.105840228497982,-0.0987292826175689,0.1036698967218399,-0.1049778908491134,0.0017895963974297,0.0036420887336134,-0.0388712584972381,-0.1028802394866943,0.1066238656640052,-0.0900301709771156,-0.0396057851612567,-0.0942307263612747,0.0818944722414016,-0.03487379103899,0.0389502309262752,0.1066769137978553,0.1068015396595001,0.0918983221054077,0.1004462391138076,0.1010184064507484,-0.0996403023600578,0.0915942639112472,-0.1010625585913658,0.1009529456496238,-0.0115141728892922,-0.1010575145483017,-0.0998014360666275,0.065187744796276,0.0992239192128181,-0.085621953010559,0.0745802298188209,0.1006428673863411,-0.0989135205745697,0.0978965535759925,-0.1010551452636718,0.1007735431194305,-0.101049356162548,0.061615340411663,-0.0994726791977882,-0.1010275706648826,-0.1010445207357406,0.0793918892741203,0.1007708460092544,-0.0974029377102851,-0.1005876362323761,-0.0859196484088897,0.0065661775879561,0.0963017269968986,-0.1006742194294929,0.0774668678641319,-0.0973155722022056,-0.0013630622997879,-0.1003172323107719,0.0870857015252113,-0.0360447689890861,0.1008927673101425,0.1009909808635711,0.0827358141541481,0.0575333535671234,-0.0378820896148681,0.1007676124572753,0.0335884615778923,-0.1010623127222061,0.0994997844099998,-0.0800160318613052,0.0553622096776962,-0.059529922902584,0.0889686718583107,0.0988842993974685,-0.0964921414852142,-0.0080604199320077,0.1010493114590644,0.0949583947658538,-0.0990205854177475,0.0990726724267005,0.1010038256645202,-0.0984899550676345,0.0936591178178787,0.1010562926530838,0.0995293110609054,-0.1006550341844558,0.0894656479358673,0.0996058210730552,0.0976103693246841,0.1009659543633461,-0.1009563580155372,-0.1006216332316398,0.0954436659812927,-0.0842543542385101,0.1010627001523971,0.100499652326107,-0.0401661358773708,0.1007686853408813,0.0879366472363472,0.0993077978491783,0.0806655883789062,0.1008834540843963,-0.0988114923238754,0.097868300974369,-0.0970824658870697,-0.0802207365632057,-0.0354567058384418,0.0990965738892555,0.0309146810322999,0.0997093692421913,0.0849667638540268,0.0984117910265922,0.0951107889413833,-0.1010448783636093,-0.1010377332568168,-0.0169141702353954,0.008389857597649,-0.1001571640372276,0.0977217182517051,-0.0767551511526107,-0.1008710786700248,-0.0980641096830368,0.0029665674082934,0.0020153848454356,-0.1009395197033882,0.1002812460064888,0.0955634340643882,-0.1009289920330047,-0.0170096680521965,0.0302894841879606,0.1010626479983329,-0.1000226214528083,0.005814837757498,-0.0991445258259773,-0.101024679839611,-0.028368953615427,0.0942712500691413,-0.0969954133033752,0.0965272784233093,0.085027314722538,0.1004173681139946,0.0756617411971092,-0.0998343005776405,0.1010039746761322,0.0985359475016594,-0.0984916910529136,0.1000469252467155,0.1000484749674797,0.0222232267260551,0.0993052944540977,0.0937587022781372,0.0939543172717094,-0.0543878190219402,-0.0642513483762741,-0.0911990851163864,0.0921326726675033,0.0944161564111709,-0.094550147652626,-0.0863062515854835,-0.0945133492350578,-0.0945240259170532,-0.0935843661427497,0.0926794409751892,0.0906850770115852,0.0948338583111763,0.0947887897491455,-0.0950574353337287,-0.0495648756623268,0.0949862152338028,-0.0948975160717964,0.0949366092681884,0.0859474316239357,0.0939088761806488,-0.094699889421463,-0.0950746908783912,-0.0949799418449401,0.0943358987569809,-0.0884777307510376,0.0951257348060607,0.0951272472739219,-0.0899548232555389,0.0901915207505226,-0.0941946431994438,0.0883792638778686,0.0949755236506462,-0.0709548443555831,0.091075487434864,0.0877539813518524,-0.0864866152405738,-0.0946786329150199,0.0947039276361465,0.0948940590023994,0.0265109222382307,0.076423667371273,0.0715361088514328,0.0816208869218826,0.0950692296028137,0.0935374870896339,0.0949625819921493,0.0926109850406646,-0.0796292275190353,-0.0740620419383049,0.0935945883393287,-0.0949685797095298,0.0951170623302459,-0.0774170979857444,0.0940775722265243,-0.0949643105268478,0.0949802547693252,-0.0949841439723968,-0.0883445441722869,-0.0778791457414627,0.0929927229881286,-0.0932876840233802,0.0898703262209892,0.0951096639037132,-0.0783799216151237,-0.0943824872374534,0.0623493082821369,0.0913088321685791,0.067402996122837,-0.0948001965880394,0.0946982949972152,0.0836700648069381,0.0931544005870819,-0.0949026718735694,0.095030777156353,0.0950950160622596,0.0209723282605409,-0.0937553569674491,0.0876464173197746,0.0951250195503234,-0.0423871017992496,-0.0811569392681121,-0.0936887115240097,-0.0929643213748931,0.0941323712468147,0.0812210366129875,-0.0950220674276351,-0.0087460912764072,0.0840827226638794,0.087018683552742,0.094041958451271,-0.0947480723261833,-0.0893174111843109,0.0874169617891311,0.0950803011655807,0.0930142402648925,0.0873974412679672,0.0804359316825866,0.0948237404227256,-0.0889774784445762,0.0798773616552352,-0.0557849332690238,-0.0930885821580886,0.0942181646823883,0.0871880948543548,-0.0948630720376968,0.0949256345629692,0.0941541790962219,0.0884766429662704,-0.0942403897643089,0.0944662690162658,0.0652359053492546,-0.0848491415381431,-0.0948718786239624,0.093786247074604,0.0946275293827056,0.092213936150074,-0.095126636326313,-0.0951281934976577,0.091653786599636,-0.0923755168914794,-0.0879986733198165,0.0799631029367446,0.0937088206410408,0.094873160123825,0.0923397168517112,-0.0948633998632431,0.0149750839918851,0.0868116691708564,0.1103695929050445,-0.0387980602681636,0.1597441136837005,0.1551232486963272,0.1513461768627166,-0.043886698782444,-0.0357182286679744,0.1470787972211837,-0.0069450628943741,0.155916541814804,0.0018525326158851,0.0412558652460575,0.0224858056753873,-0.0705972388386726,0.00039615429705,0.003239209530875,-0.1335720717906952,0.1636277735233307,0.0261345095932483,-0.0400669649243354,-0.0388086177408695,0.0905083492398262,0.0767831429839134,-0.060162503272295,0.0002426230057608,0.0806715935468673,0.0543910339474678,0.0644107460975647,0.1244614943861961,-0.0709876343607902,0.0950547009706497,-0.0376478135585784,0.0545066036283969,0.0450354255735874,0.1016091927886009,-0.143668457865715,0.1109057739377021,-0.1300580203533172,-0.0008949878974817,-0.0056119044311344,-0.1427216231822967,-0.0712495297193527,0.0530855432152748,0.1589556485414505,-0.1563282907009124,-0.1327649503946304,-0.1081901341676712,0.0720124468207359,-0.118627518415451,-0.0655574575066566,0.0364946722984313,0.0063249873928725,-0.0373520404100418,-0.0090816626325249,-0.1072510927915573,-0.0348616614937782,0.095255047082901,-0.0987943783402443,0.0470612123608589,0.069655142724514,-0.1309733241796493,-0.0197840221226215,-0.1111034974455833,0.0075144367292523,0.0685638412833213,0.1199229732155799,-0.0956449285149574,-0.0921362414956092,0.0223556999117136,-0.0928314924240112,-0.1673437356948852,-0.0633139014244079,0.1360598355531692,0.0221399459987878,0.035074234008789,0.0280212927609682,-0.0045450842007994,0.1155094727873802,0.1679980307817459,-0.048378549516201,-0.0317405052483081,0.1718855798244476,0.1236880421638488,0.0223940871655941,-0.0690284296870231,0.0891011580824852,-0.0760715156793594,-0.0310487896203994,-0.1032609045505523,0.0449269860982894,-0.1701433211565017,-0.0348196290433406,0.1543873697519302,0.0018841822165995,-0.0054048225283622,0.092469111084938,0.085032120347023,0.0016596226487308,-0.0291974525898695,0.0651453733444213,-0.0100597497075796,0.0662534162402153,-0.002735344460234,0.0230612121522426,-0.0221958830952644,0.0517178587615489,-0.1222639083862304,-0.021932253614068,-0.0551089867949485,-0.1033434495329856,0.1675283759832382,-0.0595959797501564,-0.0152627304196357,-0.0117972372099757,0.1085071712732315,0.0757307112216949,0.1042700558900833,0.1291199028491974,-0.0654828995466232,-0.1442328691482544,0.0693398788571357,-0.0585971102118492,-0.1040126532316207,-0.0714861154556274,0.040699303150177,-0.0998659208416938,0.0275652445852756,0.0280480626970529,-0.0541763566434383,-0.0043419455178081,0.0509594306349754,-0.0749592632055282,0.0166453514248132,0.0144157651811838,-0.0590285435318946,-0.0646321475505828,0.0388867333531379,0.0174451135098934,-0.0349181406199932,-0.0561901368200778,0.1716060191392898,0.0614506863057613,0.0159496609121561,-0.0806290134787559,-0.0013179776724427,-0.238455519080162,-0.0595530606806278,-0.0045250752009451,-0.0047307987697422,-0.0993588119745254,0.1117895022034645,-0.0125549053773283,0.0831804051995277,-0.1578423380851745,-0.0034561879001557,-0.1430755406618118,-0.1241430416703224,0.0154114663600921,0.1330556422472,-0.0018402596469968,-0.0914779901504516,-0.0142060639336705,0.0942119657993316,-0.0274770744144916,0.0011587545741349,-0.0837452188134193,0.1210833191871643,0.1870284676551818,-0.1306347250938415,-0.0885958522558212,-0.0301056206226348,0.0293186027556657,-0.0305104609578847,0.0969487279653549,-0.017573757097125,0.1894849240779876,-0.1312476098537445,0.0516825169324874,0.0169412177056074,-0.0503319837152957,-0.1122321560978889,-0.0040406733751297,0.1078903079032898,-0.1566867083311081,0.0855766460299491,0.0607864558696746,-0.0204143803566694,0.0164371188730001,-0.0993069037795066,0.0110486401244997,0.0753068476915359,0.0084885759279131,0.0146378558129072,-0.0206706561148166,0.2456090599298477,0.137692391872406,-0.0635596290230751,0.02807511202991,-0.0938652530312538,-0.1468158215284347,-0.0537053905427455,0.0305848103016614,-0.1017859950661659,0.0418429598212242,0.0096597829833626,-0.0899741575121879,0.0915867686271667,-0.1367547065019607,0.2079034298658371,0.0524867624044418,-0.0384977310895919,0.1060626804828643,-0.020757021382451,0.0748012438416481,-0.0002142282464774,-0.1163427978754043,-0.0584918782114982,-0.0299723874777555,-0.0388310328125953,0.0347271487116813,-0.1590536534786224,0.0465319752693176,-0.0116878291592001,0.0287141520529985,-0.1200920939445495,-0.0598843470215797,-0.0418385863304138,0.0059042475186288,0.1098175346851348,0.1064120084047317,0.0577279590070247,-0.0092132557183504,-0.0528138652443885,-0.1145436912775039,0.1569388806819915,0.00011105487647,0.110971488058567,0.0791356638073921,0.1705491095781326,-0.0454405210912227,0.0156890042126178,0.1464447230100631,-0.0504094511270523,-0.1640743613243103,-0.026911586523056,0.0441394075751304,-0.0180457588285207,0.0105887306854128,-0.0354854390025138,-0.0979775264859199,7.385011849692091e-05,0.1119976788759231,0.1488741338253021,0.0230149589478969,YQLQRXFWJSIIMU-UHFFFAOYSA-N,CN(C)Cc1cn(-c2cc3c(cc2F)c(=O)c(C(=O)O)cn3C2CC2)nn1
0.0992859676480293,-0.0994164273142814,0.1050775647163391,0.1051191911101341,-0.0596527643501758,0.0463928207755088,0.1032500341534614,-0.1051271706819534,0.0587571337819099,-0.1043697446584701,-0.1050940006971359,0.0557436384260654,-0.1047928556799888,0.1051631122827529,-0.0892191231250763,-0.1035926416516304,0.0815879702568054,-0.05674934014678,-0.0943647325038909,0.0961034074425697,0.0415255911648273,-0.0070333816111087,0.0743217691779136,0.10480348020792,-0.0578322000801563,-0.104275494813919,0.1049907580018043,-0.1051619350910186,-0.1040540859103202,-0.0940914526581764,0.102942407131195,0.104912020266056,0.0203687734901905,-0.105080246925354,0.0575191006064415,-0.1049818843603134,0.105074442923069,-0.1037992238998413,0.1034236624836921,0.0055629592388868,0.1039501056075096,-0.1050536781549453,0.0049598319455981,0.0999248996376991,-0.0403741337358951,0.1016819477081298,0.0049100932665169,0.1051715239882469,-0.1031535565853118,0.1043270155787468,-0.0306545756757259,-0.0290980618447065,0.1048874780535698,-0.093845322728157,-0.1044034361839294,-0.1033180132508277,0.1051463484764099,0.095553457736969,0.1039816364645958,-0.1038701981306076,-0.1051717326045036,-0.0551407895982265,-0.0615502819418907,-0.1051136925816536,-0.0933631286025047,0.1051583290100097,-0.1043919771909713,-0.0792460367083549,0.0301155783236026,0.0899980664253234,-0.0385136120021343,0.1046333089470863,-0.1045222803950309,-0.0832745507359504,0.0982276052236557,-0.1041400358080864,-0.0572923123836517,-0.0967920422554016,-0.0327679552137851,-0.0862758606672287,0.1035285741090774,-0.0978981778025627,0.0955532565712928,-0.093771144747734,-0.0792033746838569,0.0992175266146659,-0.0369726680219173,0.1007881462574005,0.0933757498860359,-0.1050876230001449,-0.1011202409863472,0.1038948893547058,0.0935891345143318,0.1051615625619888,0.104690782725811,0.0824271589517593,-0.0415966063737869,-0.104703351855278,0.0670055299997329,-0.0067789694294333,0.0297123715281486,0.0828214585781097,-0.1007078140974044,0.1046322882175445,-0.0796530544757843,0.1039614528417587,-0.1051489189267158,0.0960242301225662,0.1050348132848739,0.0886631160974502,-0.1040117666125297,-0.0947662964463234,-0.104832537472248,0.1050113290548324,-0.1048364415764808,-0.0719893872737884,0.0084756901487708,-0.104728378355503,-0.0526369325816631,0.1051567569375038,0.0818394795060157,0.10513686388731,0.0426771640777587,0.0859833732247352,-0.0461938232183456,0.1051167622208595,-0.0256529878824949,0.0281450431793928,-0.0830068960785865,-0.0964621901512146,-0.0998457968235015,-0.0902881845831871,0.096767857670784,-0.0998292565345764,-0.0978294238448143,-0.0998245179653167,0.0997738093137741,-0.0998644977807998,0.0970091894268989,0.0246740747243165,-0.0998660326004028,0.0984284430742263,-0.0989212244749069,0.0243509914726018,0.0996865257620811,-0.0962263792753219,-0.0998707711696624,0.095791146159172,0.0898930355906486,-0.0998644977807998,-0.0998707711696624,0.099855400621891,0.0618685334920883,0.0471632145345211,0.0998572930693626,-0.0934102684259414,-0.0769559144973754,0.0988879427313804,0.0865143612027168,0.0997170060873031,-0.0998704433441162,0.0478285551071167,-0.0996626690030098,0.0995236337184906,-0.0987650603055954,-0.0998559743165969,-0.0998653322458267,-0.0987443402409553,-0.0806896835565567,-0.0564450770616531,-0.0756281390786171,-0.0998704954981803,0.0982501059770584,0.092008464038372,0.0996961817145347,0.0769061967730522,-0.0988916605710983,-0.0978229045867919,0.0998048111796379,-0.0998705849051475,-0.0821760445833206,-0.0780451446771621,0.0945692285895347,-0.0998681485652923,0.0972280725836753,-0.0998649299144744,-0.0800644531846046,0.0809256508946418,0.0129488352686166,-0.0997926592826843,0.0975494980812072,0.0998496264219284,0.0998705402016639,0.0990877002477645,-0.0585346780717372,-0.0759130641818046,0.001683952868916,-0.0845126807689666,-0.0948921591043472,-0.0998707190155983,-0.0325576849281787,-0.0997342690825462,0.0052830781787633,0.0998444259166717,0.0994134321808815,0.0935704186558723,-0.0997923612594604,0.0967820137739181,-0.0939481481909751,-0.0382486768066883,-0.0822949409484863,-0.098385065793991,-0.0072415373288095,-0.0998679623007774,0.0959517210721969,0.0997470170259475,0.0998437106609344,0.0994939506053924,-0.0996905267238617,-0.099281370639801,-0.0404122211039066,0.0998511686921119,0.0334092937409877,-0.0981101542711258,0.098622091114521,0.0081007089465856,-0.0797681361436843,0.0971373468637466,0.0959869101643562,0.0998401790857315,0.0994315296411514,0.0130661223083734,-0.0384431071579456,0.099813237786293,-0.0085231140255928,0.084880419075489,-0.0998698249459266,-0.0991839095950126,-0.0940477028489112,0.0694893822073936,-0.0942833572626113,-0.0822452902793884,-0.0968471616506576,0.095970407128334,-0.0814147964119911,0.0998705178499221,-0.0320053622126579,-0.0977482870221138,-0.0974172800779342,-0.0958533585071563,-0.0978519916534423,-0.0860486105084419,0.0998700782656669,-0.0994756668806076,0.0648187845945358,-0.0919903367757797,-0.1005447059869766,0.0561589896678924,0.074355624616146,0.0416044890880584,0.1004429310560226,-0.1005486994981765,-0.089713767170906,-0.1005487516522407,0.1004920825362205,0.0682011395692825,-0.1004543974995613,0.1005403399467468,0.1005406826734542,-0.0915729403495788,0.0998625084757804,-0.0478858314454555,0.0830589085817337,0.0999568626284599,-0.0982232689857482,0.1005402952432632,-0.0999361649155616,-0.1005398482084274,-0.0931720435619354,0.0996873751282692,-0.0978783145546913,0.0313360355794429,-0.0835885182023048,0.100512757897377,-0.0983834862709045,-0.1005441471934318,0.100545734167099,0.0709744393825531,0.032680869102478,0.1005359292030334,0.0804964005947113,-0.1003905981779098,0.0995934382081031,-0.0922337174415588,0.0717161744832992,0.1004715412855148,-0.1000647321343422,0.1005300879478454,0.0509726181626319,0.1004962399601936,0.1002912670373916,0.0694687813520431,-0.0989930555224418,-0.0391201190650463,0.1005487218499183,-0.0972936674952507,-0.0990847423672676,-0.0581784658133983,0.1005394458770752,-0.0986922159790992,-0.0972639694809913,-0.1005487367510795,-0.0594319850206375,-0.0899311900138855,-0.0930639207363128,-0.1004636213183403,-0.0870255231857299,0.1002873629331588,-0.0481647476553916,-0.0836683735251426,0.0166718829423189,-0.1005368530750274,-0.0960740447044372,-0.0991301387548446,-0.1005487367510795,0.0769154354929924,0.0999475568532943,-0.1005183830857276,0.1005122661590576,0.0079212365671992,5.549077832256444e-05,-0.1000367477536201,-0.1005477011203765,0.0255896523594856,-0.0968349650502204,0.0562518686056137,-0.0625016614794731,0.0868253782391548,0.1005487143993377,0.0943512842059135,0.1005485951900482,-0.1005377471446991,0.1000953614711761,-0.060383778065443,-0.0988257601857185,-0.1005118787288665,0.0983299612998962,-0.1005487218499183,0.0945668071508407,0.0852533653378486,0.1005462408065795,-0.1005415916442871,-0.0446639396250247,0.0632019117474556,-0.1005480736494064,0.0663045942783355,0.1005188226699829,0.0987404808402061,0.1005487516522407,-0.0928302183747291,-0.035523597151041,-0.0201870501041412,-0.0990484058856964,-0.091925635933876,-0.1005487516522407,0.0482513085007667,-0.1004964411258697,-0.1005487516522407,0.1004987582564354,-0.0994810760021209,-0.1005077362060546,-0.0674232766032219,0.0990478992462158,0.0983098596334457,0.099527969956398,-0.0005460805259644,0.1005486249923706,-0.0955680608749389,0.1005486845970153,-0.1005462929606437,0.0888405591249466,0.0596050731837749,-0.1003633365035057,-0.0373162738978862,0.1508772224187851,-0.0311897713690996,0.0528059303760528,-0.0543253384530544,0.0176985636353492,0.0013328673085197,-0.0101863034069538,-0.0316405184566974,-0.0142020005732774,-0.089893527328968,0.1535511463880539,-0.0666362717747688,-0.0355977937579155,0.0424806885421276,-0.1358986645936966,-0.0073158456943929,-0.2035531848669052,-0.090915061533451,0.055129051208496,-0.0478835217654705,-0.0994076430797576,0.1247850731015205,-0.0478746779263019,-0.1227980926632881,0.0707921087741851,0.0072988593019545,-0.0719831138849258,-0.0072129042819142,-0.0792986080050468,-0.0768947303295135,0.0895870625972747,0.0416557937860488,-0.1236041784286499,0.1355576664209365,0.1693681478500366,-0.0687899515032768,-0.0626885443925857,-0.1644102931022644,0.1083914339542388,0.1048461571335792,0.102331705391407,-0.1416749060153961,0.077213242650032,0.0464738346636295,-0.0413503237068653,-0.0164755750447511,0.007738946005702,0.0582219995558261,-0.0122766606509685,0.0236527677625417,0.1109779924154281,-0.068443439900875,-0.0020566752646118,-0.0408523790538311,-0.1007581278681755,-0.094213105738163,0.0200827214866876,0.0770890340209007,0.0733089447021484,0.1774039715528488,-0.0775015875697135,0.0431468077003955,0.1634946912527084,0.0892665609717369,0.0441812761127948,-0.1709792762994766,-0.1601742058992386,0.0203183963894844,-0.0326211266219615,-0.0055193938314914,0.0420514568686485,-0.0029371981509029,0.0037401940207928,2.3300777684198692e-05,-0.0849233120679855,0.0988595411181449,0.1147550642490387,-0.1691140979528427,-0.1402541697025299,-0.0845672190189361,0.0251223687082529,0.0958581268787384,-0.0991968289017677,-0.1882862001657486,0.0031042257323861,-1.7401858713128604e-05,-0.0475694499909877,0.1759586036205291,0.0365837551653385,0.1653139144182205,-0.0146574052050709,0.0735994949936866,-0.1275791823863983,-0.0624726265668869,0.0094248633831739,0.0380383171141147,-0.0082100797444581,0.1256328970193863,0.0445774719119071,-0.0282098446041345,0.0413753204047679,-0.0176671463996171,0.0241001527756452,-0.0075734271667897,-0.0683642476797103,0.0327147841453552,-0.0278645250946283,0.0858672261238098,0.1939591914415359,0.0724560618400573,-0.0570183508098125,-0.0297861751168966,0.1694815009832382,0.0102221518754959,-0.0369579307734966,-0.0063835894688963,0.1676331013441085,0.04150265827775,-0.1217556744813919,0.0180447436869144,-0.0094268787652254,0.0793731212615966,0.11020028591156,-0.0256567895412445,-0.1306544244289398,-0.0310244038701057,0.0456361211836338,-0.072537250816822,-0.0037544586230069,0.0968554243445396,0.118375040590763,-0.1336008906364441,-0.0037243214901536,0.0442293286323547,0.1338619589805603,0.0959510058164596,-0.0397351533174514,-0.0215780232101678,0.0106489658355712,0.0609158836305141,0.1240496337413787,0.096011959016323,-0.0752564892172813,-0.0831019505858421,0.0761256888508796,-0.0374182909727096,-0.0105506833642721,-0.0139973443001508,-0.1511251777410507,-0.1250969320535659,-0.1005805656313896,-0.006451710127294,-0.1612917631864547,0.138834148645401,-0.1314482241868972,0.137545958161354,-0.1452049911022186,0.0743770152330398,-0.0684425830841064,0.114236831665039,0.0736212432384491,-0.1049834415316581,0.0998092964291572,-0.0388908647000789,0.0347488224506378,0.0375993363559246,-0.0198396053165197,0.0555192157626152,0.1345347613096237,0.1318239122629165,-0.138855442404747,-0.0283120516687631,0.0704300627112388,0.0323770903050899,-0.0811027139425277,0.0464200153946876,-0.0236338581889867,0.0067055718973279,0.0550221428275108,0.1397713720798492,0.1060286462306976,-0.0216990988701581,0.138442113995552,0.0509374774992466,-0.1371287107467651,-0.0565187744796276,0.0035990627948194,-0.0034633819013834,-0.1094883158802986,0.0395385175943374,-0.0046645458787679,0.0545927844941616,-0.0879838168621063,-0.021313389763236,-0.0241160746663808,-0.0001836730807553,-0.0848870426416397,0.0422769263386726,-0.0666938573122024,-0.0280726142227649,-0.1133861318230629,0.0595340579748153,0.1030832082033157,-0.1105325669050216,0.0949597358703613,0.048192523419857,0.0996636524796485,0.0299585256725549,-0.0493229515850544,-0.0929988771677017,-0.0595664083957672,0.0737445577979087,-0.0362185537815094,-0.129510760307312,0.0988723337650299,-0.1320538520812988,0.0594263784587383,0.1392508596181869,-0.0851310193538665,-0.0827279612421989,-0.1454225778579712,0.1079745963215828,0.1170716062188148,-0.0211155749857425,0.1398819833993911,-0.0445948056876659,-0.0254012607038021,0.0253566820174455,-0.0460268817842006,-0.0615893825888633,-0.126693993806839,0.041090004146099,0.0446425005793571,0.1321956515312194,0.1213899403810501,0.0939455777406692,-0.0766082778573036,0.0041280263103544,-0.114436499774456,0.0628391951322555,0.0678684264421463,-0.0875083655118942,0.1149876564741134,0.09613948315382,0.1386754810810089,-0.1003458350896835,0.0291832201182842,0.0660527795553207,-0.1557301878929138,0.0973953232169151,-0.1122310832142829,-0.1266912519931793,-0.0516676567494869,-0.0521058179438114,-0.0861568823456764,-0.1201424002647399,-0.0957001522183418,-0.0391157902777195,-0.034126978367567,0.0137621331959962,-0.0824261382222175,0.0414501801133155,0.1400525718927383,0.0985284373164177,0.0404924340546131,-0.1481505632400512,-0.070104032754898,-0.0497075319290161,-0.0848431065678596,-0.0195127855986356,0.1199721619486808,0.0288382153958082,0.0829713717103004,-0.1446645259857177,-0.1058599650859832,-0.1071087718009948,-0.0315904766321182,0.0238765757530927,-0.0665580034255981,-0.1337875574827194,0.0577626340091228,-0.0560119897127151,0.0807598680257797,-0.0879175886511802,0.0125546557828783,-0.1130632385611534,-0.0347220301628112,0.0925533473491668,0.1327050179243087,0.0479171387851238,-0.0311218164861202,0.1573353856801986,0.1512349545955658,-0.0223801489919424,0.0554482862353324,-0.1314015537500381,0.0143542978912591,-0.0365609005093574,-0.0762485265731811,-0.1084480881690979,0.0790001675486564,0.0304463393986225,0.1683382242918014,-0.0160135682672262,-0.057908110320568,0.1266972571611404,-0.1382944881916046,0.1067116260528564,-0.0840390026569366,0.1342945396900177,0.0146953556686639,-0.0524944141507148,-0.0344197489321231,-0.1208554878830909,0.0225789248943328,0.1614049226045608,0.0900093838572502,0.1202558428049087,-2.956062598968856e-05,0.048015397042036,0.0074581722728908,-0.1448730230331421,-0.0476261265575885,-0.0355217903852462,0.1612249463796615,0.0912739709019661,-0.1496619582176208,-0.0226693470031023,0.1254733949899673,0.0310260523110628,-0.103951558470726,0.0324734449386596,-0.1298621594905853,-0.0878368988633155,-0.1365667879581451,-0.07707279920578,0.0412935465574264,-0.0721286609768867,0.0796715095639228,-0.0999366343021392,-0.1376616358757019,-0.055907305330038,0.0642093643546104,-0.0085507882758975,-0.0948986858129501,0.0364900417625904,0.1268932670354843,-0.0358082540333271,-0.0832880064845085,0.0741902962327003,-0.1059762462973594,-0.0154449930414557,-0.0606192871928215,0.0829791352152824,-0.1131896078586578,0.0167120937258005,0.0450131669640541,0.0761819332838058,-0.0346697308123111,-0.0719335675239563,0.1336372345685959,0.0036987804342061,-0.1117293685674667,-0.087351806461811,0.1084627211093902,-0.0293713361024856,0.1517044752836227,-0.1096748486161232,0.1528509557247162,-0.1090819761157035,0.0592964179813861,-0.035369474440813,0.0375714041292667,-0.1407761126756668,-0.0782914385199546,0.0018598340684548,0.0365671701729297,0.0657009482383728,0.1650768369436264,-0.0161951966583728,0.0081001175567507,-0.029835132881999,0.0489512085914611,-0.0311265662312507,QMDZDXUVGCSRTR-UHFFFAOYSA-N,CC(=O)NCCNc1nc2c(s1)c(C)nn2C
-0.0410596579313278,-0.095530480146408,-0.1005116999149322,0.1005244851112365,-0.0822594240307807,-0.0998720899224281,0.0932782590389251,0.0838128551840782,0.0980382338166236,0.098827376961708,-0.0788520872592926,-0.0302856899797916,-0.1005196049809455,0.0987545847892761,0.1005246564745903,0.0206099767237901,0.0907042622566223,-0.0980075150728225,0.1004240214824676,0.0964987352490425,-0.0922567844390869,-0.1001306176185607,0.1001490205526351,-0.1000632271170616,0.0969528704881668,-0.0959011018276214,-0.0893041118979454,0.0254747290164232,0.0929011330008506,-0.0828032046556472,-0.0937852337956428,-0.1005057245492935,0.0695182532072067,0.1005106940865516,-0.0753719359636306,-0.1003977879881858,-0.0336912684142589,0.0866971984505653,0.1005234643816948,0.0982438698410987,-0.0299968123435974,0.0974429696798324,-0.0919304713606834,0.100144624710083,0.1005196943879127,0.1003403961658477,-0.1005256026983261,-0.0855713784694671,-0.0786289423704147,0.0178313869982957,-0.0977689921855926,-0.1004937142133712,0.0951381027698516,0.1004514619708061,-0.0987291783094406,-0.1004707440733909,0.0750914737582206,-0.1004436165094375,0.0609190240502357,-0.098130352795124,0.0979483649134635,0.0705083683133125,-0.0455973111093044,-0.1001530513167381,0.1005032286047935,-0.100225880742073,0.0216127280145883,-0.0985847637057304,0.0988541916012764,-0.0955465584993362,0.0996403694152832,0.1002419367432594,0.0366429947316646,-0.1005090475082397,-0.100524716079235,0.0737431570887565,-0.1005255132913589,0.1005252599716186,0.1002967208623886,-0.1005127280950546,0.0317778214812278,-0.0705883055925369,-0.1003765687346458,-0.0904965102672576,0.0950634554028511,0.0363038778305053,0.0793572217226028,0.1002051085233688,-0.0978025570511818,-0.0783740207552909,0.1005033105611801,0.1005221456289291,0.0999450758099556,0.1005042120814323,-0.0986241772770881,-0.0904629901051521,-0.1005254164338111,0.1005035191774368,-0.0976745933294296,-0.0419107563793659,0.0255328956991434,0.1001478359103202,0.1003287360072135,-0.1001058965921402,-0.100112497806549,-0.1005254983901977,0.0703473910689354,0.1004938781261444,-0.0466403067111969,-0.0030425530858337,0.0413514301180839,-0.0885150134563446,-0.0994007736444473,0.0992389544844627,0.1005234122276306,-0.0892052128911018,-0.0570556558668613,-0.0637394040822982,-0.100522480905056,0.1005113795399665,-0.0997659265995025,0.0867362469434738,-0.0950245782732963,-0.0962074846029281,0.086324892938137,0.0671652555465698,-0.0997710973024368,-0.0461002774536609,0.097829446196556,0.0284617599099874,0.0975906178355217,-0.0951332151889801,0.0967864096164703,-0.0975825786590576,0.0954194292426109,-0.0977923944592475,0.097763642668724,-0.0977568924427032,0.0842635184526443,-0.0978938192129135,-0.0978913828730583,-0.097891166806221,0.0811691507697105,-0.0976338237524032,0.0915150120854377,-0.0503791272640228,-0.0978940352797508,-0.0247641038149595,0.0972817912697792,-0.09785708039999,-0.0978939905762672,0.0729903951287269,0.0937292277812957,0.0092837596312165,0.0963192954659462,-0.0978549793362617,-0.0978889316320419,0.0821290612220764,-0.0954164043068885,0.0978390648961067,-0.0978902652859687,0.0978939011693,-0.0089507037773728,0.0725961104035377,0.0975096896290779,-0.0978940352797508,-0.0975724756717681,-0.0931931808590889,0.0880578383803367,0.0127531858161091,0.0978779047727584,-0.0978940352797508,0.0957448333501815,0.0534429661929607,0.0659998059272766,-0.0675111338496208,-0.0978005453944206,0.0977720245718956,0.0978939607739448,-0.0978940352797508,-0.0978511050343513,-0.097512200474739,0.0978376567363739,-0.0978937968611717,0.0973183438181877,-0.0978940352797508,-0.0978825539350509,-0.0977217853069305,0.0679569020867347,-0.0474299788475036,-0.0977358296513557,-0.041214033961296,0.0978940352797508,-0.0926435142755508,-0.0978939905762672,0.071622222661972,-0.097463846206665,0.0551185049116611,0.0949894338846206,-0.0978940278291702,-0.0978937894105911,-0.0978173688054084,-0.0978923812508583,0.0978868603706359,-0.0976152196526527,-0.0390885770320892,-0.0966707989573478,0.0417455807328224,0.0148450434207916,-0.0942488238215446,0.0978873148560524,-0.095260702073574,-0.041099764406681,-0.0978940203785896,0.0433673784136772,0.097894012928009,0.0978935435414314,0.0123879564926028,-0.0978344082832336,-0.0952867120504379,0.0936522334814071,0.0978940352797508,0.0953800156712532,0.0978932008147239,0.0978940278291702,-0.0971661955118179,-0.0845317095518112,-0.0940815582871437,0.0978825315833091,0.0978933647274971,0.0978895351290702,-0.0973467156291008,0.0973962321877479,0.0978938937187194,0.0820343270897865,-0.0795118361711502,-0.0978939980268478,0.0308764148503541,-0.0978396236896514,0.0861162841320037,-0.0978936329483985,0.0560310781002044,-0.0900558605790138,0.097460351884365,-0.0978569015860557,0.0962811857461929,-0.097328633069992,-0.0977977663278579,0.0978278815746307,0.0445455834269523,-0.0978507474064827,0.0965185984969139,0.0978863909840583,-0.0978936627507209,0.0354289375245571,-0.0978749841451644,-0.1027169972658157,-0.1027784943580627,0.1026248261332511,-0.0568201504647731,0.1027480885386467,0.0025502210482954,0.0941959768533706,-0.1027454882860183,-0.0449552796781063,-0.0961096659302711,0.1020533293485641,-0.0835112333297729,0.1027960255742073,-0.0768369138240814,-0.0025446456857025,0.1009564995765686,-0.0653340816497802,-0.1017086654901504,-0.0999613031744957,0.1022609323263168,0.093752808868885,-0.1006657034158706,0.1025369986891746,-0.102505974471569,0.053491573780775,-0.0818633511662483,-0.0877646505832672,0.1020682230591774,0.1022506728768348,-0.1017465218901634,0.1019223034381866,-0.1011480093002319,-0.0661919489502906,0.1025207787752151,0.0383577719330787,-0.1027717292308807,-0.1024600937962532,-0.1027649119496345,-0.0423895455896854,0.0180596653372049,0.0882656201720237,0.1027511581778526,-0.081867940723896,-0.0765643417835235,0.0553706102073192,0.1026207730174064,-0.1022005677223205,-0.0711889266967773,0.1027978807687759,0.0768100470304489,-0.0210516359657049,-0.1020410880446434,-0.1018974408507347,0.1016562208533287,-0.1008933559060096,0.0559589155018329,-0.0912751480937004,-0.0793531388044357,-0.0863198637962341,0.0107637196779251,-0.0861306935548782,0.102797694504261,0.1022421941161155,-0.0977837145328521,-0.1026590541005134,-0.1022678017616272,0.0707469806075096,-0.0341749675571918,-0.1024277731776237,-0.0895231664180755,0.0135918809100985,0.1020203828811645,-0.0770757645368576,0.1027142405509948,0.0759320184588432,-0.1026112660765647,-0.1021953970193862,-0.0901882350444793,-0.0968170911073684,-0.0570132210850715,0.0329603925347328,0.1010863408446312,-0.086849421262741,0.0588340163230896,-0.1008162498474121,-0.1019504740834236,0.06833166629076,0.0042004156857728,-0.1025756523013114,0.1027016043663024,0.1027184724807739,-0.0995879098773002,0.1012893840670585,0.0400227196514606,0.1027078926563263,-0.0848957300186157,-0.089098572731018,0.0713329911231994,-0.0785093083977699,-0.1027580946683883,0.086035281419754,0.0993207320570945,0.1027962416410446,0.0989139303565025,0.1014018282294273,-0.1022414937615394,-0.1020503267645835,0.0947235226631164,-0.1027069240808487,-0.0307384859770536,-0.0856134071946144,-0.0897301211953163,-0.0056828153319656,-0.1026268303394317,0.1026114523410797,-0.1027440056204795,0.0413155891001224,-0.1027956902980804,0.1027980893850326,0.0537346974015235,0.1007649227976799,0.1026154458522796,0.1026614159345626,0.0425123013556003,-0.0979951992630958,-0.0995904803276062,-0.1027529686689376,0.1010052412748336,-0.021009424701333,-0.133507490158081,0.0608825571835041,-0.013915641233325,0.1161240488290786,0.0392948724329471,0.073377288877964,0.0747552365064621,-0.1416209489107132,0.0180584676563739,-0.0300256442278623,-0.0501796938478946,0.1082897707819938,0.097035676240921,0.0898570269346237,-0.0783137306571006,-0.0578987635672092,0.1475991308689117,-0.0302058905363082,-0.1136636435985565,-0.0471065230667591,0.1153412982821464,-0.1115645840764045,0.0819921419024467,0.0192621070891618,-0.070694051682949,0.0777636542916297,-0.096107579767704,-0.1164973154664039,0.0528154782950878,0.0172770209610462,-0.0473086908459663,-0.1318053901195526,0.0304799154400825,0.1185897067189216,-0.0779627561569213,0.0898744389414787,-0.1329091042280197,0.0641601383686065,0.1320440620183944,0.1216187551617622,-0.1264048218727111,-0.1389735490083694,0.0124490810558199,-0.0782381221652031,0.0985198691487312,0.004268686287105,0.0009847064502537,-0.0234558209776878,-0.0214664340019226,0.0073938500136137,-0.0037725518923252,0.0929561182856559,0.1351969093084335,0.0818108469247818,-0.1474684476852417,-0.0151585713028907,-0.1361077427864074,0.0856098905205726,0.1077938452363014,-0.0026913937181234,-0.0600070543587207,-0.0915239378809928,-0.1087668612599372,-0.0629440620541572,0.1372714042663574,0.1320907026529312,0.0568542554974556,0.085656888782978,0.0745596587657928,0.1426151394844055,-0.1164818331599235,0.0558967031538486,0.1462189704179763,0.0128936935216188,0.1217899695038795,-0.0907315760850906,-0.0543682165443897,0.0388327129185199,-0.0003930899547412,-0.0535849742591381,0.065888337790966,0.1312819272279739,-0.039467304944992,0.1044700741767883,-0.0036842729896306,0.0896525979042053,0.0700882524251937,0.0945685505867004,-0.0449005663394928,-0.0118582686409354,-0.0568057335913181,-0.1175186112523078,0.0179865397512912,-0.0560806021094322,-0.1023638844490051,0.0233145076781511,-0.0435082539916038,-0.0779311805963516,0.0537686794996261,0.0312370061874389,0.0735153257846832,-0.0755185037851333,0.1289920657873153,-0.1155140772461891,-0.1306729912757873,-0.0709858462214469,-0.0622388832271099,-0.1528846621513366,0.0555577538907527,-0.08084287494421,-0.0378730557858943,-0.0809898599982261,0.1389025151729583,-0.0943768993020057,-0.073990523815155,0.1127797290682792,-0.0275783278048038,-0.1252986490726471,0.091999627649784,0.1518865227699279,-0.1232968419790268,-0.0454278662800788,0.0917135253548622,-0.1436452269554138,0.0299441721290349,-0.114701822400093,0.0059745451435446,0.1066273301839828,-0.1076061874628067,0.0963507816195488,0.088675707578659,0.1047036349773407,0.0104306219145655,-0.1079137623310089,-0.0843352973461151,0.0227501690387725,-0.1001254618167877,-0.0176907666027545,-0.1023389846086502,0.1045939847826957,0.1036307215690612,0.0982072874903678,0.1078791916370391,-0.1009449809789657,-0.0918162763118743,0.1042265966534614,-0.0015914136311039,-0.0759758576750755,0.1036922484636306,-0.0470011308789253,0.0785574316978454,-0.1058191284537315,-0.1079672574996948,-0.0060981814749538,0.1080843284726142,-0.0415881425142288,0.0669828206300735,0.1047431603074073,-0.106624074280262,-0.0314185321331024,-0.074945256114006,-0.1080790683627128,0.1065759286284446,0.0991021171212196,-0.1008526533842086,0.0711436569690704,0.0377127677202224,-0.1003109738230705,-0.0249988380819559,-0.1061236038804054,0.1076810583472251,-0.0561260096728801,0.1078626736998558,-0.0948484763503074,0.1080778986215591,-0.1079315692186355,-0.087204486131668,0.0010016753803938,-0.1080329492688179,0.029803467914462,-0.1011909171938896,-0.1012998297810554,0.1074111387133598,-0.1023881062865257,-0.0740434303879737,0.1050347983837127,-0.0694055259227752,-0.1036825254559516,0.1063491702079773,-0.0641677379608154,0.0939938053488731,0.1012768223881721,0.1074642837047576,0.1076830551028251,-0.0826230645179748,-0.107398085296154,-0.0892034322023391,0.1069995686411857,-0.0398458018898963,-0.1051184013485908,0.1050306409597396,0.0870472490787506,-0.107864424586296,0.0824635103344917,0.0273708123713731,-0.067633032798767,-0.1076269000768661,0.0673820972442627,-0.1028880104422569,-0.1079747080802917,0.1079936847090721,-0.0875964611768722,0.1075557246804237,-0.1038336679339408,-0.1047863736748695,-0.1045829504728317,0.1076870113611221,-0.0984393581748008,-0.0904121696949005,-0.1066624969244003,0.1079457253217697,0.1056965366005897,-0.0759695172309875,0.0303648449480533,0.0457881540060043,0.0961519107222557,0.0415351726114749,0.0920284688472747,0.1079120188951492,-0.0134010799229145,0.0724095478653907,-0.1025557518005371,-0.1067883744835853,-0.030424915254116,-0.0931446701288223,-0.1017642095685005,-0.0879778414964675,-0.0739898309111595,0.0504747703671455,-0.0030421819537878,0.0889697894454002,0.0897272825241088,-0.0999696478247642,0.0891951695084571,0.0865736454725265,-0.1015636622905731,-0.106371946632862,-0.0209298729896545,0.0726663693785667,0.1075604930520057,0.0073802340775728,-0.0795834586024284,-0.0404971577227115,0.0932592302560806,0.0254695005714893,-0.007897475734353,-0.0308950245380401,-0.0908468887209892,-0.0680467709898948,-0.1279853135347366,-0.1104304492473602,0.0952357351779937,-0.1059223413467407,-0.0243577621877193,-0.1228345409035682,-0.1068810522556305,0.0249312184751033,0.0194215793162584,0.0806960836052894,-0.0559138990938663,-0.0009298099903389,0.0996564701199531,-0.1312916725873947,-0.0533995404839515,0.0989323183894157,-0.1267789155244827,-0.0123184388503432,-0.0796680599451065,0.0065600504167377,-0.0455337353050708,-0.0973200947046279,0.0858722701668739,-0.133836954832077,0.120706520974636,0.1278409212827682,-0.131213754415512,0.119677759706974,0.0209310259670019,0.1117883250117302,0.0320249944925308,0.0559461861848831,0.0493370406329631,-0.0275154486298561,-0.0482914969325065,-0.1175104081630706,-0.123898833990097,-0.132950872182846,-0.1062412783503532,0.1184741556644439,0.1259119808673858,-0.0406572967767715,0.1167931482195854,-0.075767271220684,0.0349741503596305,0.1318471729755401,-0.1177098080515861,-0.0077940369956195,0.0033298518974334,0.1261414438486099,0.0485556572675704,-0.014626333490014,0.1286679655313491,0.0035528519656509,0.1193582341074943,0.035069853067398,-0.0204194746911525,0.0907095447182655,0.1240331158041954,0.0557154864072799,0.0136297093704342,-0.0999789237976074,-0.0815976485610008,0.1113538071513176,0.1301492750644683,-0.0427197404205799,-0.0856427773833274,0.0489502660930156,0.1264568567276001,0.0659093707799911,-0.0838077366352081,-0.0656744316220283,-0.0380910597741603,-0.1132938116788864,-0.0256582256406545,-0.1287841647863388,-0.0952835008502006,0.0912373811006546,0.0848154425621032,-0.1260849833488464,-0.124366171658039,-0.1344949156045913,0.1203372180461883,2.518331893952563e-05,-0.0829717218875885,0.118164986371994,0.1150235459208488,-0.0462270975112915,0.0379068106412887,-0.0051822806708514,0.0204201415181159,0.0217197034507989,-0.1070379763841629,0.0027913162484765,-0.1357616335153579,0.1160482764244079,-0.0479760505259037,-0.0572819039225578,0.0284809935837984,-0.1262677013874054,0.114546351134777,-0.125618502497673,0.0034687998704612,0.1110378056764602,0.112446904182434,0.06418476998806,0.1300960779190063,-0.0100946631282567,0.094448871910572,-0.0763338133692741,0.0752282217144966,0.0324211940169334,0.1079195588827133,-0.0737355798482894,0.0719714313745498,0.1282366961240768,0.0455604530870914,-0.1057913154363632,0.1100305318832397,0.1244499385356903,-0.0548044666647911,-0.0483955033123493,0.0113875698298215,0.0256283972412347,QGTKCRONIWJIEG-UHFFFAOYSA-N,CN(C)Cc1ccccc1CN(C)Cc1ncc[nH]1
0.1011071801185607,0.0045527652837336,0.102863885462284,0.1052951738238334,0.0593388713896274,-0.1040447950363159,-0.1023578867316246,-0.0621974170207977,-0.1045788750052452,0.0337184369564056,-0.1018519476056099,0.0378712192177772,-0.1054132878780365,-0.0919487476348877,0.1058943569660186,-0.0974625721573829,-0.1059003174304962,0.1058662086725235,0.0993862375617027,0.1056277304887771,-0.0890123546123504,0.0462237223982811,-0.1033042520284652,0.1036042347550392,-0.0650983229279518,0.0790564194321632,0.0916795283555984,0.0847026482224464,-0.1041706949472427,0.1043720841407775,-0.1058444753289222,0.0907957851886749,0.1058031544089317,0.0997116640210151,-0.093501903116703,0.0887485221028328,0.1055346727371215,-0.1052276715636253,-0.077845811843872,-0.1057097092270851,0.0839307233691215,0.1041170731186866,-0.1022888422012329,-0.0352055840194225,-0.0579059831798076,-0.0819213762879371,-0.1019001230597496,-0.0925691425800323,0.1043927893042564,-0.1047703325748443,-0.0713879168033599,0.1051946282386779,-0.105795219540596,0.105900689959526,0.0894361808896064,-0.0804364755749702,0.098938912153244,-0.0204509124159812,0.0956116169691085,-0.0271150805056095,0.1058980897068977,0.1038722693920135,0.0813389346003532,0.1048291847109794,-0.1058993935585022,-0.098170168697834,0.1014702767133712,0.0859813764691352,-0.0130839785560965,0.0703135728836059,-0.0331157818436622,-0.1058812215924263,0.1046044826507568,0.0197401493787765,-0.1051189377903938,0.0932875871658325,-0.0990033000707626,0.0984693020582199,0.1057843565940857,-0.0814187601208686,-0.0698234587907791,0.1058954298496246,0.1058015376329422,0.0533482767641544,-0.0371438637375831,-0.0856152549386024,0.0966331958770752,-0.0512814857065677,0.064042828977108,-0.1018335670232772,0.105779729783535,0.08189507573843,0.0977820828557014,-0.1059001013636589,0.0807983726263046,0.0639919936656951,-0.0142545914277434,0.105747565627098,0.078064776957035,0.0924509689211845,-0.0878306552767753,-0.0932121127843856,-0.0791113898158073,0.0872204527258873,-0.0989045053720474,-0.0642160326242446,0.0700488090515136,-0.0589478947222232,0.0799369290471077,0.1004065200686454,0.1059002205729484,-0.1058872565627098,-0.0707030147314071,-0.1029331237077713,-0.0218993946909904,0.105878084897995,-0.091366246342659,-0.06942780315876,-0.0681566148996353,0.1005088537931442,0.0676569417119026,0.0002200958115281,0.0690303668379783,-0.0913737788796424,0.1049420535564422,0.065229408442974,-0.0917346477508544,0.0982224568724632,0.1091106757521629,0.0795154720544815,-0.0996684730052948,0.0795898139476776,0.1032295674085617,0.0120208943262696,-0.0356227681040763,0.1099145710468292,0.1082869470119476,0.1019381135702133,0.1052498221397399,0.0927379205822944,0.1060208678245544,-0.0970435217022895,0.1077485829591751,-0.1005427539348602,-0.1010565683245658,-0.1057415157556533,-0.0669593140482902,-0.0978738144040107,0.0849964320659637,0.0379948690533638,-0.0653394758701324,-0.0252409651875495,0.1091765090823173,0.1036141738295555,-0.0812220349907875,-0.0243531037122011,-0.0974231585860252,-0.10969839990139,-0.1103897094726562,0.0621732026338577,0.1086620464920997,0.1096418276429176,0.1104134321212768,0.0136125227436423,0.1023838147521019,-0.1103685274720192,0.083276055753231,0.1072315499186515,0.1088414564728736,-0.0287057403475046,0.0899291560053825,0.0113130742684006,0.1075442135334014,-0.1097201555967331,-0.0874789282679557,-0.0923332870006561,0.1031792908906936,0.105533555150032,-0.0374373383820056,0.1079056039452552,0.0967803373932838,-0.0905847027897834,-0.1072445437312126,-0.1049948334693908,-0.0673620253801345,-0.1104132458567619,-0.1081102564930915,-0.1099482178688049,-0.0440204665064811,0.1100557893514633,-0.0915764942765235,-0.0869256779551506,0.1102759391069412,-0.1082693412899971,0.0474044159054756,0.0935740992426872,-0.1103408932685852,-0.0625464171171188,0.0583558902144432,0.0295751951634883,-0.0907147079706192,-0.040175125002861,-0.1080998927354812,-0.1100058481097221,-0.088215984404087,-0.0069150049239397,-0.1057806238532066,-0.1045412868261337,0.042632907629013,-0.0269151907414197,0.0594704784452915,0.0996710583567619,-0.1004396751523017,0.1093246564269065,0.038489319384098,-0.1093622297048568,0.0829709023237228,-0.0367297530174255,-0.103507213294506,-0.099169410765171,-0.0587918907403945,0.1101612150669097,-0.1064503937959671,0.1083189398050308,-0.1098710373044014,-0.0952152013778686,-0.0773400962352752,0.1104202419519424,-0.0483182296156883,-0.0381947308778762,-0.0597162954509258,0.0319874584674835,0.0412239544093608,-0.0964706391096115,0.0447681918740272,0.0639927014708519,-0.0941771119832992,-0.1049226224422454,-0.0934953242540359,-0.0996091589331626,-0.1090056151151657,-0.0809210911393165,0.1061306223273277,0.0553925223648548,-0.098206877708435,0.0474081821739673,0.055824439972639,-0.0882478356361389,-0.063405804336071,-0.1058574244379997,0.0774298012256622,0.0919127538800239,-0.1086742877960205,-0.0700676813721656,-0.1076912805438041,0.0518011823296546,0.0043487586081027,0.1106792688369751,-0.1222629621624946,-0.0588917545974254,0.1023448333144187,0.0871441513299942,-0.1148081123828888,0.0810267776250839,-0.0645676627755165,-0.1167648881673812,-0.073682390153408,0.1232113763689994,-0.0027139103040099,0.1214625611901283,0.114313393831253,-0.0179155971854925,0.0628523752093315,-0.1035458743572235,0.0944874882698059,-0.0269284043461084,-0.119242824614048,0.1103914231061935,0.0975129455327987,0.0771489068865776,0.0571014992892742,-0.0871899351477623,0.0217765439301729,-0.004999510012567,-0.0365819558501243,0.0819499492645263,0.1148696988821029,-0.0116515923291444,-0.1147167906165123,0.0319295860826969,0.1013573706150055,-0.1234071031212806,-0.0471434518694877,0.0157866794615983,-0.0557101070880889,-0.1126703396439552,0.0923420041799545,-0.0782278031110763,-0.1143659651279449,-0.0386310555040836,0.0631545409560203,-0.0485128872096538,-0.1163374781608581,-0.1072815284132957,-0.1113555282354354,-0.0545655712485313,0.0708235278725624,-0.0606079064309597,0.0378185026347637,-0.0728137418627739,0.0916414782404899,0.0766951665282249,0.077015109360218,-0.0341931916773319,-0.0005261847982183,-0.0907183736562728,0.0981956794857978,-0.1215624958276748,0.0580134727060794,0.1216475144028663,-0.057330198585987,0.1178305968642234,0.0006016188999637,-0.1229092329740524,0.1230330765247345,-0.1185528263449668,0.1083578914403915,-0.040862038731575,0.0944128856062889,-0.0809313803911209,0.0663975626230239,0.084675021469593,0.123897835612297,-0.1224821135401725,0.121255487203598,-0.1069080606102943,0.1023987010121345,-0.0613319016993045,0.0098096746951341,0.095395989716053,0.0658104717731475,0.1237175837159156,-0.1010703817009925,-0.0643557161092758,0.1185152605175972,-0.0772164016962051,-0.1091081127524375,0.0775629505515098,0.1201214045286178,0.0871519297361373,0.0655269026756286,0.0153994904831051,0.025770679116249,0.1174877658486366,0.1114051416516304,-0.1099045127630233,-0.1223955899477005,0.0524959936738014,-0.0156932305544614,-0.1196677833795547,0.0769509822130203,0.0406938157975673,0.1054372936487197,-0.1215006187558174,0.1035258844494819,-0.1238598451018333,0.0710282325744628,-0.0263332650065422,-0.0984216555953025,-0.1210105046629905,0.0314946845173835,0.0925723165273666,0.0733691453933715,0.1233103796839714,-0.1228170841932296,-0.0842790007591247,-0.123049259185791,-0.0564722046256065,0.0931276306509971,-0.1160788983106613,-0.063932403922081,-0.0233911909162998,0.0197187159210443,-0.0737402588129043,0.0388371162116527,0.0280942283570766,-0.0538763217628002,0.0319797545671463,0.0492164567112922,0.0154799940064549,-0.10311309248209,-0.0754052028059959,0.0530822798609733,-0.0724632889032363,-0.0095527749508619,-0.023343289270997,-0.0546320527791976,0.0959414467215538,-0.1311268508434295,0.0684619769454002,-0.129668191075325,-0.0394707731902599,0.1312415152788162,0.1235133931040763,-0.1096157282590866,0.0528045333921909,0.1301697790622711,-0.0595570430159568,0.024183489382267,0.0940799340605735,-0.108609139919281,-0.0776468366384506,0.0377192646265029,-0.0943414196372032,-0.0643059685826301,0.0546462573111057,-0.1186208575963974,0.1057513207197189,0.1300314962863922,-0.079963207244873,-0.0720800086855888,-0.0817393362522125,0.0975018516182899,0.09819146245718,0.1155565157532692,-0.1136132404208183,0.0742419585585594,-0.1051102504134178,0.1300587207078933,0.0184300150722265,0.0572855435311794,0.0936078503727912,-0.0418781898915767,-0.0936357006430625,-0.0686346516013145,0.016628373414278,-0.1079158708453178,-0.0066692437976598,0.1167404130101203,-0.0821289494633674,0.1147404089570045,0.1280982941389084,0.0148718180134892,0.1333790868520736,0.1179548874497413,0.0065932124853134,0.1275040358304977,-0.0361581705510616,0.1105826571583747,-0.1060814261436462,-0.1071792915463447,-0.0320999585092067,-0.0113976802676916,0.0334146618843078,0.1221258491277694,-0.1207129806280136,0.0354152657091617,0.0126020414754748,-0.1170286312699318,-0.1284611672163009,0.1048123985528945,-0.1111127138137817,-0.0335384495556354,0.0317490436136722,0.13014617562294,0.1194155737757682,0.0255394075065851,-0.110930785536766,-0.0500845424830913,0.070910133421421,-0.1313346475362777,0.1292632520198822,0.1341467350721359,0.0329025574028492,-0.0538174957036972,0.1115970090031623,-0.1086959168314933,-0.1068029999732971,0.0894520953297615,-0.0900055989623069,-0.0355455838143825,0.1289214789867401,0.1115950345993042,-0.1282070875167846,0.094851367175579,0.0406451448798179,0.1102003455162048,0.0970094576478004,-0.0441702306270599,0.0247589349746704,-0.0723914578557014,0.0563399530947208,0.1352830529212951,0.058349821716547,-0.1075995191931724,0.0476810187101364,0.1306443214416504,-0.0824828222393989,0.1196356043219566,0.0786076858639717,0.1340683549642563,0.0581675916910171,-0.1257971972227096,0.0038166793528944,0.0207004286348819,-0.0187706407159566,0.0218528900295496,0.0190638918429613,-0.1249739676713943,-0.0632990524172782,0.1009641289710998,0.0325710028409957,-0.116918608546257,0.0922897383570671,0.1391436606645584,-0.1049210727214813,0.0627883151173591,0.116467610001564,0.1429774016141891,-0.0002975286333821,0.1332107186317443,-0.1087110266089439,-0.0065020532347261,-0.0057867094874382,0.1314980536699295,0.1138468012213707,0.0707738623023033,-0.1327985376119613,0.1166832745075225,-0.0657058507204055,-0.0374190658330917,-0.044959470629692,-0.1166726201772689,-0.0981088802218437,-0.073768138885498,0.0911463946104049,-0.1359730064868927,0.1423247307538986,-0.1397706121206283,0.0475064404308795,-0.1342319101095199,0.1298705339431762,0.0541557073593139,0.1192842200398445,0.0712934583425521,-0.1026108935475349,-0.0467414036393165,-0.044653482735157,0.0511214546859264,-0.0411203764379024,-0.0006479527801275,-0.0216199196875095,-0.0818052813410759,0.09694255143404,-0.1147086396813392,-0.1043595671653747,-0.0198999550193548,0.0443682484328746,-0.0416758581995964,-0.0431841686367988,-0.012879155576229,-0.1249180510640144,0.1095830798149108,0.1136673614382743,0.1393549442291259,-0.1225330606102943,0.1216902658343315,-0.0022291142959147,-0.02154385112226,-0.0213286653161048,0.1252875924110412,-0.0422132387757301,-0.0830454230308532,0.1058677807450294,-0.0340809598565101,0.0854943990707397,-0.0295544359833002,-0.0532493256032466,-0.0277453605085611,0.095355212688446,-0.0246742703020572,0.0384803265333175,-0.0899111181497573,-0.1086945161223411,-0.0248292926698923,-0.0239095855504274,0.054835420101881,-0.0625277161598205,0.0850939378142356,-0.0401112586259841,-0.0622455738484859,-0.0511370003223419,-0.0695614889264106,-0.0783550068736076,-0.0952434167265892,-0.0034510949626564,-0.0922156944870948,-0.0483784861862659,0.0297664292156696,-0.0289876833558082,-0.0534192882478237,0.1358691602945327,0.0969420969486236,-0.1107106134295463,-0.137493148446083,0.0559674315154552,0.1373496502637863,-0.0784574449062347,0.1299477070569992,-0.0855913013219833,-0.0854866653680801,0.069644920527935,0.0722051933407783,-0.0072570508345961,-0.1045725792646408,0.0197660066187381,-0.0191303361207246,0.1175237968564033,0.0430573336780071,0.1344934701919555,-0.0385133735835552,0.0870638787746429,-0.1074802279472351,0.0690317377448082,0.1229847371578216,-0.1187619343400001,0.0363416746258735,-0.0904131382703781,0.1428641378879547,-0.1214256286621093,0.1105982065200805,0.0836120620369911,-0.1369330585002899,-0.0437540262937545,-0.0961575135588646,-0.0558024831116199,-0.1136860772967338,-0.0513621531426906,-0.1175426393747329,-0.0285092312842607,-0.0380482487380504,-0.0295352041721344,-0.0577450916171073,0.0702072158455848,0.0507278516888618,0.1113269478082656,0.1458856612443924,0.1486379504203796,-0.0572187192738056,-0.1288192868232727,0.1141358315944671,-0.0019607609137892,-0.0042948839254677,-0.1633575409650802,0.1446047276258468,-0.0325393788516521,0.0846683755517005,0.098282366991043,-0.1299296021461486,-0.1472927927970886,-0.0058021382428705,0.1001048684120178,0.0902615785598754,-0.1696759313344955,0.1555251330137252,0.0697817429900169,0.1147440522909164,0.1170612275600433,-0.0480503886938095,-0.1520431041717529,-0.031089337542653,-0.0316066443920135,0.045561172068119,-0.1099413186311721,-0.0902978852391243,0.1051388382911682,0.0762510523200035,-0.0303735733032226,0.0819320231676101,0.0479540042579174,0.1357498317956924,-0.0258959662169218,-0.0266679283231496,-0.15419302880764,-0.0064330040477216,-0.058929044753313,0.1601933389902115,0.0697643682360649,0.0321050658822059,-0.0043685832060873,8.2300444773864e-05,0.0382955744862556,-0.0840700939297676,0.0524908490478992,-0.0229566749185323,-0.0781110301613807,-0.1137670353055,-0.0708453208208084,-0.008452602662146,0.1161497011780738,0.1297362744808197,0.0134938359260559,-0.0164317246526479,-0.0564668141305446,0.1370750367641449,-0.022359462454915,-0.1089728996157646,0.0023055109195411,0.0716586336493492,0.1101820692420005,-0.1456972807645797,0.067863792181015,0.1194390878081321,0.0102048190310597,-0.0668031647801399,0.061128657311201,-0.0733189508318901,-0.0207250081002712,-0.1394972205162048,-0.0790231823921203,0.1011591032147407,-0.0682235062122345,0.0298043116927146,0.0605736598372459,-0.0884912237524986,0.0853262767195701,0.1356305927038192,-0.0879359021782875,-0.0298256184905767,0.0620562322437763,0.0826930254697799,0.0295357778668403,-0.113077625632286,0.1007283553481102,0.0138179315254092,0.1074493750929832,-0.0016782631864771,0.1602998077869415,-0.0333233699202537,0.0314377434551715,-0.0067735407501459,0.0071322722360491,-0.0789202749729156,-0.000516286236234,0.0790174454450607,0.0187597461044788,-0.0812488719820976,-0.098004899919033,0.078022226691246,-0.1193734481930732,0.0965664610266685,-0.1088119372725486,0.1168285310268402,0.0506693162024021,0.0382367596030235,-0.1185925155878067,-0.1212192997336387,-0.1043014228343963,-0.1027817353606224,-0.0600529089570045,0.0172580778598785,0.1348908841609954,0.0917424336075782,-0.0876339897513389,0.1076199561357498,0.0073974099941551,0.0935240685939788,0.0708855986595153,YTAHVQUWVXPAMR-UHFFFAOYSA-N,CC1(C)CN(C(=O)c2cscn2)CCS1(=O)=O
-0.0543352775275707,0.0992922484874725,0.0833639875054359,0.0994455739855766,-0.0978128239512443,0.0991449877619743,0.0527580715715885,0.0864444077014923,-0.0994071587920188,-0.0678832232952117,-0.0041187955066561,-0.0983374938368797,0.0977331027388572,-0.0992986485362052,0.096388503909111,-0.0145769203081727,0.0994549393653869,-0.0874719992280006,-0.088584616780281,0.0987951308488845,0.0177010614424943,0.0923473834991455,-0.0898900777101516,-0.0994015038013458,0.0994567051529884,0.087474912405014,-0.0254487749189138,0.098492331802845,0.0993160307407379,0.0426453351974487,-0.0970834121108055,0.0994462072849273,0.0786112695932388,-0.0979458168148994,-0.0994566455483436,-0.0926381424069404,0.0976159796118736,0.0993101820349693,0.0994506180286407,0.0941628068685531,-0.0993940904736518,0.0879765972495079,-0.086086980998516,0.0993909686803817,0.0993516072630882,0.0986113771796226,-0.0989448651671409,-0.0994544476270675,-0.0994523614645004,-0.0987273901700973,-0.0174342449754476,0.0910520032048225,-0.0909513086080551,-0.0994261056184768,-0.0967481732368469,0.0795548409223556,-0.0994567647576332,-0.0984703078866005,-0.0994544550776481,0.0960490256547927,0.0745992287993431,0.0994427651166915,0.0992328375577926,-0.0531078949570655,0.0994569137692451,-0.0991525575518608,-0.0911284983158111,-0.0888622105121612,-0.0991197079420089,-0.0460530705749988,-0.0403599441051483,0.0994569212198257,0.0994295552372932,-0.09944399446249,-0.0213311836123466,0.0977652221918106,-0.0910591259598732,0.0990459620952606,0.0973376706242561,-0.0795005783438682,0.0956671014428138,0.0991107672452926,-0.0883430391550064,0.0994341149926185,0.0978039875626564,0.0990073829889297,-0.0150476582348346,0.0958679318428039,0.0987993404269218,0.0065588392317295,-0.0994142591953277,-0.0305796321481466,-0.0987257808446884,0.0994467437267303,-0.0994569286704063,-0.0160020627081394,-0.0994569286704063,0.0994546487927436,-0.0628131330013275,0.0989030078053474,0.0904265120625495,-0.0951690673828125,0.0993614196777343,0.0991521552205085,-0.0969268083572387,0.0889117568731308,0.0771056935191154,-0.0571106895804405,0.0984352603554725,0.0897919386625289,-0.0991204902529716,-0.0700536742806434,-0.0792339891195297,-0.0915010794997215,0.09943088889122,-0.0813683718442916,-0.0990016832947731,-0.0969651117920875,-0.0969860032200813,0.0994564592838287,-0.0961964353919029,0.0550643056631088,-0.0994024649262428,0.0994540303945541,-0.0379451587796211,0.0149003034457564,-0.0982123985886573,-0.0993950515985488,0.0937095209956169,-0.0475884936749935,-0.0853641331195831,0.0952924266457557,-0.0975653156638145,0.0987140834331512,0.0930137336254119,0.0988019108772277,0.0993165075778961,-0.020158514380455,0.0993153229355812,-0.0993102118372917,-0.096626304090023,-0.0992297679185867,-0.0220659375190734,-0.0036637100856751,-0.0904693007469177,0.0980475768446922,-0.0993164032697677,-0.0925271734595298,0.0110081871971488,-0.0826856940984726,-0.0991268679499626,-0.0992619097232818,0.0990049317479133,0.0901615247130394,0.0123775927349925,-0.0372872948646545,-0.0993130132555961,-0.0992902889847755,-0.0992700606584549,0.0704224407672882,-0.0981475785374641,0.0993064790964126,-0.0019295797683298,0.0983411893248558,0.0976958125829696,-0.0993165299296379,-0.0825925469398498,0.0859031304717063,0.0992633178830146,0.0975713282823562,0.0993134379386901,-0.0993166044354438,-0.098726250231266,0.0945086330175399,-0.0993015766143798,0.0993100628256797,-0.0993165969848632,0.0993165895342826,0.0992770791053772,-0.0993154942989349,0.0669807791709899,-0.0993052124977111,0.083814725279808,-0.0986597388982772,0.0991764590144157,-0.0993166044354438,-0.0992894023656845,-0.0992252454161644,-0.0969976559281349,0.0046107699163258,-0.0992180183529853,-0.0992925018072128,0.0993166044354438,-0.0993079617619514,-0.099149465560913,0.0993060693144798,-0.0992097854614257,0.0801884531974792,0.0422231182456016,-0.0993164926767349,-0.0993051975965499,-0.0990473106503486,-0.0976373329758644,0.0473315753042697,-0.0920575112104415,0.0993051305413246,0.0990999191999435,-0.0913761109113693,-0.0992277488112449,-0.0351570956408977,0.0993036106228828,0.0954824239015579,-0.0991140380501747,-0.0976534187793731,-0.0763885006308555,-0.0792092233896255,0.0154298618435859,-0.0879835039377212,-0.0634437426924705,-0.0963300615549087,-0.0983054265379905,0.0993165522813797,-0.0988167747855186,0.0993142873048782,-0.0895059257745742,-0.0965487211942672,0.0988488346338272,-0.0838334262371063,0.0463183112442493,0.099316582083702,-0.0342783629894256,0.0337089523673057,0.099133163690567,0.0993086695671081,-0.0962957441806793,0.0398820340633392,-0.0824724808335304,-0.0993135124444961,0.0865518525242805,0.0866853892803192,-0.0993104577064514,-0.0988929867744445,-0.0397637411952018,-0.0977184697985649,-0.0993041694164276,-0.0981293618679046,-0.0826712176203727,-0.0991218015551567,0.0940785929560661,0.0979546308517456,-0.0938637033104896,-0.0715075880289077,-0.0016948187258094,-0.0993165746331214,0.06203443557024,-0.089701808989048,-0.1059321090579032,0.080642744898796,0.0482862815260887,-0.0699590668082237,0.105981670320034,0.0975331515073776,0.0292908046394586,0.0110434172675013,-0.1058143675327301,0.1054440066218376,0.0394146814942359,0.0878320410847663,-0.1059001833200454,0.1059731468558311,-0.1012856438755989,0.1059799119830131,0.1023201420903205,-0.0576470531523227,0.0985211506485939,0.0978146344423294,0.0982082784175872,0.105563648045063,0.1053213775157928,-0.0210994575172662,0.105880431830883,0.043149396777153,-0.089824728667736,0.105981707572937,-0.0882935672998428,0.012746250256896,0.1059487089514732,-0.1056282743811607,0.1059771329164505,0.0808034315705299,-0.1059603914618492,-0.0746048539876937,0.0972043648362159,-0.0246752724051475,-0.1008605062961578,0.1022414416074752,0.1045492440462112,-0.0576129779219627,-0.0871496573090553,-0.1058608144521713,0.0323579423129558,-0.043637178838253,0.1058033555746078,-0.1059810146689415,0.1048621013760566,0.0381303876638412,-0.1004966422915458,0.0317606218159198,-0.0995290651917457,0.0958470478653907,-0.105967216193676,0.1034626513719558,0.0969880893826484,0.045591901987791,-0.099091000854969,0.0920279175043106,0.1055269166827201,0.0742263793945312,0.1059813201427459,0.0894407108426094,0.1010543256998062,0.0965579152107238,0.0710155293345451,-0.0447205416858196,-0.096843309700489,-0.1056566536426544,-0.0993239805102348,0.1045220792293548,-0.0758231803774833,-0.1055638045072555,-0.0733966380357742,-0.0948651880025863,0.0086736874654889,0.0880488157272338,-0.1059813052415847,-0.0434998087584972,0.1047850996255874,0.1059755235910415,-0.0862457975745201,-0.0179153233766555,-0.1059811562299728,-0.105842038989067,0.1058432608842849,0.0193850696086883,-0.1056797057390213,-0.1036183312535286,0.0997560396790504,0.0997371673583984,-0.0323489420115947,-0.1032736450433731,-0.0979360416531562,-0.0793763250112533,0.1050005704164505,-0.0800686776638031,0.1059174388647079,0.0637471228837966,-0.1045026928186416,-0.0692911818623542,-0.1059225276112556,0.099235899746418,0.0636628121137619,0.0321315601468086,0.0983285456895828,0.1044864356517791,0.0722971633076667,-0.0712740272283554,0.1036077216267585,-0.0393154211342334,0.088489830493927,-0.0770103931427002,0.0955928489565849,0.0823268145322799,-0.1058292239904403,-0.1047499552369117,0.1058840900659561,-0.0416287332773208,0.1049728766083717,-0.0942088663578033,-0.0958442166447639,-0.0741566494107246,-0.1059423461556434,-0.0542250499129295,0.103944718837738,0.0124928783625364,0.100111648440361,-0.1293915957212448,0.0039731254801154,-0.0541759990155696,-0.0361327603459358,0.1060945391654968,0.1102794855833053,-0.0841686055064201,-0.1139491200447082,-0.0510011650621891,0.0912397652864456,-0.0485010407865047,-0.0591529309749603,0.0865982174873352,0.078429989516735,-0.1063622459769249,0.0643747225403785,0.1236662715673446,0.0018360902322456,-0.0061246217228472,-0.0911635756492614,0.0329371243715286,-0.0051065171137452,0.0979410111904144,0.0652507171034812,-0.1061716526746749,0.1038957685232162,-0.1244449913501739,-0.005169509910047,-0.079225093126297,0.0663075298070907,-0.0805395916104316,-0.1229448318481445,-0.0002819999644998,0.0469048023223876,0.0758298337459564,0.129042774438858,-0.1292749196290969,0.1293118894100189,0.0597265399992466,0.1245096400380134,-0.1142978519201278,-0.0694696232676506,-0.0529054403305053,-0.0428245514631271,0.0766776800155639,0.0732344835996627,-0.1177719384431839,-0.0098689496517181,-0.1243106946349144,0.0677537322044372,-0.056182786822319,-0.0841722637414932,0.1137263551354408,0.0546092130243778,-0.1342337280511856,0.011207434348762,-0.1259414702653885,0.1302805095911026,0.0499590747058391,-0.0192655138671398,-0.0431322641670703,-0.1118087917566299,-0.0822078883647918,-0.0971440449357032,0.0498826056718826,0.1218942925333976,-0.0630861967802047,0.0933225080370903,0.1297018229961395,0.1355399191379547,-0.1072205528616905,0.070543073117733,0.1254644393920898,-0.0723516345024108,0.0914425477385521,-0.0960497036576271,0.130582794547081,0.0651576593518257,0.1165356338024139,-0.1157457679510116,-0.0589005425572395,0.1362607628107071,-0.0776942148804664,0.0976956188678741,-0.0104410713538527,0.1014510095119476,-0.0347779057919979,0.0610285811126232,-0.0930233672261238,-0.0665692239999771,-0.0996839478611946,-0.1283143758773803,0.0388211794197559,-0.1158253028988838,0.0770039483904838,0.1008125618100166,0.1115913912653923,-0.011961200274527,0.0249291695654392,-0.0535360313951969,0.1020939424633979,-0.1252821236848831,0.1127525940537452,-0.1173789575695991,0.0768020153045654,-0.1201093792915344,-0.1075865626335144,-0.126510202884674,0.0493589714169502,0.0610127821564674,-0.0222914852201938,-0.0601234547793865,0.1233380362391471,-0.0923627465963363,-0.0269643515348434,0.006274361629039,-0.0248954836279153,-0.110550969839096,0.096974529325962,0.0633804351091384,-0.1101033240556716,-0.0910815224051475,-0.0586934722959995,-0.1267246305942535,-0.067973792552948,-0.0188669431954622,0.0342148430645465,-0.073089562356472,-0.0869602933526039,0.1122879311442375,-0.1072776913642883,0.1065444648265838,0.1053899526596069,-7.271721551660448e-05,0.0396175421774387,0.0811062976717948,0.0868288278579711,-0.047623936086893,-0.0675248950719833,0.1122572943568229,0.1010253801941871,0.0800952538847923,-0.1040549278259277,0.1114248409867286,-0.0791736617684364,-0.1078263074159622,-0.1113810166716575,-0.082861840724945,-0.1118796467781066,-0.0906486511230468,-0.1109851002693176,-0.1068670600652694,0.1026312112808227,-0.0869330689311027,0.0127292349934577,-0.0871582776308059,0.1014514416456222,-0.0629028528928756,0.1119478866457939,0.1089733093976974,-0.1072137281298637,0.0120814703404903,0.108887493610382,0.1016349047422409,0.0899311080574989,-0.096486821770668,0.0182767771184444,0.0508138909935951,0.1116255745291709,0.0383169017732143,0.0949622765183448,0.1055817976593971,-0.0817640274763107,0.0990440621972084,0.1095331087708473,-0.0872487351298332,-0.1103570759296417,-0.0727909877896308,0.1050665527582168,0.1114869192242622,-0.1084592342376709,0.1081028878688812,-0.016367008909583,0.0433791279792785,-0.1062264367938041,0.0182786826044321,-0.1020779088139534,-0.0639350861310958,0.1063470765948295,-0.1017082408070564,0.0110981492325663,-0.1003201454877853,-0.0776704847812652,-0.1110931262373924,-0.1068669185042381,-0.08195361495018,0.1060594990849495,-0.1027859970927238,-0.1102486252784729,0.0538881011307239,-0.1106046438217163,-0.0625767111778259,0.0568112395703792,0.1061544194817543,0.0892058163881301,0.0182944908738136,0.0986074358224868,-0.1119745969772338,-0.0096813514828681,0.0748881623148918,-0.0879627764225006,0.0338728129863739,-0.1031202152371406,0.1063800230622291,-0.0956938415765762,-0.0779947489500045,0.0832499340176582,0.0891377627849578,-0.0846807286143302,0.0985287353396415,-0.0746155679225921,0.0782489702105522,0.021598532795906,-0.0212747901678085,-0.0983568057417869,0.0694115236401557,0.004937095567584,0.1046056896448135,0.0295417942106723,-0.0955787822604179,0.093540608882904,0.0803139880299568,0.1035334542393684,0.1040009409189224,0.0980390012264251,-0.0614843852818012,0.0917947813868522,-0.1039214059710502,0.0504399240016937,0.1079836264252662,-0.1088202893733978,0.0761316195130348,-0.0026699127629399,0.0446212887763977,-0.1111184954643249,-0.0523173846304416,0.099900335073471,-0.0790151357650756,0.0938869565725326,-0.1051438525319099,-0.1116664558649063,0.0542420297861099,0.1112331375479698,-0.1031354814767837,0.1075070351362228,-0.0809930190443992,-0.0318554602563381,0.0933282524347305,0.1065374836325645,-0.0514035373926162,0.1251969337463379,0.1428464502096176,0.1353121846914291,-0.0047495122998952,-0.1322052925825119,0.0036820587702095,0.0076812352053821,-0.1224926114082336,0.0580153614282608,-0.0164424385875463,-0.0581124238669872,0.0800208002328872,-0.138582557439804,-0.129761591553688,-0.0073225083760917,0.0678046569228172,0.0977599769830703,-0.0204004012048244,-0.0633005946874618,0.0295914579182863,0.0348245874047279,-0.0125336609780788,0.0044948966242372,-0.0697835907340049,-0.0708699151873588,0.0402658060193061,0.1422968208789825,0.105861872434616,0.0645683780312538,-0.0205134730786085,0.1273888200521469,0.0541363433003425,0.0321500599384307,0.0883848294615745,0.0256957672536373,0.0460410006344318,-0.0430457964539527,-0.0039069531485438,-0.0540933012962341,0.0894491225481033,-0.0701307281851768,0.1474401205778122,-0.1143964976072311,-0.1151936575770378,0.0345881208777427,-0.0690108239650726,0.1216103583574295,-0.1234757676720619,0.107901707291603,0.0941448882222175,-0.1231522038578987,-0.0801813229918479,-0.0213918890804052,-0.096056655049324,0.1192922219634056,0.0419066920876503,0.0151010314002633,-0.0772167146205902,0.0468382872641086,0.0383915938436985,-0.126314178109169,-0.019086429849267,0.0630719810724258,0.0155802005901932,0.010992519557476,-0.1427612453699112,-0.0468105711042881,0.0577454641461372,0.1093124523758888,-0.0456180945038795,-0.0939588770270347,-0.1340644210577011,-0.1164144948124885,-0.121241383254528,0.1114630401134491,-0.0332850664854049,-0.0578091964125633,-0.0411740578711032,-0.114475093781948,-0.1289023756980896,0.001034312765114,0.024219000712037,-0.0478200428187847,-0.1174891367554664,0.1046972423791885,0.1294188797473907,0.0226179286837577,-0.0491325221955776,0.1007355079054832,-0.0838565602898597,-0.0624293945729732,0.007957805879414,-0.0856690555810928,0.0570774190127849,-0.0823902487754821,-0.0625445395708084,0.0818575471639633,-0.0760349780321121,-0.1403389126062393,-0.0634204819798469,0.0902168303728103,-0.1424062699079513,-0.1087396815419197,0.0730989053845405,-0.1396184712648391,0.113852858543396,-0.142543077468872,0.1305302679538726,-0.1005367040634155,0.1137703284621238,-0.1284697502851486,0.1001882031559944,-0.1030564829707145,-0.1212753280997276,0.0016021282644942,-0.0545498020946979,0.094574399292469,0.1483607590198516,0.0475036613643169,0.1011182144284248,-0.1132936254143714,-0.1135559529066085,-0.0475935935974121,QXWYKJLNLSIPIN-UHFFFAOYSA-N,NC(C(=O)O)C(O)c1ccc(O)c(O)c1
-0.0040600793436169,-0.0454853139817714,-0.06836499273777,-0.1103932335972786,-0.1096979975700378,0.1030694618821144,-0.0849514454603195,0.0161080695688724,-0.0802070945501327,-0.1075068116188049,-0.0707552507519722,0.0499730855226516,0.102411538362503,-0.1101540923118591,0.0942481756210327,0.039177656173706,0.1017560958862304,0.0787180215120315,0.0290697291493415,-0.1002612262964248,0.0762112438678741,0.037304051220417,-0.1102701127529144,0.0932557582855224,0.1068592593073844,0.1085950210690498,0.104922704398632,-0.0696286484599113,0.0870284140110015,-0.104552686214447,-0.1074260994791984,0.1103631034493446,0.0524664372205734,0.1103954687714576,0.0110897747799754,0.029501674696803,-0.1084225699305534,-0.1003033593297004,0.0683601424098014,0.0231068730354309,0.0570302791893482,-0.0452022477984428,0.1104006692767143,-0.1064418628811836,0.0134808560833334,-0.0121211465448141,-0.1057734116911888,-0.1092556789517402,-0.0478758700191974,0.1102345138788223,-0.1071603819727897,-0.0860747173428535,0.1103275269269943,-0.0959305614233017,-0.0548238158226013,-0.0974005758762359,-0.1104011610150337,0.0871246308088302,-0.0938161090016365,-0.0465706512331962,0.1100400164723396,0.0952079147100448,-0.0891977325081825,-0.0566685982048511,-0.0095623526722192,-0.1013051271438598,-0.0922218039631843,-0.1071043238043785,-0.0393951833248138,0.0912016853690147,0.1061917021870613,0.0776961669325828,-0.0101209282875061,-0.1078168302774429,-0.0829139202833175,0.0029581596609205,0.0829332768917083,0.1083975806832313,0.0971720367670059,-0.1103685051202774,-0.1039815992116928,0.0961235165596008,0.1099787577986717,0.109800100326538,0.1063673198223114,-0.0550663396716117,-0.1103741154074668,-0.0963854566216468,0.1077869683504104,-0.1093073040246963,-0.0733688026666641,-0.0762959346175193,-0.0624651983380317,-0.1102756336331367,-0.1053475439548492,-0.1008062735199928,-0.1092608273029327,0.1100644618272781,-0.070021778345108,-0.0357747413218021,0.0404680222272872,-0.1029802933335304,0.0826193913817405,-0.1091197356581687,-0.1082328259944915,-0.0899701714515686,-0.0539001636207103,-0.1079093888401985,0.0811630859971046,0.1104028075933456,0.0961377173662185,-0.0060866195708513,-0.0701609253883361,0.1100904867053031,0.0994044616818428,0.0619828402996063,0.0389866940677166,0.0982927605509758,-0.1103979051113128,0.1089646518230438,-0.1035152450203895,0.059603925794363,-0.0738003551959991,0.0827797725796699,-0.1001447588205337,0.1080886721611023,0.1099683493375778,-0.1075888723134994,0.0720401778817176,0.1043285056948661,0.0965396463871002,0.1082401424646377,0.02454842813313,0.1086379960179328,-0.0879881531000137,0.0376667380332946,0.0996929332613945,0.0961115509271621,-0.0809646621346473,0.086179718375206,0.0875354781746864,-0.0938881263136863,0.1086378693580627,-0.1086379960179328,-0.0048095742240548,0.0787291079759597,0.1086379960179328,0.0977245420217514,0.1086379960179328,-0.0210218913853168,-0.0937911942601203,0.0734410881996154,-0.085418589413166,0.022586952894926,-0.105585753917694,-0.1061737015843391,-0.0277228076010942,0.0386771857738494,-0.1075411587953567,0.1058445870876312,0.0239202864468097,0.107506014406681,0.1086379811167717,0.1079920828342437,0.1043927296996116,0.0644437074661254,0.1086379960179328,-0.1061047464609146,0.0495028831064701,0.0505489595234394,0.1036354228854179,0.1086379960179328,0.0239513590931892,-0.0288320276886224,-0.075848139822483,-0.0946975126862526,0.0359074771404266,0.0480739399790763,-0.09995137155056,-0.0932054966688156,0.0812702998518943,-0.0969769805669784,-0.0896100327372551,0.108630247414112,0.1086379960179328,-0.108120672404766,-0.1086379960179328,0.082761138677597,-0.1076337471604347,-0.1086349338293075,-0.0989086702466011,0.1050244346261024,-0.1086379960179328,-0.1086379960179328,-0.1086379960179328,0.107657790184021,-0.095265194773674,0.0233569648116827,0.1086379811167717,0.0497506745159626,0.108597919344902,-0.0726327523589134,-0.108507290482521,-0.0975028201937675,0.1086379885673523,-0.1086379960179328,-0.0928388684988021,-0.0618865080177784,0.1086379736661911,-0.0385627821087837,0.0719598904252052,-0.1086379960179328,0.0881929546594619,0.1072885021567344,-0.1086379960179328,0.0063026277348399,0.1078598126769065,0.0055227163247764,-0.0784709006547927,0.0340252742171287,0.0664485320448875,0.0792691111564636,-0.0024520303122699,0.1050593182444572,-0.092864491045475,-0.1084123626351356,0.0878567770123481,0.0944798663258552,-0.0821112543344497,-0.048664316534996,-0.0732215866446495,-0.1079973503947258,0.1054578199982643,-0.1086379960179328,0.1064987257122993,-0.1019178181886673,0.0052808527834713,0.1057174950838089,0.1086371690034866,0.0465184524655342,-0.0635905638337135,-0.1036598831415176,0.0887969583272934,0.107622429728508,-0.0536165982484817,-0.0535936877131462,0.0512131825089454,0.1084778904914856,-0.1086379960179328,0.0678935199975967,-0.1086379736661911,0.0472538843750953,0.0710124745965004,0.1086360886693,-0.0627621933817863,0.1046386808156967,-0.0887414142489433,0.0684079453349113,-0.1135947555303573,0.0384781695902347,0.1116055324673652,0.107703149318695,-0.035359688103199,-0.1096052750945091,-0.0969198420643806,-0.1112199202179908,-0.0478469096124172,0.0872417762875557,0.1111214533448219,0.1127828955650329,-0.0749438777565956,0.0985519438982009,0.0974133238196373,0.0547509156167507,0.108203999698162,0.0608567520976066,-0.1069785729050636,0.0081507051363587,0.1068130359053611,0.0058493744581937,0.0551069527864456,-0.1112482771277427,0.0479197613894939,0.0720293596386909,0.0925818160176277,0.0657645389437675,0.1018005982041359,0.0586564540863037,0.1102110967040062,0.1054246500134468,0.0710733532905578,-0.1131542399525642,0.1109124720096588,0.110318586230278,0.0808131396770477,-0.1137668937444686,0.1094181612133979,-0.0785317942500114,-0.1137799173593521,-0.0802810043096542,-0.1053850576281547,-0.0912942066788673,-0.0482730790972709,-0.079628087580204,-0.0863160565495491,-0.1106292158365249,0.0993452668190002,-0.0945496708154678,-0.1106774806976318,0.112942136824131,0.0795542523264885,0.1134126111865043,-0.1112456023693084,0.0981594771146774,-0.0125843109562993,-0.1035875305533409,0.1134404838085174,0.1023512035608291,0.0828828513622284,0.0667827352881431,0.1098606958985328,-0.0801537483930587,0.0660950168967247,-0.1137641444802284,0.0668798834085464,-0.1120952069759368,0.1135807484388351,0.1137551441788673,-0.0408293679356575,0.1099408045411109,-0.0189871899783611,0.1092658564448356,0.1137846931815147,-0.1137889102101326,0.0371227711439132,-0.1084135696291923,-0.0633601993322372,-0.1136553585529327,-0.107180967926979,-0.109323963522911,-0.1075172126293182,0.1109185591340065,-0.0887304618954658,-0.0441984049975872,0.1135404482483863,-0.0082797883078455,-0.0050577046349644,-0.0312267169356346,-0.0092000653967261,0.0138334361836314,-0.0818126052618026,-0.0867138355970382,-0.1004784926772117,-0.0259399749338626,0.027623338624835,0.0714073702692985,-0.1136208623647689,-0.0437665693461895,-0.1122529283165931,0.0163244288414716,0.0693395882844924,-0.0773211270570755,0.0952649414539337,-0.0899605751037597,0.1102731972932815,-0.1137475222349166,-0.1108609065413475,-0.1125944480299949,0.1044338420033454,-0.1050721853971481,0.102509431540966,0.0404453426599502,-0.1035484597086906,-0.047478150576353,0.0378267653286457,0.0369174107909202,-0.1136399134993553,-0.1108420118689537,-0.0351206324994564,-0.1134884729981422,-0.0517503395676612,0.0292282346636056,-0.0064516463316977,0.0298516582697629,0.0925430655479431,-0.0042549585923552,0.0021381112746894,-0.0207777936011552,0.0580554604530334,0.0203394815325737,-0.0589741840958595,-0.0657589137554168,0.0347381271421909,-0.1207623034715652,0.0152579573914408,0.0073945797048509,0.1110065951943397,-0.0613281354308128,-0.0408021956682205,-0.1103602796792984,-0.15104740858078,0.0142328180372715,0.0941103845834732,-0.0973441675305366,-0.1196966841816902,0.1238114759325981,-0.0134363025426864,0.0230751018971204,0.0750055089592933,-0.0292753409594297,-0.1077263578772544,0.0533382855355739,-0.0169556830078363,0.0333668738603591,0.0743324384093284,0.1828518509864807,0.0633890330791473,-0.0454294979572296,-0.0226091966032981,0.0529157891869545,0.050646387040615,0.123859979212284,0.1435917019844055,0.0383604392409324,-0.03157939016819,0.1088156104087829,0.1029471382498741,0.0560397915542125,0.1183608546853065,0.0971174985170364,0.0931988283991813,-0.0020738577004522,0.0620934665203094,0.0917833819985389,-0.0969248935580253,-0.0052016554400324,0.187336653470993,0.0742846503853797,-0.0431693010032177,0.0475717708468437,-0.0309785325080156,0.1546190679073333,-0.0479410290718078,0.1707422435283661,-0.1432401090860366,-0.0621931925415992,0.1223573014140129,-0.0064447037875652,0.1655645966529846,0.0888590663671493,-0.1311751157045364,-0.0380783826112747,0.0250966288149356,0.0374828800559043,0.0766139850020408,0.0263713374733924,-0.1471229344606399,-0.0790297538042068,-0.1399205774068832,0.0978168025612831,0.0916195660829544,0.0178413838148117,0.0290723983198404,-0.0643693804740905,-0.0630713552236557,0.1125574856996536,-0.081481397151947,-0.1506595462560653,-0.0805813893675804,0.0569198578596115,-0.0480416379868984,0.2200549244880676,0.0737126767635345,0.0983496084809303,-0.0028227509465068,0.159208282828331,-0.0693742260336875,-0.063161164522171,-0.0073128906078636,-0.0409910529851913,0.1145780757069587,0.0036498990375548,0.0912204682826995,-0.0295133478939533,-0.0049688089638948,-0.0317115113139152,0.1449093073606491,-0.1265016794204712,0.112610138952732,0.0720624253153801,-0.1192962601780891,-0.0575613155961036,0.0918341800570488,0.1054288744926452,-0.1280979365110397,0.1347216069698333,0.1096724420785904,0.0298358108848333,-0.0401475355029106,-0.0160695593804121,-0.1049323752522468,0.0357498936355114,-0.0450287982821464,0.0060346713289618,-0.043825838714838,-0.009344520047307,0.0557336695492267,-0.1070314198732376,0.0561829283833503,-0.0336015969514846,0.1098238676786422,0.1655911207199096,-0.0734801441431045,0.0477587468922138,0.1642374694347381,-0.1084611266851425,0.1261118948459625,0.1479732990264892,0.1723541915416717,-0.0757528617978096,0.054843995720148,0.0251739062368869,0.1259443759918213,0.0700507014989852,0.1220371723175048,0.0897348970174789,0.0750530883669853,-0.1349372565746307,-0.0550596863031387,0.0852700322866439,-0.0369964092969894,0.0685137510299682,-0.130536749958992,-0.0613668672740459,-0.0429066270589828,0.0339002087712287,-0.0500291399657726,0.1322693973779678,-0.0616709776222705,-0.012063299305737,-0.122952252626419,0.0485781133174896,0.0722580552101135,0.0349953174591064,0.0454376563429832,-0.0121081909164786,-0.0352372899651527,-0.1058723777532577,0.1729867309331894,-0.1531085968017578,0.1505148112773895,-0.0910714194178581,-0.0310467518866062,0.0017567937029525,-0.0349013619124889,-0.0812146514654159,0.0161867197602987,0.1499601751565933,-0.1107091531157493,-0.0978581681847572,0.021193690598011,0.0080087082460522,-0.0063949483446776,-0.0099150827154517,0.0872725844383239,-0.0960607975721359,-0.0810449421405792,-0.0348981767892837,-0.1415039300918579,0.027686795219779,0.0566303506493568,0.0151858609169721,0.029230760410428,0.1085159182548523,-0.1252943724393844,0.1029596105217933,-0.1037007868289947,-0.0984964147210121,0.001534795272164,0.0426820889115333,-0.0437288582324981,-0.0601495951414108,0.0155759146437048,-0.0774021297693252,-0.1243445873260498,-0.05074043571949,0.1618034839630127,-0.012010134756565,0.1552406996488571,0.052803236991167,-0.0213411394506692,0.0637261793017387,0.1180924102663993,-0.0687052682042121,-0.021677041426301,0.1795042306184768,-0.0674774050712585,-0.1449060887098312,0.0692228302359581,0.0764722973108291,-0.1192757040262222,0.0870927274227142,-0.0488918609917163,-0.0629091262817382,-0.1673410683870315,-0.0646802857518196,0.1623012274503708,-0.037110086530447,0.0442378893494606,0.0013527000555768,0.0251236446201801,-0.0682066306471824,0.109159268438816,0.0211826879531145,-0.0713250562548637,0.0479879230260849,0.0087351268157362,-0.0193757489323616,-0.1058860793709755,0.0998605191707611,0.011388418264687,0.0557331889867782,-0.0168697070330381,-0.0580769814550876,0.1867802739143371,-0.0087456675246357,0.019580241292715,0.012045282870531,0.193207561969757,-0.0029697120189666,-0.0447050780057907,0.047779519110918,-0.1232677027583122,-0.1708596795797348,-0.0557081587612628,-0.0427473150193691,-0.0824821591377258,-0.0388691276311874,-0.0648741275072097,0.0206656754016876,-0.0928866639733314,-0.0122516481205821,0.0096452264115214,0.0159790012985467,-0.0435222461819648,0.0770662575960159,0.1153197064995765,0.1650349795818328,-0.024207079783082,-0.1255708783864975,0.0803223252296447,-0.0470565967261791,-0.0945167392492294,-0.1118538901209831,0.0862860977649688,0.0489246547222137,-0.0420754179358482,-0.101265013217926,-0.1420386135578155,-0.0857557132840156,0.0961307659745216,0.1312571316957473,-0.0166849587112665,-0.1165814027190208,0.1205854564905166,0.0361012928187847,0.1031272560358047,0.1156677082180976,-0.0711094439029693,-0.1302172690629959,-0.0473810881376266,0.0935048162937164,0.1009905934333801,-0.0296427104622125,-0.1158270612359047,0.120746724307537,0.1454836279153823,-0.0111487032845616,0.0672880485653877,0.0443770438432693,0.1456588804721832,0.0605148561298847,-0.0816367268562316,-0.1470546573400497,0.032325379550457,0.0870865732431411,0.1588726788759231,-0.0419940538704395,-0.0800353214144706,0.1005369126796722,-0.0756738260388374,0.043172001838684,-0.1290423274040222,0.0401156544685363,-0.0010830442188307,-0.0015286140842363,-0.084167443215847,-0.0183079652488231,0.0037630612496286,0.1170261278748512,0.1079495921730995,0.1031098067760467,0.0383188426494598,-0.0346360430121421,0.0940949991345405,-0.1070491597056388,0.0537004508078098,-0.0110766747966408,0.1018940433859825,0.1481310129165649,-0.1577628254890442,-0.0339890085160732,-0.0323548503220081,0.0119320880621671,-0.012061252258718,0.0723422616720199,-0.0923193395137786,-0.0101654529571533,-0.1473905593156814,0.0166524183005094,0.1132790297269821,-0.0440361313521862,0.0110529959201812,-0.0418003611266613,-0.1292104423046112,0.0402375198900699,0.1248663812875747,0.0341550298035144,-0.1252192705869674,-0.0160277225077152,0.0568669140338897,0.0502121970057487,-0.0675389394164085,0.0608237013220787,-0.0479908287525177,0.0326238051056861,0.0887863412499427,0.0870227590203285,0.0763306096196174,-0.0438935048878192,0.0998371019959449,0.0937389209866523,0.0680469498038292,0.0050300792790949,0.0878308862447738,0.0203636661171913,-0.1446038484573364,-0.1413576304912567,0.0069695552811026,-0.1604245454072952,0.0718397200107574,-0.0844213515520095,0.1429262608289718,-0.0921071544289588,0.0923252552747726,-0.1410204917192459,-0.0238076616078615,-0.1425588876008987,-0.0891795381903648,0.0068530361168086,-0.0368162840604782,0.1138466596603393,0.1424052715301513,-0.0692852139472961,0.1274077296257019,-0.0497504845261573,0.0827417075634002,0.023315330967307,PFQVNWUOKOQFKH-UHFFFAOYSA-N,CN(C)c1cccc2c(S(=O)(=O)ON3C(=O)CC3CBr)cccc12
0.094609685242176,-0.0888425484299659,0.0763362497091293,0.1026754900813102,-0.1020330712199211,-0.0802724063396453,0.1026730611920356,-0.1026261672377586,-0.0980442985892295,-0.102580726146698,-0.102602481842041,0.0683569982647895,-0.1019203513860702,0.1025462672114372,0.1024145260453224,-0.1011459082365036,-0.0300845727324485,-0.0700414329767227,-0.1024517342448234,-0.0237307958304882,0.0259670559316873,0.0124510116875171,-0.0956533104181289,0.1016720682382583,0.0629772394895553,-0.0026576633099466,0.1026524230837822,-0.1026437133550643,-0.0870767012238502,-0.1002696007490158,0.073321409523487,0.0778852775692939,-0.1017673686146736,-0.0803211405873298,-0.1025889441370964,-0.1023844182491302,0.102150484919548,-0.0207008216530084,0.1021853983402252,0.0631684362888336,0.1026411429047584,-0.1025978550314903,-0.0993753671646118,0.0985042303800582,-0.0045464276336133,0.1026417836546897,-0.1026305332779884,0.1026738658547401,-0.0937954112887382,-0.071893997490406,-0.0720940753817558,0.0334966070950031,0.1021643951535224,-0.1020257472991943,-0.1026752293109893,-0.0887660160660743,0.1024865135550499,-0.0914094299077987,0.1026661098003387,-0.1026759818196296,-0.1016943380236625,-0.0445739701390266,0.0343879908323287,-0.1017372608184814,-0.1021665632724762,0.102662906050682,-0.0309849642217159,-0.097684122622013,0.1013583466410636,-0.0970097407698631,0.0180006027221679,0.1026502102613449,-0.1023617759346962,-0.0945338606834411,0.0982268750667572,0.0488204509019851,-0.1017464473843574,0.0574989430606365,0.1022997200489044,-0.1016718000173568,0.0985523983836174,0.074448175728321,0.0573591515421867,0.0847759768366813,-0.0938189998269081,0.0716522559523582,0.1024688258767128,0.1012454256415367,-0.102514237165451,-0.102603293955326,0.0676621422171592,0.1026657819747924,0.1023845002055168,0.1026749983429908,0.1026621013879776,0.0923043638467788,-0.1013380587100982,-0.0592427626252174,0.0346048437058925,-0.0260110441595315,-0.0531578175723552,0.0796990394592285,-0.1006915867328643,0.0891714990139007,-0.0990598499774932,0.0697519183158874,-0.1026756167411804,0.1022324115037918,0.1014293059706687,0.1020807102322578,-0.1026737168431282,-0.1026061698794364,-0.0812047943472862,0.0461222305893898,-0.0235370900481939,-0.1025901362299919,0.0180579833686351,-0.1026757061481475,-0.1025536805391311,0.1026758849620819,0.0978469103574752,0.101596675813198,-0.0977664664387703,0.0965099185705185,-0.0928937047719955,0.1026419848203659,0.0774152353405952,0.0351104214787483,-0.0953862890601158,-0.0997004359960556,-0.0653779879212379,-0.0660516992211341,0.0857368186116218,-0.0978699028491973,-0.0822202637791633,-0.101637877523899,0.0805294066667556,0.0424978360533714,-0.1018696352839469,-0.1029842346906662,-0.0403672978281974,0.0190359484404325,0.0926138758659362,0.0244711358100175,0.0950568243861198,-0.1033361703157424,-0.1033406928181648,0.1033429950475692,0.1001249924302101,-0.1033414229750633,-0.1033428683876991,0.1033431515097618,0.1030690893530845,0.0945416837930679,0.103213258087635,-0.1033401265740394,-0.0509941726922988,0.1033351570367813,-0.1007915213704109,0.1033431738615036,-0.1023463010787963,0.0992747247219085,-0.1032802164554596,0.0748151764273643,0.0897390469908714,-0.1033129319548606,-0.1033333167433738,-0.0917729660868644,0.102312222123146,-0.100224457681179,0.0869321748614311,-0.1033432632684707,0.1026841253042221,0.1011821553111076,0.0976097285747528,-0.1031303480267524,0.0010892425198107,-0.0024052986409515,0.1029303446412086,-0.1033238992094993,0.046696949750185,0.1032184660434722,0.0594287104904651,-0.1033392995595932,0.1013004630804061,-0.103332445025444,-0.0788312032818794,0.1032916083931922,0.1007205918431282,-0.0110763190314173,-0.0288572274148464,0.1002945378422737,0.1033211573958396,-0.0665084645152092,0.0409868136048316,0.1032670736312866,-0.1032807156443595,-0.1026181057095527,-0.0698028653860092,-0.1033432930707931,-0.1021811217069625,0.098059631884098,-0.1016019210219383,0.1033429577946662,-0.0873934626579284,-0.1000525951385498,-0.1032830104231834,0.0356408283114433,-0.0770328417420387,0.0102909374982118,-0.057388387620449,-0.0032082505058497,-0.0886480659246444,-0.1032711416482925,0.1033169776201248,0.1033400073647499,0.1033431142568588,0.1029708683490753,-0.0710111707448959,-0.1031989455223083,0.1025795266032219,0.1022987142205238,0.1032972112298011,-0.0778658837080001,0.1033431887626648,-0.0063892267644405,-0.1029649302363395,0.082532487809658,0.1000067815184593,0.084039606153965,0.1033432111144065,0.07313983887434,0.1004037037491798,0.1011594459414482,0.0976841151714325,-0.0852920785546302,-0.1033296361565589,-0.0047953696921467,-0.0136954961344599,-0.062915064394474,-0.1026245504617691,-0.1033166199922561,-0.0374377034604549,-0.0940776094794273,0.0879280045628547,0.082128144800663,0.0215120799839496,-0.0397768318653106,-0.1018427610397338,-0.0197512600570917,0.0735723450779914,-0.0207814034074544,0.1018177568912506,0.1004063263535499,0.103314071893692,-0.103080578148365,-0.0984392091631889,-0.0622847117483615,0.0985506922006607,0.098564364016056,0.0984779521822929,-0.0971916243433952,0.0969656184315681,-0.0985689610242843,0.0532781668007373,0.0969429537653923,-0.0971553549170494,0.0944062769412994,0.098544918000698,-0.0202659908682107,0.0971855521202087,0.0182076394557952,0.0808302164077758,0.0403893664479255,-0.0985619202256202,-0.0515780821442604,-0.0975301638245582,-0.0985506996512413,-0.0678474381566047,-0.0909963622689247,-0.0924871861934661,-0.0533638782799243,-0.0985680297017097,0.0974501818418502,0.0932005941867828,-0.0985659435391426,0.0924018770456314,-0.0783626809716224,-0.0985569357872009,0.0982342287898063,-0.0869882181286811,-0.0981762260198593,0.0941003412008285,-0.0949722826480865,-0.0983682125806808,0.0985688343644142,-0.0541980229318141,0.0985688269138336,0.0967093259096145,-0.097688190639019,0.0230580959469079,0.0985603630542755,-0.0985680446028709,-0.0984172150492668,0.0985669791698455,-0.0690859407186508,-0.0985445454716682,-0.0973532423377037,0.0985296070575714,0.0908705815672874,-0.098557524383068,-0.098556712269783,0.0788095220923423,0.0949397534132003,-0.0869404375553131,-0.0786043927073478,0.0977351367473602,0.0985689610242843,0.0970345437526702,-0.0935365781188011,-0.0962266623973846,-0.0300894025713205,0.0985040068626403,-0.0774798542261123,-0.0985599532723426,-0.0450024642050266,0.0985424146056175,0.0007490724092349,0.0940955057740211,0.0534692630171775,0.027789382264018,0.0951845347881317,-0.0962785333395004,-0.0707288160920143,0.0860079079866409,-0.0801614224910736,-0.0978379994630813,0.0935751274228096,0.0960774049162864,0.0982501059770584,0.0985488221049308,0.0863061994314193,0.0985688716173172,0.0826629400253295,-0.097200870513916,-0.0919392183423042,0.0982508286833763,-0.0985656455159187,0.0985335782170295,0.0985299050807952,-0.0880024805665016,-0.0985689312219619,-0.0978899225592613,-0.0922577232122421,-0.0985686033964157,0.0783997029066085,0.09856878221035,-0.0956171303987503,0.0985689610242843,0.0445441789925098,0.0985209047794342,-0.0985331609845161,-0.0346396826207637,0.0734704881906509,-0.0985682755708694,0.0937001928687095,-0.0985676273703575,-0.0985676944255828,0.0676272958517074,-0.0983791723847389,-0.0983464121818542,-0.0985433086752891,0.0981649681925773,0.0982915163040161,0.0373060926795005,0.0785744488239288,0.0965995714068412,-0.0628748908638954,0.0985400155186653,0.0977124944329261,0.0947778075933456,-0.0830671042203903,-0.0985674783587455,0.0170905496925115,-0.0049981698393821,-0.0926029607653617,-0.085156574845314,0.0406122058629989,-0.0214148499071598,0.0780608505010604,0.013570032082498,0.0419705249369144,0.052304558455944,-0.1305113434791565,0.0862772539258003,-0.1281032264232635,0.1233433932065963,-0.1021461337804794,-0.0720914304256439,-0.1624667942523956,0.0121720004826784,-0.016692304983735,-0.0460554249584674,-0.008593819104135,0.0605328418314456,0.1147467344999313,-0.1196935400366783,0.1266677677631378,0.1456555426120758,-0.0257075410336256,-0.0772593542933464,-0.118599534034729,-0.0976923257112503,-0.1057361587882042,0.0513890348374843,0.0759270116686821,-0.1080262139439582,0.0451407432556152,0.1299023330211639,-0.1033241376280784,-0.0575123690068721,-0.1471808403730392,0.1290285736322403,0.003774604294449,0.1230205968022346,-0.1336208581924438,-0.1349184662103653,-0.0777272284030914,0.0915922448039054,0.0959827303886413,0.0572186298668384,-0.0681279674172401,0.0043084793724119,0.0642160698771476,-0.0044229566119611,-0.0185105707496404,0.0210905149579048,0.1276513487100601,-0.025152551010251,-0.1366217583417892,-0.113893911242485,-0.0933070182800293,0.1071293652057647,0.0951605290174484,-0.1145298182964325,-0.0202393271028995,-0.0412885658442974,0.0041728536598384,-0.0645530819892883,-0.0221892427653074,0.0557797253131866,-0.1364864706993103,-0.0460627079010009,0.111881636083126,0.0585796721279621,-0.0804075375199318,-0.0773102045059204,0.1156055107712745,-0.1089385896921157,0.107741080224514,-0.1126325204968452,-0.0964618250727653,-0.1280156224966049,0.0154172871261835,0.0501491539180278,0.1266541182994842,0.0710071101784706,-0.165390208363533,-0.0288297422230243,-0.0824727192521095,0.0632540136575698,0.0700652003288269,-0.0918189287185669,-0.0643720552325248,0.1251267045736313,-0.1200188845396041,-0.1190305352210998,0.0389218740165233,-0.0924126505851745,0.0729092136025428,0.1172915920615196,0.0671524628996849,-0.0988127738237381,-0.0217070449143648,-0.0163055192679166,0.0736929476261138,-0.0804889425635337,0.0913987681269645,-0.1516295373439788,0.0764503106474876,-0.1237922385334968,-0.1118325367569923,-0.0362244509160518,0.097729355096817,-0.0795116275548935,-0.0745030790567398,-0.0314347892999649,0.1521968990564346,0.0352747291326522,-0.0429688319563865,0.0356232374906539,0.0257943458855152,-0.0076196296140551,0.0212410800158977,0.0431204997003078,-0.0958395302295684,0.0526789389550685,-0.0620004683732986,-0.100908562541008,0.0625722855329513,-0.1591445207595825,0.037180621176958,0.0883391946554184,-0.1238950714468956,0.116953358054161,-0.0135397156700491,0.1598379164934158,0.1185307130217552,-0.0023079945240169,0.0306422691792249,-0.0305369272828102,0.1227409094572067,0.032449584454298,0.1270402669906616,0.1363913863897323,0.0754682868719101,0.0413475930690765,0.0602289997041225,0.0083719780668616,-0.0374355502426624,-0.137723222374916,0.0660124272108078,0.0226495657116174,-0.0190395563840866,-0.0412842743098735,0.0727444440126419,-0.081865020096302,-0.0757903084158897,-0.0561912581324577,0.1688535660505294,-0.0949932038784027,0.119309976696968,0.0615665279328823,-0.0924186706542968,0.1018275916576385,-0.1068335771560669,-0.031332466751337,0.1446820646524429,0.0906020849943161,-0.0571448504924774,0.0743821412324905,-0.0422807596623897,-0.0352286957204341,0.0752298533916473,-0.1814010739326477,0.0585768595337867,0.0815173089504242,0.1560430228710174,-0.0892847031354904,0.0540060959756374,-0.1232198029756546,-0.0602720715105533,-0.0559052973985672,-0.1269993036985397,0.1124584004282951,-0.066998690366745,0.0407116040587425,0.0620840676128864,-0.1207020133733749,-0.0831191390752792,0.1072592660784721,-0.0763409584760665,0.0151373734697699,0.140999361872673,-0.1164431869983673,-0.056877639144659,0.0577819682657718,0.105366364121437,0.0876063406467437,0.0628173127770423,-0.1239909306168556,0.0523904152214527,0.0532271675765514,-0.0793400630354881,-0.1709586530923843,-0.0825240239500999,0.0976826027035713,-0.0648170411586761,0.0620079860091209,-0.0539671294391155,-0.0323490872979164,-0.0551891475915908,0.1124584153294563,-0.0233123991638422,-0.0975044593214988,0.1799473613500595,0.1055710688233375,0.133520096540451,-0.0539555065333843,-0.0875617638230323,-0.0452078022062778,0.083588495850563,-0.0557623878121376,-0.0192797239869833,-0.1682774424552917,0.0244407393038272,0.1738641411066055,0.0477094985544681,0.0231360346078872,0.0117147490382194,0.098458208143711,0.0337400697171688,0.0223770588636398,0.1136848255991935,0.0718429014086723,0.0128622930496931,-0.0560569837689399,-0.0248721130192279,0.144378200173378,-0.0589200891554355,-0.1076242700219154,-0.0689039602875709,-0.1302036046981811,0.0578447319567203,0.1535099744796753,-0.0639103278517723,0.0752993375062942,-0.0201835166662931,0.0740831419825553,0.0275990944355726,0.0387816578149795,0.0369644574820995,-0.0726254358887672,-0.0799206867814064,0.0903775691986084,-0.1202823296189308,-0.0421839654445648,-0.0297884978353977,0.0357942320406436,-0.068134032189846,0.0701256617903709,0.0025615463964641,0.0323059558868408,0.0111116636544466,-0.0358491726219654,0.0674982517957687,0.186265155673027,0.1170209795236587,-0.0834607630968093,-0.1041904687881469,0.0453485026955604,-0.0311183556914329,-0.1585175395011901,-0.1334625333547592,0.0769060403108596,-0.0031754504889249,0.0120518673211336,-0.0646279528737068,-0.1203610226511955,-0.1138932183384895,0.0607247911393642,0.1643665879964828,-0.0276880785822868,-0.1117556020617485,0.1361217200756073,0.0352658741176128,0.094356395304203,0.0421734154224395,-0.0617624744772911,-0.1319751292467117,-0.0011724822688847,-0.0352304987609386,0.1154478341341018,0.0170671045780181,-0.0577363669872283,0.1128284037113189,0.1679015457630157,-0.0641859248280525,-0.014439976774156,-0.1112931072711944,0.0977939963340759,0.0588259175419807,-0.1107882857322692,-0.1036970242857933,-0.0351319871842861,-0.070102572441101,0.1825015991926193,0.0061656041070818,0.0232015959918499,-0.0066205491311848,-0.0731385573744773,0.1282960027456283,-0.0942703187465667,0.0575595088303089,0.1247588470578193,-0.1318600624799728,0.002900009509176,0.0003357775567565,0.0284620765596628,0.0806923359632492,0.1377506107091903,0.1023006215691566,-0.0261785294860601,-0.1047710850834846,0.1489029824733734,-0.0742390751838684,-0.0777237564325332,0.0504588596522808,0.1030776053667068,0.0246789641678333,-0.1279483139514923,-0.0377896800637245,0.0587630271911621,-0.0244868788868188,-0.0257505998015403,0.0855043157935142,-0.102489948272705,0.0091668413951992,-0.1456073671579361,-0.025248285382986,0.051084354519844,-0.0299421250820159,-0.0160536337643861,-0.1020184978842735,-0.109295517206192,0.0943222716450691,0.0806709304451942,0.0347221083939075,-0.0397718586027622,0.0185115691274404,0.1362151652574539,0.0221140570938587,-0.0748478844761848,-0.0020119845867156,-0.0515542402863502,0.0572993643581867,-0.0758883953094482,0.1337497681379318,-0.028160298243165,-0.0525564588606357,0.0132125094532966,0.146653339266777,0.1068725436925888,-0.0155542120337486,0.019207689911127,0.0749586895108223,-0.1537287384271621,-0.1260930746793747,0.1442633867263794,-0.0814960673451423,0.0529691763222217,-0.158604010939598,0.1209759190678596,0.0034164043609052,-0.0176658276468515,-0.0940108820796012,-0.1045659258961677,-0.1493786573410034,0.0121546853333711,-0.1040452867746353,0.0514555163681507,0.0775496289134025,0.1528002321720123,-0.0135942948982119,0.1246205866336822,-0.0408020690083503,0.1061886698007583,-0.0047379406169056,MYGJEVCUQDHSOU-UHFFFAOYSA-N,CC1CCCN(Cc2nc(N)nc(N(C)C)n2)C1
0.1080199629068374,-0.1157683283090591,-0.0239286143332719,0.11662358045578,0.1018264144659042,0.1157233268022537,0.0322204492986202,-0.1112243458628654,-0.0378930009901523,-0.0856643468141555,-0.0732573717832565,-0.024781821295619,-0.1067995801568031,0.106167584657669,0.0227456241846084,-0.0599291138350963,0.1112875789403915,-0.1163279861211776,-0.1095261573791503,0.1166115626692771,0.0990321412682533,-0.0784202963113784,-0.0537781864404678,-0.0802032500505447,0.0834636837244033,-0.04014777764678,-0.0979742780327797,-0.1084304228425026,-0.0640851929783821,-0.0659734979271888,0.0958061888813972,-0.0138566363602876,0.0078973760828375,-0.1164447516202926,-0.1150112077593803,-0.1125273033976554,0.1032557487487793,0.1091449707746505,0.0066120843403041,0.1154248490929603,-0.1098422184586525,-0.115763135254383,0.0565482676029205,-0.0190991628915071,0.1136488616466522,0.0448909886181354,-0.0081454906612634,0.1057969406247139,-0.1134150400757789,0.0399337150156497,-0.0994931980967521,0.0992864295840263,0.0929880961775779,0.0811409205198288,-0.0851134583353996,0.043869312852621,-0.0603873580694198,0.0336509831249713,-0.1156386062502861,0.1147635355591774,-0.1143438220024108,0.0452032163739204,0.0317708030343055,0.1129718348383903,-0.0632670298218727,0.0171880852431058,-0.1115886196494102,0.1102883443236351,-0.0074531640857458,0.0641766861081123,0.0567343384027481,0.1141014769673347,0.0834494456648826,-0.0922312289476394,-0.0179826002568006,-0.1155724972486496,-0.1126776114106178,0.0067456723190844,-0.115488700568676,0.0412522219121456,0.1045852228999137,-0.1082132086157798,0.1106223911046981,0.1136728078126907,-0.0601822547614574,0.1119954511523246,-0.0356568768620491,0.1164362356066703,-0.0396611355245113,-0.0790454745292663,-0.0501705147325992,-0.054510224610567,0.1081972494721412,0.1162768602371215,-0.0142004182562232,-0.0717848315834999,-0.1166104823350906,0.0929670706391334,-0.0739144682884216,0.1086119711399078,-0.0802041366696357,0.1163481026887893,-0.0074858418665826,-0.0479332916438579,0.0342575125396251,-0.0728630349040031,0.0881577283143997,0.1108161360025405,0.1156836003065109,-0.0449040792882442,0.0997608080506324,0.018170066177845,-0.1164479479193687,-0.1059765294194221,0.1069453656673431,-0.1138977333903312,-0.0985729843378067,-0.0289831068366765,-0.0236470066010952,-0.0891757756471633,-0.1154325380921363,0.1128634288907051,-0.101276010274887,0.11342354118824,0.1052712202072143,0.1162533313035965,-0.0985536053776741,-0.1150470152497291,0.0924410745501518,0.039930734783411,0.0781342014670372,0.0732447803020477,0.0725285559892654,-0.0935950055718422,0.0719545111060142,-0.0169716197997331,-0.0310304630547761,-0.1198063418269157,0.121473453938961,-0.0904131233692169,-0.1006952747702598,-0.1130452528595924,-0.1152924299240112,-0.0599750988185405,0.0935591235756874,-0.0457559302449226,-0.1214349940419197,-0.1119924485683441,-0.1120134890079498,-0.1089988872408866,-0.0981344431638717,-0.0821663066744804,0.1044389382004737,-0.1149186491966247,0.0709850639104843,0.0825434327125549,-0.1157728806138038,-0.0943478718400001,-0.0045289737172424,-0.0998585000634193,-0.1214765459299087,0.1183926314115524,0.0595312416553497,-0.1068972647190094,0.1178498864173889,-0.1212256252765655,0.0707596763968467,0.0503891333937644,-0.0992869511246681,-0.0594753436744213,0.1198205724358558,-0.1148663684725761,0.0714570954442024,-0.0963165834546089,-0.0093237264081835,0.0999387949705123,-0.0733726546168327,0.1099729239940643,0.1082270517945289,-0.1164212524890899,-0.1157529726624488,-0.1187800094485282,0.0963172614574432,0.0225926246494054,0.1105329096317291,-0.1212645918130874,0.0196171216666698,-0.0646153837442398,-0.0383217483758926,0.0566309280693531,-0.1137520298361778,0.0082059884443879,0.1216889172792434,0.0210352446883916,-0.1097644194960594,0.0820838510990142,-0.0970039516687393,0.024041723459959,-0.0964154154062271,-0.1048083528876304,-0.1199084669351577,-0.0612264536321163,-0.1180645450949668,-0.0001554267073515,-0.0837994366884231,0.0684687718749046,0.0633108913898468,0.0821029692888259,-0.1027057692408561,0.0496902540326118,0.0089069465175271,-0.0583023391664028,-0.03213582187891,-0.0833174362778663,-0.1108269318938255,0.1088338568806648,-0.0140155842527747,-0.0271912943571805,-0.1187185496091842,-0.0266527198255062,-0.1179604530334472,0.1216122135519981,-0.0883359313011169,0.0629021003842353,0.0759315490722656,-0.0580696426331996,-0.0151692060753703,-0.0568320639431476,0.1138775944709777,0.1214837953448295,-0.0823944881558418,0.0129794692620635,0.1152778193354606,0.1160234436392784,0.0908936336636543,0.0493737272918224,-0.1093461588025093,-0.037005178630352,-0.0499095506966114,0.0934762507677078,-0.0981096625328064,0.0262772198766469,0.0949919298291206,0.1011275425553321,-0.0546473860740661,0.1112811639904975,-0.1029934659600257,-0.1100228950381279,0.1170463114976883,-0.0800299569964408,-0.0279851369559764,-0.0758097767829895,0.0219906531274318,-0.1209323108196258,-0.121328555047512,0.0461134314537048,-0.0313884392380714,-0.0431484244763851,0.0967866852879524,-0.1066905334591865,0.0899387896060943,-0.1109018772840499,-0.0573371425271034,-0.1112725511193275,-0.1095095574855804,-0.0934976413846015,0.0837878584861755,-0.0293861534446477,0.1083521768450737,-0.1086332350969314,-0.097560130059719,0.1030300036072731,-0.110982559621334,-0.0969122946262359,-0.1111720874905586,0.1082143113017082,-0.1115081831812858,-0.1114552766084671,-0.0509265512228012,-0.0449744798243045,0.1092066615819931,0.1021980717778205,0.00350076216273,0.0867251008749008,-0.0302626751363277,-0.0822738856077194,0.1071381345391273,-0.1092376038432121,-0.0672965049743652,-0.1082343086600303,-0.0125117786228656,-0.1111245304346084,-0.0195089019834995,-0.0966417491436004,-0.0749021023511886,0.0295329429209232,-0.1013087853789329,0.0856730565428733,-0.0479236245155334,-0.0659521222114563,0.0425160937011241,0.1014719530940055,-0.1113139763474464,-0.0381120927631855,0.0962398871779441,0.006040880922228,0.1041749864816665,-0.1017637401819229,-0.1107867509126663,-0.057801391929388,-0.0126594752073287,-0.1043419614434242,0.0860146656632423,0.0682320445775985,0.0990790426731109,-0.0763392895460128,-0.0291733369231224,0.106873407959938,0.1016979590058326,-0.0553232058882713,-0.0809365734457969,0.1090644672513008,0.1037203893065452,0.0695481449365615,-0.0793923214077949,0.1020661666989326,-0.0679434761404991,-0.0526941232383251,0.0989922434091568,0.1115804240107536,0.0228153243660926,-0.1108061894774437,-0.1114275977015495,0.1095013096928596,0.0853136032819747,-0.1006028652191162,-0.1006948798894882,0.0206492189317941,0.0968541130423545,0.111366331577301,-0.0462077632546424,-0.1025533229112625,0.1072572618722915,-0.0100410329177975,-0.0648528635501861,0.1060219630599021,0.0692770034074783,-0.1100707501173019,-0.0982661768794059,-0.1073118671774864,0.1113250777125358,-0.0561715103685855,-0.1086672618985176,-0.0517582520842552,0.1046998426318168,-0.1110157817602157,-0.0956097543239593,0.0701650977134704,0.1070492714643478,0.1060658693313598,0.1033026576042175,0.0502929277718067,-0.103107638657093,0.0457015670835971,-0.1114923954010009,0.1100955009460449,0.0867066159844398,-0.1099912002682685,-0.0777098163962364,-0.1090053915977478,0.1107218414545059,-0.1098926737904548,-0.0919529572129249,0.0995866507291793,0.1115491613745689,0.0994487479329109,0.0363986417651176,0.051032904535532,0.1109126731753349,0.0015933501999825,-0.0158044788986444,0.0348961502313613,-0.0922606065869331,0.1077014431357383,0.0567303001880645,0.0992221385240554,-0.0691848918795585,-0.0419147387146949,-0.0910921320319175,-0.0437838323414325,-0.0882021635770797,-0.0346103049814701,-0.027597377076745,-0.0580985732376575,0.1229883208870887,0.0080228904262185,-0.0424585752189159,0.0721372365951538,-0.1006510853767395,0.0946746170520782,-0.1296329647302627,-0.0498815774917602,0.0642949044704437,0.070885881781578,-0.0561714470386505,-0.0778544470667839,0.0304586589336395,0.056739117950201,0.1364370435476303,0.0673307180404663,-0.099070057272911,-0.1368032991886139,-0.0417919270694255,-0.1314481496810913,-0.0797836706042289,0.1205357536673545,-0.1330123096704483,0.1105212941765785,0.1364978998899459,-0.0384562723338604,0.0003972286358475,-0.1464385092258453,0.0554190054535865,0.0753470286726951,0.131245881319046,-0.0867556855082511,-0.027861151844263,0.1095702052116394,-0.0063462778925895,-0.0597258880734443,-0.0135027859359979,0.050066739320755,-0.0882814675569534,-0.0225453600287437,-0.0220835860818624,-0.0981837883591651,-0.0778722837567329,0.0446652472019195,0.0688233003020286,-0.0505438037216663,0.1543340384960174,0.0474766157567501,0.1390390545129776,0.0635176971554756,-0.0562745667994022,-0.0015651126159355,0.1411907374858856,0.0600704438984394,0.1197846233844757,-0.1433016657829284,-0.0790538191795349,-0.1064001247286796,0.0304907578974962,-0.004209108185023,0.0532952509820461,0.0035690248478204,0.01204455178231,0.1183384731411933,-0.1272375732660293,0.0325781963765621,0.055656936019659,-0.0391369797289371,-0.0759665220975875,-0.1032731309533119,0.0091460095718503,0.0703218132257461,-0.0580294393002986,-0.1398482173681259,-0.0616248100996017,-0.0681540369987487,-0.1368958353996276,0.1448443084955215,0.1372199207544326,0.0359202101826667,-0.0287343971431255,0.102577306330204,-0.0892831981182098,-0.1223524138331413,-0.1143967881798744,0.0175918694585561,-0.0518703013658523,0.1556733101606369,0.0800930261611938,-0.0876275151968002,0.1167431846261024,-0.0554496124386787,0.045974276959896,0.0679282173514366,-0.0647750198841095,0.1028457432985305,-0.1189114600419998,0.0546571500599384,0.1483256071805954,0.0542655885219574,0.0812922939658165,-0.1273382753133773,0.1186382472515106,-0.1443071961402893,0.073187418282032,0.0820799693465232,0.0560379214584827,-0.0501047596335411,-0.1337494105100631,0.0439031757414341,0.0607301443815231,0.12334506213665,0.1060523018240928,0.0207201279699802,-0.150647759437561,-0.1586215794086456,0.0169527642428874,-0.0210768748074769,-0.102979339659214,0.0584831051528453,0.1403321325778961,-0.1170408353209495,0.0449013411998748,0.1184988692402839,0.1424661129713058,0.0941707789897918,0.1063921824097633,-0.0665945410728454,-0.1108339428901672,-0.0917371213436126,0.1385261118412017,0.1224486604332923,-0.0861211568117141,-0.125522494316101,0.0973077490925788,-0.0325217843055725,-0.0958226099610328,-0.0629014298319816,-0.0627073049545288,-0.1365753263235092,-0.1397116035223007,0.0163623020052909,-0.1285222470760345,0.141983151435852,-0.1509663760662078,0.1035925447940826,-0.1380355656147003,0.0584754347801208,-0.0714075565338134,0.1062997132539749,0.0597207248210907,-0.0133208921179175,0.0914439260959625,-0.0087764291092753,-0.0819761157035827,0.0583277456462383,-0.0782437697052955,0.1101523488759994,0.0207587778568267,0.0819615125656127,-0.0978543609380722,0.0342466123402118,-0.0380234345793724,-0.0955278426408767,-0.0768223404884338,0.0199132598936557,-0.0045030782930552,-0.1407967805862426,0.1175066083669662,0.1368077248334884,0.1083574667572975,-0.0604258514940738,0.0919496193528175,-0.0446760058403015,-0.051920112222433,-0.0883950293064117,0.1204428672790527,-0.0243287943303585,-0.0297576449811458,0.0039670155383646,0.0573025904595851,0.1260229796171188,-0.0221120528876781,-0.0588013939559459,-0.0906751528382301,0.1019072532653808,-0.1265406608581543,0.1252234727144241,-0.1086126789450645,-0.0755686089396476,-0.02362821996212,-0.0029685320332646,-0.001801113714464,-0.1242353245615959,-0.0332026593387126,-0.0523332059383392,0.0353102274239063,-0.0500860251486301,-0.1226445436477661,-0.0125624639913439,0.0099964663386344,-0.0793476775288581,-0.0191571395844221,-0.0328065864741802,-0.0571382641792297,-0.0701194182038307,0.0646174475550651,0.1525946855545044,0.0410886518657207,-0.109593890607357,-0.1411359906196594,0.0553875789046287,0.0967502519488334,-0.0277241077274084,0.138313353061676,-0.0863114669919014,0.0225294046103954,0.0303973518311977,-0.0369643792510032,0.0379627309739589,0.0408693291246891,-0.0386790409684181,-0.0740498155355453,0.0658075585961341,0.1084493622183799,0.120330199599266,-0.0276755969971418,0.0435361638665199,-0.1353376060724258,0.0833572968840599,0.0790015012025833,0.0188247598707675,0.0977278426289558,-0.0757910385727882,0.1540220230817794,-0.1430170238018036,0.0824602469801902,0.0426396690309047,-0.0825387611985206,0.1153327152132988,-0.0269299652427434,-0.0990231931209564,-0.1239972412586212,0.0961976423859596,-0.0418192707002162,-0.0932843834161758,-0.0273767262697219,0.0595851615071296,-0.0225240532308816,0.081627033650875,0.0275242198258638,0.1580059826374054,0.1739045232534408,0.1332465708255767,-0.0295387525111436,-0.0478379391133785,0.071773312985897,0.0346746519207954,-0.14264677464962,-0.0029475293122231,0.0325569733977317,-0.0116303246468305,0.1071439310908317,-0.1151130348443985,-0.0859534442424774,-0.1538669019937515,0.0622721500694751,0.03966561332345,-0.08099115639925,-0.035367514938116,-0.0387513786554336,0.0488284863531589,0.003683467162773,0.0726230442523956,-0.0679850429296493,-0.0806530639529228,0.121497169137001,0.0794984251260757,0.0947197079658508,-0.0018179474864155,-0.0941430702805519,0.0840288624167442,0.1153717413544654,-0.0251991655677557,0.087527185678482,-0.1077077835798263,0.0953650474548339,-0.0609231814742088,-0.0137988934293389,-0.09330465644598,0.1130691617727279,-0.0688094347715377,0.1802580505609512,-0.0285644810646772,-0.0055526229552924,-0.0474462173879146,-0.1119666621088981,0.1118711456656456,-0.0658200904726982,0.0669886767864227,0.107240118086338,-0.1235270723700523,-0.1067079529166221,-0.0556115992367267,-0.1183582842350006,0.0395377501845359,-0.005882775876671,-0.0536730550229549,-0.0852259621024131,-0.0270361863076686,0.0965597108006477,-0.0465818829834461,-0.0635960027575492,-0.0264794994145631,0.0585574172437191,-0.0548984631896019,-0.1485206037759781,-0.1039424240589141,0.070205770432949,0.0568414740264415,-0.1156152561306953,-0.1004195213317871,-0.1442216485738754,-0.0356660559773445,-0.069116897881031,0.041193701326847,-0.0698308497667312,-0.1256054788827896,0.0076875053346157,-0.0508605055510997,-0.0933812484145164,0.1403081119060516,-0.0009359594550915,-0.0828725546598434,-0.0339749120175838,-0.0518910959362983,0.1434006839990615,-0.0188763793557882,-0.0459077879786491,0.0392621047794818,-0.1562720686197281,0.050411470234394,-0.0604272335767746,0.0298275426030159,0.056916270405054,-0.0029459046199917,-0.0795284360647201,0.1628376692533493,-0.0077811540104448,-0.0864120498299598,-0.0461209788918495,0.094698429107666,-0.1122918501496315,-0.115675114095211,0.1048466339707374,-0.104283407330513,0.1333543062210083,-0.1365122348070144,0.1449698209762573,-0.0913655832409858,0.1088184118270874,-0.122049979865551,-0.0371100977063179,-0.0903934016823768,-0.0821751803159713,-0.1184253245592117,0.0437539629638195,0.1501266658306121,0.1847293972969055,0.0174406897276639,0.0790561139583587,-0.0984773784875869,-0.015096285380423,-0.0642357394099235,ZIYRFWXVBVIFNP-UHFFFAOYSA-N,Cc1cc(C(=O)NC(C)(CO)CO)nc2ccccc12
0.1056873798370361,0.1041364967823028,0.0995007753372192,0.1084151268005371,-0.0709399208426475,0.0929503366351127,-0.1051529124379158,-0.0858008936047554,-0.088139533996582,0.0841957554221153,-0.0892137214541435,0.1078430637717247,0.0127750998362898,0.0721653029322624,-0.0850075855851173,-0.0635242536664009,0.1094134598970413,-0.0471419915556907,-0.1096801310777664,0.1099898442625999,-0.1000088453292846,-0.1030267998576164,0.1079010516405105,-0.0798777341842651,0.0877299681305885,-0.1070110946893692,-0.0110421292483806,0.0980429276823997,0.0427799262106418,-0.105809137225151,-0.0457306541502475,-0.0276129581034183,0.0432091914117336,-0.1102487370371818,-0.1102461665868759,-0.0979260131716728,-0.0169274732470512,0.1089401841163635,-0.0040694749914109,0.1100480780005455,-0.1102638617157936,-0.1084931790828704,-0.0999499559402465,0.1087455153465271,0.088150680065155,0.0878189653158187,0.0048606842756271,-0.1089871376752853,-0.1095582991838455,-0.0535562522709369,-0.0658733546733856,0.0802561491727829,0.1091494336724281,-0.0808145105838775,0.0806662365794181,0.1081680059432983,0.000758824055083,0.0159057732671499,-0.1084844693541526,0.028317654505372,-0.1102515757083892,0.1101742088794708,-0.0639042928814888,0.1018063798546791,0.1092501059174537,0.0072094560600817,-0.1084234341979026,0.1078865602612495,-0.1007814183831214,-0.0444035455584526,-0.0470223203301429,0.1102824136614799,0.1067594811320304,-0.1084020063281059,0.0357258021831512,-0.1102022901177406,-0.1008847430348396,-0.108259417116642,-0.1090409159660339,-0.0284631662070751,0.102527730166912,0.1065208092331886,0.1096293851733207,0.1065472587943077,0.0955355837941169,0.109024092555046,-0.0973876267671585,0.0882902517914772,0.0590091235935688,-0.0154476417228579,-0.109811246395111,-0.0984104797244072,-0.0460813827812671,0.1093089580535888,-0.1100450083613395,0.0914887487888336,-0.1101804971694946,0.1045363545417785,0.1003202646970748,0.0863003209233284,0.0521536730229854,0.084321990609169,0.0783936008810997,0.1097095534205436,-0.0771473124623298,0.023378912359476,0.1012576520442962,0.0702298283576965,-0.1050507947802543,0.0356001891195774,-0.1007156148552894,0.1051656529307365,-0.1081933751702308,0.0496762804687023,0.1066086366772651,0.070731371641159,-0.0147361885756254,-0.0471260510385036,0.0990263894200325,-0.0066316178999841,-0.0777526199817657,0.063742808997631,-0.079241931438446,0.1098751723766326,0.075895257294178,0.1049613282084465,-0.0626095458865165,-0.1096966862678527,0.111498013138771,-0.1025749444961547,0.078529343008995,0.1111232489347457,-0.0206386018544435,0.092609591782093,-0.1064113304018974,0.0929846614599227,0.0526912175118923,0.0939356237649917,0.1067403256893158,0.0944683477282524,-0.0824073925614357,-0.0395796000957489,0.0950190797448158,-0.0354340933263301,0.0255044791847467,0.1003758609294891,-0.1113094016909599,-0.0875973254442215,-0.0166524797677993,0.0220127720385789,-0.1098417192697525,0.0329181030392646,-0.0995657444000244,0.1087748408317565,-0.1034132093191146,-0.0730423927307128,0.0972758382558822,0.0198244415223598,0.0149815445765852,-0.0662520304322242,-0.110540747642517,0.1095055937767028,0.0851464569568634,0.0695903971791267,-0.0776065438985824,-0.0964094772934913,-0.081756092607975,-0.0990036725997924,0.1027542427182197,-0.0133246323093771,-0.1095596626400947,-0.110913261771202,0.0967646613717079,-0.1092308908700943,-0.0722079798579216,0.0212213825434446,-0.1057552769780159,0.1115315929055213,0.1089958697557449,-0.1081676334142685,-0.1106149405241012,0.1007501184940338,0.0875101462006568,-0.0829061418771743,-0.0731388628482818,-0.0547370463609695,-0.1077701225876808,-0.0994365811347961,0.1097862869501113,-0.0962128043174743,-0.0980022698640823,0.1099360138177871,0.1110282614827156,0.0901242792606353,-0.0716481879353523,0.1083474308252334,-0.1088585928082466,0.1108458191156387,0.0195355266332626,-0.1111556887626648,0.0988894253969192,-0.0266091469675302,-0.1087999418377876,0.0988000482320785,-0.1090163588523864,0.1046809032559394,0.0471996255218982,-0.0693099796772003,-0.1046663150191307,-0.0784823074936866,0.0865165367722511,0.0204655677080154,-0.0208402685821056,-0.0361576117575168,0.105895921587944,0.0903295278549194,-0.1072903573513031,0.1080834344029426,-0.1085425093770027,-0.1098620593547821,-0.0466434359550476,-0.0738288313150405,0.0484225824475288,0.105805903673172,0.0973815396428108,0.1029120609164238,-0.0517528653144836,0.0173051506280899,0.1019044145941734,0.0005436521605588,0.1066595241427421,0.0964557752013206,-0.0743501484394073,-0.0158132761716842,-0.1112067922949791,0.0784081220626831,-0.1106925904750824,-0.1025818288326263,0.0614168643951416,0.1072226837277412,0.0321224704384803,-0.0719607695937156,-0.1051228642463684,0.1092895790934562,-0.092782124876976,0.0266904905438423,0.1027524694800376,-0.1092999652028083,0.1110646352171897,-0.1101422607898712,0.0420182272791862,0.1089920923113823,0.0591476522386074,-0.1097671464085578,-0.0757816210389137,0.0871349647641182,-0.0996374636888504,0.0856423005461692,0.1073277667164802,0.0874289274215698,0.1059337854385376,-0.1085958629846572,0.0954885780811309,-0.1135199889540672,-0.0974468290805816,-0.0165563486516475,0.1162067279219627,0.0452079959213733,-0.1192478314042091,-0.1087885349988937,0.1099734455347061,0.0670249462127685,0.089158147573471,0.1179092302918434,-0.1074079126119613,-0.0628402158617973,-0.0404138453304767,0.0908329784870147,0.0930181741714477,0.0883488282561302,-0.0490908250212669,0.1103707030415535,0.0189728066325187,0.1191841438412666,-0.0731661617755889,-0.0793800950050354,-0.0747481882572174,-0.1198860555887222,0.0693100318312645,0.0015094834379851,0.0159259755164384,-0.0732685178518295,-0.1128781884908676,-0.1114359498023986,-0.1043659150600433,-0.0021518957801163,-0.0093733137473464,0.1079568564891815,0.1154463738203048,-0.0636582672595977,0.089409090578556,0.0855969861149787,-0.1014020442962646,-0.1143619269132614,0.108661450445652,0.0618556961417198,-0.0698667019605636,-0.0724158808588981,-0.0990041345357894,0.1194039434194564,-0.118734210729599,-0.0310257542878389,-0.0420435518026351,0.1085747480392456,-0.0212683547288179,-0.0468419231474399,0.0620884746313095,0.0306371934711933,0.1203418001532554,-0.1005039513111114,0.06645467877388,-0.0960267260670661,0.105325698852539,0.0849526599049568,0.1081605106592178,0.0484790988266468,-0.0790548250079155,0.05518539249897,-0.083792969584465,0.1167096048593521,0.1093177199363708,-0.1181059926748275,0.0239838566631078,0.114017330110073,-0.1107379049062728,-0.1180378571152687,-0.051458328962326,0.1181094124913215,0.0982055515050888,-0.1093737483024597,-0.1094197258353233,-0.1014298871159553,0.1187617257237434,0.0290150176733732,-0.1176178529858589,-0.054055131971836,0.0648073926568031,0.0233661849051713,-0.0741482302546501,0.0548277720808982,-0.022623848170042,-0.1204281747341156,-0.0888147503137588,0.1152595281600952,0.0149601772427558,-0.0873614102602005,-0.1183470487594604,-0.0409236624836921,0.0832040980458259,0.0993965566158294,-0.117551639676094,-0.0078574866056442,-0.0731678530573844,0.1127806976437568,-0.0138878664001822,0.102230779826641,0.001916701439768,-0.0680487900972366,-0.0624393671751022,0.1015439555048942,0.0422315075993537,-0.1069941595196724,0.0735846012830734,-0.1202920749783515,0.1205136552453041,0.0929634496569633,0.0255006831139326,0.0876393690705299,0.0828218832612037,0.0967504233121872,-0.000582090113312,-0.1031873673200607,-0.1120611056685447,0.1112204566597938,-0.0306740570813417,0.1049264892935752,0.0421893820166587,-0.0773494914174079,0.0527659840881824,0.0374033227562904,-0.1219141483306884,0.0747495517134666,0.1086291372776031,-0.0954801738262176,0.0854781717061996,0.0263248682022094,0.0461337752640247,0.0368797518312931,-0.1342474818229675,-0.0955679938197135,-0.0984296426177024,0.0727552324533462,0.0881192982196807,-0.0438338443636894,-0.0926249101758003,0.1512748003005981,-0.0633764564990997,-0.0221734158694744,-0.0122254118323326,0.0313163883984088,0.0029951634351164,0.0489048697054386,-0.0911899805068969,-0.1578903347253799,-0.0975599810481071,0.0410461127758026,-0.1624173521995544,0.1513485461473465,0.164491593837738,0.0579275116324424,0.1274305582046508,-0.051993254572153,0.1087939962744712,0.1488503515720367,-0.0231909584254026,0.0324757471680641,0.047881931066513,-0.0146287307143211,-0.0276534259319305,-0.0340148992836475,-0.1219809353351593,0.0339492186903953,-0.0292663499712944,0.0302451439201831,0.1159263178706169,0.0399743802845478,0.0216052439063787,0.0092572467401623,0.0071888044476509,-0.0481479614973068,0.0871071740984916,0.1810667961835861,0.0635253116488456,0.076492428779602,-0.1334929466247558,-0.0516764149069786,0.1309573501348495,-0.0005299938493408,0.0621980726718902,-0.1216961070895195,-0.1684530675411224,-0.0420311391353607,-0.0984167754650116,0.1018824651837349,0.1329901069402694,-0.115894116461277,-0.0377718172967433,0.0844066217541694,-0.0224314797669649,-0.0092390002682805,0.143743634223938,-0.1544604301452636,-0.1019532978534698,0.0030711547005921,0.016104893758893,0.1688433587551117,-0.0936628431081771,-0.1816107779741287,0.0361313112080097,0.0520438961684703,0.0014130587223917,0.1659290492534637,0.0971204042434692,0.0750053226947784,0.0686961710453033,0.1161951944231987,-0.1430146843194961,-0.0602726228535175,0.0086693949997425,-0.026670379564166,0.0826447755098342,0.1180435270071029,-0.0258972123265266,-0.0667056366801261,0.0996252968907356,-0.029589619487524,0.1494849324226379,0.024069083854556,0.0112094860523939,0.0379081740975379,0.0435774140059948,0.1316735595464706,0.0994328707456588,0.1095591858029365,0.0910166725516319,0.032485906034708,0.0471847094595432,-0.1149876341223716,0.0691832676529884,0.0197322852909564,0.1128374934196472,0.1207355633378028,-0.1224608868360519,-0.0226611644029617,0.0054705683141946,0.0461922883987426,0.0110602425411343,-0.0151738403365015,-0.0886416360735893,-0.0454183407127857,0.1151050105690956,0.0098359789699316,-0.1277416050434112,0.0024678397458046,0.1392202526330948,-0.1225956529378891,0.0706434622406959,0.1168477907776832,0.1449473649263382,0.1003605797886848,0.1145097240805625,-0.0243970099836587,-0.0235253758728504,-0.0852155536413192,0.139169305562973,0.1144339144229888,-0.0355146713554859,-0.1228615716099739,0.11939687281847,0.036837201565504,-0.0994277521967887,-0.0673812329769134,-0.0458234623074531,-0.1202572584152221,-0.1427466422319412,-0.0058074332773685,-0.1179088801145553,0.1388667374849319,-0.150112971663475,0.1250859946012497,-0.1407802402973175,0.0760587006807327,-0.0380697101354599,0.1151421666145324,0.0755380094051361,0.048002578318119,0.0797889158129692,-0.002948610112071,-0.0015079478034749,-0.0271739456802606,-0.0945159345865249,0.0943359732627868,0.0297581627964973,0.0666857361793518,-0.1060781925916671,0.0602785721421241,0.0140372831374406,-0.0241901185363531,-0.0493928007781505,0.0390503406524658,-0.0043612322770059,-0.1291031688451767,0.1036183536052703,0.1178427413105964,0.0970716923475265,-0.0387890897691249,0.0808842927217483,-0.0836247354745864,-0.018730279058218,-0.0359419547021389,0.1303950846195221,-0.0628334656357765,-0.0317132174968719,0.040273655205965,-0.060897558927536,0.1234013587236404,-0.0920094177126884,0.0087311873212456,-0.0362058542668819,0.0835195109248161,-0.088336057960987,0.1291126012802124,-0.0956000685691833,-0.1052180975675582,-0.0975216850638389,-0.0142976976931095,0.1108203902840614,-0.1322487443685531,0.0417530797421932,-0.0186482053250074,0.0211325474083423,0.0211542770266532,-0.114835500717163,0.0354920141398906,0.0008363093947991,0.0264427438378334,-0.0336798094213008,-0.0916846394538879,0.0169723574072122,-0.1040973737835884,-0.0766071528196334,0.1518773287534713,0.0915674641728401,-0.0847345143556594,-0.1483893245458603,0.0084047550335526,0.1240882202982902,-0.0616446249186992,0.1099886149168014,-0.0967651382088661,0.0571057945489883,0.0216394253075122,-0.021870894357562,0.0431994013488292,0.0570476874709129,0.0941628888249397,-0.1004024669528007,0.0895073562860488,0.0859578251838684,0.090566799044609,0.0331897735595703,0.0325345620512962,-0.1461598426103592,0.0654941499233245,0.1364604234695434,-0.0476770289242267,0.0935688689351081,-0.061651311814785,0.1549702137708664,-0.1495232731103897,0.0656547471880912,-0.0001254864473594,-0.1246825531125068,0.0921483561396598,-0.0526946820318698,-0.0762965083122253,-0.1268020719289779,0.1263615936040878,-0.0796759277582168,-0.0274860374629497,-0.0631804168224334,0.0105183720588684,-0.0428228490054607,0.085314504802227,0.0696503147482872,0.0862904638051986,0.1558648496866226,0.1509227156639099,-0.0929434597492218,-0.1079666540026664,0.0949518233537674,-0.0188761055469512,-0.1177892386913299,-0.1439820230007171,0.1461289525032043,-0.0180412139743566,-0.0150045147165656,-0.1102940887212753,-0.1383719146251678,-0.1534121185541153,0.0826743096113205,0.138363316655159,-0.0140432957559823,-0.1159647181630134,0.0923888608813285,0.0734794437885284,0.0311360396444797,0.0623708665370941,0.0001048832782544,-0.1464277952909469,0.0645305886864662,0.0507826320827007,0.1003790944814682,-0.0236787665635347,-0.1298409402370453,0.1145234927535057,0.1039410904049873,-0.0708058476448059,0.0240433886647224,-0.0650153905153274,0.1288867890834808,0.0618051402270793,-0.1154432147741317,-0.1421871930360794,0.0511806271970272,0.0250418223440647,0.1694431751966476,-0.0563840307295322,-0.0402609147131443,0.0641382709145546,-0.1331489831209182,0.0661224573850631,-0.0957033485174179,0.0424464605748653,0.044235985726118,-0.0936995148658752,-0.0545896552503109,-0.0936451405286789,-0.0088851163163781,0.0699179545044899,0.0395311638712883,0.0228860862553119,-0.0511937476694583,-0.034938920289278,0.1347608417272567,-0.0579892508685588,-0.0400839075446128,-0.0224049650132656,0.1081006750464439,0.1032217741012573,-0.155266061425209,0.0127015803009271,-0.0050203623250126,-0.0810144990682601,-0.0115774758160114,-0.0564399622380733,-0.1141755059361457,-0.0402689687907695,-0.1089472770690918,-0.0383998677134513,0.1039088889956474,-0.1338421106338501,0.0214412994682788,-0.0509151890873909,-0.0977033972740173,0.1458798944950103,0.08163433521986,0.0004918031045235,-0.1084376573562622,-0.0432497933506965,-0.0091981971636414,0.0482663474977016,-0.054401408880949,0.0839782431721687,-0.0879617780447006,0.0495116636157035,0.0493574924767017,0.1021949052810669,-0.005748885218054,-0.0560823306441307,0.0202509481459856,0.1337157636880874,0.0497755333781242,0.0116807464510202,-0.0359522439539432,9.516025602351874e-05,-0.140511468052864,-0.1017177402973175,0.0900227725505828,-0.1419252753257751,0.1345622092485427,-0.1043575033545494,0.1630995273590088,-0.0473554916679859,0.0072636660188436,-0.0905570462346077,-0.1141915619373321,-0.1124401465058326,-0.0943972766399383,-0.041392657905817,0.0264416355639696,0.1376336216926574,0.1508533060550689,-0.0319351889193058,0.0598048716783523,-0.0386083237826824,0.1041099652647972,0.0727918222546577,SAKGLWXITFVWHB-UHFFFAOYSA-N,O=C(NCC(F)(F)F)c1ccccc1NCCCO
0.098114475607872,-0.0399405024945735,-0.0945426523685455,0.0975539088249206,0.0963639542460441,-0.0851044207811355,-0.0980919674038887,0.0980035439133644,0.0954945161938667,0.0733930915594101,0.0870246142148971,-0.09499042481184,-0.0432964228093624,0.0600700303912162,0.0980707630515098,-0.0981158167123794,-0.0964907929301261,-0.074240855872631,0.0474861338734626,-0.0015675917966291,0.0958772152662277,-0.098097026348114,0.0658964142203331,-0.0942306071519851,-0.0978605896234512,0.0981150716543197,-0.0980704799294471,-0.0975136384367942,0.098080039024353,-0.0974311307072639,-0.0981102958321571,-0.0979639142751693,0.0207374114543199,-0.0956741943955421,0.0981137827038765,0.0952519252896308,-0.0967386811971664,-0.0981158539652824,0.0981006100773811,-0.0696358233690261,0.0977138131856918,0.0981134846806526,-0.0981058701872825,0.0969887897372245,-0.0943671986460685,0.0686935484409332,-0.0981158390641212,-0.0981007292866706,-0.0873076766729354,-0.098096564412117,0.0976320281624794,-0.0971418395638465,-0.0801464021205902,-0.0604863092303276,0.0807515308260917,-0.0844068229198455,-0.0901117548346519,-0.0920430794358253,-0.0979531332850456,-0.0954234525561332,0.0981158539652824,0.0981157943606376,0.0950941070914268,-0.0980955213308334,-0.0979254841804504,0.0971795991063118,-0.0747891962528228,0.098102293908596,-0.0960160493850708,0.0971353948116302,0.0981154069304466,0.0980955734848976,-0.0786292180418968,-0.0979803428053855,-0.0981152653694152,0.0981158167123794,-0.0980019643902778,-0.0871797949075698,0.0973982289433479,-0.030540108680725,-0.0921546518802642,0.0881945341825485,-0.0975366830825805,-0.0921834483742713,0.0625611692667007,-0.0502118095755577,-0.0836650431156158,-0.0943155288696289,0.0875611454248428,-0.0949940085411071,0.0981078743934631,0.0981141850352287,0.081832155585289,-0.0855738073587417,-0.0978734120726585,0.0980594903230667,-0.0880399867892265,0.0981103703379631,-0.0553576238453388,-0.0823237523436546,0.088430568575859,0.0929036661982536,0.0512066408991813,-0.0947194099426269,-0.0977714210748672,0.0885887145996093,-0.0192546565085649,-0.0977187752723693,-0.0747970342636108,0.0656003206968307,0.0039147483184933,0.0981080457568168,0.061279721558094,-0.0972968637943267,-0.096441276371479,0.0981158167123794,0.0979377850890159,0.0979532822966575,-0.096152052283287,-0.0448233224451541,-0.0778092890977859,-0.0980105847120285,0.0949634909629821,-0.0981158390641212,-0.0958598181605339,0.0940980017185211,-0.0965390875935554,-0.0033153621479868,0.052462451159954,-0.0822016596794128,0.0949969738721847,-0.096768207848072,0.0962533727288246,-0.0965248569846153,0.0967693030834198,-0.0933323130011558,-0.0495663098990917,0.0967534258961677,0.0467670336365699,0.0879429280757904,0.0951375067234039,-0.0889361128211021,0.0903064608573913,-0.0963604673743248,-0.085955411195755,-0.0939712524414062,-0.0967510044574737,-0.096474289894104,0.095398910343647,-0.0946169570088386,0.0009878850542008,-0.0966743752360344,0.0966779068112373,-0.0897380113601684,-0.084188126027584,-0.0940309390425682,-0.0967690572142601,-0.0964979752898216,-0.096769280731678,0.0748552232980728,0.0963732525706291,0.0960140973329544,0.096525952219963,0.0965417325496673,0.0965032875537872,-0.0967692956328392,-0.0651022344827652,0.0907017141580581,0.0962028577923774,0.0889585688710212,0.0967409238219261,-0.0915270522236824,0.0967631042003631,0.0911617428064346,-0.081453263759613,0.0941771194338798,0.0822628587484359,0.0755279287695884,0.096708633005619,-0.0912238582968711,0.0967427268624305,-0.0967691913247108,-0.0519412532448768,-0.096768319606781,-0.0599716529250144,-0.0967693030834198,-0.0644218549132347,-0.096767634153366,0.094305895268917,0.096698559820652,0.0690327435731887,-0.0950204208493232,0.0967693030834198,-0.0472208783030509,-0.0967685282230377,-0.0967310592532157,0.089610755443573,-0.0965945571660995,0.091074913740158,-0.0762512534856796,-0.0967686846852302,-0.0953676402568817,-0.0967487022280693,-0.0964821279048919,-0.0967686846852302,-0.0944539383053779,-0.0956893563270568,-0.096598245203495,0.0967659577727317,-0.0190302655100822,0.0957064852118492,0.0613795667886734,-0.0967454388737678,0.0920295640826225,0.0956641063094139,0.0830731242895126,0.0965688452124595,-0.0934730544686317,-0.094115249812603,0.0967085510492324,0.0967650562524795,0.0967693030834198,-0.0967689380049705,0.0967686623334884,-0.0929326713085174,0.0102685252204537,0.0297689139842987,0.0566553175449371,-0.0622675903141498,-0.0574704892933368,-0.0925166010856628,-0.0961283072829246,-0.0957934185862541,0.0967312380671501,0.0895804241299629,-0.0925402343273162,0.0695558115839958,-0.0949727445840835,-0.065184086561203,0.0959045737981796,-0.0967693030834198,-0.096354492008686,-0.0885678678750991,0.0359711833298206,0.0811477154493331,0.0967599004507064,-0.0967692732810974,-0.0964029431343078,0.0961774662137031,-0.0725152194499969,-0.0967589765787124,0.0964433848857879,-0.0722652599215507,-0.0967650264501571,-0.0967689827084541,0.0923175066709518,-0.0947885811328888,-0.0771814882755279,-0.0930350199341774,-0.0936891734600067,0.094788521528244,0.0947885885834693,-0.0947629660367965,0.0947838723659515,0.0937489420175552,-0.0943148881196975,0.0947845503687858,-0.0798337683081626,-0.0062524159438908,0.0947861745953559,0.0947883278131485,-0.0947381481528282,-0.0947883948683738,-0.0946849957108497,-0.0947855859994888,-0.0944736376404762,-0.071387343108654,-0.0947397127747535,-0.090499497950077,-0.0876342728734016,0.0164436362683773,0.0947840362787246,0.0943610593676567,-0.0910492166876792,0.0946886986494064,0.093982808291912,0.094788521528244,-0.0239529404789209,-0.0903501734137535,0.0941215902566909,0.0617115423083305,-0.0947765782475471,0.094788372516632,-0.0947518572211265,-0.0841037929058075,0.0937164053320884,0.0947833880782127,0.0874236598610878,0.0754027813673019,-0.0947635993361473,-0.0858437195420265,-0.0947853550314903,0.0909055545926094,-0.093196265399456,-0.0947883948683738,-0.0947880670428276,0.0882583186030387,-0.0947451069951057,-0.0947838202118873,0.0929155573248863,-0.0944013819098472,0.0557762384414672,-0.0029933713376522,-0.0947828590869903,-0.0891895219683647,0.0946133062243461,0.094749242067337,0.07753636687994,0.0947862789034843,0.0530654899775981,0.0147961257025599,0.0947878807783126,0.0939076542854309,0.0947881862521171,0.0896477401256561,-0.0939637124538421,-0.0947868227958679,0.0937808007001876,-0.0721187144517898,-0.0947770625352859,0.0946474894881248,0.0946469157934188,-0.068576194345951,-0.0946990773081779,-0.0918323770165443,-0.0947874188423156,0.0945507287979126,0.0947558283805847,-0.0942857861518859,0.094058096408844,-0.0947484150528907,0.0680589377880096,0.0947053134441375,-0.0947885662317276,0.0851873606443405,-0.094784989953041,-0.0947879031300544,0.0740723684430122,0.0947885960340499,0.0947885960340499,-0.094585470855236,-0.0947770848870277,-0.0323530957102775,0.0947367325425148,-0.0890013948082923,-0.0942291468381881,0.0936856716871261,-0.0900975540280342,-0.0945374593138694,-0.094294361770153,0.094788558781147,0.0944666191935539,-0.0947847738862037,-0.0947495773434639,0.0947885289788246,0.0947588980197906,-0.0947681292891502,0.0421829372644424,0.0947878435254097,-0.0947885960340499,-0.0935731530189514,-0.0941560417413711,0.0947753116488456,0.0946980714797973,-0.0887740328907966,0.0412407144904136,0.0947885736823082,-0.094711534678936,-0.0914047062397003,0.0811251550912857,-0.0818544700741767,0.094788558781147,-0.0363369286060333,-0.0945333614945411,0.0643547400832176,0.0963787287473678,0.0629491433501243,-0.0777092948555946,-0.096378356218338,-0.0645685717463493,-0.0963772982358932,-0.093010276556015,-0.0963661149144172,-0.0963558107614517,0.0020323402713984,0.0963757932186126,0.0952760726213455,-0.0813482254743576,0.0962838232517242,0.0963684692978859,0.0963383838534355,-0.0960613340139389,0.0963176488876342,0.024714395403862,-0.0963472425937652,-0.0963771864771843,-0.0963727682828903,-0.0963789373636245,0.0963207706809043,-0.0553071275353431,-0.031864445656538,0.0963491052389144,-0.0853476524353027,-0.0963781774044036,-0.0961735546588897,-0.0553596168756485,-0.096263438463211,0.0963685512542724,-0.0651558116078376,0.0963707789778709,0.0963359549641609,-0.0914498567581176,-0.0963495448231697,0.0963782891631126,0.0842293128371238,-0.0963761508464813,-0.0963788479566574,0.0963615030050277,-0.0963783785700798,-0.0943210273981094,-0.096376247704029,0.096368059515953,-0.0963616892695427,-0.0884102210402488,0.0958240255713462,-0.0346040092408657,-0.0963768884539604,0.0963780134916305,0.0963780358433723,0.0960375666618347,0.0963023006916046,0.0963480696082115,0.0963010713458061,0.094715692102909,-0.0961744487285614,0.0959802195429802,-0.0963258892297744,-0.0962705090641975,0.0963786244392395,0.0963651314377784,0.0963077917695045,0.0959916114807128,-0.0603105165064334,0.0961955711245536,0.0963559225201606,0.0963784828782081,0.0050943861715495,-0.0552754178643226,-0.0962705612182617,0.0963737741112709,0.0963342785835266,0.0523261502385139,0.0963786840438842,-0.096038207411766,0.0963369160890579,-0.0956365466117858,-0.0960138812661171,-0.0953526273369789,0.0962756276130676,0.0953862816095352,-0.0240114852786064,0.0950177982449531,0.0963789820671081,-0.09608706086874,-0.0963614955544471,0.0963679626584053,0.0837229341268539,-0.0556387640535831,0.0818330645561218,0.0821998640894889,-0.0963770300149917,0.0963789671659469,0.0138866957277059,0.0919137969613075,-0.0963664501905441,-0.0963731035590171,-0.0496994256973266,0.0679953694343566,0.0938988551497459,-0.0963696539402008,0.0958328619599342,-0.0963721424341201,0.0906656756997108,0.0780073329806327,-0.0950588807463646,-0.095351293683052,-0.0958865284919738,-0.096378244459629,-0.0963780507445335,-0.0960355773568153,-0.0871540382504463,0.0963743180036544,-0.033493410795927,-0.0760680213570594,0.0963405445218086,-0.0030719654168933,0.096376709640026,-0.0962607339024543,-0.0950444266200065,-0.0963436737656593,-0.0963541269302368,-0.0583140477538108,-0.0480016022920608,0.1036338508129119,0.1038111448287963,0.000306858564727,-0.0555305145680904,-0.0304493438452482,0.1038015708327293,-0.0706240087747573,0.1016646921634674,-0.1019777581095695,0.046183381229639,-0.091918870806694,0.0636326447129249,0.1032254546880722,0.1037316918373107,-0.0626850500702858,0.1036418154835701,-0.1038246527314186,0.1033853814005851,-0.0862881764769554,-0.0613979138433933,-0.0601476542651653,0.0881696492433548,0.1038066893815994,-0.1038100197911262,0.1034575700759887,-0.1034949645400047,0.0290827173739671,-0.1025155112147331,0.0956074148416519,0.1038300320506095,-0.0570037215948104,-0.0248829834163188,-0.1007787361741066,-0.1038155928254127,0.1010574176907539,0.1038048863410949,-0.0128110544756054,0.1032765880227088,-0.09726083278656,-0.1032782644033432,-0.0239187777042388,-0.0983267053961753,-0.1036678999662399,0.0893527939915657,0.0921910628676414,0.0308603178709745,-0.0721160173416137,-0.1028297618031501,-0.1013342887163162,0.038235880434513,0.0085619827732443,0.1038301512598991,-0.1035955622792244,0.0913350284099578,0.0468255206942558,0.0909359976649284,0.0916686877608299,0.1036622002720832,0.1012307405471801,-0.1034710705280304,0.1036635637283325,0.0010373498080298,0.101576380431652,0.0859140381217002,0.1036828011274337,0.0989949181675911,0.1012733504176139,0.1003713235259056,-0.1032045632600784,0.0700910538434982,0.0876431614160537,0.1022395640611648,0.0998806282877922,0.0985453352332115,-0.0960075482726097,0.1034292206168174,-0.1004752218723297,-0.103785403072834,-0.1038037613034248,0.1033471077680587,-0.1016553416848182,-0.0996206775307655,0.1031001806259155,-0.1035931259393692,0.1037146523594856,-0.0795116797089576,-0.0910823196172714,0.0326796695590019,0.1038041412830352,-0.0888409838080406,-0.0941553562879562,-0.1038244068622589,-0.0426071435213089,0.1038240119814872,-0.1017554029822349,0.0791836604475975,-0.0011174351675435,-0.0813670754432678,0.0912810936570167,0.0940526351332664,-0.0857218280434608,-0.1037895828485488,0.0060296100564301,-0.0526413694024086,0.09658183157444,0.0842275470495224,0.1035219058394432,-0.0793072953820228,-0.0363288894295692,-0.1016625314950943,0.0523906908929348,0.0799058750271797,-0.1037932261824607,-0.0854576379060745,-0.1037373468279838,0.1032252758741378,-0.072855107486248,0.1030715033411979,-0.0164961405098438,-0.1036076843738555,-0.099879577755928,-0.1014595851302146,0.0950610861182212,-0.0631148740649223,-0.1037957072257995,-0.1024635359644889,-0.0546514429152011,-0.0928494483232498,-0.0926677137613296,0.0931004583835601,0.0422061830759048,-0.0930999889969825,-0.093100406229496,0.0819667801260948,0.0930997282266616,0.0930996686220169,0.0931001380085945,-0.0930982530117034,0.0924527198076248,0.0931000709533691,0.0929854363203048,-0.0931004583835601,0.0509881861507892,0.07266416400671,-0.0931004583835601,-0.0931000560522079,0.0931004583835601,-0.0930853560566902,0.0925370752811431,-0.0931004211306572,0.062173806130886,-0.0930328890681266,-0.0931001007556915,0.0877846553921699,-0.0930996239185333,-0.0731013640761375,-0.0925460010766983,-0.0931004583835601,0.0931001678109169,-0.0931002274155616,0.0931004509329795,0.0931003391742706,0.0273257512599229,0.0930913239717483,0.0930985882878303,0.0930951684713363,-0.0880693197250366,-0.0916451066732406,-0.0930953919887542,0.0930887907743454,-0.0930995568633079,-0.0139934783801436,0.0893310233950614,-0.0930904373526573,0.0920131802558898,0.0265952069312334,0.0927173644304275,-0.0719582363963127,0.0930415913462638,-0.0931004583835601,0.0931004583835601,-0.0636235401034355,-0.0861932262778282,-0.0930982828140258,-0.0930995941162109,0.0928144827485084,0.0931004434823989,0.0931004360318183,0.0931002870202064,0.0931004583835601,0.0931004285812377,0.0929108634591102,-0.0931004583835601,0.0931003987789154,-0.0861158743500709,0.0326499417424202,-0.0925273150205612,0.0897459983825683,-0.0930812656879425,0.0931004583835601,0.0931004583835601,-0.0931004583835601,-0.0929401442408561,0.0539053045213222,-0.0931004583835601,0.0916876494884491,-0.0931004583835601,0.0927729159593582,0.0716601908206939,-0.0931003466248512,-0.0930867344141006,-0.0931004583835601,-0.0930999964475631,-0.093097411096096,0.0931003987789154,-0.0931000784039497,0.0930491387844085,0.091990903019905,0.09309983253479,0.0857909023761749,-0.0931004211306572,-0.0931003913283348,0.0912975445389747,0.0930995345115661,0.0930994749069213,0.0930904299020767,0.093096874654293,0.0931004583835601,-0.0931004583835601,0.0930929630994796,0.0483940131962299,0.0930979177355766,0.0931004583835601,0.0930929258465766,0.0930329486727714,-0.093087114393711,0.0912180840969085,-0.0931004509329795,0.0732509866356849,0.0898211002349853,-0.0930764302611351,0.0931004285812377,-0.08244139701128,0.092226929962635,-0.0931004434823989,0.0930261686444282,0.0523232668638229,0.0909591168165206,0.0931004583835601,0.0916189476847648,-0.0855552703142166,-0.0930961221456527,-0.0931004583835601,0.0931004211306572,-0.0685492232441902,GTYFDGYGRFJTKJ-DTWKUNHWSA-N,N[C@@H]1C[C@H]1c1ccc(F)cc1
-0.0797317028045654,-0.0962305814027786,0.0962294116616249,0.0962307602167129,0.0729349628090858,0.0958279445767402,-0.094179555773735,-0.0939162895083427,0.0947531834244728,-0.0962140038609504,0.0962038189172744,-0.0952045917510986,-0.0925976783037185,0.0962307155132293,-0.0915659889578819,0.0884765461087226,0.0838734582066536,-0.0936091169714927,0.0962187051773071,0.0962306857109069,0.0947983562946319,-0.0953850373625755,-0.0961626768112182,0.0511987581849098,-0.0934660881757736,0.0962246134877204,-0.0949643328785896,-0.0959871485829353,-0.0842975303530693,0.0962117239832878,0.0791783779859542,0.0946877524256706,-0.0946021825075149,-0.091976374387741,-0.0038677838165313,-0.0961940512061119,0.0951826050877571,0.0959879830479621,0.0962126478552818,-0.0962095409631729,0.0962214544415474,0.0182696543633937,-0.0700545236468315,0.0703343600034713,0.0962303653359413,-0.0388635769486427,-0.0947494283318519,0.0962306410074234,-0.0946273729205131,-0.0959909856319427,0.0962298065423965,0.0961751714348793,-0.0962231829762458,0.0954343006014823,-0.0958781838417053,0.092725820839405,-0.0886533856391906,-0.0960115790367126,-0.0955582857131958,0.0958114266395568,0.0935884714126586,-0.0941827893257141,-0.0063910475000739,-0.0888962149620056,0.0741118937730789,-0.0769364759325981,-0.0952986255288124,0.092618204653263,0.0962302684783935,0.0946509689092636,-0.0892207399010658,0.0962303951382637,0.0783555060625076,-0.0960771143436431,-0.0880503430962562,0.0906975492835044,0.0830033421516418,0.0962303504347801,-0.0962241739034652,-0.0544327199459075,-0.0848760828375816,-0.0961944386363029,-0.0515490882098674,-0.0757184475660324,-0.0962279811501503,0.0962303504347801,0.0440171770751476,0.0958850756287574,-0.0938580185174942,-0.0658548921346664,0.094413548707962,-0.094128668308258,0.0962036475539207,0.0930515751242637,-0.0957548320293426,-0.0774690881371498,-0.0962043553590774,-0.0960068479180336,-0.0962293744087219,0.0962225645780563,0.0798764005303382,0.0603174045681953,-0.0962307229638099,0.0273258965462446,0.0167501550167799,0.0962303727865219,-0.0957418084144592,-0.0958006903529167,0.0962116792798042,-0.0956125929951667,0.0961025431752204,-0.0243893433362245,-0.0936096683144569,-0.0962298586964607,-0.0958198681473732,-0.0961742773652076,0.0675973445177078,-0.0864093154668808,-0.0703916996717453,0.0961915478110313,-0.0951044782996177,0.095454066991806,0.0850003883242607,0.0949719324707984,0.0856378600001335,-0.0807510614395141,0.0958401709794998,-0.0961827039718627,-0.0541695356369018,-0.0954447612166404,-0.098362997174263,-0.0656448528170585,0.0298242475837469,-0.0847761929035186,-0.0931810066103935,-0.0983998030424118,0.0983974188566207,-0.0983801037073135,0.0947332978248596,0.0936880856752395,-0.0983910337090492,-0.0970214679837226,-0.0984071344137191,-0.0981897786259651,0.0982333347201347,-0.0936329513788223,-0.0984070152044296,-0.0983358398079872,-0.0662175118923187,-0.098339557647705,-0.098165825009346,0.0932701826095581,0.0911934301257133,0.0878302529454231,0.098279096186161,0.0983920395374298,-0.0984066128730773,-0.0797038599848747,0.0026346603408455,-0.0965549424290657,-0.0978992506861686,0.0962343662977218,0.0973149985074997,0.0981375724077224,0.0597590804100036,-0.0984072610735893,-0.0973454043269157,0.0982549414038658,-0.0983535647392273,-0.0964591279625892,0.0977894067764282,-0.0983546152710914,-0.0223034229129552,-0.050212699919939,0.0983900427818298,-0.0783376917243003,-0.098379947245121,-0.0846179276704788,0.0982829704880714,-0.0984071791172027,0.0654481649398803,-0.0984071493148803,-0.0382361933588981,-0.0983578860759735,0.0983976125717163,-0.0984071120619773,0.0973519906401634,-0.0975466072559356,-0.0984070897102356,-0.0980968177318573,-0.0982828736305236,0.0654439777135849,0.0984071120619773,-0.0784584507346153,-0.0596429258584976,-0.0983833819627761,-0.0962902829051017,-0.0983739495277404,0.0240998174995183,-0.0984072387218475,-0.0983462631702423,-0.0983366817235946,-0.0983095467090606,-0.0961522608995437,0.0862470120191574,0.0983921214938163,-0.0921257138252258,-0.097876600921154,-0.0711570158600807,0.0984072536230087,0.008729844354093,-0.0655386671423912,-0.0974582657217979,-0.0980752110481262,-0.0978051349520683,0.098404511809349,0.0982502847909927,0.0835140272974968,-0.0528037771582603,0.0980671569705009,0.0979183167219162,0.0984072610735893,-0.0962580516934394,-0.0057408194988965,0.0640431717038154,-0.0493816435337066,-0.098405472934246,-0.0960171297192573,0.0684338733553886,0.0984023362398147,0.0679864361882209,-0.0956143140792846,0.0383981056511402,0.0884409397840499,-0.0981631129980087,0.0983792170882225,-0.0983714312314987,0.0952581912279129,-0.0984042957425117,0.0974284261465072,-0.0984044224023819,0.0860177055001258,-0.0975481867790222,0.0499197952449321,-0.0766290798783302,0.0983648300170898,-0.0116233015432953,-0.0847029536962509,0.0752830579876899,-0.0376423969864845,-0.0982342660427093,-0.095669962465763,0.098263680934906,-0.0984047874808311,-0.0852142721414566,-0.0972579196095466,0.0504680126905441,-0.0959853455424308,0.0864502936601638,-0.0961761400103569,0.0963957384228706,-0.0963964015245437,-0.096278540790081,-0.0963959619402885,0.0429202429950237,0.0941033735871315,-0.0871055126190185,0.0805242210626602,0.0963650420308113,-0.0963606983423233,0.0953353196382522,0.0910109505057334,-0.0629690065979957,0.094168946146965,-0.065510906279087,0.0963961854577064,-0.0963956415653228,-0.0963961109519004,0.0961538031697273,0.0896914154291153,0.0866515412926673,0.0963599979877471,0.0963961854577064,0.0897112265229225,-0.090033896267414,0.0731067433953285,0.096390277147293,0.0913904756307601,0.0861394628882408,-0.0963963419198989,-0.0963449627161026,-0.0963925719261169,0.0605047494173049,-0.0924841165542602,-0.0920550599694252,-0.0959624797105789,-0.0532463304698467,0.0960545018315315,-0.0719985365867614,0.0444044359028339,0.0963585525751113,0.0902746170759201,0.0929851159453392,-0.0963947623968124,0.0963704958558082,-0.0087132202461361,0.0954677611589431,0.0963946804404258,-0.0917468816041946,-0.0963964015245437,-0.095046080648899,-0.0963685661554336,0.096395194530487,-0.0963963940739631,0.0698814168572425,0.0957829356193542,-0.0960645005106926,0.0933808460831642,0.0963951051235199,-0.0703347995877265,0.0857233628630638,0.0918271169066429,-0.0851272866129875,0.0908178612589836,0.0792916193604469,0.0963960140943527,-0.0942226648330688,-0.0963964015245437,0.0431819409132003,0.0963963791728019,0.0268324203789234,-0.0963959321379661,-0.0963962897658348,-0.0908604934811592,-0.0962641239166259,-0.0951604396104812,-0.0963668599724769,0.0962692648172378,-0.0938067883253097,0.0961879119277,0.0963849350810051,0.0931698679924011,0.0963962376117706,-0.0917458161711692,-0.0762684568762779,0.0963961854577064,0.0963957607746124,-0.0010514537570998,0.0963886603713035,-0.0963542163372039,0.0872642248868942,0.0874428823590278,-0.0861233323812484,0.094372421503067,-0.096300296485424,-0.0959557592868805,0.0960873216390609,0.0963961631059646,0.0963494852185249,-0.0959698110818862,0.0963963568210601,-0.0329381935298442,-0.0963892713189125,-0.0962359681725502,-0.0963963940739631,0.0824774652719497,-0.0953330844640731,0.0027464926242828,0.0963803231716156,-0.0963880345225334,0.0963576287031173,0.0222704745829105,-0.0963936001062393,0.0963876694440841,0.0830705910921096,0.0963756144046783,-0.0889868140220642,-0.0727287828922271,0.0940600931644439,-0.0963963791728019,-0.0963959395885467,-0.0616862252354621,0.0483260937035083,0.0963926613330841,0.1161693036556243,-0.0294390488415956,-0.0472368858754634,0.0285318102687597,0.1321305930614471,-0.0256741177290678,-0.0488663725554943,0.0975880399346351,0.0797164812684059,-0.0742144659161567,0.0665485709905624,0.1413567513227462,0.1138754934072494,-0.0781020149588584,0.0129761015996336,-0.0642478987574577,-0.1620974838733673,-0.0992821678519249,0.1465876698493957,-0.0909080877900123,-0.0442471355199813,0.1765877902507782,-0.0616989433765411,-0.0369862616062164,0.0312288720160722,0.0518226213753223,-0.1425968557596206,0.0799458622932434,-0.0678379163146019,0.0221935883164405,-0.0114959925413131,0.1376921385526657,-0.033729713410139,-0.0366514697670936,-0.0440167263150215,0.0840929597616195,0.0671910420060157,0.0496267527341842,0.1598178893327713,-0.0532382540404796,-0.0073555274866521,0.0767227336764335,0.1626701205968856,0.1290506720542907,-0.0138297360390424,0.0890139862895011,-0.0942801162600517,-0.0414268225431442,-0.01472108066082,0.0986872538924217,-0.0190309211611747,-0.1099216043949127,0.1741517335176468,0.0675952956080436,-0.0231007691472768,0.0601929500699043,-0.1150564700365066,0.1371207982301712,0.0172178875654935,0.1343073844909668,-0.1311506927013397,-0.0072280680760741,0.0783025920391082,-0.0906604826450347,0.0581490732729435,0.0649379640817642,-0.114936776459217,0.0408659987151622,-0.0927302688360214,-0.0318826958537101,0.04706796631217,-0.0391443148255348,0.0353783443570137,-0.0674347952008247,-0.0360402390360832,0.043905459344387,0.1443507224321365,-0.0030074194073677,0.0904472693800926,-0.1123391762375831,-0.130101129412651,-0.0349961966276168,-0.1529680490493774,-0.171215146780014,0.0785713717341423,0.1427187621593475,0.1208440959453582,0.1697892844676971,-0.0655398890376091,0.1190522313117981,0.0440711639821529,-0.0576944462954998,-0.0027012845966964,0.0220496486872434,0.0821409821510315,-0.1420782804489135,0.0917017385363578,-0.1441860795021057,0.0411550179123878,0.0247059538960456,0.0457168743014335,0.0090266028419137,0.1586762070655822,-0.0800796374678611,-0.0370598286390304,-0.016913628205657,-0.0173055082559585,-0.0513303838670253,0.1254575699567794,0.0488542281091213,-0.1189419850707054,0.1456906050443649,-0.0213063731789588,0.040207602083683,-0.1020009741187095,0.0327757038176059,0.0003659718786366,0.0433425642549991,0.050913717597723,-0.0679470598697662,-0.0713009908795356,-0.0557957962155342,-0.0067333043552935,-0.0790303871035575,-0.0269649531692266,-0.0226691458374261,0.1437661200761795,0.1232400089502334,0.0088087758049368,0.0982903987169265,0.1445420235395431,-0.0736906453967094,0.1009926423430442,0.0704165920615196,0.1242133155465126,-0.0372612662613391,0.117610827088356,-0.0895511507987976,-0.028977109119296,0.0037388494238257,0.0869433283805847,0.1315947026014328,0.0813004747033119,0.0779560804367065,0.0590781047940254,-0.1331063956022262,0.1080610230565071,0.0273578278720378,-0.0521989278495311,0.0272764060646295,-0.0224648267030715,0.1165311634540557,-0.1452395617961883,0.0898461639881134,-0.1106568053364753,0.1090434864163398,-0.1341720521450042,0.0727005749940872,0.1459400653839111,-0.0385245978832244,0.041769616305828,-0.0737967640161514,-0.1524047702550888,0.0850000008940696,0.1172710061073303,-0.0371492132544517,0.1118078231811523,0.028017608448863,-0.1067160591483116,0.0329334549605846,-0.1292378306388855,0.0016836256254464,0.0602347403764724,0.0971117168664932,-0.0574421696364879,-0.0160067845135927,-0.1500521153211593,-0.062831662595272,0.0453697107732296,0.0009733620099723,0.1363763064146042,-0.1118833348155021,0.0326698347926139,0.0339957065880298,-0.070297434926033,0.0006424282910302,0.1525068432092666,0.0426211729645729,-0.1215741708874702,0.0994932204484939,0.0483032651245594,0.1277741193771362,-0.026358475908637,0.1052398681640625,0.0897582918405532,0.0453563258051872,-0.0292862877249717,-0.0774781927466392,0.1097354218363761,-0.0638323426246643,-0.0296310149133205,0.0798812732100486,0.0820428431034088,-0.139906495809555,0.0210329368710517,-0.0348683185875415,-0.0967157259583473,-0.131623089313507,0.1282692104578018,-0.0807317420840263,-0.1421083956956863,0.1470728814601898,-0.1110957711935043,0.1030626073479652,-0.0663349777460098,-0.0708188712596893,-0.0182145796716213,0.1609328240156173,-0.0839074775576591,-0.0414495207369327,-0.1645381450653076,0.0618389025330543,0.1626636832952499,0.010833540931344,0.1233598589897155,0.0545826442539691,-0.0090798251330852,0.0279875826090574,0.022961201146245,0.0090617546811699,-0.1030638292431831,0.0154100330546498,0.0116919530555605,0.0883610993623733,0.0309754330664873,0.0561781227588653,-0.1063967049121856,-0.0248513687402009,-0.1229962557554245,0.0408918932080268,0.0993565171957016,-0.0940314382314682,0.0126269748434424,-0.0702967941761016,0.1380965411663055,0.0010823786724358,0.105415366590023,-0.0230786092579364,-0.1318273693323135,-0.0414039865136146,0.026591807603836,0.0306685529649257,-0.1080941036343574,-0.1218655630946159,-0.065562255680561,-0.0150920450687408,-0.013265679590404,-0.0861826390027999,0.1223114728927612,0.0396168380975723,-0.1222526282072067,-0.1052092611789703,0.0847106724977493,0.1045027300715446,0.1137190833687782,0.0354885086417198,-0.0687343776226043,-0.036491971462965,0.0793395936489105,0.0486800670623779,-0.1087874174118042,0.024826256558299,0.0136889889836311,-0.1305479556322097,-0.1330510973930359,0.136752039194107,-0.1230507344007492,0.0335280001163482,-0.0963924005627632,-0.0734404250979423,-0.0159578584134578,-0.029829541221261,0.0875084921717643,-0.0880940854549408,-0.011790364049375,-0.0752160176634788,-0.1349421888589859,0.0253333281725645,-0.0977492928504943,0.0937806293368339,0.0965428128838539,0.0611483678221702,0.1254725605249405,0.0946351736783981,0.0959559679031372,-0.105440616607666,-0.0538518838584423,-0.1135186851024627,0.0507379621267318,-0.0915386900305748,0.0704266056418418,-0.041161473840475,0.0165616925805807,0.0379003696143627,-0.0615099780261516,0.095619261264801,-0.0008739106124266,0.1292628049850464,-0.1301725953817367,0.1368284374475479,-0.0151274064555764,-0.0738710910081863,-0.0526094362139701,-0.0792995244264602,0.0883766412734985,0.1219354420900344,0.1088393256068229,0.1191577985882759,0.1217293292284011,0.1065130308270454,0.0665778443217277,-0.1332249492406845,0.0595953091979026,-0.0408288165926933,0.0489072650671005,-0.0720395892858505,-0.0260040257126092,-0.0750994905829429,0.1344139575958252,0.1225409880280494,-0.1287447214126587,-0.0503804869949817,-0.0616217628121376,-0.1349852234125137,0.1057905927300453,-0.1201424896717071,0.1017295271158218,0.047974620014429,-0.0865513384342193,-0.0932109057903289,-0.1318503022193908,-0.129854530096054,-0.0716634094715118,0.1005798354744911,-0.1302553713321685,0.0910241678357124,0.0688022300601005,0.1106621623039245,0.0441432856023311,-0.1091828718781471,-0.0876057893037796,-0.015446925535798,0.0043472344987094,0.1128320321440696,0.0116056902334094,0.1211279854178428,0.1194926500320434,-0.1313330382108688,0.0552778542041778,-0.0074786390177905,0.1227042824029922,0.1213364377617836,0.0881900638341903,0.0009230796131305,0.0144742429256439,0.0045735645107924,-0.0835429653525352,0.0424122884869575,0.0347198136150836,0.0007498922059312,0.1084066852927208,-0.0163864456117153,0.0520442724227905,-0.1220979019999504,0.0919255763292312,0.067087784409523,0.039843276143074,0.112975962460041,0.1059992536902427,0.0539039932191371,-0.0384872965514659,-0.1339959055185318,0.1080669462680816,0.0498306117951869,STIRJTZFRKEHMZ-UHFFFAOYSA-N,NCCc1nc(-c2ccccn2)cs1
-0.0994429662823677,-0.1037878543138504,-0.1037935316562652,-0.1027363091707229,-0.0726487934589386,0.0821966975927352,-0.0151955857872962,-0.0184803139418363,-0.1002832129597663,0.0914928093552589,0.0895785391330719,0.099358819425106,-0.0194957703351974,-0.1032217592000961,-0.1015383750200271,-0.0968855321407318,0.1006232947111129,-0.1037815883755683,-0.0840571522712707,-0.1011928617954254,0.1036470904946327,-0.1015206053853035,0.0553891733288764,0.0617234483361244,-0.0415575318038463,0.1036736741662025,0.1015717983245849,0.0765598863363266,0.0935293510556221,-0.1037786528468132,0.1037546619772911,0.0778219550848007,-0.1026048064231872,0.0780807137489318,0.0917020961642265,-0.1013365164399147,-0.0788057222962379,0.1033989265561103,-0.1037933155894279,0.0909599512815475,-0.0301261413842439,-0.1037936136126518,0.1037936061620712,0.1032545939087867,-0.0104942079633474,0.0081498064100742,0.0504788383841514,0.1017724424600601,-0.1037926077842712,0.0368010662496089,-0.1037935838103294,-0.031266015022993,0.1037936061620712,0.1036620289087295,0.1036290302872657,0.093993917107582,-0.1037469953298568,0.103541113436222,-0.1037269458174705,0.0841690599918365,0.0213587787002325,0.0612988695502281,0.1033315435051918,0.103790059685707,-0.1036322936415672,0.1036451160907745,0.0098054558038711,0.0810964480042457,-0.1032218784093856,0.103629469871521,0.0786608904600143,-0.1037911623716354,-0.092845045030117,0.1035508066415786,0.0069142538122832,-0.1025222688913345,0.000878203776665,-0.0988763272762298,0.0986316427588462,0.1036632359027862,-0.1037483438849449,-0.0906027480959892,-0.0235274527221918,-0.0089481025934219,0.07259351760149,-0.1037929058074951,0.0619790405035018,-0.1037341952323913,0.1037714108824729,-0.1033330634236335,0.0141185196116566,-0.006087583489716,0.1037428304553031,0.0766017287969589,0.1037936210632324,0.0933373942971229,-0.1035016104578971,0.1037923991680145,-0.1026121005415916,-0.0445011258125305,0.0690629184246063,-0.0999786257743835,0.0938367471098899,-0.1030472069978714,0.1033967137336731,-0.0749206393957138,-0.1036997362971305,0.0846418142318725,-0.0582812465727329,-0.067790612578392,0.1032904535531997,-0.1027900427579879,0.099571868777275,0.1037910506129264,0.0702572613954544,-0.1033441200852394,-0.1026547029614448,0.0997653976082801,-0.1037283018231391,-0.0145099749788641,0.1036086753010749,0.0911722257733345,0.0182168576866388,-0.1007326170802116,-0.093828946352005,-0.0873269215226173,0.0949322655797004,-0.1036357656121254,-0.0952066779136657,-0.0950916111469268,-0.0944171845912933,0.0854304730892181,-0.0262358114123344,0.0952000245451927,-0.0940288454294204,0.09497881680727,-0.0922446250915527,-0.0802362039685249,-0.0952066630125045,-0.0951447710394859,0.0828449800610542,0.0951987132430076,0.0951267406344413,0.0951594933867454,0.0925686061382293,-0.0952047929167747,0.0877325758337974,0.0952067226171493,0.0893772169947624,0.0948782712221145,0.0637311935424804,0.0952067375183105,0.0951112732291221,0.0520601756870746,-0.0787910148501396,-0.0947375372052192,0.0948137193918228,0.0942092016339302,-0.0952054187655448,0.0952066481113433,0.0952067077159881,0.0937487930059433,-0.0811992883682251,-0.0952066108584404,0.0952064171433448,0.00989849306643,0.0552245080471038,0.0952067226171493,0.0949538871645927,-0.0951982513070106,0.091290146112442,-0.095161996781826,-0.0948100909590721,0.0941091105341911,0.0893707573413848,0.0823652893304824,0.0952066555619239,0.0924024730920791,0.0758979469537735,0.0952063873410224,0.0785114392638206,0.0952067375183105,-0.0802696719765663,-0.0781097337603569,0.0951910391449928,0.0948347151279449,0.0948546752333641,0.0952067375183105,0.0949050188064575,-0.0764114931225776,0.0925636366009712,0.0933927446603775,0.0730823278427124,-0.0937873795628547,0.0952059030532836,0.095011681318283,-0.0952067375183105,-0.0792895779013633,0.0781245976686477,-0.0951855108141899,-0.09168591350317,0.0952067375183105,-0.0951775982975959,0.0952065363526344,0.0708458647131919,0.0493102595210075,0.0948171764612197,-0.0948868840932846,-0.0908022746443748,0.0918945297598838,-0.0944559872150421,0.0947982743382453,-0.0952057614922523,0.0951923206448555,0.0935157537460327,-0.0886723920702934,-0.0917287170886993,-0.0948367416858673,0.0941144227981567,-0.0936636254191398,-0.0898261442780494,-0.0952006578445434,0.0607031807303428,0.0833986476063728,0.0951227098703384,0.0951932147145271,-0.0952029898762703,0.0942916795611381,-0.0849196538329124,-0.094662956893444,-0.0808896124362945,0.0950245559215545,0.0952061787247657,-0.0193537157028913,0.0945781916379928,-0.0951388850808143,0.0949795767664909,-0.0483716465532779,0.0922695621848106,-0.0950063839554786,0.093183122575283,-0.0952065140008926,-0.0293470174074172,-0.0950251817703247,0.0827818214893341,-0.0949321538209915,0.0952011048793792,-0.0949203893542289,-0.0683965384960174,-0.0941419303417205,0.0934311300516128,0.0198499057441949,-0.0944501459598541,0.0952067375183105,0.095205470919609,0.0290542170405387,0.0950128212571144,0.09503635764122,-0.0941768661141395,0.0950248315930366,-0.0950372517108917,0.0950366705656051,0.0947598367929458,-0.0950370728969574,-0.0950263440608978,0.0816004201769828,0.0949366837739944,-0.0949841067194938,0.0938662439584732,0.0950240194797515,-0.0930002257227897,0.0949665084481239,-0.0950372442603111,0.0950370281934738,-0.0950361862778663,0.0719097927212715,-0.0948546007275581,-0.0936995223164558,-0.0950372442603111,-0.0824616551399231,0.09443299472332,-0.0948172137141227,-0.0950369834899902,-0.0047482466325163,-0.0833049193024635,0.0950015187263488,-0.0950372442603111,0.0927853435277938,-0.0950369909405708,-0.0935202538967132,-0.0950201302766799,0.0705910548567771,0.0155660770833492,0.0950169265270233,0.0950171202421188,0.0895501971244812,-0.0810251533985138,0.032751765102148,0.095031164586544,-0.0943163260817527,-0.0950371474027633,0.0950042754411697,-0.0949939638376236,0.0196332558989524,-0.0947976782917976,0.0943291708827018,0.094665341079235,-0.0932512208819389,0.0254749301820993,0.0950182378292083,0.0851904228329658,-0.0950219705700874,0.0950352549552917,0.0950372144579887,-0.0907029211521148,0.0949783027172088,0.0950372517108917,0.0950145423412323,-0.094990961253643,0.0936299487948417,0.0944976136088371,0.0939738005399704,0.0898818671703338,-0.095036007463932,-0.0380964614450931,0.0943732932209968,0.0010007699020206,0.0950372517108917,0.0944393724203109,-0.0950344055891037,0.0950317531824112,0.0906689092516899,0.0950371921062469,0.0710761994123458,0.0950371921062469,-0.0521489940583705,0.0879982039332389,-0.095029778778553,-0.0633914247155189,0.0549783110618591,0.0949302911758422,0.0950371921062469,0.0950369834899902,0.0945723429322242,0.0941866636276245,0.0950079038739204,-0.0950371921062469,-0.0950352549552917,0.0416801907122135,0.0819081142544746,-0.0950365886092186,0.0949953943490982,-0.0876176282763481,-0.0936963185667991,-0.0949832126498222,0.0759612396359443,0.0944088175892829,-0.0950343832373619,0.0949667096138,0.0915406122803688,-0.0949300900101661,-0.0913549065589904,0.0795704498887062,0.0950372517108917,-0.0945363491773605,-0.0937271490693092,-0.0066165653988718,-0.0950015783309936,-0.0880076959729194,0.093437872827053,-0.0880625769495964,0.0950369760394096,-0.065700739622116,0.0950369834899902,-0.0948834642767906,-0.0078802844509482,0.0928861871361732,0.0950322747230529,-0.094990000128746,0.0950367674231529,0.0950365290045738,0.0801296979188919,0.0943728983402252,0.095036081969738,0.0896203592419624,-0.0868868082761764,-0.0865275040268898,-0.0895687639713287,0.0896023139357566,0.089620716869831,-0.0896201506257057,-0.0894843935966491,-0.0896209776401519,-0.0896200165152549,-0.0896206125617027,0.0896109417080879,0.0894101038575172,0.0896220207214355,0.089621715247631,-0.0896220207214355,-0.0501791574060916,0.0896220579743385,-0.0896218866109848,0.0896219685673713,0.0891808792948722,0.0896172970533371,-0.0896211713552475,-0.0896220654249191,-0.0896220579743385,0.0896209254860878,-0.0894351750612258,0.0896220654249191,0.0896220654249191,-0.0894540399312973,0.0894553363323211,-0.0896208882331848,0.0895276069641113,0.0896219983696937,-0.0882100388407707,0.0895909145474433,0.0895388051867485,-0.0893654152750969,-0.0896219909191131,0.08961983025074,0.0896219238638877,0.0861729085445404,0.0894273743033409,0.0874531418085098,0.0887678191065788,0.0896220579743385,0.0896165668964386,0.0896220356225967,0.0896066576242446,-0.0895398780703544,-0.0888728573918342,0.0896188989281654,-0.0896220579743385,0.0896220654249191,-0.078570619225502,0.0896184518933296,-0.0896219164133071,0.0896220505237579,-0.0896219909191131,-0.0895490571856498,-0.0848561078310012,0.0896096527576446,-0.0896172523498535,0.0893457978963851,0.0896220654249191,-0.0885928869247436,-0.089606374502182,0.0827998891472816,0.0896154940128326,0.0843341425061225,-0.0896216407418251,0.0896216556429863,0.0894021317362785,0.0896190404891967,-0.0896220356225967,0.0896219834685325,0.0896220654249191,0.0814659222960472,-0.0896055623888969,0.0895687565207481,0.0896220654249191,-0.0871313363313674,-0.0884162485599517,-0.0896086916327476,-0.0896101966500282,0.0896188393235206,0.0881781354546547,-0.0896220579743385,-0.0011759785702452,0.0891871005296707,0.0888383463025093,0.0896185711026191,-0.0896215513348579,-0.0895225331187248,0.0895281806588172,0.0896220579743385,0.0896133929491043,0.0894851610064506,0.0894730985164642,0.0896219387650489,-0.0894990041851997,0.0891679674386978,-0.0754027962684631,-0.089612640440464,0.0896196663379669,0.0892690420150756,-0.0896220579743385,0.0896220356225967,0.0896184593439102,0.0895652249455452,-0.0896198228001594,0.08962182700634,0.0852516889572143,-0.089471586048603,-0.0896219462156295,0.0896172821521759,0.0896175652742385,0.089611142873764,-0.0896220654249191,-0.0896220654249191,0.0895899534225463,-0.0895849242806434,-0.089349016547203,0.0866460874676704,0.0896160006523132,0.0896213576197624,0.0896204859018325,-0.089621901512146,-0.0657226517796516,0.0180551763623952,0.1382705122232437,0.0011279478203505,0.1220532730221748,0.1146605387330055,0.1273062378168106,-0.0286406110972166,-0.0063613411039114,0.0999062210321426,0.0600984506309032,0.1371764242649078,0.1413879543542862,-0.0189738515764474,0.1318733543157577,-0.1225277706980705,-0.081318974494934,0.1064300909638404,-0.1234936043620109,0.0759634226560592,-0.0372763015329837,-0.0326282642781734,-0.007983929477632,0.0739458575844764,0.0207112729549407,-0.0355534069240093,-0.1477665901184082,0.138816088438034,0.060830894857645,0.1152842342853546,0.0651659816503524,-0.103113517165184,0.1200215741991996,-0.0860016122460365,0.0984964817762374,-0.0309636648744344,0.0856778770685195,-0.1365348398685455,0.0788445323705673,-0.0804469063878059,0.0317548736929893,-0.1107438281178474,-0.1323511302471161,-0.1356209814548492,0.1409932225942611,0.1524574011564254,-0.1079649105668068,-0.0554673112928867,-0.0851660892367363,-0.0072851763106882,-0.0295847821980714,0.0099552441388368,0.0409686490893363,-0.0409493595361709,-0.0011543972650542,-0.1076216697692871,-0.0322839505970478,0.0688238367438316,0.0751795694231987,-0.1243761181831359,-0.0251011904329061,0.1001550331711769,-0.1553234606981277,-0.0661050528287887,-0.0381504260003566,-0.001645965850912,-0.07190902531147,0.0677372962236404,-0.0401782281696796,0.05128825455904,-0.0448726713657379,-0.0936242491006851,-0.1266535520553589,-0.105732224881649,0.1296597272157669,0.0576375089585781,-0.0187917668372392,0.0186319407075643,0.1249368861317634,0.1140990257263183,0.1143584847450256,0.0237664226442575,-0.0913158282637596,0.1480070501565933,0.1343951225280761,-0.0421954356133937,0.028524674475193,-0.0306493230164051,-0.1224474012851715,-0.0988871604204177,0.0274568330496549,0.1121261045336723,-0.1311884969472885,-0.1291904896497726,0.1542722731828689,-0.0491130948066711,0.0626574158668518,-0.0122427316382527,-0.026254553347826,0.0375960581004619,0.06850366294384,0.0282341223210096,0.1009497940540313,0.091634102165699,0.0275260619819164,-0.0691119953989982,0.1277299374341964,0.0131663726642727,0.0048987767659127,0.0281102713197469,-0.0405593663454055,-0.0219278689473867,0.1514222472906112,-0.0958128273487091,-0.0410486795008182,0.1223210394382476,0.0503251366317272,-0.1017846539616584,-0.0434313490986824,0.1056659147143364,-0.1262215077877044,-0.1407237201929092,-0.0601743943989276,0.0513962656259536,-0.1176622658967971,0.0653438717126846,0.0154576590284705,0.0030533832032233,0.1048938110470771,-0.0293716248124837,-0.0483964420855045,0.0156798865646123,0.1886966079473495,-0.1071807891130447,0.0146504919975996,-0.0441953875124454,-0.0098894229158759,0.0759550184011459,-0.0791178494691848,0.0680518448352813,0.0041243392042815,-0.0247008521109819,0.189124584197998,0.0086607271805405,0.0189640615135431,-0.0359278544783592,0.0659880340099334,-0.1907139122486114,0.141713872551918,-0.1247929781675338,0.0097167585045099,0.0733015984296798,-0.0327796451747417,-0.0057665491476655,0.0598830431699752,-0.1340101361274719,-0.1551319360733032,-0.1607311367988586,-0.0533264391124248,0.0083073806017637,0.171929582953453,-0.0282279532402753,-0.1575140506029129,-0.0813141837716102,-0.0247265826910734,-0.0755030140280723,0.0293063670396804,-0.1036244630813598,0.086000420153141,0.1613058894872665,-0.0012964369961991,-0.1664988845586776,-0.0253352094441652,0.0129623413085937,-0.0977632999420166,-0.0268774386495351,-0.013849283568561,-0.0305311661213636,-0.0549032054841518,0.0881825536489486,-0.054895345121622,0.0297509301453828,-0.1086853593587875,0.102529838681221,0.0400638952851295,-0.170961782336235,-0.0017029590671882,0.0114989383146166,-0.0160101633518934,0.0567288771271705,-0.0323750488460063,0.0903845801949501,0.1953737586736679,0.0046898466534912,-0.0729692280292511,-0.1254549771547317,0.0772694647312164,0.1220184043049812,-0.0855950862169265,0.0063273040577769,0.0022651883773505,-0.0169048625975847,-0.1203026324510574,0.0100529603660106,-0.0864222869277,-0.0232325457036495,-0.0344905331730842,-0.0570694245398044,-0.0510697327554225,-0.0539297796785831,0.0689750909805297,0.1464609503746032,0.0552783980965614,0.0615151785314083,-0.1405982673168182,0.0452637001872062,0.11211609095335,0.0123844658955931,0.0085190422832965,-0.0642946735024452,-0.0938786417245864,0.0169962290674448,-0.1616463512182235,0.070618025958538,0.1229000762104988,0.1055944263935089,0.0004150342720095,0.0020870373118668,-0.0127105023711919,-0.1389470249414444,-0.0544656068086624,-0.047202818095684,-0.0208366252481937,0.1654633432626724,0.0418569184839725,-0.0484008230268955,0.0763541236519813,0.074477694928646,0.0121872154995799,-0.0190688818693161,0.1241087317466735,-0.0859588012099266,-0.0323622226715087,0.1316947042942047,0.0076056611724197,-0.1270374953746795,0.0064973798580467,-0.155251145362854,0.0531443767249584,0.149248406291008,-0.0491207130253315,-0.0968993827700614,-0.1009185463190078,0.1255217790603637,0.1151759028434753,-0.075461745262146,NIGRWIANUIDBDG-UHFFFAOYSA-N,O=C(O)c1cn(C2CC2)c2cc(N3CCN(c4ncccn4)CC3)c(F)cc2c1=O
0.1040503680706024,0.1020583286881446,-0.0739342048764228,0.0914445295929908,0.1041831150650978,0.1040645241737365,-0.1041853353381156,0.0655263438820838,0.0926344916224479,-0.1032706573605537,0.0861308574676513,-0.098510667681694,0.0891988202929496,-0.104012131690979,-0.0355974435806274,-0.1041858121752739,-0.1041851565241813,0.0867594182491302,0.1038982644677162,-0.0998900085687637,-0.0300227925181388,-0.1037681624293327,-0.1005949005484581,0.1040572747588157,0.0588818863034248,0.1041858121752739,0.1040690094232559,0.0917978659272193,0.1041617393493652,0.102520115673542,0.0524436309933662,-0.1032012924551963,0.0918396115303039,-0.1022825613617897,0.0180448871105909,0.1038214936852455,0.0656352266669273,-0.1041857674717903,-0.0137556614354252,0.0872500240802764,0.0973482280969619,-0.0859685987234115,-0.1040999516844749,0.1040908843278884,-0.1041788607835769,0.0114913517609238,-0.1041481643915176,-0.1017646640539169,0.0042926738969981,0.1025555804371833,-0.0079864282160997,-0.0953063741326332,0.0529357083141803,-0.1029272079467773,-0.1041221693158149,-0.084019161760807,0.101174347102642,0.1020939126610755,-0.0420932136476039,0.0919157862663269,0.1041857972741127,0.0990462154150009,-0.0083146365359425,0.0309634506702423,-0.1040683835744857,0.1039002016186714,-0.1037691906094551,0.0833143442869186,-0.1011230424046516,-0.1040611639618873,0.1022142320871353,-0.0723592564463615,0.0746238529682159,0.09638112783432,-0.0472712591290473,0.1041853204369545,0.0965092778205871,0.0210264902561903,0.103848248720169,0.0124672586098313,0.1013865023851394,0.1041409596800804,0.0420188307762146,0.1038849204778671,0.1018345206975936,-0.0039972560480237,0.0456670746207237,-0.0835543051362037,-0.07416682690382,-0.0924549400806427,-0.1040923371911048,0.0978785678744316,0.0898359045386314,-0.0677806735038757,-0.103812962770462,-0.1009478420019149,-0.1041759848594665,0.104183629155159,0.1031849980354309,0.0202130544930696,-0.1040839776396751,0.0098219821229577,-0.0912062749266624,0.0154575118795037,0.1040423959493637,-0.0633998811244964,-0.0952783375978469,-0.1041411086916923,0.1034277975559234,0.0316238291561603,0.1041775345802307,0.0459570214152336,0.0818451717495918,-0.104150652885437,-0.1041031777858734,0.1040598526597023,0.0707361847162246,0.0168764498084783,0.0928404629230499,-0.104157343506813,-0.0904776006937027,0.0983021259307861,-0.0982951894402504,-0.1041857898235321,-0.0947328433394432,0.0934762507677078,-0.1011081710457801,-0.074688546359539,0.1087580919265747,0.1119829639792442,0.0559601075947284,-0.1085295751690864,-0.105979599058628,0.0705214142799377,-0.1027245745062828,0.1118540614843368,0.0133109372109174,0.0519755184650421,-0.0040958928875625,-0.09743482619524,0.1101202741265297,-0.1078133583068847,0.0179377011954784,0.1106574982404708,-0.1025763824582099,0.1116742417216301,0.1031891405582428,0.0090570701286196,-0.1112595126032829,0.0995267257094383,-0.0833792835474014,-0.1122164130210876,-0.1071701422333717,-0.060139175504446,-0.1100003123283386,0.0126022128388285,0.0925323069095611,-0.1118246689438819,0.0981742143630981,0.000553400197532,-0.1089514195919036,0.1088422462344169,0.0841051563620567,0.1020840406417846,-0.017580047249794,0.1054501011967659,-0.1086638942360878,-0.1049540489912033,0.004642607178539,-0.0917848572134971,0.0319427475333213,-0.0870510041713714,0.0058391722850501,0.0924228802323341,-0.1024225950241088,0.109748400747776,-0.064782902598381,0.1117714196443557,-0.1081175357103347,-0.0927595049142837,0.0517156682908535,-0.0952649265527725,0.0874228999018669,-0.061402291059494,0.0687557980418205,0.0733232125639915,-0.081120066344738,0.1073541417717933,-0.057460680603981,0.0739874169230461,-0.0181401018053293,-0.0961033627390861,0.0742827802896499,-0.0640653148293495,0.0031205161940306,0.1118469685316085,0.110406570136547,0.0828489959239959,-0.1067322343587875,-0.0440713949501514,-0.0890805199742317,-0.1044360995292663,-0.0951041057705879,0.0878310054540634,-0.0312002841383218,0.1092877835035324,0.0794874429702758,0.0908498093485832,-0.1119938716292381,-0.1109501868486404,0.1114381402730941,0.1099705547094345,0.0495572090148925,0.0905971974134445,0.0361418388783931,-0.110152468085289,0.0303516741842031,-0.0707694590091705,0.1042020171880722,0.0577653460204601,-0.1066042631864547,0.0159357674419879,0.0821885168552398,0.1091765165328979,0.0893705934286117,-0.1120902299880981,-0.0747149288654327,-0.0790885984897613,-0.0867634937167167,0.088321641087532,0.0665718466043472,-0.1116027981042862,0.1084028854966163,0.0361485853791236,0.0958470106124877,0.0922746509313583,0.0981587916612625,0.0380064025521278,0.1073114871978759,-0.0612267069518566,-0.0839463770389556,-0.10640549659729,0.1057170033454895,0.0502249673008918,-0.0835815146565437,-0.1116792857646942,0.083131805062294,0.11049585044384,-0.0221868678927421,-0.1056323647499084,0.1121075302362442,0.0606275126338005,-0.1095374599099159,-0.1121252998709678,0.1065011620521545,0.10557671636343,-0.1105967164039611,0.1100506037473678,0.0041202665306627,-0.0926349237561225,0.1050064638257026,0.1068543791770935,-0.1105894818902015,-0.0723799690604209,-0.1102110520005226,0.0818815976381301,-0.1077589765191078,0.0969766750931739,0.0371643416583538,0.1106029227375984,-0.1074396595358848,-0.1076039746403694,0.0815250054001808,-0.0952409878373146,-0.007556680124253,-0.0749958753585815,-0.080726645886898,-0.1014623641967773,-0.0457904003560543,0.1063172668218612,-0.1033456921577453,0.1018753349781036,-0.0020969798788428,0.0980720967054367,-0.108365885913372,-0.0169404819607734,0.0677413418889045,-0.1095221638679504,0.0648355856537818,0.1105753928422927,0.0545799024403095,0.0996200963854789,0.1105532720685005,0.0041313120163977,-0.0911452323198318,0.0999068096280098,0.1094086691737175,0.0091204894706606,0.0936171412467956,-0.0932359546422958,0.0601845905184745,-0.1104967594146728,0.0978491753339767,0.0334228388965129,-0.1105996966361999,-0.1070879846811294,0.1083701476454734,-0.0724195912480354,0.0710173025727272,0.0974668785929679,0.0208716411143541,0.1100530698895454,0.0625246167182922,-0.1029700934886932,0.0830644816160202,0.0707553178071975,0.0962084531784057,0.1099463626742363,0.0971214920282363,0.0571708418428897,0.0978062823414802,-0.0461590401828289,-0.0132400887086987,0.0034997365437448,-0.0205064937472343,-0.1007274389266967,-0.1065116077661514,0.1102493852376937,-0.108968548476696,-0.107695385813713,0.0790780484676361,0.1105998158454895,-0.0339121855795383,0.0469938032329082,-0.1080483943223953,0.0439745038747787,-0.0861570835113525,-0.0379220433533191,-0.0961375385522842,-0.1036779060959816,-0.1101255640387535,-0.0536606684327125,0.1102947369217872,-0.1025925353169441,-0.1037314087152481,-0.0444928258657455,0.1009961813688278,0.0473994091153144,0.0621083825826644,0.1064945608377456,-0.0975966528058052,0.1012035831809043,-0.0287637431174516,0.0165626034140586,0.0374550372362136,0.1093887388706207,-0.1105955988168716,-0.1104592308402061,-0.1106032952666282,0.0377035997807979,0.0172136537730693,-0.11016546189785,-0.1059015318751335,-0.1098563075065612,0.1105832159519195,-0.1004988625645637,-0.0812374725937843,-0.1105844378471374,-0.0304448511451482,-0.1028251200914383,-0.110382854938507,-0.0983213484287262,0.0836486220359802,0.1102978438138961,-0.1101695150136947,0.1059210002422332,-0.0239932816475629,-0.1103778257966041,-0.1063952296972274,0.0585311539471149,0.1058302074670791,-0.1030037030577659,0.0845250636339187,0.0464686304330825,0.0459953807294368,0.1575648635625839,-0.0504355430603027,-0.0196510180830955,0.0995607301592826,0.0784171447157859,-0.0428593643009662,-0.0071572102606296,-0.0169468577951192,-0.0902439579367637,0.1381763517856598,0.1223610341548919,0.0927283093333244,0.096947394311428,-0.0645943880081176,-0.0197490528225898,-0.1040910705924034,-0.0012216377072036,-0.022388782352209,-0.0845641791820526,-0.0123163796961307,0.0967313349246978,-0.0552917458117008,0.1057550236582756,0.111277736723423,-0.015311200171709,-0.1347455084323883,-0.0624971240758895,-0.0549402683973312,-0.1361003816127777,-0.1183881908655166,0.1574957221746444,-0.0991524904966354,-0.0313807688653469,0.0656803399324417,0.1393356025218963,0.1071611493825912,-0.0721273869276046,0.0299841482192277,0.1255095452070236,-0.0571650899946689,-0.0671080574393272,0.0692530572414398,0.1611147075891494,0.0339298620820045,-0.0337489135563373,0.0043474151752889,0.1305009573698043,0.0031869758386164,0.0458489656448364,-0.0063079847022891,-0.014662736095488,0.0875105261802673,0.0865314155817031,-0.0004637415404431,0.1117107570171356,0.1362210214138031,0.1384534239768982,-0.0270342417061328,-0.0071336347609758,-0.0441686362028121,0.0640714988112449,0.1802225261926651,0.0407768748700618,0.035366840660572,-0.0325157344341278,-0.1275453567504882,-0.0015317313373088,-0.0208315029740333,-0.0673906728625297,0.0301915016025304,0.0399743355810642,-0.0813371390104293,-0.0098410286009311,-0.0920823067426681,0.0534190125763416,0.0842612609267234,-0.1239628866314888,0.0014191612135618,0.0454938933253288,0.0079080592840909,0.1558083295822143,-0.1028764620423317,-0.1462857127189636,-0.1342041194438934,-0.1411629021167755,0.0018441057763993,0.1570812761783599,-0.0328350029885768,0.1463851481676101,0.0625353083014488,0.0970130562782287,0.0405559614300727,-0.1333017349243164,0.0245968643575906,0.0616824701428413,0.0110588017851114,0.0888760089874267,0.0233788434416055,-0.1256099790334701,0.1116406023502349,-0.0229520071297884,0.1524866223335266,0.0016020921757444,0.1235214620828628,0.1351301968097686,-0.0689439699053764,-0.0066638444550335,0.1551171839237213,0.0769432485103607,-0.0530516989529132,-0.003405999392271,0.1242995932698249,-0.1654093265533447,0.0766914635896682,-0.0400682799518108,-0.094173178076744,-0.1090519800782203,-0.0174251273274421,-0.0547843091189861,-0.0088184829801321,0.1665067076683044,-0.0268044974654912,0.0426541976630687,0.0413534119725227,-0.1636873185634613,-0.0332571379840374,0.0461714565753936,-0.1103707700967788,0.1054648086428642,0.1372246146202087,-0.1034340187907219,0.0713774561882019,0.1221917048096656,0.1480938494205474,-0.0104185258969664,0.1262997090816497,-0.0972640216350555,0.065701737999916,-0.0262969676405191,0.1326958090066909,0.0598162226378917,0.0829779058694839,-0.1296892911195755,0.068007655441761,-0.0191658213734626,0.0046663666144013,-0.009830854833126,-0.1265593320131302,-0.1036121919751167,-0.0538160316646099,0.0521631836891174,-0.1420735120773315,0.1490141600370407,-0.1155138462781906,-0.0181561466306448,-0.1426333338022232,0.1240566745400428,0.0482781939208507,0.1211154907941818,0.0645890086889267,-0.0445764362812042,-0.0518355295062065,-0.0836015418171882,0.1001614183187484,-0.0846976116299629,0.0845062434673309,-0.0687318965792656,-0.0452895164489746,0.078216515481472,-0.1091710403561592,-0.1050505489110946,-0.0315084569156169,0.0929139778017997,-0.0087677724659442,-0.0598866380751132,0.0404450148344039,-0.0976275727152824,0.1012126579880714,0.089175559580326,0.1269489377737045,-0.1100888699293136,0.0923814848065376,-0.0412643365561962,-0.0776727646589279,0.0176423359662294,0.0847533121705055,-0.0013812353136017,-0.044015098363161,0.1070577725768089,-0.0407475270330905,0.09052624553442,-0.0673933327198028,-0.0985760241746902,0.0117496149614453,0.0581058822572231,0.0382391437888145,-0.0119879227131605,-0.072779968380928,-0.0925211831927299,-0.0743613615632057,-0.0149690890684723,0.1184853017330169,-0.0426663421094417,0.1292074918746948,0.0627415925264358,-0.0575338527560234,0.0167246703058481,-0.0061850249767303,-0.104204885661602,-0.0706372931599617,0.0487020425498485,-0.1148359552025795,-0.1201374307274818,0.1207570508122444,0.0125166838988661,-0.0836823359131813,0.1304266154766082,0.0673511177301406,-0.1038717254996299,-0.1412226110696792,0.0552262030541896,0.1411817222833633,-0.0833051204681396,0.1010612025856971,-0.1079901605844497,-0.090965561568737,0.0360609926283359,0.059814054518938,-0.0805894955992698,-0.1246264278888702,0.037552360445261,-0.0410007312893867,0.1280138939619064,-0.0593690834939479,0.1254011839628219,0.0039594313129782,0.0821808874607086,-0.1103549823164939,0.0191773418337106,0.1303527653217315,-0.1162655651569366,0.0151578448712825,-0.0368565879762172,0.1518017202615738,-0.0756509155035018,0.0521659888327121,0.0683049485087394,-0.1453737765550613,-0.0924478322267532,-0.1101806834340095,-0.043778758496046,-0.0699730515480041,-0.0897859781980514,-0.1343770176172256,0.0507864132523536,-0.132199540734291,-0.0718123465776443,-0.1182341575622558,0.128594234585762,0.0086875930428504,0.1420886367559433,0.1379031985998153,0.160806268453598,-0.0006923048058524,-0.0974123030900955,0.1356380581855774,0.0460625290870666,-0.0701037272810936,0.001335589098744,0.1283776313066482,-0.0569990612566471,0.0271146483719348,-0.1006001010537147,-0.0924378111958503,-0.1228364929556846,0.0526101849973201,0.0854390263557434,0.0233195535838603,-0.0901702567934989,-0.0882925018668174,0.0652544051408767,-0.095911830663681,0.1263278126716613,-0.0065233088098466,-0.0347109586000442,0.1201510652899742,0.0953996106982231,0.0587554015219211,0.0299477018415927,-0.1402508020401001,0.1160401850938797,0.112864188849926,0.0103710936382412,0.1009877622127533,0.0117646874859929,0.0977731868624687,-0.0615578144788742,-0.0610854439437389,-0.0899633690714836,0.1232832223176956,0.0266986973583698,0.161637395620346,-0.1051113083958625,-0.0113230608403682,0.1245995759963989,-0.0561244189739227,0.0335864499211311,0.0552676729857921,-0.0822980999946594,-0.0416039749979972,-0.0066466522403061,-0.1355035006999969,-0.1291283220052719,-0.0106962751597166,-0.0213543400168418,-0.0683358609676361,-0.0537309199571609,-0.0582087710499763,-0.1016809791326522,0.1204573214054107,-0.0938896462321281,0.0329933650791645,-0.1207761913537979,0.1370813101530075,0.0778820514678955,-0.1468610912561416,-0.1132888495922088,-0.0164012759923934,0.0310951564460992,-0.0977982059121131,-0.083345241844654,-0.1534112393856048,0.0459041371941566,-0.0357538759708404,-0.0510572642087936,0.0598995126783847,-0.137212723493576,0.1137158498167991,-0.0301104225218296,-0.0564243048429489,0.1437264531850814,-0.0154090002179145,0.0310355592519044,-0.1423091441392898,-0.1335007548332214,0.0059608877636492,0.0224599931389093,-0.1125620901584625,0.0593286231160163,-0.0594407878816127,-0.0207013338804245,0.0736591517925262,0.0338042564690113,-0.0074509442783892,0.0096219209954142,0.0196640621870756,0.1418581008911132,-0.0609503462910652,-0.0232256241142749,0.0313900485634803,-0.0830333530902862,-0.0899185463786125,0.0076467390172183,0.0074670389294624,-0.1447141766548156,0.0920609384775161,-0.0716451406478881,0.1632100939750671,-0.0513541549444198,0.1284047365188598,-0.1235459148883819,-0.0738004818558693,-0.0484787710011005,-0.0171395353972911,0.054417360574007,0.0518887527287006,0.1471082270145416,0.1505072116851806,0.0581179857254028,0.0316439755260944,-0.1070658639073371,-0.0046477541327476,-0.0429142229259014,XVNGJKMSRUYMJF-UHFFFAOYSA-N,CCCCCCCCN1c2ccccc2C(=O)N(O)C1c1ccc(C)cc1
0.0990863069891929,-0.1033898293972015,0.1042351126670837,-0.104393795132637,0.104055255651474,-0.0402405485510826,0.1002613827586174,-0.096574380993843,-0.1031813472509384,0.0981781333684921,-0.1024639531970024,0.0444040745496749,-0.0982828438282013,-0.103953018784523,0.0913099944591522,0.0559251196682453,-0.1045006513595581,0.1013705283403396,0.0975685566663742,-0.0994207337498664,-0.0239634029567241,-0.0638332292437553,-0.1036219224333763,0.1044490113854408,-0.0780616402626037,0.1043571531772613,0.0686146542429924,-0.0999152362346649,0.0110956197604537,0.1020683869719505,-0.1042291298508644,-0.0782498121261596,0.1026202365756034,0.1045013591647148,-0.0950648337602615,0.0732694417238235,0.1029292419552803,-0.0090416641905903,-0.0683977380394935,-0.0989722311496734,-0.0594339855015277,0.0542285963892936,0.0904592275619506,0.0447147190570831,-0.1045002341270446,0.0712378025054931,0.0177318975329399,0.0609503835439682,0.1045021042227745,0.1043362617492675,-0.0758233666419982,-0.0592042356729507,-0.1032807454466819,0.1044839173555374,-0.0961583703756332,-0.0955025255680084,0.1044977307319641,0.1020380407571792,0.0214724000543355,0.1033853217959404,-0.1010389626026153,-0.0984080284833908,0.1032794341444969,0.0524315908551216,-0.1043465808033943,-0.1045019850134849,0.1033711433410644,-0.0637046545743942,0.0810791030526161,-0.1020863130688667,-0.0536517277359962,-0.0219928696751594,0.056894764304161,-0.1044724062085151,-0.0993164181709289,-0.0392887517809867,0.1041155233979225,-0.0942267999053001,0.1045014560222625,-0.0938097685575485,-0.1043473780155181,-0.002187360310927,0.1045020893216133,-0.0268026553094387,0.1009066700935363,-0.1038377881050109,-0.006126107648015,-0.0994366854429245,-0.1034180000424385,0.0998022109270095,-0.0982516407966613,0.0159695483744144,-0.0067148460075259,-0.1045021116733551,-0.0992759615182876,0.1042850315570831,-0.0654271617531776,-0.0817609801888465,-0.1004422158002853,-0.0885403007268905,-0.1034381836652755,0.1036289781332016,0.0700258463621139,0.0092505253851413,-0.0352257788181304,-0.1044743508100509,0.1039450615644455,0.0970106944441795,0.1013022363185882,0.096733883023262,0.1045021116733551,-0.1028183922171592,0.102622702717781,0.0339602343738079,-0.0764255970716476,0.0878719612956047,-0.0992244184017181,-0.1032534316182136,-0.1036757230758667,-0.104384645819664,0.1044700369238853,-0.1044432520866394,0.103882797062397,-0.0500100925564765,-0.0601127110421657,-0.0834893211722374,-0.1010843068361282,0.1044825762510299,0.1082242280244827,0.1078673526644706,-0.0614352785050869,-0.0665117129683494,0.1054275557398796,-0.0749270170927047,-0.061840821057558,0.0125670731067657,0.1068995520472526,0.0915570259094238,0.0786345973610878,0.0470682345330715,0.0965486392378807,-0.1080611199140548,0.1071135029196739,-0.1066583693027496,0.0096954619511961,-0.0783345624804496,0.105511724948883,-0.095832921564579,0.1080742627382278,0.1074962019920349,0.0709180757403373,-0.1066527962684631,0.1005632877349853,-0.0064478442072868,0.062806636095047,-0.1016943454742431,-0.1035470589995384,-0.0997350141406059,-0.075130395591259,-0.0599851496517658,0.1058473363518714,0.093069240450859,0.1082423999905586,0.027884118258953,-0.1050416976213455,-0.1056917458772659,0.093312881886959,0.1068747341632843,0.1037711277604103,0.0329297147691249,0.0783697888255119,0.1043889224529266,-0.0340735502541065,-0.0961567759513855,0.065013013780117,-0.1034853011369705,0.0989532396197319,-0.0900418162345886,-0.1005602106451988,0.0749803408980369,0.1044403240084648,-0.1081748753786087,0.0731182321906089,-0.0828415676951408,-0.1052577719092369,-0.1070180535316467,-0.107572428882122,-0.1021741107106208,-0.1024779379367828,0.1069990918040275,0.081567957997322,-0.0085958112031221,-0.098989114165306,-0.1081144660711288,-0.0852823927998542,-0.0568032525479793,0.0427773892879486,-0.1035252958536148,0.0749062523245811,0.105604700744152,0.090714544057846,-0.1075930371880531,0.0271433908492326,-0.1070379540324211,0.1053657084703445,-0.1073222160339355,-0.0092131309211254,-0.0349869988858699,0.1049042716622352,-0.1058768406510353,0.1077424362301826,-0.0693983510136604,0.0267635788768529,0.1082295626401901,-0.1076330542564392,-0.1074058338999748,0.1027293354272842,-0.0423621870577335,-0.0281252767890691,0.0167418345808982,-0.0987250432372093,0.0684942305088043,-0.0922139957547187,0.1006185114383697,-0.0935183390974998,-0.1069085597991943,-0.0302341133356094,0.108182206749916,-0.1039405316114425,-0.0718650221824646,0.1060793250799179,-0.0718704238533973,0.0798967033624649,-0.1003930792212486,-0.0658382549881935,0.1056248322129249,-0.074733980000019,-0.0766026377677917,-0.1046542301774025,-0.0640303790569305,-0.1058724075555801,-0.0905306190252304,-0.0559245944023132,0.0052766413427889,-0.0619865134358406,-0.1044936627149581,0.086970068514347,0.1009485870599746,-0.1005042344331741,-0.1022731438279151,0.0992373004555702,0.0875517874956131,-0.1076967045664787,-0.0917992889881134,-0.0794731676578521,-0.0592750869691371,-0.1070070266723632,0.0576059110462665,-0.1093882620334625,-0.1038997396826744,0.1062654852867126,-0.0048675029538571,-0.0585325174033641,-0.1083065345883369,-0.0758365243673324,-0.1093469858169555,-0.1093638464808464,0.1089593544602394,0.0550284869968891,0.1052242070436477,-0.0555106103420257,-0.0966661795973777,0.1093060746788978,0.0493508949875831,0.1090702638030052,-0.0995643511414527,-0.1002706140279769,-0.0900842919945716,0.0556856207549572,0.0831522792577743,0.1036608517169952,-0.1094252690672874,-0.0713786631822586,-0.0924455001950264,0.0452619045972824,-0.1047379821538925,0.0849359631538391,0.0830330327153205,0.0964814200997352,-0.0579565018415451,0.1087072193622589,-0.1093605309724807,0.1039569899439811,0.1076346859335899,0.108011819422245,-0.1094324737787246,0.0614465773105621,-0.0949233174324035,-0.1093130558729171,-0.0666930377483367,-0.0782039761543273,0.0747461020946502,-0.1029973179101944,-0.0865058302879333,-0.0912530496716499,-0.1066528633236885,-0.0351057201623916,0.0500647202134132,0.0691158398985862,-0.068344660103321,0.1063480377197265,0.1083525344729423,-0.1088999956846237,-0.0382440090179443,0.0253867097198963,-0.0749565437436103,0.1064019203186035,-0.0908859074115753,-0.0356133580207824,0.0959746614098548,0.0621585883200168,-0.0703742578625679,0.0852096006274223,-0.1094395369291305,0.1020079776644706,-0.1093319430947303,0.1094377264380455,0.0566170774400234,0.1009133458137512,0.0890723690390586,0.0674629583954811,0.1080196946859359,0.1094429269433021,-0.1094429492950439,0.107650801539421,0.0077903224155306,0.096294917166233,-0.1094008535146713,-0.0585227496922016,-0.0399515777826309,-0.0856316238641738,0.1094399839639663,-0.1084192395210266,0.1073130518198013,0.1094355508685112,-0.0976833403110504,0.1048830524086952,0.0684079825878143,0.0195886362344026,0.0960588678717613,-0.039818488061428,0.0878213047981262,-0.1054914593696594,0.0310907065868377,0.045176975429058,-0.0983788296580314,-0.1093613132834434,-0.0814841538667678,-0.0967516526579856,-0.107405737042427,0.0461955182254314,0.057770200073719,0.0365238413214683,-0.1084948480129242,0.0931228399276733,-0.1094265803694725,0.0674880445003509,-0.1050292700529098,-0.0595995597541332,-0.0761311054229736,0.1053772121667862,0.0558219291269779,-0.1060941591858863,0.0761293768882751,-0.1012085303664207,0.0994714945554733,-0.1094429045915603,-0.0288532599806785,0.0401837714016437,-0.1093718856573104,0.0901254117488861,-0.0981885269284248,0.0072712847031652,-0.0972422733902931,0.0402096696197986,0.0284776426851749,-0.0256745722144842,0.0367349497973918,-0.0023979523684829,0.0100133083760738,-0.0979389697313308,0.0918108001351356,0.0744947716593742,-0.0512586422264575,0.1017328277230262,0.0484087765216827,-0.0799496844410896,0.041582953184843,-0.12550088763237,0.0878756940364837,-0.1249930784106254,-0.0358543172478675,0.0266456995159387,0.1174004301428794,-0.0664091184735298,0.0758105739951133,0.1069353148341178,0.0240633822977542,-0.01340252161026,0.1267049312591552,-0.1291530877351761,-0.1252064704895019,0.0146833257749676,-0.0668354257941246,-0.0715051442384719,0.055035762488842,-0.1398656070232391,0.1170537248253822,0.1343929916620254,-0.0780513659119606,-0.0927930995821952,-0.1344635635614395,0.058351807296276,-0.0265946015715599,0.1030125543475151,-0.1201369389891624,-0.0847073644399643,0.0392837822437286,0.1124002039432525,0.01667245849967,0.0600605756044387,0.0985260233283042,0.0669251605868339,-0.0191079080104827,-0.0617138147354126,-0.0704644545912742,-0.0842856988310813,0.0204964149743318,0.0921742394566536,-0.0312804654240608,0.1250480115413665,0.1161404699087143,0.1042133346199989,0.0677270218729972,0.0874424502253532,0.0523850060999393,0.1349327266216278,0.0189577378332614,0.0483403354883194,-0.128165140748024,-0.1186281070113182,-0.0924692600965499,0.0059164967387914,-0.0500885620713233,0.0431806296110153,-0.1241108253598213,-0.0344886258244514,0.1092657521367073,-0.100028358399868,-0.1271051913499832,0.1077442020177841,-0.1392884999513626,-0.0644151046872139,-0.0256353747099638,0.1264778822660446,0.129411980509758,-0.0502131208777427,-0.1382926702499389,-0.0418196022510528,-0.0163538623601198,-0.1245882213115692,0.1216015070676803,0.097472570836544,0.078326366841793,-0.0317464992403984,0.0590308718383312,-0.1281026303768158,-0.0108591960743069,0.0089138420298695,-0.0693549960851669,0.0315850712358951,0.1107220500707626,0.075499951839447,-0.1355158984661102,0.1261993795633316,0.081655703485012,0.117588073015213,0.1373436748981475,-0.0975893810391426,-0.0250112973153591,-0.0907763093709945,0.0958122164011001,0.127266526222229,0.1135262623429298,-0.03366694226861,0.0315755605697631,0.1058260723948478,-0.1218914836645126,0.1367480754852295,0.1147866919636726,0.1334449201822281,-0.0214282851666212,-0.1046331748366355,0.0360730402171611,0.031296607106924,0.071595624089241,0.0475809164345264,0.112268678843975,-0.1382936835289001,-0.1094936951994896,0.0308585055172443,0.0134622585028409,-0.1283876746892929,0.0440599471330642,0.1171974390745163,-0.1085352376103401,0.0537302196025848,0.1267478764057159,0.1505898833274841,-0.0795206129550933,0.1156427562236785,-0.0960375368595123,0.1044617965817451,-0.0140287643298506,0.1419112235307693,0.0889226794242858,0.1055555790662765,-0.1481557041406631,0.0657599419355392,-0.000843365502078,-0.0509379543364048,-0.0649284571409225,-0.120265781879425,-0.0662759393453598,-0.0364441871643066,0.0803405493497848,-0.0975735932588577,0.1507287621498108,-0.1076698452234268,-0.074922926723957,-0.1397851854562759,0.134530708193779,0.0377910658717155,0.1292302310466766,0.0275783538818359,-0.1078576818108558,-0.1015215367078781,-0.0498133711516857,0.1110928952693939,-0.108341708779335,0.0402281694114208,-0.0721296146512031,-0.0807598978281021,0.1093196794390678,-0.0112751452252268,-0.1210570782423019,-0.0409875847399234,0.0747379660606384,0.0158431641757488,-0.0788954347372055,0.1205489411950111,-0.1057762280106544,0.0566573590040206,0.0180767681449651,0.1465044766664505,-0.1111291274428367,0.070539578795433,-0.0044566174037754,-0.0812141150236129,-0.0248325262218713,0.0921586006879806,0.0591636970639228,0.0331209115684032,0.1306333243846893,-0.1087222397327423,0.0393684580922126,-0.016165193170309,-0.0852886214852333,0.0381969846785068,0.0626857057213783,0.004425280727446,-0.028899073600769,-0.0222992021590471,-0.0764932781457901,-0.0214770678430795,-0.0723747611045837,0.1202421858906745,0.0004079261852893,0.133382961153984,-0.0139225106686353,-0.0941442623734474,-0.0244483966380357,-0.0340401977300643,-0.0715758800506591,-0.0689614489674568,0.0376729480922222,-0.0897015333175659,-0.1245025098323822,0.1141398027539253,0.0641233548521995,-0.120999164879322,0.1019921004772186,0.1260408610105514,-0.1083883866667747,-0.084242545068264,0.0203017015010118,0.1395277678966522,-0.0878612026572227,0.0496825538575649,-0.0972136631608009,-0.0506458990275859,0.0296686273068189,0.1238483339548111,-0.0479155257344245,-0.1194873005151748,0.071992889046669,-0.0225669015198946,0.0764980390667915,-0.0887126997113227,0.1205341145396232,0.0386170968413353,0.0929294303059578,-0.0109431883320212,0.035895001143217,0.1374875158071518,-0.1244305372238159,-0.0095724053680896,-0.110142134130001,0.1542151868343353,-0.0856088921427726,0.023674776777625,0.0214812085032463,-0.1425313800573349,-0.1360418498516082,-0.0716606378555297,-0.0486156642436981,-0.0083975289016962,-0.0136077487841248,-0.127200961112976,0.0767568573355674,-0.0617198422551155,-0.0700399130582809,-0.0734713450074195,-0.115280233323574,-0.0432322062551975,0.1096718981862068,0.1311021298170089,0.1241494193673133,0.0248348694294691,0.0317844189703464,0.0569048412144184,-0.0613353364169597,0.1120648682117462,0.0066591929644346,-0.1033419072628021,-0.0833710283041,0.1226855888962745,-0.1298825740814209,-0.0298535916954278,-0.0144079905003309,0.0451120510697364,0.047377586364746,-0.0684411898255348,0.107072465121746,-0.0730573758482933,-0.0281558632850646,-0.0264079552143812,0.0047826431691646,0.0697688907384872,-0.0901283621788024,0.0910096913576126,0.0824086666107177,-0.1150893568992614,-0.0122065851464867,-0.1276013553142547,0.0278853513300418,-0.0602628588676452,0.1207832023501396,0.0443389751017093,0.1116199493408203,0.0347898826003074,-0.0137531328946352,-0.0917298197746276,-0.0322924777865409,0.1309262961149215,-0.0200115367770195,-0.02793307043612,-0.1239596158266067,-0.0787354707717895,-0.0888068825006485,-0.1257879734039306,-0.0143561940640211,-0.1090007200837135,0.0783798173069953,0.1093023270368576,-0.1078932359814643,-0.1301253885030746,-0.1171750947833061,0.0463636852800846,0.0185924358665943,-0.0838865786790847,-0.0394554808735847,0.1295469105243683,-0.0823078975081443,0.1280727535486221,-0.0556177534162998,0.1004529446363449,-0.1058479622006416,0.0903348699212074,0.0601112432777881,-0.095235951244831,-0.0921837612986564,-0.0667288452386856,0.1294765621423721,-0.1042847707867622,-0.1113747879862785,0.0514294765889644,-0.1175542026758194,0.0249514337629079,0.0572789944708347,-0.1168194934725761,-0.0441781617701053,-0.0940607413649559,-0.106581300497055,-0.0988346487283706,0.0329610556364059,-0.1186170056462287,-0.0284573547542095,-0.097875215113163,-0.0859005153179168,-0.0851355493068695,0.106871373951435,-0.0034958980977535,-0.0935698077082634,-0.0414889454841613,-0.1164501756429672,0.1152417659759521,0.0790357142686843,0.128453329205513,0.1070577502250671,-0.078226588666439,0.0077423541806638,-0.0115150082856416,-0.0785632133483886,-0.0186879951506853,0.0507830530405044,0.1102100312709808,0.1029850915074348,-0.0595085881650447,-0.1030868738889694,-0.09491016715765,0.0026872460730373,0.1256029158830642,-0.1199309676885604,0.130441814661026,-0.1320941150188446,0.1217328980565071,-0.1237171813845634,0.0866071283817291,0.0948063284158706,0.0240321196615695,0.1293499320745468,0.1313396990299224,0.0817220658063888,0.0067717949859797,-0.1167730689048767,0.0924978852272033,-0.1201353892683982,KDFJZHVGYJEGSQ-UHFFFAOYSA-N,Cc1ccccc1N(C(=O)C(C)C)C1C=CS(=O)(=O)C1
-0.0657112970948219,0.0113302180543541,-0.0991665348410606,0.1001169830560684,0.0958592891693115,-0.1002822741866111,-0.0527573190629482,0.0039215506985783,0.0998148769140243,0.1002679765224456,-0.0758122727274894,0.0995964705944061,-0.0944067686796188,0.0950639247894287,0.100331462919712,-0.0926548391580581,-0.0886771604418754,0.0767305493354797,0.0973671823740005,0.100146360695362,-0.1003217324614524,-0.0921802222728729,0.0967299863696098,0.0996989533305168,0.0875029861927032,-0.1003313809633255,-0.0999344885349273,-0.0352806188166141,-0.093296505510807,0.0425847731530666,-0.0435047298669815,-0.100237913429737,0.0944547578692436,0.100265622138977,-0.0069808857515454,-0.0989762619137764,-0.100088894367218,0.0947626382112503,0.0847809463739395,-0.0993391126394271,-0.0999048501253128,-0.1002890244126319,-0.0508417375385761,-0.0996292382478714,0.1003124266862869,-0.0793681070208549,-0.1002943515777587,0.0918964520096778,0.1003303378820419,0.1002467647194862,-0.0996354669332504,-0.0963641032576561,0.0993226170539856,0.1003317758440971,0.0717340111732482,-0.0961835905909538,0.0890356674790382,-0.0950626134872436,0.069112628698349,-0.0099565712735056,0.0228147748857736,0.0952184051275253,-0.1003107726573944,-0.0803958624601364,0.052630428224802,-0.0998543202877044,-0.1002407893538475,-0.1001778468489646,0.0857086405158042,-0.0941931754350662,0.0975815132260322,-0.026658670976758,-0.0809608921408653,-0.0988978669047355,-0.100320391356945,-0.1003208756446838,-0.1003288999199867,0.1002294868230819,0.0825065821409225,-0.1003316268324852,0.0534699894487857,0.0953023359179496,0.0916386321187019,-0.0990049391984939,-0.0600582100450992,-0.0501189567148685,0.0924004316329956,0.1002010554075241,-0.1001267507672309,0.1003031507134437,0.1003314107656478,0.1003138720989227,-0.0395278148353099,-0.0014701666077598,0.0872389301657676,0.0959298834204673,-0.100254587829113,0.1003272458910942,0.0991065129637718,0.0983216539025306,-0.1002851575613021,0.1002936586737632,0.100331075489521,0.0064911302179098,-0.1002994626760482,-0.1003306806087493,0.1003219410777092,0.1003114283084869,-0.0151182739064097,0.0977480039000511,0.1003187447786331,-0.0734545439481735,-0.0987575352191925,-0.0288041606545448,0.1003317683935165,0.0779277309775352,-0.1003266125917434,-0.0998832657933235,-0.1003313586115837,-0.0923581793904304,0.0051276898011565,0.1002823114395141,0.1000269055366516,-0.0967703610658645,-0.0952759757637977,-0.0618771649897098,-0.0784243121743202,-0.0978953093290329,0.0946169197559356,-0.0937579199671745,0.094624824821949,0.094624750316143,0.0916329324245452,-0.0654079616069793,0.0930452048778534,-0.0946246311068534,-0.0946247428655624,-0.0890125334262847,0.0743843093514442,0.0373643338680267,0.0323848500847816,-0.0946237444877624,0.0642103552818298,-0.0943795219063758,0.0943888127803802,-0.0748800486326217,-0.0946248173713684,0.0889774709939956,-0.0946248099207878,-0.0946245566010475,-0.0942549332976341,0.094413973391056,0.094444915652275,-0.0946248099207878,0.0945819020271301,0.0938860327005386,0.0945371985435485,0.0946244448423385,0.0661118105053901,-0.0946199744939804,-0.094624824821949,0.0940467864274978,-0.0650503486394882,-0.094624824821949,0.0945416018366813,-0.0946239978075027,0.0946248099207878,-0.0927995666861534,-0.0108938477933406,0.0944429859519004,0.0946232378482818,-0.0403906218707561,0.0945349037647247,-0.0946243926882743,0.0694604218006134,-0.0946248024702072,-0.0551545768976211,0.0925704687833786,0.0946246311068534,-0.0946223512291908,-0.0946242436766624,0.0936577022075653,0.0915693491697311,0.0946248099207878,-0.0690262913703918,-0.0912201926112175,0.0057544512674212,-0.0731612369418144,0.0944633409380912,0.0878326892852783,-0.0946248024702072,0.0934258624911308,0.0941889733076095,0.0838908478617668,-0.0037587750703096,0.09462471306324,-0.0946239531040191,0.0946243032813072,-0.0945899561047554,-0.0942291244864463,-0.0946248099207878,0.0943879038095474,-0.0945412069559097,0.0944362208247184,-0.0946245566010475,-0.0758889764547348,-0.0943639799952507,0.0946127772331237,-0.0863391980528831,0.0392464958131313,-0.0946037545800209,-0.0944208428263664,0.0945660844445228,-0.0945527702569961,-0.0946200937032699,0.094624824821949,0.0943718925118446,0.0941251963376998,-0.0946243405342102,0.0821438133716583,-0.0667011886835098,0.0528781898319721,0.0939737185835838,-0.094202347099781,0.094624824821949,-0.0940237864851951,0.0900070890784263,-0.0945012122392654,0.094624824821949,0.0914649292826652,0.093683898448944,0.0936428159475326,0.0894801169633865,0.010768961161375,0.0946230739355087,0.0920738577842712,-0.094624787569046,0.094622328877449,-0.0871649831533432,0.0889628529548645,0.0946162119507789,0.0942189916968345,0.0946247205138206,0.094608724117279,0.094624139368534,0.091012604534626,-0.0939893499016761,0.0822545886039733,0.094624824821949,0.0939052999019622,-0.0936324223875999,-0.0938339233398437,-0.0941230431199073,0.0942145511507988,-0.0946247652173042,-0.0945485681295394,0.0965014696121215,-0.0965201407670974,0.0964993014931678,0.0965119898319244,0.0723621323704719,0.0965199396014213,0.0965157225728035,-0.0932744517922401,0.0965108647942543,0.0781420245766639,0.096514031291008,-0.0959087312221527,0.0963201224803924,-0.0965195894241333,-0.0858900696039199,0.0964886620640754,-0.0965193957090377,0.0965107008814811,0.0916464626789093,-0.0950124040246009,-0.096486359834671,-0.0964696705341339,0.096111461520195,-0.0965172052383422,-0.0964750871062278,-0.0965180471539497,-0.0965195149183273,-0.0944007337093353,0.0965198576450347,-0.0830625370144844,-0.0945837423205375,0.0965169221162796,-0.0965187773108482,-0.0814151540398597,0.0930359214544296,-0.0593938790261745,0.0550117753446102,-0.0667207017540931,0.0818523317575454,0.087599404156208,0.0949408560991287,0.0768322870135307,0.027586868032813,-0.0931648537516594,0.0943973585963249,0.0199233088642358,-0.0962084159255027,0.048766978085041,0.0964891389012336,0.0846070647239685,-0.0965068116784095,-0.0965199619531631,-0.096520148217678,0.0965201556682586,0.0424996055662632,0.0963642373681068,0.0720909610390663,0.0965201556682586,0.0908541902899742,-0.094278797507286,0.0965198725461959,0.096520148217678,-0.0964991375803947,-0.0963916480541229,-0.0965195000171661,0.0964309573173523,0.0965172052383422,-0.0964457094669342,0.0948379263281822,-0.092509813606739,0.0931468456983566,0.0965189784765243,-0.0664024204015731,0.0965200439095497,-0.088340513408184,-0.0652099326252937,-0.0927002653479576,0.0957762226462364,0.0965201556682586,0.0954564586281776,-0.0964347198605537,-0.0964807197451591,0.0937794968485832,0.0964325517416,-0.096520148217678,0.0532899685204029,0.0963960066437721,-0.0910065397620201,-0.0960595458745956,0.0904881954193115,-0.0965181961655616,-0.0752507373690605,0.0957662090659141,0.0377061367034912,0.0845488905906677,-0.0965192019939422,-0.0793939381837844,-0.0043415199033916,0.0965201407670974,-0.096520148217678,0.0031810954678803,0.0963598638772964,0.096520148217678,0.0779509469866752,-0.0906460881233215,0.0901159793138504,0.0112613197416067,0.0449475273489952,0.095956951379776,0.0927867218852043,0.0919921100139617,-0.0964869856834411,-0.0857659801840782,-0.0948729887604713,0.096502847969532,-0.045070145279169,0.0079454025253653,-0.0964912772178649,0.0965200886130333,0.0903051272034645,0.0869215577840805,0.096520148217678,0.0951428040862083,0.0965201556682586,0.0808539092540741,-0.0958512052893638,-0.0965017601847648,-0.0907690674066543,0.0517310872673988,0.04087595641613,0.0580436661839485,0.002624639775604,0.1322406828403473,-0.0694247335195541,-0.0824483633041381,0.0610719323158264,-0.0491867214441299,-0.0676554441452026,-0.1020465046167373,-0.0782126486301422,0.1260553300380706,-0.0275215078145265,0.1152984797954559,0.0250715240836143,-0.1009005606174469,-0.0395381115376949,0.0964089035987854,-0.0524196326732635,-0.0219213310629129,0.1506905555725097,-0.158021867275238,-0.1193820387125015,0.1063379123806953,0.1080169603228569,-0.0717092230916023,0.039676621556282,-0.0784750804305076,-0.0437556616961956,-0.0289464145898818,-0.0819694399833679,-0.1575080752372741,0.1167215257883071,0.0609712898731231,-0.1257473975419998,-0.0822588875889778,-0.0613796077668666,0.1199040934443473,0.1379282772541046,0.1395633667707443,-0.1167330220341682,-0.1033018305897712,0.0077170436270534,-0.0588406473398208,0.1080056354403495,-0.1411072909832,0.0213821623474359,-0.0928530767560005,0.1143568009138107,0.0258864108473062,-0.1081962287425994,0.1308909803628921,0.1234777569770813,-0.027596078813076,-0.1351449638605117,-0.0785762518644332,-0.0882113575935363,0.0775714814662933,0.1583070605993271,-0.147529661655426,0.0463059842586517,-0.0418843626976013,-0.0425169467926025,0.1266385018825531,0.0809608846902847,0.0572566650807857,0.0084982253611087,-0.1025227680802345,0.0362890437245368,0.0428706817328929,-0.0103194583207368,0.0217623431235551,0.1345436722040176,-0.038025863468647,0.1327496021986007,0.0367802232503891,-0.1070026829838752,-0.0562706142663955,-0.1401908248662948,0.0714078918099403,0.0942072495818138,-0.0531598888337612,-0.1555049270391464,0.0447587147355079,0.0783060416579246,0.045622132718563,0.1428265124559402,0.1225540712475776,-0.0401692241430282,-0.0198211409151554,0.0023331746924668,-0.0805423408746719,-0.0598281659185886,0.1198247149586677,-0.0845117196440696,-0.0191378314048051,0.0206677224487066,-0.1099031269550323,0.0828349366784095,0.0311509482562541,0.0037919492460787,-0.0068029514513909,0.0219089034944772,-0.13959801197052,-0.0968185290694236,0.0592545978724956,-0.0213112756609916,-0.0439378656446933,-0.0080605382099747,-0.1225741803646087,-0.0611690506339073,-0.0853932350873947,0.1454129070043563,-0.0554398857057094,-0.0517212301492691,0.1451250463724136,0.1227929666638374,-0.0794709324836731,-0.0057461271062493,0.1394173800945282,-0.0628073364496231,0.0564757212996482,0.0095936646685004,-0.1210095062851905,0.0327832661569118,-0.0866795480251312,0.0056825010105967,0.1277005225419998,-0.1185568794608116,0.1304723769426345,0.0747761204838752,0.09174395352602,0.0946622714400291,-0.1066273376345634,-0.036847036331892,-0.065109483897686,-0.0037158962804824,0.0455157682299613,0.0421638749539852,0.1203944832086563,-0.0450582765042781,0.1135588884353637,0.0634980052709579,-0.0584471374750137,0.1027204468846321,-0.0556054078042507,0.0558861754834651,-0.011825768277049,0.1192041188478469,0.0145552484318614,0.0027146320790052,-0.0608311221003532,-0.1391033679246902,0.0032855989411473,0.1415082961320877,-0.0533715821802616,0.0930204465985298,0.1032678261399269,-0.1142987683415412,-0.0468227118253707,0.0582045949995517,-0.1370856016874313,0.0920081883668899,0.0379791222512722,-0.1317030489444732,0.0899130403995513,0.0235385280102491,-0.0661385431885719,-0.0513150729238987,-0.1380572915077209,-0.0581718161702156,-0.0752849131822586,0.1406420171260833,-0.1203606575727462,0.1345621198415756,-0.0996593460440635,-0.0664499849081039,0.0827604383230209,-0.1345712691545486,0.0199203323572874,0.0322719924151897,-0.0152438730001449,0.0019332891097292,0.0386146530508995,-0.0099495984613895,0.1250142902135849,-0.0766661986708641,-0.0681491866707801,0.1098452284932136,-0.1337698549032211,-0.1221425160765647,0.1313032954931259,0.1043878048658371,0.0957591384649276,0.0966373980045318,-0.1324323415756225,0.0811589509248733,0.0635237470269203,-0.1249565035104751,-0.1250088661909103,-0.0516558699309825,0.1152937263250351,0.0298388730734586,0.0810902491211891,-0.0708990320563316,-0.0583679340779781,-0.1042634546756744,0.1212357878684997,-0.0876898393034935,-0.1339207589626312,0.1306672096252441,-0.0536746196448802,0.0327948778867721,-0.067838542163372,-0.0744099467992782,-0.0679007768630981,0.1220017820596695,0.0419067740440368,0.0098211960867047,-0.0530890710651874,0.1236881092190742,0.1217395290732383,0.0214587766677141,-0.058675892651081,-0.0910902619361877,-0.0419810004532337,0.0944489240646362,0.0124460598453879,0.1189438626170158,0.0758669525384903,0.0250434260815382,-0.1283030807971954,-0.1026306599378585,0.0497324615716934,-0.1298161894083023,0.0570986606180667,-0.1035673916339874,-0.0260666105896234,0.0503954775631427,0.105886235833168,0.0870455950498581,-0.0243043769150972,0.0919638350605964,0.0672473534941673,0.0248815957456827,-0.0371231660246849,0.0935813039541244,0.0715675204992294,-0.1220617592334747,0.0946948304772377,0.0633427649736404,-0.1198476925492286,-0.087745077908039,0.1055155918002128,0.0998779013752937,-0.1066247522830963,-0.1151954755187034,-0.0365362055599689,-0.0173117723315954,-0.1181262955069542,0.0086898831650614,0.1392641365528106,0.0965043157339096,0.0502308271825313,-0.1394719034433365,-0.0288674067705869,-0.0243775527924299,-0.0065051596611738,0.0993698686361312,0.0028282420244067,-0.0880773961544036,0.1067311987280845,-0.148840457201004,-0.1371576488018036,0.0802625492215156,-0.029549328610301,-0.0124062467366456,-0.0597819313406944,0.0003750649048015,-0.057167537510395,-0.0284615121781826,-0.0067319176159799,-0.038786768913269,0.0475719198584556,0.0273604914546012,-0.0700255185365676,0.1471756845712661,0.0852435007691383,0.0776857808232307,-0.0990059971809387,0.1370287537574768,0.117097407579422,0.100429318845272,0.110770434141159,0.0789608731865882,0.0005836684722453,-0.0822272002696991,-0.0629780665040016,-0.0188587661832571,0.1400551050901413,-0.0251246448606252,0.1299868077039718,-0.1395557075738906,-0.0630393102765083,0.1119337603449821,-0.0885065868496894,0.0469213090837001,-0.0534678325057029,0.1158410161733627,0.0221214313060045,-0.0386970154941082,-0.0892271250486373,-0.0979525968432426,0.0950945913791656,0.1102030500769615,-0.0807986259460449,0.1048434078693389,0.0993823036551475,-0.0633357316255569,0.1202664151787757,-0.1412758529186248,0.0619139596819877,-0.0670286118984222,0.1514643132686615,0.1151696592569351,-0.1453085392713546,-0.1159765347838401,0.0732777342200279,0.1434903442859649,-0.0657044276595115,-0.0420537032186985,-0.1235723569989204,-0.0686814412474632,-0.0466055609285831,0.0169082172214984,-0.0656153038144111,0.0549317896366119,0.0666180700063705,-0.1370403319597244,-0.1126655042171478,-0.1019803211092948,0.0239000655710697,0.1034565642476081,-0.129179909825325,0.0881922468543052,0.0854739844799041,-0.0398121699690818,-0.1139697507023811,-0.0097306631505489,0.0085826264694333,-0.0988141596317291,0.0735847055912017,0.0120523385703563,-0.1091277599334716,0.0682653412222862,0.0016628802986815,-0.0175645798444747,-0.0262040477246046,-0.1353832632303238,0.1077457070350647,-0.0425801128149032,-0.0591589361429214,0.0549437291920185,-0.0459986813366413,-0.0541076734662056,0.0771736577153205,-0.1126857921481132,0.1439685225486755,-0.0683308094739914,0.0648640841245651,-0.1319120675325393,0.1133872643113136,-0.0994207262992858,0.0697177797555923,0.0995681658387184,0.0464393459260463,0.0918499007821083,0.1448735892772674,0.0998807772994041,0.0422155633568763,-0.1104948595166206,0.002883810782805,-0.1004557833075523,AHLYFAKLKLMESK-UHFFFAOYSA-N,COc1ccc(C(=O)NCCN2CCCC2)cc1
0.0929332226514816,0.103424072265625,0.1217255517840385,0.1134317815303802,0.0070783202536404,0.042423415929079,-0.0980946198105812,0.099184438586235,0.0033431984484195,-0.1222190409898758,-0.0523919761180877,-0.077703021466732,-0.0538937374949455,-0.1234037280082702,0.1330689191818237,-0.0076311281882226,-0.1261017471551895,0.1279058158397674,-0.0028999741189181,0.0947756245732307,0.0048299925401806,0.0550824590027332,0.0333877503871917,0.102197840809822,0.1094307079911232,0.0649269670248031,-0.0952936261892318,0.0567506030201911,0.045357771217823,0.1178018301725387,-0.0890883281826973,-0.0792944207787513,0.129037395119667,0.0696978494524955,0.0265249125659465,0.1243762150406837,0.1298675090074539,-0.0719517022371292,-0.0581014603376388,-0.0973414257168769,-0.1243681088089943,-0.0230536814779043,-0.1237619891762733,-0.0448570325970649,0.0166340190917253,0.074255421757698,-0.0860521495342254,-0.1161363273859024,0.0826938077807426,-0.1075163632631301,-0.05173060297966,0.0870237722992897,-0.1227268651127815,0.1302365064620971,0.0565977096557617,-0.0152558544650673,0.1036460697650909,-0.0691476464271545,0.0983261540532112,0.058494996279478,0.1277822256088256,0.1245399639010429,-0.0053385179489851,0.0363429151475429,-0.0276711452752351,-0.0837477967143058,-0.0088764205574989,-0.017762042582035,-0.0131799932569265,-0.0799719020724296,-0.0706743896007537,-0.0790818259119987,0.1047257333993911,-0.1095713675022125,-0.056685734540224,0.0753473564982414,-0.063707984983921,0.0878985747694969,0.0802356675267219,-0.0656615495681762,0.0465440079569816,0.1281182169914245,0.0831069126725196,0.062857985496521,0.1020591109991073,-0.1038834750652313,0.1129890158772468,-0.0845391303300857,-0.1052017360925674,0.0811834633350372,0.1056513488292694,0.1213365420699119,-0.0153238791972398,-0.0833529755473136,-0.1293443739414215,-0.0066334498114883,-0.1141388788819313,0.1314234584569931,0.1222533583641052,0.0317191556096077,0.0228394083678722,-0.1023317947983741,0.0730096101760864,0.1307855397462844,-0.0328609980642795,-0.1180674210190773,0.1257674843072891,-0.0718824118375778,-0.109178677201271,-0.0200136043131351,0.1234166175127029,-0.063874565064907,-0.1002864316105842,-0.088699109852314,0.0992593765258789,0.0821665227413177,-0.1052988916635513,-0.1087102144956588,0.0428253449499607,0.1279312968254089,0.0350397080183029,0.0809744298458099,0.0820532292127609,0.0895848348736763,0.1228326484560966,0.102363109588623,-0.0949487909674644,0.0224440079182386,0.1250269711017608,0.0859781801700592,0.0540262907743454,0.0980782806873321,-0.0432237200438976,0.1075418889522552,-0.1068112775683403,0.1263488680124282,0.1194247156381607,0.0561096295714378,0.0854827314615249,-0.0665192902088165,0.1032603979110717,-0.1102111041545867,0.1066610366106033,0.0934622883796691,-0.0854902565479278,0.0912927389144897,-0.1045086830854415,0.0213814098387956,-0.090691439807415,-0.0082051707431674,-0.1098669469356536,-0.0777069255709648,0.0524954870343208,0.0907787159085273,-0.1133781224489212,0.055441066622734,-0.0311460625380277,-0.1199118122458458,-0.085760660469532,0.0362216606736183,0.0269865356385707,0.1262237280607223,0.1099342554807663,0.0742108076810836,0.0824653655290603,-0.1170004159212112,-0.0063663162291049,0.0246111452579498,0.1128691509366035,0.0731536224484443,0.0529101267457008,-0.1187007278203964,0.0855766534805297,-0.0753644183278083,-0.1229362338781356,0.0551612265408039,-0.0378819666802883,0.1269657015800476,-0.0799937322735786,0.0558084174990654,-0.0163917262107133,-0.0479594394564628,-0.083899013698101,-0.1127296686172485,0.066451147198677,-0.1221749410033226,-0.1208566799759864,-0.0946189165115356,0.0786466896533966,0.1126975417137146,-0.111947201192379,-0.1136790364980697,0.127214714884758,-0.0887336358428001,-0.0081106144934892,0.1270069330930709,-0.1251537352800369,0.1173027232289314,-0.095996044576168,-0.1089401021599769,-0.1176398769021034,0.0158744528889656,-0.1073840036988258,-0.0819039642810821,-0.1198315694928169,0.1264818906784057,-0.0885146334767341,-0.0858188048005104,-0.1265010684728622,0.0182162877172231,0.0673904046416282,0.1113198325037956,-0.0591558255255222,0.0396165177226066,0.0893867686390876,-0.111125148832798,0.0933888703584671,0.0612427443265914,-0.0367908105254173,-0.1090866029262542,-0.0456859804689884,0.0849357396364212,0.0364229381084442,0.1240756511688232,-0.0501923188567161,-0.1184272319078445,-0.027558721601963,0.1047290787100792,0.0606481246650218,0.0581657066941261,-0.0136031536385416,-0.0636621639132499,0.0798363536596298,0.0045205447822809,0.0453583560883998,0.0829790011048317,-0.0709765776991844,-0.0743261650204658,0.050897791981697,-0.0151384910568594,-0.0907652825117111,-0.0236384533345699,0.1240512356162071,0.1051780954003334,-0.1183068007230758,-0.0924074500799179,0.0540438443422317,-0.0557811371982097,0.1134578436613082,-0.1034930720925331,0.1109101697802543,0.0875984206795692,-0.1175114139914512,-0.1200737580657005,0.0016736693214625,0.0779845789074897,-0.0304776784032583,-0.0332587398588657,-0.1000333949923515,0.046844370663166,0.1112117767333984,0.105290412902832,-0.0052678477950394,-0.0463439971208572,0.1066493988037109,0.1010872200131416,0.0032409001141786,-0.1103788241744041,-0.0250538848340511,0.0237359777092933,0.1099161431193351,0.0910892859101295,-0.110669694840908,0.006071506999433,0.1091590672731399,-0.0649460181593895,0.0901240035891532,0.1071963086724281,0.1104772165417671,0.0990481004118919,-0.0837452113628387,-0.0157323125749826,0.1062385663390159,0.0726250559091568,0.1071440055966377,-0.1027715131640434,0.1110494583845138,0.0684603378176689,-0.0825496241450309,0.1021075844764709,0.0949365273118019,0.0998926386237144,0.1020170524716377,0.0827970951795578,-0.0618731193244457,0.0013154880143702,0.1113043874502182,-0.0221984144300222,-0.0914918407797813,-0.1112891435623169,0.096797339618206,-0.1082979142665863,0.106471486389637,-0.1038319021463394,-0.1103242114186286,-0.0980931520462036,0.0604336149990558,-0.1080005168914794,-0.1109397336840629,0.1113671883940696,-0.0811389610171318,0.1107547581195831,0.1105062067508697,0.0081045217812061,-0.105423629283905,-0.0980826318264007,0.1090097576379776,0.0931452140212059,0.0724247470498085,-0.0917522311210632,0.0440288670361042,0.0757467225193977,0.1040834486484527,0.1055102348327636,0.1113617494702339,0.0829365998506546,-0.1094065234065055,0.0082701193168759,-0.0319257676601409,0.0486132428050041,-0.1021492704749107,0.1040277481079101,0.0701259970664978,-0.0966380536556243,0.1101939529180526,-0.0911047160625457,-0.1109619066119194,0.1104336902499198,0.0062206010334193,0.0596661269664764,-0.1110899001359939,-0.0911629721522331,0.1045322641730308,-0.1087593883275985,-0.1006114557385444,-0.0252483189105987,-0.0936980098485946,-0.0794954150915145,0.1110658198595047,0.0782709494233131,-0.0926999598741531,-0.1113115772604942,-0.0723405331373214,-0.0698078945279121,0.1015987917780876,-0.0877298861742019,-0.1010731533169746,0.0939347818493843,-0.0845700800418853,-0.0830716788768768,-0.0885984152555465,0.0716579258441925,-0.09404768794775,-0.0945782735943794,0.1113675534725189,-0.0507210679352283,-0.0566138885915279,-0.0979750379920005,0.1053074523806572,-0.1001975610852241,-0.1046923846006393,-0.0647753849625587,0.1103648543357849,-0.0189275331795215,0.1039306968450546,0.0661561638116836,-0.0794236436486244,-0.0464847832918167,-0.1016273349523544,0.1107027530670166,-0.0858974680304527,0.0394411906599998,0.0722876414656639,-0.0605182535946369,0.0699072852730751,0.0602708794176578,-0.0360887199640274,-0.0956308618187904,0.0815758779644966,0.0959495157003402,-0.1356162428855896,-0.0977179184556007,-0.1197100654244422,-0.118543341755867,-0.0373387411236763,0.1258377879858017,0.1666440516710281,0.0827218890190124,0.1197148635983467,-0.1321209520101547,-0.0377715043723583,-0.0329847857356071,0.077015995979309,-0.0033868195023387,-0.0211761891841888,0.122403010725975,-0.0660748183727264,0.0513640344142913,0.0819944143295288,-0.0277822893112897,-0.0729665458202362,0.1238954439759254,0.0594810470938682,-0.1417644470930099,-0.0176321547478437,0.0501089133322238,-0.0002490191836841,0.0196977220475673,-0.0419249311089515,0.1643881648778915,0.1559319794178009,0.0179416872560977,0.0043689287267625,0.1311208605766296,0.0123888226225972,-0.0134942410513758,0.0779299363493919,0.1443492472171783,0.0780503898859024,0.098136119544506,-0.035267423838377,0.1463592797517776,0.0324889831244945,0.0181613396853208,-0.0449507012963295,0.0267628263682127,0.0037958433385938,0.1539489179849624,-0.0626825839281082,0.0707248970866203,-0.0167908761650323,0.1628786325454712,-0.1022257357835769,-0.0046136169694364,-0.0623058825731277,0.1347876936197281,0.1198590770363807,0.0259789004921913,0.0660513862967491,0.095256820321083,-0.0757098719477653,0.0705974400043487,-0.0174116548150777,0.0121735306456685,-0.0496037751436233,0.0959652662277221,-0.1049055606126785,0.0248955767601728,-0.1276674121618271,0.0619924813508987,0.088028073310852,0.0015057408018037,-0.0492819547653198,0.0468049459159374,0.0871948897838592,0.1134574338793754,-0.139285922050476,-0.1286171227693557,-0.1285719126462936,0.0392440967261791,0.0543070770800113,0.042878370732069,0.0179920885711908,0.1327981203794479,0.0935255736112594,0.0903349220752716,-0.0866161584854126,-0.1318458765745163,0.0673860386013984,0.0838765650987625,0.0708578824996948,0.0251715686172246,0.0251348987221717,-0.0339150801301002,0.0294574461877346,0.1303944587707519,0.0984093397855758,-0.0819050222635269,0.1523654907941818,0.1479948461055755,-0.0541198402643203,-0.0605461373925209,0.1242365017533302,0.1184115335345268,-0.1258508265018463,0.1273032575845718,0.0092305531725287,0.0304064769297838,-0.0551963709294796,-0.0202664267271757,-0.1129874661564827,-0.0656556859612464,-0.04608815908432,-0.1532345414161682,-0.1061687394976615,0.0611359365284442,-0.1042747721076011,-0.0895858332514762,0.0730710476636886,-0.1298853754997253,-0.0041749672964215,0.0518990159034729,-0.0897106453776359,0.0705491974949836,0.1560086011886596,-0.089304119348526,0.1440207511186599,0.1407776772975921,0.1454408019781112,-0.0257593803107738,0.0986902937293052,0.0758055001497268,-0.0002473648055456,0.0836818665266037,0.1444406360387802,0.1057802885770797,0.0397511236369609,-0.135799378156662,0.102963887155056,0.041842620819807,-0.1137865930795669,0.0546317286789417,-0.103592611849308,-0.0989210680127143,-0.0919094830751419,-0.0218301936984062,-0.1075647324323654,0.1429798156023025,-0.1267877519130706,0.0156761296093463,-0.0844666361808776,0.1175666451454162,0.0861073732376098,0.1191361993551254,0.1242259070277214,-0.1048010140657424,0.0758882910013198,0.0180973019450902,0.0742141082882881,-0.0694206282496452,0.031958695501089,-0.0471292100846767,-0.0050914189778268,0.0991409569978714,-0.0613036826252937,-0.0729587823152542,0.1003309860825538,0.0602849014103412,-0.0915965065360069,-0.0069447620771825,-0.0842849686741828,-0.0863035172224044,-0.0599263235926628,0.1101869717240333,0.1312383860349655,-0.0977845266461372,0.1042452603578567,-0.0212742630392313,-0.0824931412935257,-0.0119687104597687,0.0975317806005477,-0.1008966788649559,-0.0327189303934574,0.0964415892958641,-0.1291504353284835,0.0423343926668167,-0.120615541934967,-0.0949568524956703,-0.1137561723589897,0.0091695627197623,-0.0765390768647193,0.0539842583239078,-0.0666087195277214,-0.1206811144948005,-0.0900971665978431,-0.0900189951062202,0.0563707463443279,-0.0111607648432254,0.0777563080191612,0.032333705574274,0.0839784517884254,0.1223668828606605,0.0079038981348276,-0.0181227754801511,-0.0413862615823745,0.1282312422990799,0.0946576371788978,-0.0989060327410698,0.0485834628343582,-0.0295778289437294,-0.0771180838346481,0.044221855700016,0.0255289133638143,-0.0342070609331131,-0.1484372764825821,-0.0936387777328491,0.1465146094560623,0.0425171963870525,0.0968388393521308,-0.036449484527111,0.0285720974206924,-0.0564198605716228,0.0430304333567619,0.032293040305376,-0.0509338751435279,0.1067560836672782,0.069665789604187,0.1048455908894538,0.0782564282417297,0.1074078306555748,-0.0678684711456298,0.0957283228635788,-0.0767830610275268,-0.0190056581050157,0.1473685950040817,-0.1334161311388015,0.044442880898714,0.0076562846079468,0.1401086449623108,-0.1270768493413925,0.0319465845823287,0.1201356202363967,-0.1421719789505005,-0.0861140564084053,-0.0595183745026588,-0.1303979009389877,-0.0855573713779449,0.0385619215667247,-0.0685340166091919,0.0340812839567661,-0.0985043495893478,0.0023070180322974,-0.0901504829525947,0.0616294406354427,0.0093123214319348,0.1294895857572555,0.1545266956090927,0.1147320792078971,-0.0007409862009808,-0.1270688027143478,0.0568649359047412,-0.0191071797162294,-0.1190499737858772,-0.0583165138959884,0.133670300245285,0.019239641726017,0.0351611003279686,-0.0511469095945358,-0.0900797024369239,-0.1462775766849517,0.1161610558629036,0.0859715715050697,-0.0438654422760009,-0.1197439134120941,0.0820633247494697,-0.0182047151029109,0.0300900470465421,0.0859287232160568,-0.0538127906620502,-0.0959785804152488,0.0973524302244186,0.0714422836899757,0.1439351588487625,-0.0073421904817223,-0.1058674603700637,0.1520836353302002,0.1498487293720245,-0.0415462628006935,0.0881406962871551,-0.0958182737231254,0.1195142269134521,0.0277316272258758,-0.0737467482686042,-0.147148385643959,0.0391195118427276,0.0413586609065532,0.1743894666433334,-0.034698236733675,0.0090817976742982,0.0102677410468459,-0.1209056675434112,0.0576670169830322,-0.0733990147709846,0.0471220798790454,0.1159404516220092,-0.0768179893493652,-0.0591240860521793,-0.0516494140028953,-0.089430846273899,0.1157419458031654,0.0651977732777595,0.1055365726351738,-0.054018709808588,-0.0364558733999729,0.093797780573368,-0.1097412109375,-0.0506853275001049,-0.0302103068679571,0.1022232621908187,0.0567290820181369,-0.1510947793722152,-0.057083386927843,0.0065127830021083,-0.0740028992295265,-0.0212640315294265,0.0576518662273883,-0.1089318990707397,0.0672642737627029,-0.1360337734222412,-0.0468919090926647,0.0498436465859413,-0.12514129281044,0.0730889737606048,-0.097152441740036,-0.0484452918171882,0.0785006210207939,0.1025646701455116,-0.0171708185225725,-0.0585115700960159,-0.0212941132485866,0.1372927576303482,0.0187044031918048,-0.0929091498255729,0.0971887037158012,-0.1072796583175659,0.0250433888286352,-0.0336180180311203,0.09559828042984,-0.0329157933592796,-0.0537237748503685,0.0354660414159297,0.1643134802579879,0.0342254415154457,-0.0705863535404205,0.0642215460538864,0.0098974360153079,-0.1334276795387268,-0.139784038066864,0.0615043342113494,-0.1174095422029495,0.1224027574062347,-0.1477535665035247,0.1413768827915191,-0.0384385138750076,0.0377283059060573,-0.1008795499801635,-0.0933480560779571,-0.112476110458374,-0.0941233560442924,-0.1356805562973022,0.015386558137834,0.0928554981946945,0.165938451886177,-0.0146892201155424,0.0641622617840766,-0.032312273979187,0.080405943095684,-0.0174527056515216,RHUATTCMRTVDRK-UHFFFAOYSA-N,CCOCCOC(=O)C1COCCN1CC
0.0999782010912895,-0.1007920503616333,-0.0563408769667148,0.1011510714888572,-0.1003468260169029,-0.1010093837976455,0.0513407997786998,-0.0960045382380485,-0.1006161645054817,0.0729544833302497,-0.0361549854278564,0.1006734892725944,-0.074313074350357,-0.0249521750956773,0.0924344733357429,-0.1005945727229118,-0.1011432260274887,0.0459629669785499,-0.0961966142058372,0.10113575309515,0.0686801448464393,0.0404132381081581,-0.0954544022679328,0.1004895120859146,0.0720492154359817,0.0974841713905334,0.0953007340431213,0.1008152663707733,-0.0773588195443153,-0.1008850708603859,0.0544880144298076,0.0802276879549026,-0.0961626693606376,-0.0183103531599044,-0.1004243940114975,-0.1008533462882042,-0.0587557815015316,0.0986615493893623,-0.0791904851794242,-0.1004858836531639,0.1011324599385261,-0.0682660192251205,-0.0987134054303169,0.0987933054566383,-0.0025505032390356,0.0991248562932014,-0.1011241599917411,0.097824826836586,-0.1008866280317306,-0.1011498495936393,-0.1008287742733955,0.100795216858387,-0.0750018954277038,0.1011527851223945,0.0749941244721412,0.0924142301082611,-0.0933171659708023,0.0970247536897659,0.0826258659362793,-0.1011434197425842,0.1010239049792289,0.1011107191443443,0.1011212170124054,0.1011358648538589,-0.1011517643928527,0.1011518985033035,0.1011490300297737,0.0980984568595886,-0.0012609501136466,0.1003416404128074,-0.1006885915994644,-0.1011199578642845,-0.083248995244503,0.1001026034355163,-0.0977219343185424,-0.0964035764336586,-0.0990696921944618,0.0529748387634754,0.1011525392532348,0.1010565757751464,-0.1008288338780403,0.088546335697174,0.0135493287816643,-0.0858575627207756,-0.1011522337794303,-0.1010229587554931,0.1010156348347663,-0.0775020867586135,0.0870111063122749,-0.1011382490396499,0.1011493578553199,0.100479781627655,0.1011528372764587,0.0477813817560672,0.1011528074741363,0.0745297521352768,-0.0957171693444252,0.0936877503991127,-0.0278685539960861,0.0903486609458923,0.0388753116130828,-0.1010844483971595,-0.1010173931717872,0.0456945858895778,-0.0979766771197319,0.0995168685913086,-0.1000946611166,0.0831514224410057,0.073646180331707,0.0735278874635696,0.0998291969299316,-0.1011483073234558,0.0813609436154365,-0.0104373162612319,0.0706325694918632,0.0590004548430442,-0.0868012085556984,-0.1008320450782775,-0.100842148065567,0.1003952398896217,-0.0310647971928119,0.098446600139141,-0.1004882976412773,-0.0979897379875183,-0.0828415006399154,-0.0178939942270517,-0.093258611857891,0.097430408000946,-0.0993559956550598,-0.0995105504989624,-0.0350721441209316,0.0925214663147926,-0.0493784360587596,0.0988090336322784,-0.0247000381350517,-0.0886225700378418,-0.0950245112180709,0.0993522405624389,-0.0995237231254577,-0.0117515083402395,0.0968181639909744,0.0104395505040884,0.0958143547177314,-0.0986892282962799,0.0949772298336029,-0.0995237529277801,-0.0992919728159904,0.0995184704661369,-0.0964845716953277,-0.0989267155528068,0.0595046654343605,0.0995237678289413,0.0994786173105239,0.0984868332743644,0.0914652720093727,-0.0659503489732742,0.038796167820692,0.0994637385010719,-0.0995226800441742,0.0994369760155677,0.0993885993957519,0.0688287168741226,0.0652860477566719,-0.0951343402266502,0.0995074212551117,-0.0995233431458473,-0.036057211458683,0.0965678319334983,0.0994930416345596,-0.086257517337799,0.0994570255279541,-0.0793128088116645,0.0992494896054267,-0.095584787428379,0.099231369793415,-0.0995226800441742,0.0983278006315231,0.0629268735647201,0.0994136109948158,-0.0895886644721031,0.0980491265654563,0.0995236039161682,-0.099514439702034,-0.0929058492183685,0.0985236167907714,-0.0970236808061599,0.0774741396307945,0.0983618795871734,-0.0004999336088076,0.0408133491873741,-0.0959682315587997,0.0985542982816696,0.0845314487814903,-0.0896670892834663,0.0992774069309234,0.0993441194295883,-0.0995237678289413,-0.0986934751272201,0.0161236654967069,-0.0995214506983757,-0.097310334444046,0.0995237231254577,-0.0994885340332984,0.0977284014225006,-0.0994591042399406,-0.0491414703428745,-0.0970806702971458,-0.0994710400700569,0.0485348440706729,0.0995232909917831,-0.0994086116552352,0.0987896174192428,-0.0993954539299011,0.0600182451307773,0.0995072647929191,0.0995235219597816,0.0995214954018592,0.0048074331134557,0.0040543554350733,-0.0202534720301628,0.0995110273361206,0.0697851404547691,0.0974385440349578,0.05203677713871,0.0995236933231353,0.0977435633540153,-0.0995231866836547,-0.094925120472908,0.0994149148464202,-0.0994786843657493,0.09952013194561,0.0989427119493484,0.0786650404334068,-0.0981823280453682,0.0868523567914962,0.0212577637284994,-0.0949545800685882,0.0995065718889236,-0.0962455496191978,-0.0573017746210098,-0.0955419391393661,-0.0994786098599433,0.0920540913939476,-0.0981520116329193,0.0991743355989456,-0.0924980416893959,0.0979901030659675,0.0941258817911148,0.0972758084535598,0.0675876885652542,0.0805952250957489,-0.0832952708005905,-0.0989944413304328,0.0995237529277801,0.0993060171604156,-0.0159377716481685,0.0577175728976726,0.1071474775671958,0.0573425702750682,0.1067660599946975,0.0609653778374195,0.10743148624897,0.0128904338926076,-0.0936238840222358,-0.1079985275864601,0.0799565836787223,0.0803994238376617,0.028424659743905,0.0161380525678396,0.0841911733150482,0.1077613607048988,0.0005021470715291,-0.1082215383648872,0.0774678364396095,-0.1069599315524101,-0.1059169769287109,-0.1070213392376899,-0.0350220054388046,-0.0821272656321525,-0.0315873883664608,0.0820351764559745,0.0276364535093307,-0.0469102263450622,-0.0689213499426841,0.0665924921631813,0.0904346480965614,-0.0416115224361419,-0.0947576686739921,-0.1082360222935676,-0.072110429406166,-0.1073848754167556,-0.1050178706645965,0.0801068767905235,0.1047780886292457,-0.1006311774253845,0.1081278845667839,0.0056622079573571,0.055373840034008,0.0435079857707023,-0.1081541404128074,-0.0670055449008941,0.106651097536087,-0.1064226999878883,-0.1081995517015457,-0.1068897768855094,-0.0786399468779563,-0.0272837840020656,-0.0423311814665794,0.0982588827610015,0.0658939927816391,-0.1018843352794647,-0.1079333573579788,0.1082343012094497,0.0989356637001037,-0.0723304972052574,0.1057313680648803,0.1082373857498169,0.1041394472122192,0.1022489517927169,-0.0579345561563968,-0.0925292149186134,0.1082167774438858,0.0827334374189376,-0.1010713279247284,0.1071638017892837,0.0768676623702049,-0.1066519245505333,0.074944257736206,0.1060393974184989,-0.0319343581795692,0.1062316596508026,0.1044823974370956,0.1078027710318565,0.0806660652160644,0.1077711284160614,-0.1074322611093521,-0.1044233366847038,-0.0387789346277713,-0.0993017330765724,0.1047874763607978,0.0293185953050851,0.1082362011075019,0.1082361862063407,-0.030431879684329,-0.1004650592803955,0.0168389584869146,-0.0976682677865028,-0.0642034262418747,0.1078304722905159,0.1072259545326232,-0.1043671146035194,-0.107470266520977,-0.1076141372323036,0.0645930990576744,-0.1078727096319198,0.0528599359095096,0.1024742871522903,-0.0368279479444026,0.1079664006829261,-0.0787375569343566,0.1067486926913261,-0.099242016673088,0.0955780148506164,0.0878541320562362,0.0726909264922142,-0.0591560862958431,0.0824365392327308,-0.1053849533200264,-0.1025145724415779,-0.1035817116498947,-0.1078391969203949,0.0897004827857017,0.0885118618607521,0.108237937092781,-0.1079763323068618,0.0733763352036476,-0.1047909706830978,0.0566359050571918,-0.1041023358702659,0.1081975698471069,0.0375355444848537,0.1055433601140976,0.017695240676403,0.1068016067147255,-0.0824594795703888,0.0055009294301271,0.0856704711914062,-0.1032478809356689,0.0207658763974905,-0.0305456984788179,-0.0331918038427829,-0.0352185070514678,0.1393496543169021,-0.0864539071917533,-0.0246039703488349,-0.1493775993585586,-0.0356754548847675,-0.0275340098887681,-0.1429376453161239,-0.0909968242049217,-0.1693762838840484,0.0584065839648246,0.070973165333271,-0.0224184114485979,0.0227836035192012,0.0244694706052541,0.0178883820772171,-0.0011186649790033,0.0519863776862621,0.0053917979821562,0.0269522089511156,0.0829228609800338,-0.0166469775140285,-0.1404464542865753,0.0419916361570358,-0.0425633266568183,-0.1210067793726921,0.1720443069934845,0.1697320640087127,-0.0461067222058773,0.0353974625468254,0.0719306543469429,0.1262982189655304,0.1679333001375198,0.1352927833795547,-0.0063238213770091,0.0753488093614578,-0.1584285050630569,0.0552304834127426,-0.0297767240554094,-0.0204999037086963,0.0712018832564354,0.0421596579253673,0.0634974911808967,0.0774294063448906,0.0788583755493164,-0.0275365058332681,-0.011976552195847,-0.0165170989930629,-0.0636507421731948,-0.0029243966564536,0.1675162613391876,0.0968727394938469,0.1331895738840103,-0.1006089299917221,-0.0751001313328743,0.0853508487343788,0.038426224142313,0.1172097474336624,-0.1473214030265808,-0.1117120385169982,-0.0456246137619018,-0.0095124896615743,0.0065356213599443,0.0748022571206092,-0.0203866474330425,-0.0388397276401519,-0.0344740860164165,-0.0613959841430187,-0.0039475858211517,0.1142669320106506,-0.0933806896209716,-0.1247739940881729,-0.0303067546337842,0.1040121838450431,0.1553294062614441,0.0087909903377294,-0.1742071956396103,0.0731127634644508,0.0654807984828949,-0.1110361516475677,0.1897074282169342,0.0998157858848571,0.0262663271278142,0.0202065072953701,0.1634837985038757,-0.1475212723016739,-0.095364823937416,-0.029473204165697,0.0718016698956489,0.1071732193231582,0.131588727235794,-0.0302197765558958,-0.1315965056419372,-0.0058722929097712,0.0238261297345161,0.044034045189619,-0.0828873738646507,-0.0800518319010734,0.0105934403836727,0.0561352334916591,0.0052325022406876,0.1475619673728943,-0.0858536586165428,0.103253424167633,0.0210303738713264,0.0835352763533592,0.0845471546053886,0.0062368102371692,0.0298317279666662,0.1415182203054428,0.1232004538178443,-0.1505526900291443,-0.1204699650406837,-0.0900065377354621,0.0482096634805202,0.0990290343761444,0.0353151708841323,0.0255993418395519,0.0183187965303659,0.1156567931175232,-0.045661836862564,-0.0109238484874367,0.1359923183917999,0.1491144597530365,-0.0874982327222824,0.1152707636356353,0.1232263967394828,0.145227774977684,-0.0878485366702079,0.1164224371314048,0.020629595965147,-0.0736652016639709,0.0560924783349037,0.0311954766511917,0.0677821263670921,0.070323422551155,0.0039306483231484,0.1081791818141937,-0.0485571548342704,0.0417490378022193,0.1075907498598098,0.0017408977728337,-0.0781505852937698,-0.0668687224388122,0.0251996703445911,-0.1202981695532798,0.1273827850818634,-0.047284048050642,-0.0216429214924573,-0.0912044569849968,0.1242836639285087,0.1483574509620666,0.0937402322888374,0.1019376665353775,-0.0714547410607338,-0.1316935718059539,0.0744296535849571,0.1400279849767685,-0.1232145875692367,0.1089618876576423,-0.1029729172587394,-0.1020942777395248,0.0760827809572219,-0.1124554648995399,-0.0951399803161621,0.0107433954253792,0.053999688476324,-0.0775794237852096,-0.0190756991505622,-0.0853518322110176,-0.1019292026758194,-0.0347635075449943,0.0623365566134452,0.1272229701280594,-0.1094790324568748,0.0582271963357925,-0.0031155538745224,-0.0692084059119224,-0.0254219006747007,0.1227353140711784,-0.0014975081430748,-0.1335494816303253,0.1144768968224525,-0.0014629509532824,0.1007215902209281,-0.1022946164011955,-0.0131082208827137,0.020651476457715,0.0582692734897136,0.0155570171773433,-0.0600664764642715,0.0675891414284706,-0.1210373193025589,-0.0573016144335269,-0.0592987388372421,0.0861952826380729,-0.0655164495110511,0.1356355547904968,-0.0093337511643767,-0.0540487729012966,0.0237136017531156,0.1235961765050888,-0.1013180762529373,-0.0981698259711265,0.1355319023132324,-0.1225736290216445,0.0480062291026115,0.0509649403393268,0.0377485379576683,-0.0930444225668907,0.1115481629967689,-0.0191692858934402,-0.0321953743696212,-0.1437164694070816,-0.0171934217214584,0.1482256054878235,0.0221454873681068,0.0052146157249808,-0.0616799928247928,0.0421858392655849,-0.067546434700489,-0.0060531515628099,-0.0543543919920921,-0.1317297220230102,0.1011525765061378,-0.0120755890384316,0.1098200380802154,-0.043930035084486,0.0866927132010459,-0.0430961698293685,0.0110262427479028,-0.1338506340980529,-0.0940322130918502,0.1455365121364593,-0.1344071477651596,-0.0445403642952442,-0.0483895391225814,0.1442696750164032,-0.042695440351963,0.126445397734642,0.0942054912447929,-0.1345297694206237,-0.1296497881412506,-0.0478746742010116,-0.0279511865228414,-0.004994623363018,-0.1251925826072693,-0.1302969008684158,0.0630769878625869,0.066701091825962,0.0683506876230239,-0.0876331999897956,0.0413562282919883,-0.1242762506008148,-0.0433558523654937,-0.00021315010963,-0.0839694738388061,-0.0800781473517417,-0.1244611069560051,-0.117919385433197,0.0576743595302104,0.0295174941420555,0.1087987795472145,-0.0730078518390655,-0.0344044938683509,0.0860032141208648,-0.1236272975802421,-0.0785564258694648,0.1108140721917152,-0.0899157747626304,-0.0677802711725235,-0.1115553975105285,-0.0934908911585807,-0.0917716473340988,0.080646313726902,0.1096734926104545,-0.1193877533078193,-0.0100312400609254,0.121718481183052,-0.1216885223984718,0.111050896346569,0.1021791324019432,0.0132168754935264,-0.0718015730381012,-0.0383453555405139,0.1093209460377693,0.0783498659729957,-0.1063479483127594,-0.0875476151704788,-0.1164174005389213,-0.1221821904182434,-0.1245835572481155,0.1109776198863983,0.119880810379982,-0.1031101569533348,0.1209582239389419,-0.1003002077341079,-0.0458056665956974,0.1214407756924629,-0.0808651223778724,-0.0134552605450153,0.0639232248067855,0.1139404624700546,0.024206081405282,-0.0257081147283315,0.1215333342552185,-0.0282899979501962,0.0359380729496479,0.0392095185816288,-0.0922145843505859,-0.0626347661018371,0.0675651058554649,-0.0908740609884262,0.0749130621552467,-0.1123286783695221,-0.019413836300373,0.0525263957679271,0.1201858669519424,0.0197381097823381,-0.0204339325428009,0.0048069930635392,0.1138832867145538,0.1003267616033554,-0.0624555945396423,-0.1146610379219055,-0.1055711284279823,-0.0214438904076814,0.0922244414687156,-0.073651485145092,-0.068076454102993,0.1152442693710327,0.1027896776795387,-0.1030405759811401,-0.1152777373790741,-0.1229250654578208,0.1028997078537941,0.0174043383449316,-0.075742982327938,0.1173732429742813,0.1243022233247757,-0.112608827650547,-0.0623392648994922,-0.0105399088934063,0.1140802055597305,0.0802914127707481,-0.1010955274105072,-0.0170464869588613,-0.1255131065845489,0.1077126637101173,-0.1155066937208175,-0.0973549485206604,-0.0226317681372165,-0.1176932826638221,0.1041760444641113,-0.1243870630860328,0.0571397170424461,0.1097840964794159,0.1194807365536689,0.0844977051019668,0.1242122128605842,0.0438436418771743,-0.0735837742686271,0.0822801813483238,-0.067729964852333,0.0047640143893659,0.0760397985577583,0.021591167896986,0.0970378667116165,0.028446976095438,-0.0759783610701561,-0.1214508488774299,0.0609744228422641,0.1159208491444587,0.0531186014413833,0.0585556253790855,0.0424901731312274,0.0918472558259964,ZJFLBMROBHRZJK-UHFFFAOYSA-N,OCCN1CCN(c2ccc(CO)nn2)CC1
-0.0968087241053581,-0.0714781358838081,0.1095765754580497,0.1041641756892204,-0.07968470454216,-0.0064403256401419,-0.0905426144599914,0.0607063360512256,-0.1055105328559875,-0.1076130792498588,-0.0885933116078376,-0.0782005116343498,-0.0689800679683685,-0.0745260640978813,0.1109103634953498,-0.0758918523788452,-0.0741054117679596,0.1061345636844635,-0.1045309230685234,0.105407103896141,-0.0868465080857276,-0.0954277962446212,0.109926052391529,-0.0050986655987799,0.1106671690940857,-0.0990754961967468,-0.0826900899410247,0.0493938960134983,0.0070091835223138,0.0464145764708519,-0.0611390173435211,-0.1070749014616012,-0.0883351415395736,0.0598787628114223,-0.1101152673363685,0.1080422103404998,0.0900483354926109,0.0975275188684463,0.0278976205736398,0.1076841130852699,-0.1109708547592163,-0.1109355762600898,0.0770506709814071,-0.0650365427136421,0.1108789071440696,0.1081190332770347,0.002284608548507,0.0750932469964027,0.1067263782024383,0.1047809347510337,-0.1043920516967773,-0.096555657684803,0.0222963448613882,0.0540754757821559,-0.1072704270482063,0.1108046248555183,0.1109577193856239,-0.0226214844733476,0.0753125250339508,-0.1090242937207222,-0.108857661485672,-0.0681658387184143,-0.0934218764305114,-0.0889879241585731,-0.0175986979156732,-0.0095162633806467,-0.0989902168512344,0.023325240239501,0.1056166216731071,-0.0413104519248008,-0.0031125214882194,0.1097249910235405,0.0359193682670593,-0.1049858033657074,0.1106137558817863,-0.1057844161987304,-0.1108389124274253,0.0863088443875312,0.0977707281708717,-0.0957746654748916,0.0995308011770248,0.1086813881993293,0.0976672247052192,0.0846480131149292,0.1102474704384803,0.0640745386481285,0.1085149124264717,0.0996874272823333,-0.1066091433167457,0.01119040325284,-0.0187605675309896,0.1067849993705749,-0.0491510927677154,0.1064386814832687,-0.0326247550547122,0.1021750718355178,-0.1110137328505516,0.1057138890027999,0.106021724641323,0.0921415090560913,-0.1095335111021995,0.0583270415663719,0.0360869504511356,0.1086397320032119,-0.1106330454349517,-0.1104891449213028,0.1095101088285446,0.1070555299520492,-0.0316784605383873,0.0870576947927475,0.0332693345844745,0.0879384726285934,-0.1066018342971801,0.0493010096251964,0.0927676036953926,-0.1106320396065712,-0.1105346977710723,-0.1110232323408126,-0.1099488735198974,0.1063675135374069,-0.0949457138776779,0.0808438435196876,0.0024393410421907,0.0512411780655384,0.0557521544396877,0.1106286942958831,-0.0448635481297969,-0.1009194031357765,0.0986105576157569,-0.0953937917947769,-0.0048193340189754,0.0982444658875465,0.0983636006712913,-0.0946752056479454,-0.0983206629753112,-0.0977764576673507,0.0986066162586212,-0.0985743105411529,0.0986064001917839,-0.098528042435646,-0.0984915196895599,-0.0570602379739284,0.0454013384878635,-0.018015868961811,0.0983257293701171,0.093820035457611,-0.0986107364296913,0.0328424796462059,-0.0007869958062656,-0.0985652431845665,-0.0986107364296913,0.0856762155890464,0.0985670834779739,0.0741497054696083,0.0977790877223014,-0.0985618084669113,-0.0984974429011344,0.0186245050281286,0.0966773331165313,0.0976328775286674,-0.0986107140779495,0.0986020043492317,-0.0620335713028907,0.0585797615349292,-0.0966954678297042,-0.0986107289791107,-0.0911433175206184,-0.0793438181281089,0.0909772887825965,0.0964776203036308,-0.0181100405752658,-0.0986107364296913,-0.0373199731111526,-0.0540317706763744,0.0475697629153728,-0.0617401488125324,-0.0986106023192405,0.0981735959649086,0.0986097455024719,-0.0986107289791107,-0.098564825952053,-0.0981125012040138,0.0983020514249801,-0.0984742119908332,0.0759644582867622,-0.0986107289791107,-0.0986105576157569,-0.0984250456094741,-0.0528388768434524,-0.0947242379188537,-0.098406046628952,0.035985343158245,0.0986107364296913,-0.0969944596290588,0.0333543345332145,0.0986106097698211,-0.0985982790589332,0.0986067727208137,0.0868915542960167,-0.0986107066273689,-0.0984779447317123,-0.0962768495082855,-0.0976546630263328,0.0986103117465972,-0.0047461963258683,0.0985670387744903,-0.0985475778579711,0.0864957347512245,-0.0986093059182167,-0.0949814245104789,0.0974822118878364,-0.098411276936531,-0.094094380736351,-0.0986102670431137,-0.0934750884771347,0.0986058339476585,0.0985729321837425,0.0985507220029831,-0.0984898954629898,-0.0985801741480827,-0.0980239957571029,0.0985834971070289,-0.0765227824449539,-0.0296282861381769,0.0985827147960662,-0.0986078009009361,-0.0320386327803134,0.0985955819487571,0.0984971448779106,0.0986107289791107,0.0985995307564735,0.0150770107284188,0.0945733189582824,0.098595380783081,-0.0270752422511577,0.0985969081521034,-0.0986107289791107,-0.0985952168703079,-0.0985053405165672,0.0980934351682663,-0.0392540618777275,-0.0975264310836792,0.0755428075790405,0.0962268039584159,-0.0985765755176544,0.0986042097210884,0.0985738560557365,-0.0978984609246254,0.0985937863588333,-0.0984871089458465,-0.0938360691070556,0.0980365797877311,0.0674388334155082,-0.0986100807785987,-0.0244828984141349,-0.0985691100358963,-0.1121960803866386,-0.1062204837799072,0.111463539302349,-0.0871335864067077,0.112935647368431,-0.106518305838108,0.0625078603625297,-0.1075037792325019,0.0300438404083251,0.1084909364581108,-0.1104529649019241,0.0519172176718711,-0.1118411123752594,0.0346496365964412,0.0501985400915145,0.1036336869001388,0.1119295284152031,0.0566265657544136,-0.008339773863554,-0.0525679104030132,-0.0073761488310992,0.0826256349682807,0.1104694008827209,0.0141743244603276,0.0688210576772689,0.097290463745594,-0.1061549559235572,0.1129140630364418,-0.0135144079104065,-0.1045380234718322,0.1123469993472099,-0.1122262179851532,0.1101786717772483,-0.1060612127184867,-0.1120763048529625,0.0728777796030044,-0.0576896145939827,-0.0698362067341804,-0.0919772759079933,-0.066141627728939,0.0490842424333095,0.1105639860033989,-0.0062492387369275,-0.1125881299376487,0.0055936858989298,0.089590273797512,0.011707454919815,-0.1129031479358673,0.1125196069478988,0.1010056659579277,-0.1010260358452797,0.1056969314813613,0.0728030502796173,0.0746082440018653,-0.1124007776379585,0.1078445836901664,0.1064613908529281,-0.0895348414778709,-0.1128861457109451,0.1122888028621673,0.0859671905636787,0.1128002777695655,0.112806037068367,-0.1022441536188125,0.0787812918424606,-0.1038503497838974,0.1121930703520774,0.0996611043810844,-0.0675415620207786,-0.0628935173153877,0.0348294526338577,-0.0939331948757171,-0.0127992983907461,0.0342788621783256,0.1001319661736488,-0.1059610247611999,0.0975987836718559,-0.0954764932394027,-0.1114621013402938,0.1041142120957374,-0.0025579002685844,0.1129112392663955,-0.0789933204650878,-0.065922312438488,-0.112282395362854,0.0787132829427719,0.1129397973418235,0.0398871749639511,-0.1118493154644966,0.0169264990836381,0.1129336655139923,-0.0953662395477294,0.110623262822628,-0.0022682200651615,-0.1024094820022583,-0.1121796667575836,0.1117874458432197,-0.0856498107314109,-0.070531241595745,-0.0448881424963474,-0.1114741414785385,0.0269371345639228,0.0821471735835075,-0.0521911159157753,0.087225042283535,-0.1061391830444336,-0.0349025577306747,0.0857544541358947,-0.1037768498063087,-0.0800676494836807,-0.0992242917418479,0.0330407135188579,0.0673509910702705,-0.1006802469491958,0.1128785535693168,-0.0537967383861541,0.0682343691587448,-0.1128964275121688,0.1128934323787689,-0.0284297782927751,-0.1120513081550598,0.0846205577254295,-0.0591180250048637,-0.0176887474954128,-0.1087083667516708,-0.1127660572528839,-0.089460976421833,0.0174318756908178,-0.0018531744135543,0.0341977290809154,-0.0537405870854854,0.1238425970077514,0.1144793555140495,0.0176906026899814,0.00471733789891,0.1492692232131958,0.1613319814205169,0.0021726856939494,0.0930889025330543,0.0178280733525753,0.0242324937134981,-0.1230078935623169,-0.038811270147562,-0.1280553340911865,-0.1521427184343338,-0.0161512903869152,0.0723767653107643,-0.0730140954256057,0.1285713464021682,0.1499144285917282,-0.1009490340948104,-0.0623623915016651,0.141062393784523,0.0222828332334756,0.0452449657022953,0.0467620827257633,-0.0649458765983581,-0.1443157345056533,0.0272688157856464,0.1421623080968856,-0.1222837567329406,0.1233433112502098,0.0424164831638336,-0.0186016093939542,0.0881405770778656,-0.0092948544770479,0.1544437706470489,0.1045159995555877,0.0175848323851823,0.0006842811126261,0.1086197197437286,-0.0395255535840988,-0.0186742208898067,0.0481028333306312,-0.0750986337661743,-0.1101327165961265,0.1224500313401222,0.056680291891098,0.0624553449451923,-0.116250142455101,0.149229884147644,0.0844201743602752,0.0747935473918914,0.0361956134438514,-0.1287887096405029,0.1159536764025688,-0.0015933420509099,0.095547966659069,-0.1475863456726074,-0.1337589919567108,-0.0427070073783397,-0.1314637959003448,0.0140132438391447,-0.1051269099116325,-0.0916641727089881,-0.0774691849946975,-0.0489282496273517,0.0304046105593442,0.0431045182049274,-0.1380704790353775,-0.0029698419384658,-0.1215623766183853,0.0538463927805423,0.0712223201990127,0.1143363788723945,-0.1087138429284095,0.0391990728676319,0.0156415048986673,-0.112626239657402,0.0793582573533058,0.0449060201644897,-0.1431566476821899,0.0485854856669902,0.1449602842330932,0.0642769709229469,0.1499688625335693,-0.0434406548738479,0.0045737936161458,0.0428674519062042,0.0943948477506637,-0.0308902636170387,0.1354241967201233,0.0084460023790597,-0.0277900602668523,0.1245662122964859,0.0611467212438583,-0.156648963689804,0.0290080457925796,-0.0873975902795791,-0.0132906045764684,0.135158509016037,-0.0518290065228939,-0.0256653167307376,-0.0151614220812916,0.1364808678627014,-0.001754886819981,0.128785952925682,-0.080285906791687,0.0398857556283474,0.1123808845877647,-0.0616936087608337,-0.0792178511619567,-0.0599266998469829,0.0112864198163151,0.063993364572525,0.1107368543744087,-0.0457750223577022,-0.1149072274565696,-0.04733682051301,0.0237568393349647,-0.0809345915913581,0.0412398017942905,-0.0025971888098865,-0.0509729608893394,0.1469691842794418,-0.0717003792524337,-0.0990325212478637,-0.0957043915987014,0.1449679434299469,-0.1294965296983719,0.0864078551530838,0.1184457167983055,0.0780173912644386,0.059633232653141,0.023134795948863,-0.0230165440589189,0.0353178605437278,-0.0387243703007698,0.1504870802164077,0.1301239132881164,0.003238430712372,-0.1267770379781723,0.1455464959144592,-0.0665628015995025,-0.1333458125591278,-0.1239796951413154,-0.1368236690759658,-0.1139663085341453,-0.0506538897752761,-0.096479445695877,-0.0935418531298637,0.1291039735078811,-0.1221053376793861,0.0788364708423614,-0.1372833997011184,0.1081225425004959,-0.0835835933685302,0.1503145843744278,0.0699486583471298,-0.0983690470457077,0.0213844161480665,0.0637111067771911,-0.0038670727517455,0.0543456524610519,-0.077639989554882,0.0493692830204963,0.0388336107134819,0.1475515365600586,0.0122015289962291,0.0823508128523826,0.0734804645180702,-0.0306929927319288,0.0460314415395259,0.1131840050220489,-0.0171288531273603,-0.096134565770626,-0.0196916293352842,0.0990472808480262,0.1469294279813766,-0.0981442779302597,0.1201854199171066,0.0668812617659568,-0.0288568213582038,-0.1090372428297996,0.0795667096972465,-0.0429588742554187,0.0314857549965381,0.1158732995390892,-0.1104448735713958,-0.0338210575282573,-0.0471234694123268,-0.0597787015140056,-0.0930140614509582,-0.0459313802421093,-0.1353668272495269,0.0801351368427276,-0.1113908514380455,-0.1068607047200203,-0.0647978782653808,-0.0617280937731266,-0.0106749618425965,0.0001853128778748,0.0864528268575668,0.0387609601020813,0.0313035547733306,0.0151215977966785,-0.1350856870412826,0.043657474219799,0.0489178374409675,-0.0288802478462457,0.0581718124449253,-0.1364773064851761,0.0738089904189109,-0.1144007816910743,-0.0317560844123363,0.1470987945795059,0.1073354110121727,-0.1153887808322906,-0.0501123443245887,0.07840546220541,0.0967177227139473,-0.0524150542914867,0.1106976717710495,-0.0471968166530132,0.0004464430967345,0.0691351071000099,0.0812936499714851,0.0710713118314743,-0.0630475282669067,0.0906078964471817,-0.011010923422873,0.10257438570261,0.0512998551130294,0.1145034953951835,-0.0872357636690139,0.020688684657216,-0.0420933179557323,0.0616444461047649,0.0711677521467208,-0.1023835837841034,0.1134287118911743,-0.0566696748137474,0.122535616159439,-0.1276812404394149,-0.072661317884922,0.0783928707242012,-0.1062762886285781,0.0924045071005821,-0.0518525540828704,-0.1489371359348297,-0.0566503517329692,0.12379752099514,-0.0799795910716056,0.0196422934532165,-0.0557093545794487,-0.0360416695475578,-0.0249191336333751,0.0552897155284881,0.0116247748956084,0.1358914673328399,0.1813736110925674,0.0946835428476333,0.0258023049682378,-0.1049637049436569,0.0633673593401908,0.0181663613766431,-0.0409864746034145,0.0263583902269601,0.0579301342368125,-0.0500629283487796,0.1402998268604278,-0.1038625314831733,-0.0634654238820076,-0.1069618314504623,0.1036237627267837,0.0942403003573417,-0.0536782331764698,-0.0821424275636673,0.0662840977311134,-0.0644932389259338,-0.0219271015375852,-0.0515852756798267,-0.0874782651662826,-0.0799634829163551,0.0707877799868583,0.1044250726699829,0.0852236226201057,0.0863067880272865,-0.0902630984783172,0.1548103988170623,0.1273907423019409,0.0522579886019229,0.0643492937088012,-0.0522769652307033,0.0449275784194469,-0.0429906584322452,-0.058792345225811,-0.1189697310328483,0.0352738574147224,-0.0624575689435005,0.1712825745344162,-0.0461443215608596,-0.0560709573328495,-0.0844300836324691,-0.1319150328636169,0.0985611826181411,-0.1176666244864463,0.0917390212416648,0.1287284344434738,-0.1514976769685745,-0.1076270267367363,-0.1135224476456642,-0.1071211025118827,0.1321929097175598,0.0757223591208458,0.0463529527187347,-0.0737920552492141,-0.0605746544897556,0.1215661168098449,-0.1197074875235557,-0.0082130534574389,-0.0518969073891639,0.0980269089341163,0.0101011162623763,-0.1364996433258056,-0.0575903877615928,0.0420446656644344,0.0497369766235351,-0.1300419867038726,-0.0054395329207181,-0.0666161105036735,-0.0317048467695713,-0.1008283495903015,0.0090901609510183,-0.0877177342772483,-0.1469906121492386,-0.0253076143562793,-0.1447905302047729,-0.1019821017980575,0.0600324049592018,-0.0478889569640159,-0.0327888019382953,-0.0586315914988517,0.0129234278574585,0.1475737988948822,0.0610509142279624,-0.1066587269306182,0.0658717453479766,-0.1070517897605896,-0.0265831220895051,-0.0209480263292789,0.0319046378135681,0.0334075316786766,-0.0436222106218338,-0.038695078343153,0.1343533396720886,0.0020473850890994,-0.1123545840382576,-0.0119616296142339,0.1368646770715713,-0.0752199813723564,-0.0395271629095077,0.0605305172502994,-0.0782885327935218,0.0261400770395994,-0.1669421941041946,0.1470041275024414,-0.0254888124763965,0.1313240677118301,-0.118794173002243,-0.0011019296944141,-0.0896446257829666,0.0301670338958501,-0.108447827398777,0.0567103214561939,0.1336280852556228,0.1836167275905609,0.0129338279366493,0.0296169016510248,-0.1192249953746795,0.0520058907568454,-0.1271399557590484,ZQSLNSHMUQXSQJ-UHFFFAOYSA-N,NCCc1ccco1
-0.0464764274656772,0.0132659757509827,0.0593240894377231,0.1080811768770217,-0.0921188592910766,0.0912065729498863,0.1081773415207862,0.0120168477296829,-0.0489787235856056,-0.0815835371613502,-0.1081716418266296,-0.0490642786026001,0.1061404049396514,-0.1065971106290817,0.1080800518393516,0.0362494960427284,0.02220313064754,-0.0212663263082504,0.1063321307301521,0.084022119641304,0.084706462919712,0.0976904034614563,0.0918789505958557,0.0930266603827476,0.0181373599916696,-0.1017492115497589,-0.1019707769155502,-0.1055706143379211,-0.1022090315818786,-0.1051488295197486,0.1057646721601486,-0.000449944549473,-0.0220004227012395,-0.0928104743361473,0.0733772665262222,0.1077045947313308,-0.106124922633171,-0.1053923517465591,-0.0807134136557579,0.1073837429285049,-0.0674327760934829,-0.108233593404293,0.0679884552955627,-0.0452087149024009,0.1052099168300628,0.1079406589269638,0.0052642486989498,0.1082339584827423,0.1080509349703788,0.070360243320465,-0.1079372018575668,0.1012986972928047,-0.0396476797759532,0.1020418405532836,0.0666049346327781,-0.0872300267219543,0.1070514544844627,-0.0846057832241058,-0.1039060205221176,0.1057721227407455,-0.108077734708786,-0.1082338765263557,-0.0614059902727603,-0.0559513978660106,-0.0859961062669754,-0.1001108065247535,0.0490191392600536,-0.1039723232388496,0.1082322001457214,0.1060012504458427,0.108006440103054,-0.1071581095457077,0.0804057642817497,0.108215294778347,0.1081447824835777,0.0808275043964386,-0.0907995104789733,-0.095985971391201,-0.0817174017429351,0.1081097275018692,0.0275721233338117,-0.1081996634602546,-0.1080903485417366,0.1078744679689407,0.0663479417562484,-0.1023875102400779,-0.0936668664216995,0.0413970053195953,0.1040617451071739,-0.0940354913473129,0.0170507933944463,-0.0645010247826576,-0.0003226630506105,0.1077849641442298,0.1082327291369438,-0.064424842596054,-0.0370204783976078,-0.0116310995072126,0.1075444519519805,-0.0142544144764542,-0.1080191507935524,-0.1075892001390457,-0.1055795550346374,-0.0940639525651931,-0.0906501784920692,0.1075431704521179,0.1076366975903511,-0.0912392288446426,-0.0397506393492221,-0.1011779457330703,0.0682871341705322,0.1065972745418548,0.0582662671804428,-0.0987667143344879,0.1061628088355064,-0.1082336530089378,-0.107920616865158,-0.1066143661737442,0.0162596516311168,-0.1070750430226326,-0.1081372424960136,0.0247163251042366,0.0903814435005188,-0.0895937159657478,-0.104499414563179,0.1029358059167862,0.0373960584402084,-0.1075386554002761,0.0942460820078849,-0.0908523201942443,0.0206986758857965,-0.1174985021352768,-0.0595378391444683,-0.0391461290419101,-0.1196700036525726,0.1075287461280822,-0.1195542514324188,-0.0730847865343093,0.009979248046875,0.0925156325101852,-0.1177617087960243,0.1139018461108207,-0.119392029941082,0.0960090830922126,0.1195567324757576,0.1106056943535804,0.0781332850456237,-0.1169471889734268,-0.074695885181427,0.0702721327543258,-0.1190070435404777,0.0566565282642841,0.0530178435146808,0.1192675083875656,0.0276077892631292,-0.1013202965259552,0.1180000379681587,-0.0789847671985626,0.1194025874137878,0.0434571020305156,-0.0007523608510382,0.0010096719488501,-0.00456357980147,-0.0958666503429412,-0.1185707375407219,0.1100611463189125,-0.0038855823222547,-0.1191462501883506,-0.0508744865655899,0.0684185922145843,0.0824166312813758,0.0862306132912635,-0.0614438913762569,0.0460536517202854,0.0509910099208354,0.1195150911808013,0.0964285731315612,0.0031478437595069,0.0203778482973575,0.0570175871253013,-0.0977979078888893,-0.0091571062803268,0.1023269966244697,-0.116060197353363,0.07964538782835,0.1197937279939651,0.0866238921880722,0.1179979667067527,-0.0706488639116287,0.1120455563068389,-0.0723863616585731,0.0742002576589584,0.0495582744479179,0.1042362749576568,0.1077561154961586,-0.1058752238750457,0.1079292297363281,-0.0315938778221607,0.0566085427999496,-0.0062840762548148,0.0856563821434974,-0.0226028244942426,0.0437157079577446,0.1197102442383766,-0.0521208830177784,-0.0682142823934555,0.0875492990016937,-0.0515962839126586,0.0946720615029335,-0.116208516061306,0.0546185597777366,0.0625331550836563,0.0279403869062662,0.1178149804472923,0.1174961850047111,0.0145207857713103,-0.1166604310274124,-0.1194881573319435,-0.0290089435875415,-0.1135620325803756,-0.0170079246163368,-0.1192366331815719,-0.094305507838726,-0.1157999411225318,-0.0933217033743858,0.0349818840622901,-0.1110717207193374,0.0826868042349815,-0.1102570593357086,-0.1109040454030036,-0.1190594658255577,-0.1052429527044296,0.0127676986157894,0.1193975508213043,0.0921876057982444,0.0988622233271598,0.1122212260961532,-0.0671364367008209,0.0938116461038589,-0.1047168672084808,0.1065580993890762,0.1074700057506561,0.0476576350629329,0.105183221399784,0.0581143423914909,0.041909284889698,0.1197606995701789,0.1081291809678077,-0.0280593391507864,-0.090579442679882,-0.0696114525198936,0.1013944000005722,0.1135509759187698,0.1052422225475311,0.1191803738474845,0.0357327163219451,0.0922293588519096,0.1020325347781181,-0.0472559109330177,0.0744472816586494,-0.1126379668712616,-0.1069049686193466,-0.0363996960222721,-0.0872606486082077,0.1124023050069809,0.0082490183413028,-0.1073548644781112,0.0159774478524923,-0.1126525029540062,0.1010001450777053,-0.0056058643385767,-0.0407333523035049,0.0427492186427116,-0.0998317897319793,-0.0059492569416761,0.0128115322440862,-0.1057970970869064,0.0855241864919662,0.0325582884252071,-0.109510563313961,0.1044033765792846,0.0899194106459617,0.0038836351595818,-0.0961528792977333,-0.0878648087382316,0.1118578612804412,0.1098980382084846,0.075437344610691,0.0946364179253578,0.08406313508749,0.0412445552647113,0.0379398129880428,0.0239211861044168,-0.0064942054450511,-0.0932132080197334,0.1129174530506134,-0.052163291722536,-0.0827273353934288,0.0875288397073745,0.0911066830158233,-0.1107829585671424,-0.0886071622371673,-0.095828503370285,0.0972737744450569,0.0400128066539764,0.0101902009919285,0.1119982153177261,0.1129195541143417,0.1129146143794059,-0.1079837158322334,0.112882487475872,-0.112220674753189,0.1125857532024383,-0.1030642539262771,-0.1017202362418174,0.0157225113362073,0.0794063955545425,0.1021095141768455,-0.1129064783453941,0.0982009470462799,0.106100358068943,0.1000239923596382,0.0579574108123779,0.1002417206764221,-0.1129065603017807,-0.1066775470972061,-0.1100786179304122,-0.1125651523470878,-0.1015059649944305,0.0311371069401502,0.1057205572724342,-0.069293275475502,-0.1047152057290077,0.0820378214120864,0.0291964877396821,0.1126626804471015,0.069111056625843,0.0528625920414924,0.0969120562076568,0.0781783536076545,0.1101925149559974,-0.0994478836655616,-0.0293023400008678,-0.10213303565979,-0.0347305126488208,-0.1012685224413871,0.1128977164626121,-0.0630253478884697,-0.1129037141799926,-0.0968194231390953,0.0412414669990539,-0.1123924106359481,0.105533480644226,0.0414269939064979,0.0271354354918003,0.1068915948271751,-0.1102360486984252,-0.1101705059409141,-0.0561094805598259,0.0856886282563209,-0.1128988415002822,0.1124881580471992,0.0817185416817665,-0.0915156751871109,-0.1128563806414604,-0.0092357592657208,-0.1110778674483299,-0.0998599752783775,0.0963680371642112,0.1129028871655464,0.1056341528892517,0.075734943151474,0.0418906472623348,-0.0773496925830841,0.0948616936802864,-0.1119464561343193,-0.0910427942872047,-0.1002649590373039,-0.1115661785006523,0.0989214554429054,-0.0326348952949047,0.0016044146614149,-0.0996651649475097,-0.0886158719658851,0.0931703746318817,-0.1035130843520164,-0.0364572666585445,-0.0752796381711959,-0.0723325759172439,-0.1059441268444061,0.0561331063508987,-0.0163162648677825,0.0910117179155349,-0.0581890009343624,-0.0969241484999656,-0.0050508114509284,-0.0970092713832855,-0.0539932996034622,-0.0342435725033283,-0.0281036756932735,-0.1491349935531616,0.0953107476234436,0.0904009267687797,-0.0662956908345222,0.0188616011291742,0.0835086703300476,0.1342556774616241,-0.0490125343203544,0.0068553648889064,-0.0160297751426696,-0.0889398008584976,0.0212102457880973,0.072236992418766,-0.0408378206193447,0.1037820652127265,0.0992505624890327,-0.1173214390873909,0.1064097732305526,0.1124323979020118,-0.072398841381073,-0.1159586384892463,0.0062522436492145,0.0428489372134208,-0.0240493491291999,0.1335465759038925,0.1184752583503723,0.1189465075731277,-0.1036023125052452,-0.0124712092801928,-0.0731618702411651,-0.0510847941040992,0.1181661039590835,0.0008043440757319,0.0405786298215389,-0.0240123178809881,0.0165840424597263,0.0126016410067677,-0.0114574758335947,-0.0696015954017639,-0.1195533573627471,0.0677577182650566,0.1187962740659713,0.0546997599303722,0.1381343156099319,0.0376428700983524,-0.0511663295328617,0.0805690363049507,-0.0584099031984806,0.1372088938951492,-0.0918248072266578,0.0179772991687059,-0.0801891312003135,0.1425887942314148,-0.0540833957493305,-0.123688131570816,0.1174795031547546,-0.0633940324187278,-0.0282582975924015,-0.068559929728508,-0.0446310304105281,0.1208500862121582,0.0650416687130928,-0.1383810192346573,-0.1141222640872001,0.066521905362606,0.0943260490894317,-0.1400621086359024,-0.1247246041893959,0.0249759014695882,0.0696489140391349,-0.1244717314839363,0.1474112421274185,0.1310529559850692,0.1327001899480819,0.0819310992956161,0.1448174118995666,-0.0955197215080261,-0.0769634246826171,-0.0998150780797004,-0.0168762244284153,0.1213013902306556,-0.0444387532770633,-0.0013896140735596,-0.1227286756038665,-0.0080915037542581,0.1024841368198394,-0.0046618618071079,-0.1189664155244827,-0.1275322586297989,0.061127234250307,0.0861184298992157,0.057656779885292,0.1184194535017013,-0.0492720082402229,0.1152361705899238,0.0377171151340007,0.0650693029165268,0.0741008222103118,-0.1333270668983459,-0.0426891967654228,0.0036123779136687,0.0582305341958999,-0.1387568712234497,-0.1427952051162719,-0.1023917123675346,0.1242073327302932,0.0168192349374294,-0.0148327704519033,-0.1118907332420349,-0.1410846412181854,0.1345714479684829,-0.0252279285341501,0.1365875452756881,0.1122912541031837,0.052586056292057,0.007648289669305,0.1419462114572525,-0.0621405504643917,-0.0872998014092445,-0.0747860893607139,0.1059508547186851,0.1167638376355171,-0.110678806900978,-0.0726634114980697,-0.099815048277378,0.0305580105632543,-0.1210014820098877,0.1061153560876846,0.0303288716822862,-0.0007303137681446,-0.1172330379486084,0.0388818755745887,-0.0014730066759511,0.0767339617013931,-0.0018397165695205,0.0110068023204803,-0.0876532047986984,-0.0651385635137558,0.0498442575335502,-0.0773859694600105,-0.0600865930318832,0.1155797690153122,-0.1035069376230239,-0.0782381147146225,0.0172158200293779,0.0536421127617359,-0.0763177052140235,-0.124955415725708,0.0925827920436859,0.1184691116213798,0.0319394879043102,-0.033217404037714,-0.0334886461496353,-0.0032453837338835,0.1008927598595619,0.0814247950911521,-0.1133863553404808,-0.1360611468553543,0.028711499646306,0.0054597761482,0.1076806709170341,-0.0333161279559135,-0.1350455433130264,-0.102966770529747,-0.1244721263647079,0.0167687125504016,0.119145318865776,-0.0120421862229704,-0.0448446832597255,-0.1038258448243141,0.0404198542237281,-0.1322235018014907,0.066916137933731,0.090715505182743,0.0881663262844085,-0.0252383276820182,-0.0316207110881805,-0.0732606574892997,0.0458613559603691,0.0905196070671081,-0.1310636848211288,-0.0508169792592525,-0.0081679355353116,0.0941653847694397,0.0431609600782394,-0.0043399976566433,-0.0668286681175232,0.048669796437025,0.1267832666635513,0.0036656472366303,0.1433484852313995,0.1118144914507865,0.0782531201839447,-0.1127860248088836,0.0987225845456123,-0.0944320857524871,-0.0725490450859069,0.0936255753040313,0.1262367814779281,-0.0617337599396705,-0.1021438613533973,-0.1184412539005279,0.1096943914890289,-0.1016525104641914,0.1147177591919899,-0.0692751929163932,0.0849237665534019,-0.0464073903858661,0.1300921738147735,-0.1242500692605972,0.004895363934338,0.0520931221544742,-0.1110129430890083,-0.0631561279296875,-0.1180432736873626,-0.0746204927563667,0.1178409084677696,0.0884144380688667,-0.0991170927882194,0.1407910883426666,-0.1307438611984253,-0.1154236495494842,-0.0786179974675178,0.067417673766613,0.117865651845932,-0.1158086657524108,0.0296971891075372,0.0339117310941219,0.1339307725429535,-0.0009862445294857,-0.0830286368727684,0.0839504301548004,0.1060011982917785,0.0653488188982009,-0.0789260789752006,-0.0961301773786544,0.1457597613334655,0.1220469027757644,0.0672373697161674,-0.0632571652531623,-0.0634510517120361,0.0580387599766254,-0.0397533699870109,0.1137604787945747,0.0772031471133232,0.0904938206076622,0.1689662635326385,0.1162808686494827,-0.1318591684103012,0.0253533385694026,0.0629928708076477,0.0125823756679892,-0.1489928513765335,-0.0867041870951652,0.0609861575067043,-0.0062176790088415,0.0838288068771362,-0.1317210495471954,-0.098376341164112,-0.1546182781457901,-0.0754155367612838,0.0897405818104744,-0.107842169702053,-0.0774282366037368,-0.0604617930948734,0.0429362989962101,-0.06866917014122,0.0146855739876627,0.1194590851664543,-0.0141892414540052,0.0884450897574424,0.0534994788467884,-0.0553733557462692,0.029233755543828,0.0324123129248619,0.1279005259275436,0.0273399446159601,-0.0597830154001712,0.05809823051095,-0.150423377752304,-0.0389579609036445,-0.0958959087729454,-0.0343945957720279,-0.0035340709146112,0.1161832883954048,-0.1067611724138259,0.152847558259964,0.0591855235397815,0.0909680426120758,0.0009969373932108,-0.1115507632493972,0.0492820180952549,0.0577892735600471,-0.0022888511884957,0.0930633321404457,-0.1563979685306549,-0.0107268560677766,0.0056339474394917,0.0217222496867179,0.0126380622386932,-0.068305879831314,-0.0715395435690879,-0.0725807175040245,-0.0903386920690536,0.0292919613420963,0.0329715609550476,-0.1017187014222145,0.0943620726466178,0.0216373093426227,-0.1304443776607513,-0.1131275966763496,-0.0316290259361267,0.0621432773768901,-0.0831592679023742,-0.1342954188585281,-0.1432464718818664,-0.1613913774490356,-0.0706178471446037,-0.0216448698192834,-0.1272347122430801,0.0442694015800952,-0.1572692245244979,0.0440319031476974,-0.0926346555352211,-0.0673263221979141,0.1575129479169845,0.0123143605887889,-0.0626624599099159,0.0064498106949031,-0.083686850965023,0.0776026770472526,0.0466085337102413,0.003395140171051,-0.0239144656807184,-0.1530027091503143,0.0711883753538131,-0.109611764550209,-0.0027379381936043,-0.1252137422561645,-0.0344547592103481,-0.0660493746399879,0.1593993604183197,0.0698040574789047,-0.0557512156665325,-0.0975775271654129,0.0019709940534085,-0.0853608921170234,-0.0132473409175872,0.0916113629937172,-0.0844364166259765,0.14936563372612,-0.098076045513153,0.1558470577001571,-0.0725442543625831,0.0239095836877822,0.0532272309064865,-0.1225780174136161,-0.1052450388669967,-0.0954520627856254,-0.0451153628528118,0.0968718752264976,0.1154367700219154,0.1529916524887085,0.0904398560523986,0.0304374396800994,-0.1338297426700592,0.0533331595361232,0.0262979641556739,ZJNOZSAZBBTJJY-UHFFFAOYSA-N,Cc1cc(C)c(NC(=O)Cn2nc3n(C)c(=O)c4c(c(-c5ccccc5)cn4C)n3c2=O)c(C)c1
-0.1081654280424118,0.0470521673560142,0.0026191796641796,0.1133922114968299,-0.0144014377146959,-0.1070712655782699,0.1122799292206764,0.091720275580883,0.0206987541168928,-0.0306273512542247,-0.0404492951929569,0.1065967977046966,0.1105970293283462,-0.112515851855278,0.1137072071433067,-0.0991269946098327,-0.1117684841156005,0.0789888054132461,0.1110020875930786,0.1099613010883331,0.0945073664188385,-0.0709430873394012,0.1059381663799285,-0.0156772620975971,0.1120702177286148,-0.1074407026171684,-0.0055072316899895,-0.0937292203307151,-0.1006828844547271,0.0043791094794869,0.1104502156376838,-0.007787846494466,0.0247075241059064,-0.0895386785268783,-0.0359375886619091,0.0936887562274932,-0.11092559248209,-0.0551565326750278,-0.0839613154530525,-0.0422869399189949,-0.0547221973538398,-0.1139242425560951,0.0594273246824741,-0.0749042108654975,0.1091179698705673,-0.027690052986145,0.0795788168907165,0.1138068661093711,0.1128463968634605,-0.1086646690964698,-0.112846128642559,0.0855593755841255,-0.0964468568563461,0.1139385551214218,0.0495398081839084,0.0698806643486023,0.1100679785013198,-0.1087338998913765,-0.1106690615415573,0.0800953954458236,-0.0943592265248298,-0.1132951602339744,-0.0014092660276219,0.1088844910264015,-0.1094132512807846,-0.0284424126148223,0.113188624382019,-0.0958874151110649,0.112487606704235,0.113412894308567,0.0461016036570072,-0.1138022094964981,0.0944032371044159,0.1132947951555252,0.1109319701790809,-0.0788712725043296,-0.0998837277293205,0.0929362326860427,0.1123860627412796,0.1130720525979995,0.0924164503812789,-0.0681661590933799,-0.0910695046186447,0.1016647070646286,-0.0902211517095565,-0.0786580815911293,0.0164324901998043,-0.0264998041093349,0.1100928410887718,-0.0793066024780273,0.1138848289847374,-0.0040163761004805,0.0383475050330162,0.0479633510112762,0.1139204949140548,0.1093666404485702,0.0043361689895391,0.0859154611825943,0.1126714050769805,0.0191003289073705,-0.0813025385141372,-0.1048985868692398,-0.0962688475847244,-0.0727612376213073,-0.1083609238266944,0.1082721725106239,0.0939223617315292,-0.0926187857985496,-0.0872364267706871,-0.0554871261119842,0.0848595276474952,-0.0812152251601219,-0.0036163311451673,-0.0932299420237541,0.1129227951169014,-0.1137823835015297,-0.113860860466957,-0.1109212487936019,-0.0738140642642974,-0.0265693683177232,-0.1134667918086052,0.0994431674480438,0.0281961765140295,-0.045402705669403,-0.1096656620502471,-0.0883549973368644,-0.0501404739916324,-0.0745041891932487,-0.0969168096780777,-0.0885442420840263,-0.0846987217664718,0.1000555530190467,0.0470262244343757,0.089271105825901,-0.099075973033905,0.0847082287073135,-0.0984371826052665,-0.0916178226470947,-0.100460760295391,-0.0549365207552909,0.0314582474529743,0.0780812725424766,-0.0979325845837593,-0.097812719643116,0.1003775894641876,-0.1001184955239296,0.0931181460618972,0.1004520431160926,-0.1002642661333084,0.1001221537590026,0.1002274826169014,0.1004667952656745,0.09682197868824,0.0986111760139465,-0.1004009023308754,0.025315772742033,0.1003074795007705,0.0218832977116107,-0.1002036854624748,0.1003164425492286,0.0996423214673996,0.0996987596154213,0.0849007070064544,-0.1004651561379432,-0.0348356701433658,-0.03921964392066,0.0943695977330207,0.1001617908477783,0.0970673337578773,-0.0556397326290607,0.0963091403245925,0.1002246439456939,-0.082883633673191,-0.0455970354378223,0.0995571762323379,0.0139285866171121,0.100466139614582,0.0359307304024696,0.1004229560494422,0.1004664972424507,-0.0966034010052681,0.1004667431116104,-0.0994681566953659,-0.0760144516825676,0.0986316427588462,0.1002368479967117,-0.1003006175160408,0.1003551185131073,0.035834290087223,-0.0090361237525939,0.0997224226593971,0.0942445173859596,0.0509524457156658,0.0484205745160579,0.1004629507660865,0.0946458876132965,-0.100466787815094,0.0843869745731353,0.0859459787607193,-0.1003942862153053,0.0273690558969974,0.1004667803645134,0.095869593322277,0.1004289165139198,0.0961611494421958,0.0997250825166702,0.0300809498876333,-0.1003882959485054,-0.0635322853922844,0.0985495820641517,-0.1004609242081642,0.1004456952214241,0.002673007780686,0.1004271432757377,0.1002240926027298,-0.0666619911789894,-0.0285275913774967,-0.0993152931332588,-0.0181446876376867,-0.0997930765151977,-0.090507760643959,-0.1004602760076522,-0.0961371436715126,0.0672107860445976,0.0998442396521568,-0.0854456201195716,-0.0998608544468879,0.1000738590955734,0.0861744508147239,-0.0910507142543792,-0.1001322865486145,0.0007695053354837,0.1002248749136924,0.0997862964868545,0.1003868654370307,-0.0998721793293953,0.1004058197140693,0.0990111082792282,-0.0998966544866561,-0.0998903885483741,-0.0914627313613891,-0.0940001532435417,0.0796195343136787,0.0929066389799118,0.0991438627243042,-0.0910871773958206,0.1004657819867134,0.0998014211654663,0.1001574099063873,-0.0734932273626327,-0.097058318555355,0.0372247286140918,-0.099035769701004,0.1004667952656745,0.0995126739144325,0.0716823264956474,0.1073973774909973,0.1052218079566955,0.1040123254060745,-0.0757342875003814,-0.1081751808524131,0.0631859451532363,0.1038988530635833,-0.1049245223402977,-0.1001157313585281,0.0079565122723579,-0.0619289577007293,0.0025034695863723,0.0044467658735811,-0.0338452979922294,0.0949646458029747,-0.0966156050562858,-0.1059658676385879,-0.0406227000057697,-0.0108950324356555,-0.0144474999979138,0.0225044935941696,0.0974551290273666,0.0999366492033004,-0.1047946587204933,0.1058536320924758,-0.0887907892465591,0.0643712505698204,-0.1081663221120834,-0.0926204174757003,-0.0739610567688942,0.0518901459872722,0.073690615594387,-0.1075420826673507,0.076477974653244,-0.0802904665470123,-0.0036393722984939,-0.1069067046046257,0.0036542899906635,-0.0922477468848228,0.1081741377711296,0.0871344432234764,-0.107255034148693,0.1070790886878967,-0.0597388744354248,-0.0917020514607429,-0.0628978535532951,0.0809604302048683,0.0978197827935218,-0.0962665975093841,-0.1061073690652847,0.1046398729085922,0.108163945376873,0.1074909046292305,-0.0617824494838714,0.1081758737564086,-0.0848986357450485,0.1081489101052284,0.0666358023881912,0.1004984974861145,-0.0902803242206573,0.1080309227108955,0.092791847884655,-0.1081732884049415,-0.0960382893681526,0.0552692040801048,0.1078735664486885,0.0953130051493644,-0.103445328772068,-0.0734491497278213,-0.1065228506922721,-0.1081600040197372,-0.0986157730221748,0.0903082713484764,0.1076722592115402,0.1031202301383018,-0.0562033206224441,-0.0881432220339775,0.0758247971534729,0.1080873757600784,0.1077170521020889,0.0930027589201927,0.1052908822894096,-0.103880375623703,0.1048129498958587,-0.0730533376336097,0.1030040234327316,-0.0830978825688362,0.1055921390652656,-3.085911157540977e-05,-0.0692145824432373,0.0986919477581977,0.0839743390679359,-0.1018026247620582,-0.1080939844250679,-0.0784405395388603,-0.037242617458105,-0.0788608938455581,-0.1070377007126808,0.1072236374020576,0.0969288125634193,0.018605537712574,-0.1012402400374412,0.0968921557068824,0.106672927737236,-0.1026263236999511,0.0097906403243541,0.1029302477836608,-0.0428456366062164,-0.1069817543029785,-0.0548413917422294,0.1043079197406768,-0.107157714664936,0.0606131553649902,0.108151651918888,-0.0736361443996429,-0.0206648502498865,-0.1070146411657333,0.1007816940546035,-0.0764036104083061,0.0816698670387268,-0.1080661863088607,0.106774166226387,-0.1050636544823646,0.1080514043569564,-0.0836070701479911,-0.0251196473836898,-0.0937692001461982,0.0198628846555948,-0.0257989354431629,0.1026249378919601,-0.088074691593647,0.0988499075174331,0.0646065324544906,0.0302967932075262,-0.0670015066862106,0.1733710765838623,0.0536135658621788,-0.0221324451267719,-0.0190871320664882,0.0854995101690292,-0.0356098227202892,-0.0530960112810134,0.0584036372601985,0.015462439507246,-0.1691193878650665,0.003130350029096,-0.0192866064608097,0.0734788626432418,0.1552046239376068,0.188641145825386,-0.0896903127431869,-0.1435728818178177,0.0475299209356308,0.1594658941030502,-0.1594268232583999,0.1102950870990753,0.0430336967110633,-0.0684715285897255,-0.0714635550975799,-0.0754216462373733,-0.1322879046201706,0.0634610503911972,0.054665420204401,-0.0031769550405442,-0.0763763040304184,-0.0206613317131996,0.0692406296730041,0.0168171487748622,0.1269837021827697,-0.0798313021659851,-0.0355588123202323,-0.0097207250073552,0.1451948136091232,0.0732784420251846,0.0012651584111154,0.0752433240413665,-0.0144493449479341,0.1129559278488159,-0.1120000407099723,-0.0976339504122734,0.0509704053401947,0.0966844484210014,0.097128190100193,0.0067368098534643,-0.0900544226169586,0.0351436473429203,-0.0064265565015375,0.088697537779808,-0.0058055161498487,0.1117878556251525,-0.1158515140414238,-0.102000817656517,0.1633793115615844,-0.0592217706143856,-0.0717296749353408,0.0551629774272441,-0.0657160058617591,-0.1185395419597625,-0.1677699089050293,-0.0020050995517522,0.1577633917331695,-0.0563040822744369,0.0426391549408435,-0.0815675631165504,0.0951874107122421,-0.0223897546529769,0.0043121026828885,-0.1509857475757599,0.1680642068386078,0.0121387345716357,-0.003734195837751,-0.0836099982261657,0.029623644426465,0.0114671215415,0.1153239384293556,0.0809107571840286,-0.0072505297139286,-0.0293033588677644,0.0784991532564163,-0.0591421201825141,-0.0047266050241887,-0.0535550080239772,0.1075192764401435,-0.0161507669836282,0.1346576809883117,-0.0311656817793846,-0.013939045369625,0.0037220523227006,-0.1128314360976219,0.109537124633789,-0.0047230147756636,0.0726859048008918,-0.059657983481884,-0.1729823797941208,0.0384814999997615,-0.0500800870358943,0.1430640369653701,-0.0771797820925712,-0.0805829912424087,0.1363815814256668,-0.000823302543722,0.031673863530159,-0.036881398409605,0.1331584900617599,0.1567054241895675,0.0965611413121223,-0.1220884621143341,-0.1252056956291198,0.0467791780829429,-0.0060535953380167,-0.0776823684573173,0.1152513846755027,-0.0482094138860702,0.1038680151104927,0.056285660713911,-0.0977602303028106,-0.1085951477289199,-0.0096069918945431,0.0813618972897529,-0.0160215087234973,0.1401694267988205,0.0123814009130001,0.138844683766365,0.0691626667976379,0.0834237337112426,0.0164156947284936,0.0045186136849224,-0.0704883560538292,0.03348109126091,0.0973612442612648,-0.1413974016904831,-0.0778302028775215,0.019906548783183,0.0875893756747245,-0.1465331614017486,0.0733839869499206,0.0252813175320625,-0.0533415973186492,-0.1344891786575317,0.0641342625021934,0.0572395697236061,0.0441953428089618,-0.1459171175956726,0.1014674231410026,-0.1409309208393097,0.065429575741291,0.0199210532009601,0.0698109045624733,0.1042986363172531,0.1301157176494598,0.147269070148468,-0.0507657267153263,-0.0008362923981621,-0.1153192669153213,-0.1360173523426056,0.0730788111686706,0.0164726357907056,0.0492430552840232,-0.1527926325798034,0.0255923029035329,-0.0976583734154701,-0.085213154554367,-0.1591306030750274,0.0198186133056879,0.0703471228480339,-0.0325036980211734,0.0563556142151355,0.0559217445552349,-0.0696990042924881,0.0846405327320098,-0.0087611246854066,-0.1068600416183471,-0.0275345519185066,0.0004317444982007,0.1263615489006042,-0.0473593026399612,-0.0261231120675802,0.0945813581347465,0.0187785141170024,0.0873982682824134,-0.112249419093132,0.0109826801344752,0.0803842023015022,0.0684021264314651,-0.0425177551805973,0.1672143191099167,-0.0600553452968597,-0.0569458343088626,-0.123352013528347,0.0397727750241756,0.1206283122301101,-0.1583296954631805,0.0610930658876895,-0.0082190008834004,0.106260746717453,0.1330958008766174,-0.0250897221267223,0.0386736281216144,0.0780466645956039,0.0641824528574943,-0.0241326726973056,-0.0293233767151832,0.0960876941680908,-0.105582483112812,-0.0814306959509849,0.0784271657466888,0.137567326426506,-0.0062133180908858,-0.1851378381252288,-0.0725053176283836,0.0931454971432685,-0.1060478761792182,0.0783872008323669,-0.1093289405107498,0.1296571493148803,-0.0377749390900135,-0.0976115465164184,-0.0282000415027141,0.0662235468626022,0.1268462240695953,-0.0720587074756622,0.0235612373799085,-0.0136425271630287,0.0530970059335231,0.1096056178212165,-0.11052156239748,-0.1300245970487594,-0.0482097193598747,0.1572855114936828,-0.0544016398489475,0.0263153985142707,-0.0102266268804669,0.1843126118183136,-0.1498950272798538,0.0415058769285678,0.0541981123387813,-0.113336943089962,0.0368113182485103,0.0396197959780693,-0.026324214413762,-0.0320702455937862,0.137059599161148,-0.0883760973811149,-0.0523396618664264,0.052119854837656,0.105243980884552,-0.0091918921098113,0.0838881134986877,-0.0398759469389915,0.1520762741565704,0.158128410577774,0.1371714323759079,-0.1362680792808532,-0.1073896810412406,0.1281142383813858,-0.0357166454195976,-0.1517541855573654,0.030026763677597,-0.0093948785215616,-0.0181351955980062,0.0556129701435565,-0.1417919993400573,-0.0910171195864677,-0.1235702782869339,-0.1163251399993896,0.005700213368982,-0.0565275810658931,-0.0921062231063842,-0.0453898683190345,0.0790027976036071,0.0695479214191436,0.0104820318520069,0.0642386302351951,-0.0139637719839811,0.0363805368542671,0.0394320525228977,-0.0011283485218882,-0.0444062650203704,0.0631311312317848,0.0523005872964859,0.099555991590023,-0.0501880683004856,-0.0179103054106235,-0.109788604080677,-0.0014195189578458,-0.0692010596394538,-0.0914260894060134,0.1218507587909698,0.153140515089035,-0.1542043685913086,0.1723975539207458,0.0292623899877071,0.0048712529242038,0.1127808019518852,-0.0621950179338455,0.1200508922338485,0.0638153851032257,0.0135917430743575,0.0069440142251551,-0.1363300830125808,0.0650876685976982,0.0231677182018756,0.013022119179368,0.0634302943944931,-0.103268876671791,-0.1300907880067825,-0.1111213043332099,-0.0736317634582519,-0.0086447410285472,0.0601425617933273,-0.085231639444828,0.0743719935417175,0.0969674587249755,-0.0654530823230743,-0.0987305045127868,0.0141522074118256,0.0940400958061218,-0.0175498649477958,-0.1313886940479278,-0.1312454491853714,-0.1747759282588958,0.027761111035943,0.0413196273148059,-0.0237542744725942,0.0637596547603607,-0.0754570662975311,0.1170332804322242,-0.0045903977006673,-0.064091607928276,0.1386624127626419,-0.0002792268933262,-0.129929706454277,-0.0772482082247734,-0.0113719133660197,0.0934321954846382,-0.0778306722640991,0.0433378703892231,-0.0108294514939188,-0.1316640526056289,0.0517518632113933,-0.1199118569493293,-0.0683265179395675,-0.0688145086169242,-0.0177464187145233,-0.1229258850216865,0.1163453012704849,0.0404671467840671,-0.0381139889359474,-0.0112574752420187,-0.0860881730914115,-0.1112322062253952,-0.0982517078518867,0.167209967970848,-0.1031774505972862,0.1620484739542007,0.0034103784710168,0.1226876303553581,-0.0679681003093719,0.0356410145759582,0.0378985852003097,-0.0351014100015163,-0.109776571393013,-0.1072760373353958,0.0514074377715587,-0.0145412078127264,0.0228630825877189,0.1561125069856643,0.074707306921482,0.1236467286944389,-0.0454956442117691,-0.1201100498437881,0.1092110276222229,XEAFRMPZWOOWKC-UHFFFAOYSA-N,Cc1cccc(Oc2nccn3c(=O)n(CC(=O)N4CCN(c5ccccc5F)CC4)nc23)c1C
-0.0947423353791236,0.1004175841808319,-0.0111483326181769,0.091415524482727,-0.0928330644965171,0.0669549852609634,0.102215364575386,0.0636134073138237,-0.0796846523880958,-0.0633373260498046,-0.1020771116018295,0.0971238315105438,0.1021750196814537,-0.101631112396717,0.1020975783467292,-0.0651490166783332,-0.0956890508532524,0.0052103484049439,0.0851980000734329,-0.084498256444931,0.0978428050875663,0.0132518131285905,0.10190961509943,0.0800155624747276,0.0972011089324951,-0.0883647873997688,-0.0745842233300209,-0.1013708114624023,-0.0855422914028167,-0.0884105116128921,0.102095291018486,-0.0539993979036808,-0.1008994802832603,-0.09657683968544,0.0703961476683616,0.1021691039204597,-0.1020359769463539,-0.101083755493164,-0.0828827247023582,0.1014485731720924,-0.0838005915284156,-0.10223338752985,-0.0190972853451967,-0.0942443013191223,0.1013139113783836,0.1017833724617958,-0.0163204073905944,0.1022333726286888,0.1022053062915802,0.0603612884879112,-0.1022313833236694,-0.0300813280045986,0.0659981593489646,0.026960676535964,-0.096728503704071,0.0950364544987678,0.1021966263651847,-0.090581439435482,-0.1018892005085945,0.0993614420294761,-0.1022211909294128,-0.1022333204746246,0.0435247793793678,-0.0563368611037731,-0.0953127816319465,-0.0336195528507232,0.0962872505187988,-0.0968280211091041,0.102233201265335,0.1012626215815544,0.1015625298023223,-0.1021113619208335,0.0954834446310997,0.1022308617830276,0.1022296547889709,0.0199783239513635,-0.0986222103238105,-0.0957708805799484,0.0967543199658393,0.1022286638617515,0.0851819887757301,-0.102215364575386,-0.1014551669359207,0.1021592319011688,0.0393807031214237,-0.0901808962225914,-0.1010914370417594,-0.0963481217622757,0.1003321185708046,-0.089440993964672,0.0774666294455528,0.0552730187773704,0.0548798590898513,0.1021275296807289,0.1022331789135932,0.0662489086389541,-0.0222726613283157,0.0393871553242206,0.1014992594718933,-0.0516724176704883,-0.1011854410171508,-0.101976990699768,-0.1021837517619133,-0.1016784235835075,-0.1013332083821296,0.0963805392384529,0.0979311242699623,-0.092068612575531,-0.1001759618520736,-0.1013899967074394,-0.0970799550414085,0.0982718914747238,0.0707762613892555,-0.0095293829217553,0.0945465713739395,-0.1022333726286888,-0.1021659523248672,-0.1022282540798187,-0.0922097489237785,-0.1017564907670021,-0.1021565869450569,-0.0685491263866424,-0.0369859337806701,-0.1008221358060836,-0.0992209315299987,0.1008448228240013,0.0755565539002418,-0.102133922278881,0.1060450077056884,-0.0986620187759399,0.0503697097301483,-0.0752550661563873,0.076377622783184,-0.1001117974519729,-0.1162698790431022,0.0418392866849899,-0.1160174533724784,0.0457022488117218,-0.1056656315922737,0.0158150568604469,-0.0611164197325706,0.1035528779029846,-0.1059441193938255,0.0023034417536109,0.1162944212555885,0.1052697002887725,0.0275641921907663,-0.0849317386746406,-0.1107866466045379,0.0593704245984554,-0.1056718677282333,0.1018452271819114,0.1084163784980773,0.0942410081624984,-0.1038578525185585,-0.1116992086172103,0.1063027754426002,0.0477608740329742,0.1132154017686843,-0.0174934733659029,-0.0574408657848835,0.1057237163186073,-0.0676287859678268,-0.1129043623805046,-0.1132092550396919,0.0749138593673706,0.0908744037151336,-0.1075514256954193,0.1022471338510513,0.0761918276548385,0.1085436567664146,0.1078096255660057,-0.1030283272266388,0.0430991016328334,-0.0518108792603015,0.1124930903315544,0.1104277893900871,0.0256249960511922,0.0896939635276794,0.1018118038773536,-0.0756454616785049,0.0992066338658332,0.1133688166737556,-0.1025395020842552,-0.0179086960852146,0.1159597560763359,-0.0702463164925575,0.1127083972096443,-0.1093804761767387,0.115228846669197,0.0207630190998315,0.0479043908417224,-0.0201476234942674,0.0981185659766197,0.1160501316189765,0.0929905995726585,0.0107673201709985,0.0938017219305038,-0.0783903002738952,-0.0721481665968895,0.0778470858931541,0.1116986945271492,0.0986104533076286,0.1164137572050094,0.0769107937812805,0.0383893698453903,-0.0222005732357502,0.0145631581544876,0.0889389812946319,-0.1002451479434967,0.0106543581932783,0.0795213356614112,0.0696272328495979,0.1161701381206512,0.1086572036147117,0.0769591704010963,-0.0959628745913505,-0.1148326098918914,0.0641168281435966,-0.0667986199259758,-0.0571737252175807,-0.1162829250097274,-0.0633881166577339,-0.0937160700559616,0.1134683042764663,-0.06980462372303,-0.0995870754122734,0.100475899875164,-0.0699122250080108,-0.1080638244748115,-0.101229578256607,-0.1081796884536743,0.0215161126106977,0.1161914393305778,0.1154975667595863,0.0649440959095954,0.106405109167099,0.0717919841408729,-0.0050139864906668,-0.0594217590987682,0.0789868310093879,0.0263639278709888,0.0264677554368972,0.1043315902352333,0.0921045988798141,-0.0686185508966445,0.1165446862578392,0.1162115558981895,0.1102032884955406,-0.1125956773757934,-0.1078007891774177,0.0523781478404998,0.0441271960735321,0.113972820341587,0.115952581167221,0.0433885753154754,-0.0250176228582859,-0.0671927854418754,-0.0505710244178772,0.0401241295039653,-0.1056342422962188,0.1039217412471771,-0.0596138164401054,0.0659041777253151,0.1039832308888435,-0.0815837383270263,-0.1027699783444404,0.0979686006903648,0.0071975127793848,0.0798272714018821,0.105456918478012,-0.0968717858195304,-0.045045256614685,-0.1055728644132614,0.0124699268490076,0.0314504355192184,0.105625957250595,0.105333887040615,0.105582907795906,-0.1042950525879859,0.0379801616072654,0.1049680337309837,-0.0093198549002408,-0.1056318879127502,0.0704343244433403,0.017082005739212,0.0955695807933807,-0.0178398545831441,-0.0702145844697952,0.1052905768156051,0.098152108490467,0.0731954351067543,-0.1042445674538612,-0.1055697724223136,0.0562133565545082,0.1056375354528427,-0.0964815840125083,-0.1052381098270416,-0.058896105736494,-0.1015306115150451,-0.1041684076189994,-0.1041823998093605,0.0789011195302009,0.1056299731135368,0.0663965418934822,-0.1056372225284576,0.1056088805198669,0.1056374907493591,0.1056374981999397,-0.1018411293625831,0.1056375354528427,0.0089354300871491,0.0956330448389053,0.0936383455991745,0.1052656024694442,0.0846815928816795,0.1055977195501327,0.1056078001856803,-0.1056375578045845,-0.06684160977602,-0.0778063535690307,0.0154293784871697,0.0825736969709396,0.0989592671394348,-0.1056312471628189,-0.1055437996983528,-0.1046827435493469,-0.1054249629378318,-0.1054843962192535,0.0539592616260051,0.1049983650445938,-0.0935548469424247,-0.0876836702227592,-0.0906300619244575,0.1050634607672691,0.1056375429034233,0.1056130230426788,0.1052613258361816,0.019863111898303,0.1050482541322708,0.0804516598582267,0.0045026065781712,-0.1055217534303665,0.1000862419605255,0.0989207848906517,-0.1047420278191566,0.1056275814771652,0.044339619576931,-0.1056266501545906,-0.1056279838085174,-0.1053454726934433,-0.1050614491105079,0.0920944884419441,-0.0136751728132367,-0.0083729233592748,0.1056290939450264,-0.0548456124961376,-0.1046617180109024,0.0976597294211387,0.1036707460880279,-0.1056375354528427,0.0525914616882801,0.1052432283759117,0.0307856723666191,-0.1056141406297683,0.092021107673645,-0.0527920946478843,-0.06300600618124,0.1044472604990005,0.1056375131011009,0.0782979950308799,-0.0758552774786949,-0.1026103869080543,-0.1055334657430648,0.021283134818077,-0.0227154064923524,-0.1056367829442024,0.1056067645549774,-0.1056226640939712,0.1056130230426788,-0.0949925780296325,0.0654399618506431,-0.0873978957533836,0.0805250257253646,0.1144119128584861,-0.127866730093956,0.0721718221902847,-0.0608221255242824,-0.087643377482891,-0.0066698007285594,0.0698375180363655,0.0924532935023307,0.1069040596485138,-0.1252998560667038,0.077164277434349,-0.0731460973620414,-0.1095670163631439,0.0149058932438492,0.0143150174990296,0.0440081916749477,-0.1793999969959259,-0.0211755763739347,0.0163824595510959,-0.1208563968539238,-0.0028605922125279,-0.0276162084192037,0.0635219663381576,0.0087211765348911,0.0210205111652612,0.0016069347038865,-0.1348433345556259,0.0166000500321388,-0.0598514378070831,0.0027151240501552,0.1278733909130096,0.0934937819838523,-0.1438159942626953,0.1345219016075134,0.105456605553627,-0.1124942600727081,-0.0896721631288528,-0.1272011846303939,0.081180952489376,-0.0131803760305047,0.1288367360830307,-0.0159107036888599,0.0508400611579418,-0.0185445081442594,-0.0480612255632877,-0.0662519931793212,0.0754783004522323,0.0848641246557235,0.130915954709053,-0.0320382565259933,0.0020926326978951,0.0593255795538425,0.0050560608506202,0.0674033239483833,-0.0523047968745231,0.028290569782257,-0.05561089143157,0.0353421568870544,0.113286517560482,0.1390478163957595,-0.1207074746489524,-0.0899324491620063,0.116491287946701,0.0646392181515693,0.1239871829748153,-0.1288255155086517,0.0383764840662479,0.0134062133729457,0.1252025514841079,-0.0872793868184089,-0.0776401311159133,0.0258691739290952,-0.1051612868905067,-0.0499987229704856,-0.1376650035381317,0.0565978586673736,0.1242713034152984,-0.0393966250121593,-0.0688636749982833,-0.072937436401844,0.0595503039658069,0.0079322941601276,-0.1011338531970977,-0.159741997718811,0.0484630577266216,0.0429292097687721,-0.0750895664095878,0.1750394105911255,-0.0268822703510522,0.1228493154048919,-0.0333428680896759,0.1422057002782821,-0.0126859322190284,0.0498927794396877,-0.0965506583452224,0.0387322679162025,0.1325831860303878,0.046241920441389,-0.0174652524292469,-0.1091511249542236,-0.0046805860474705,0.1156502738595008,0.0070284837856888,-0.0662390440702438,-0.1410405188798904,-0.1021074876189231,-0.031915545463562,-0.0286677274852991,0.1481359601020813,-0.085662692785263,0.0893733128905296,0.0675356611609458,0.1293105632066726,0.09463981539011,-0.1006975769996643,0.0772072970867157,0.0979762449860572,0.0809920579195022,-0.0984232202172279,-0.1157940179109573,-0.0818206146359443,0.1158377304673194,0.1109406501054763,0.1111504957079887,-0.0112960999831557,-0.1071249172091484,0.1252889186143875,-0.1199924498796463,-0.0619569942355155,0.055713701993227,0.1378241628408432,-0.0972692891955375,0.0769530162215232,0.0982194915413856,0.1413425952196121,0.0803326740860939,0.0236262045800685,0.0207292102277278,-0.0033025043085217,-0.0448430702090263,0.1421619206666946,0.1076102629303932,-0.1160265207290649,-0.0857612118124961,0.0527846589684486,0.0330940522253513,-0.1196219325065612,-0.0503703542053699,-0.1271656453609466,-0.1430837959051132,-0.1368283033370971,-0.067482016980648,-0.1288601458072662,0.1347292065620422,-0.118774801492691,0.1058497056365013,-0.1515842527151107,0.0968586429953575,-0.0384831316769123,0.1206743344664573,0.1136964932084083,0.0118394223973155,0.1392667889595031,-0.0246866066008806,0.0161670837551355,0.036540251225233,-0.0528287142515182,0.0844006240367889,0.1214227005839347,0.1224453300237655,-0.1284456998109817,0.0259122177958488,0.0512276403605937,0.0269731078296899,-0.0570169016718864,0.0583956986665725,0.0462020859122276,-0.0866675451397895,0.0624180473387241,0.1336649656295776,0.0302518345415592,-0.0428781136870384,0.1091645509004592,-0.0313893593847751,-0.1173867732286453,-0.0574013590812683,-0.0116354562342166,-0.0231999270617961,-0.0626511424779892,0.0741334781050682,0.0041111777536571,0.1053722575306892,-0.1080052256584167,-0.059546735137701,-0.0806655660271644,0.0165594480931758,-0.0908345654606819,0.1250945329666137,-0.1177762746810913,-0.0236198008060455,-0.0994187071919441,0.0251593273133039,0.1292279660701751,-0.1133045703172683,0.1022662669420242,0.0722250267863273,0.1050878316164016,0.1050870642066001,-0.0989852175116539,-0.0417230576276779,0.0395419560372829,0.0826369524002075,-0.0079673053696751,-0.1328171342611313,0.1178257018327713,-0.1297658532857895,-0.0482934452593326,0.1328821033239364,-0.0507020130753517,-0.0442445762455463,-0.1447974443435669,0.0385701693594455,0.101825825870037,-0.0471906512975692,0.1078603938221931,-0.1210277006030082,0.0391655266284942,-0.0533118396997451,-0.0674677118659019,-0.0606106519699096,-0.0338451638817787,0.0665013045072555,-0.0457517206668853,0.0841225534677505,0.095288261771202,0.0730038434267044,0.0339368768036365,-0.0575537793338298,-0.140599638223648,0.0148403933271765,0.1199609488248825,-0.0350470058619976,0.0890598148107528,0.0739853978157043,0.1472075432538986,-0.1235830783843994,-0.0489833652973175,0.0488983988761901,-0.0965402126312255,0.1037579253315925,-0.1085370108485221,-0.1350293457508087,-0.0484619103372097,0.0579235404729843,-0.0568712167441844,-0.0516733564436435,0.026172587648034,0.030295131728053,-0.0183738712221384,-0.0114196157082915,0.092646449804306,0.1000573709607124,0.1332722753286361,0.1102673560380935,-0.1322486996650695,0.0517574176192283,0.0099035678431391,-0.0943168029189109,-0.1316837668418884,-0.0567067116498947,-0.0799147486686706,-0.0517591945827007,0.0687198638916015,-0.1151037961244583,-0.117106057703495,-0.1324751079082489,-0.0898748338222503,0.0664171651005745,-0.1301595866680145,0.0368167757987976,-0.0857186242938041,0.122875764966011,-0.1098817363381385,0.0929319858551025,0.1080475077033042,0.0518694557249546,0.0857869163155555,-0.0608462877571582,-0.0829035937786102,-0.0275343097746372,0.0053803394548594,0.044015783816576,0.0646103918552398,-0.0951336398720741,-0.0525309965014457,-0.1229038387537002,-0.0172424484044313,-0.0992084145545959,-0.0638339221477508,0.0606127940118312,0.1104488596320152,-0.131395548582077,0.0622256323695182,0.0525913089513778,0.1287160813808441,-0.116322323679924,-0.0361942164599895,0.0970835536718368,0.0752020105719566,-0.0178489442914724,0.1140262931585311,-0.1319806575775146,-0.0842998623847961,0.1135159134864807,0.0100083909928798,-0.0338890813291072,0.0621238835155963,-0.1038481891155242,0.008783746510744,-0.1271627843379974,0.0970049872994422,0.1088823303580284,-0.1136202365159988,0.0936284586787223,0.0058355904184281,-0.1227714866399765,-0.0079878671094775,-0.1099534258246421,0.0076591209508478,0.0600331425666809,-0.1153240501880645,-0.1165149062871933,-0.1198386177420616,-0.0206766296178102,-0.0714415460824966,-0.0579277090728282,-0.1094826459884643,-0.0901723355054855,-0.1006856933236122,-0.0419674590229988,-0.0712536349892616,0.1019825041294097,-0.0053572775796055,-0.1170078814029693,0.0337384231388568,-0.0805462449789047,0.1244245991110801,-0.048354122787714,-0.068081259727478,-0.0410592295229435,-0.1172065436840057,0.080038383603096,-0.1087249293923378,0.0477460697293281,-0.1021217107772827,-0.1054830998182296,-0.1238905861973762,0.1295077800750732,0.087248608469963,-0.042281087487936,-0.1235344037413597,0.109865628182888,-0.055819533765316,-0.0416900105774402,0.1209040805697441,0.0852974355220794,0.1035397201776504,-0.129216119647026,0.106239229440689,-0.0614465698599815,-0.0571309141814708,-0.0628161281347274,-0.1157894507050514,-0.0381047464907169,0.0342850759625434,-0.1166239902377128,0.1285825967788696,0.0854500904679298,0.1161196157336235,-0.0104512767866253,0.1013486683368682,-0.1094603538513183,-0.0114486999809741,-0.1023878902196884,HXTDHSJAZMVDJG-UHFFFAOYSA-N,N#CCn1nc2n(CCC(=O)NC3CCCCC3)c(=O)c3ccccc3n2c1=O
0.1054654940962791,-0.1092735603451728,0.0698022618889808,0.1093026399612426,0.0877863839268684,0.1087687388062477,-0.0353733375668525,-0.0758885741233825,-0.0673275142908096,-0.109178327023983,0.0286943167448043,-0.1034470498561859,-0.10694320499897,0.1077983006834983,0.0773628056049346,-0.1081600412726402,-0.0517391860485076,-0.1036829948425293,-0.0992924198508262,0.1092360466718673,0.1018875688314437,-0.0942615196108818,-0.1091125831007957,0.0766620188951492,0.099571868777275,0.1092162355780601,0.0954732671380043,-0.0935163497924804,0.0469930283725261,-0.0452178716659545,0.0057010846212506,0.102048248052597,-0.1068295389413833,-0.1066433489322662,-0.1089460253715515,-0.1003760248422622,0.1051527485251426,0.0734532475471496,0.0932089537382125,0.0861503779888153,0.1028131917119026,-0.0932982265949249,-0.0801215842366218,-0.0364816673099994,0.1002166047692298,0.100850410759449,-0.1037509441375732,0.1091338768601417,-0.108590267598629,-0.0973008200526237,0.031619805842638,0.0997852087020874,0.015983136370778,-0.0285471342504024,-0.1091712266206741,0.1021217480301857,-0.021949078887701,-0.0622676461935043,-0.0728391408920288,-0.017773313447833,0.1014150530099868,0.0314551778137683,0.1062325686216354,0.0859262570738792,-0.1090475395321846,0.1088429540395736,-0.1051310524344444,0.1082701385021209,0.0957741290330886,0.0402889735996723,0.0721640586853027,0.1087817847728729,-0.0873417407274246,-0.078416034579277,-0.0486783869564533,-0.0300046354532241,-0.1047587171196937,0.1047584414482116,-0.0740012899041175,0.0919173881411552,0.0148021457716822,0.0242484230548143,0.0900923013687133,0.0856915563344955,-0.1045766398310661,0.1042619049549102,0.1039113476872444,0.1082111373543739,-0.1019978001713752,-0.1070880591869354,-0.0242277272045612,-0.0816863626241684,0.1092903241515159,0.1038853526115417,-0.0397011749446392,-0.1062765046954155,-0.1093001887202262,-0.0610193684697151,-0.0929604619741439,0.1086086928844451,-0.0307421125471591,0.0948759019374847,-0.1086861118674278,-0.0975924357771873,0.0063775302842259,0.0871567726135253,-0.1059686839580535,-0.0890142098069191,0.1092161238193512,0.0105563830584287,0.1025980487465858,-0.0969206690788269,-0.1061664745211601,-0.1092121005058288,-0.1031477376818656,-0.0829971730709075,-0.0225593280047178,-0.0919556990265846,-0.1078450307250022,0.0688519775867462,-0.0911724641919136,0.0997874662280082,-0.1054757833480835,-0.0349026098847389,0.0280507393181324,0.1063077673316001,-0.0870539769530296,0.0185441821813583,0.0812704265117645,-0.0849027782678604,-0.1028560623526573,-0.0314810648560524,-0.0367934703826904,0.0879397913813591,-0.0044461940415203,0.0871111750602722,0.1056438982486724,-0.0898473188281059,0.1058383956551551,-0.0555761605501174,-0.1003060340881347,-0.0895216315984726,-0.0875642448663711,-0.0435518361628055,-0.0052752904593944,-0.1052533760666847,-0.1059718504548072,-0.10502590239048,0.0552277043461799,-0.0933770015835762,-0.1031675413250923,0.0945326536893844,0.1058640703558921,0.0991734638810157,0.1022926494479179,-0.0966011881828308,-0.1056922376155853,-0.1016124412417411,-0.1053111553192138,0.048124685883522,-0.0985283553600311,0.1056274697184562,0.1004828810691833,0.0801849886775016,0.1014792993664741,-0.1059721484780311,-0.0917220264673233,0.0959116443991661,0.1042706668376922,-0.0883496105670929,0.1059225872159004,-0.1059710532426834,0.1020563095808029,-0.0387869589030742,0.0676764994859695,0.1015615016222,-0.1045621857047081,0.1039090305566787,0.1057506054639816,-0.1059599220752716,0.1033292114734649,-0.1053884774446487,0.0730748698115348,-0.1059206128120422,0.0979993939399719,-0.1059723123908042,-0.0639101564884185,-0.0940308645367622,-0.0985098406672477,0.0954121500253677,-0.0912780687212944,-0.0375687517225742,0.1059724017977714,-0.0668927878141403,-0.0940205007791519,0.0957803800702095,-0.105914369225502,-0.1057476624846458,-0.0010698256082832,-0.1059613078832626,-0.1001852974295616,-0.0990353748202323,-0.1049812957644462,-0.0141499852761626,-0.0666678100824356,0.057758267968893,0.0019389489898458,-0.0909932628273963,-0.0399778932332992,0.0543047450482845,0.1032888740301132,0.0690028071403503,-0.1057141721248626,0.0334621742367744,0.0520976334810256,0.054550677537918,0.1022176444530487,0.0403481051325798,-0.1058786138892173,-0.0982234105467796,0.0890241786837577,0.1059707030653953,-0.0772604867815971,0.1015810519456863,-0.0168650392442941,0.0807147175073623,-0.0987268313765525,0.1012944728136062,-0.0877375900745391,0.1051124706864357,0.1004833951592445,0.1035264134407043,0.1045066565275192,0.1059195771813392,0.007717908360064,-0.0563773326575756,-0.102246917784214,-0.1041038557887077,0.0698516592383384,0.0364566780626773,-0.1059453710913658,-0.104774959385395,-0.0777272880077362,0.0079883132129907,-0.0950274541974067,0.0644790455698967,-0.0822432339191436,-0.0884242132306099,-0.0628185421228408,-0.0856250673532486,-0.1028233096003532,0.1025633811950683,0.0985435470938682,-0.1055989637970924,-0.0940517410635948,-0.0938702896237373,-0.0902431458234787,0.1019371375441551,0.1045459061861038,-0.0909241959452629,0.1069044470787048,-0.107335440814495,-0.1074479073286056,-0.1076127737760543,-0.0844141691923141,0.0795287564396858,-0.1058368533849716,0.1060537919402122,0.0920716300606727,0.0927918851375579,0.0795569196343422,-0.0144813666120171,-0.0936633795499801,-0.0256351307034492,-0.1037793233990669,0.0946054607629776,-0.1075809001922607,-0.1076085716485977,0.0364791080355644,0.0896395072340965,0.1060923784971237,0.1073328703641891,0.103929616510868,0.0691831186413765,-0.103182129561901,-0.0706536769866943,0.1074385568499565,-0.0889866724610328,0.0904532670974731,-0.0719598159193992,-0.1051535233855247,-0.0983157306909561,0.10297791659832,0.082569733262062,-0.1009801775217056,0.0006887734052725,0.0744119361042976,0.0778253227472305,0.0588348023593425,-0.0968021377921104,-0.0202236101031303,0.018646240234375,-0.1011093109846115,-0.1070623323321342,-0.0602630041539669,-0.084530733525753,0.1038641855120658,0.0992233455181121,-0.0651264637708664,-0.1065291985869407,-0.0285482984036207,-0.1069748774170875,0.1062334030866622,-0.1044450402259826,-0.0959769040346145,-0.0045995498076081,0.0436902455985546,0.1061472445726394,0.1035897582769393,-0.105638563632965,0.0183122754096984,0.1006207913160324,0.1051499843597412,0.1022944822907447,-0.0825707465410232,0.1034011989831924,-0.0989990606904029,-0.1062008067965507,-0.0083962930366396,0.1071434617042541,0.1013349145650863,0.0438015013933181,-0.1050567030906677,-0.0129195638000965,-0.1025993153452873,-0.1046896651387214,-0.1045437976717948,0.1072819977998733,-0.0020121592096984,0.0994966477155685,0.0961839258670806,-0.0635527744889259,0.1075501516461372,-0.0911925584077835,-0.1066470295190811,0.0930646359920501,0.1073898896574974,-0.1044713109731674,0.0134342890232801,-0.0672879591584205,0.0918038412928581,-0.0469923578202724,-0.0576938241720199,-0.1025061160326004,-0.1042616739869117,0.0049121701158583,-0.0954649522900581,0.0341453477740287,-0.0479594133794307,-0.0868703573942184,0.1054861545562744,-0.0622046440839767,-0.0987096577882766,-0.088845357298851,-0.1071840301156044,0.1052134484052658,-0.1046649888157844,-0.1075852289795875,0.1012433990836143,-0.1039087176322937,0.0034252747427672,-0.063004657626152,-0.0155189130455255,0.1070729941129684,0.0880797877907753,0.0835978016257286,-0.0520033203065395,-0.1074512377381324,-0.0132671780884265,-0.1040226146578788,-0.1059710085391998,-0.1022124290466308,0.067030519247055,0.1067468225955963,-0.0826080366969108,0.041528582572937,0.0630624219775199,-0.0462497435510158,-0.0596741177141666,0.0250887423753738,-0.0074299243278801,-0.0993679538369178,0.1360019892454147,-0.01504722610116,-0.1070111691951751,-0.140038326382637,0.0222927127033472,0.0544755794107914,-0.1313976645469665,-0.023786699399352,-0.1878932565450668,0.0146826775744557,0.1402480751276016,0.0202194396406412,0.0707458481192588,-0.0144496690481901,0.1029877215623855,-0.0183065924793481,0.1349153518676757,-0.0232331790030002,-0.0339192450046539,0.1158573925495147,-0.0084921466186642,-0.1180004701018333,0.0477130860090255,0.0662619620561599,-0.0815740004181861,0.0745744407176971,0.1384089291095733,-0.0526472479104995,0.0977387726306915,0.0462322272360324,0.1481577605009079,0.1786028742790222,0.0657420307397842,-0.015835303813219,0.1508190035820007,-0.1593706160783767,0.0696228966116905,-0.0910722613334655,-0.0066428920254111,0.0178089644759893,-0.0329891666769981,-0.0167822428047657,-0.0316430479288101,0.0934670865535736,-0.0327393189072608,0.007371736690402,0.1328121423721313,-0.0054496391676366,0.0128950206562876,0.1690036654472351,0.0157188363373279,0.1572061330080032,-0.0371375419199466,-0.1249750405550003,0.1133487746119499,-0.053406149148941,0.1418264657258987,-0.0544377118349075,0.0389912687242031,0.0496978834271431,0.0178953651338815,0.0285850688815116,0.0985447168350219,-0.0452241338789463,0.0366398580372333,-0.1281987279653549,-0.107839286327362,-0.03461779281497,0.0013795024715363,0.0233504101634025,-0.0217795185744762,-0.0002865047717932,0.0087511502206325,0.0763894319534301,0.0712854266166687,-0.0756566748023033,0.0264042261987924,0.14003886282444,-0.100291796028614,0.1823495924472808,0.1508208513259887,-0.0437255091965198,0.0381401404738426,0.1675668209791183,0.0734405741095542,-0.1042424589395523,-0.0720806345343589,-0.0334889814257621,-0.0013684714213013,0.1620919704437255,-0.0025718039833009,-0.0999332964420318,-0.0790664032101631,-0.0528117008507251,0.1257773041725158,-0.1552089154720306,0.0020889353472739,0.0876360759139061,0.0969962030649185,-0.0863749161362648,0.185380607843399,-0.0910932272672653,0.0747377723455429,-0.0738580450415611,0.0740128755569458,-0.0865887030959129,-0.0556480698287487,-0.0671711340546608,0.1069658026099205,0.0380927883088588,-0.1496669352054596,-0.1185724660754203,-0.0312441848218441,-0.0214036274701356,0.0091533092781901,0.0674571394920349,0.0656829178333282,-0.0639071092009544,0.1248655617237091,-0.0065045487135648,-0.1121374815702438,0.0691242888569831,0.1169374361634254,-0.1128415688872337,-0.0429136455059051,0.1039250791072845,0.1194861978292465,0.1121607273817062,0.0684452876448631,-0.1017734259366989,-0.0786818042397499,-0.0978171452879905,0.1185565367341041,0.1163899376988411,-0.0344721302390098,-0.1158181726932525,0.1170147731900215,-0.1054925173521041,-0.1119319498538971,-0.1148456782102584,-0.102141298353672,-0.1153044402599334,-0.1029823571443557,0.0082632740959525,-0.1167723461985588,0.1186958998441696,-0.1188174486160278,0.1119948476552963,-0.1174976974725723,0.1087407246232032,-0.0757762789726257,0.1121526807546615,0.0564755871891975,-0.0613929107785224,0.0832079499959945,0.0641609728336334,-0.0553109049797058,0.0966690778732299,-0.0932356715202331,0.0988640934228897,0.0687883123755455,0.1101132556796073,-0.1034441739320755,-0.0048293871805071,0.061109397560358,0.039764791727066,0.0298797767609357,0.0219968035817146,0.0418471805751323,-0.1160304248332977,0.1075365394353866,0.1071741729974746,0.1173134446144104,-0.0924837961792945,0.1153897196054458,-0.0357110351324081,-0.025407176464796,-0.1064903289079666,0.1072347313165664,0.0371588096022605,-0.0845476686954498,0.0796949863433837,0.0124131934717297,0.0865606591105461,0.0725941061973571,0.0013501319335773,-0.0631052330136299,0.0999993830919265,-0.089429885149002,0.109241634607315,-0.1179568096995353,-0.0045953313820064,0.0263502914458513,0.0709317848086357,0.094832606613636,-0.1157421320676803,0.0493991188704967,-0.0498127304017543,-0.0848075151443481,-0.0914177820086479,-0.1102432012557983,-0.0644870176911354,0.0185486990958452,-0.0752075761556625,0.0090170754119753,-0.0467417351901531,0.0035703983157873,-0.1145173534750938,0.0132278585806488,0.1196422129869461,0.0084279291331768,-0.1135398298501968,-0.1125775054097175,0.0890784859657287,0.0995809808373451,-0.1048814952373504,0.1125391200184822,-0.1109926551580429,-0.0423646830022335,0.0940077230334281,-0.0352927222847938,0.0738941207528114,-0.0452410727739334,-0.036778699606657,-0.105087824165821,0.0740714818239212,0.113659918308258,0.1098925694823265,-0.009979773312807,0.019425768405199,-0.1058106645941734,0.0987894162535667,0.0426444709300994,-0.0840788260102272,0.1056409701704979,-0.0863813683390617,0.1195401102304458,-0.1175984889268875,0.0357898846268653,-0.0659152865409851,-0.0935285687446594,0.1091315820813179,-0.0993256121873855,-0.0977728813886642,-0.1132289692759513,0.0934413522481918,-0.0889041796326637,-0.0909472554922103,-0.0028609295841306,0.0743511989712715,-0.0072467825375497,-0.0247519314289093,-0.0048799277283251,0.1245928332209587,0.1566588431596756,0.0723873004317283,-0.0569055899977684,0.0059156357310712,0.0283625163137912,-0.0513079836964607,-0.1329454034566879,-0.0835776478052139,0.0173100903630256,0.0635871663689613,0.088082879781723,-0.0568072274327278,-0.1010881587862968,-0.1532305628061294,0.0490587837994098,0.0624739080667495,-0.098432682454586,-0.0712504088878631,0.0534458234906196,0.0656093060970306,0.062248021364212,0.0740630477666854,-0.0754595696926117,-0.1445489376783371,0.1094762161374092,-0.0608287490904331,0.0921124890446662,-0.0385595969855785,-0.0976865515112876,0.0967645347118377,0.1462525427341461,-0.0794042497873306,0.0569587089121341,-0.1462485194206237,0.1140252500772476,0.0187735259532928,-0.0573608875274658,-0.1346616148948669,0.0210290234535932,-0.0561956875026226,0.1363496482372284,0.0762491598725318,0.0548100061714649,-0.1151484251022338,-0.141833946108818,0.1220143437385559,-0.0901772677898407,0.0373282879590988,0.1363009214401245,-0.1406500935554504,-0.1031596437096595,-0.0616683177649974,-0.0668648481369018,0.0767275691032409,0.1226358264684677,0.0006202346412464,-0.0627934858202934,-0.0653122663497924,0.1191510930657386,-0.0354590266942977,-0.0856289267539978,-0.0422762110829353,0.1096325442194938,-0.0526423081755638,-0.0799502432346344,-0.1065602526068687,0.072778396308422,-0.0173300821334123,-0.1054208353161811,-0.0311535187065601,-0.1029256284236908,0.0134396944195032,-0.0699098631739616,-0.0334852896630764,-0.0550774931907653,-0.1017417088150978,-0.0637477785348892,-0.0698598399758338,-0.0705631822347641,0.1304400712251663,0.0081502115353941,-0.0354043766856193,0.0292880591005086,-0.0927371233701706,0.1422061324119568,0.0153847765177488,-0.0900029242038726,-0.0082613034173846,-0.134642407298088,0.0458786934614181,-0.0995961874723434,0.1185282319784164,0.0400713495910167,-0.0092058395966887,-0.0598468966782093,0.1523337811231613,0.0776900649070739,0.0360110290348529,-0.0402702540159225,0.1322550624608993,-0.0736512169241905,-0.1226676478981971,0.1293840706348419,0.032461579889059,0.0862739309668541,-0.135940283536911,0.1097736433148384,-0.0188731532543897,0.0289485398679971,-0.1107116341590881,-0.1243954002857208,-0.0869123339653015,-0.0042492062784731,-0.1520484536886215,0.0871717780828476,0.1361477971076965,0.1607037633657455,-0.0941906198859214,0.0844904631376266,-0.0403218939900398,0.0982389599084854,-0.0864620357751846,GJSGYDDOYGQOFM-UHFFFAOYSA-N,Cc1cc(N)nn1-c1cccc(F)c1
-0.0192228741943836,-0.1026602610945701,-0.0884854048490524,0.1030097305774688,0.1029911115765571,-0.0904195234179496,-0.001086531789042,0.0504775233566761,0.0573359914124012,0.1029788479208946,0.1013294383883476,0.0885346159338951,-0.0873867347836494,0.095304399728775,0.0953511670231819,-0.0990302190184593,-0.0723422542214393,-0.0892772674560546,0.1030154600739479,0.1030333936214447,-0.0971083492040634,-0.0965799540281295,-0.0934952199459075,0.1013916283845901,-0.0946578159928321,-0.1009957864880561,-0.1030018553137779,-0.0915643274784088,-0.1028349548578262,0.070680446922779,-0.0625138357281684,-0.0963959768414497,0.097001813352108,0.0091542685404419,0.068376675248146,-0.1020636335015297,-0.1028958484530448,-0.0314294584095478,-0.0839516222476959,-0.1028485000133514,-0.0488206855952739,-0.1026333421468734,0.0820937603712081,-0.0981905609369278,0.0948902443051338,-0.0980190336704254,0.0489639192819595,0.1021546572446823,0.1030315831303596,0.0947427228093147,-0.1022407263517379,0.100796453654766,-0.089900866150856,0.1030348390340805,0.1023461073637008,-0.0953310430049896,-0.0953558236360549,0.029753427952528,-0.1025272086262703,0.1029911339282989,0.096669852733612,0.0835422351956367,-0.0935750529170036,0.1023226529359817,-0.0106016509234905,-0.1000164002180099,-0.0958164781332016,-0.031403798609972,0.0891208127140998,0.0985321849584579,0.0967162624001503,-0.10285335034132,0.1000303924083709,-0.0266039166599512,-0.1029077619314193,-0.1027310267090797,-0.100056305527687,0.0974146723747253,-0.0886246114969253,-0.062099527567625,0.0789384618401527,-0.0791658833622932,0.0706768259406089,-0.0887676700949668,-0.1029207333922386,-0.0486546009778976,0.101071186363697,0.1002888232469558,0.032187070697546,0.1030272766947746,0.1030223742127418,-0.040563479065895,0.0136994495987892,-0.0996912494301796,0.0978874638676643,0.0995942652225494,-0.0481933392584323,0.1015335395932197,0.0496804490685462,0.0326279029250144,-0.1022911220788955,0.1029704213142395,0.0921786651015281,-0.0050831479020416,0.0559185892343521,-0.0405625067651271,0.1030311807990074,0.0967297926545143,0.1030318513512611,-0.0501697026193141,0.1030345261096954,-0.1018107309937477,-0.1010661944746971,-0.1030166074633598,0.1030342653393745,0.1021022349596023,-0.1030055060982704,0.0961605980992317,-0.1022172793745994,-0.1030262932181358,-0.1004384905099868,0.096999816596508,0.0973423421382904,-0.08855751901865,-0.0977291166782379,-0.1029217839241027,-0.0589167065918445,-0.0448953807353973,0.056151658296585,-0.088554672896862,0.110424131155014,0.0782527327537536,0.1105978488922119,-0.110676497220993,0.1107095405459404,-0.1100698262453079,-0.1105667129158973,-0.1106868907809257,0.0800079777836799,-0.0871683806180954,0.0606769658625125,-0.0825088322162628,-0.0262430906295776,-0.0649186745285987,0.0659363195300102,-0.1080057621002197,-0.1023642420768737,0.0815047398209571,-0.1045371517539024,-0.0695189833641052,0.0600504800677299,-0.0509970374405384,0.0391917191445827,-0.1106765419244766,0.0488363802433013,0.1084274724125862,-0.0655097737908363,-0.0011363106314092,0.0057678706943988,-0.0938025489449501,-0.0842072665691375,0.0911892652511596,0.1053082644939422,-0.1054583415389061,0.1074589267373085,-0.1096054464578628,0.1017350256443023,0.1027843430638313,-0.1105613335967063,-0.0967995449900627,-0.016746412962675,0.0701711624860763,0.1063975766301155,-0.0891811102628707,0.0238827969878911,-0.0962997823953628,0.1106830239295959,-0.0227169692516326,0.1090877801179885,-0.0606996156275272,-0.1107331663370132,-0.0280429199337959,0.0092846471816301,0.1086051985621452,0.0919246599078178,-0.0941719636321067,0.1096436604857444,-0.0342612527310848,0.0969278961420059,0.0392408929765224,-0.1104788556694984,-0.003851206973195,0.1072105020284652,0.1007327288389206,0.0576508268713951,0.037536010146141,-0.0897052362561225,0.1098052710294723,-0.0823741033673286,0.0655440762639045,-0.1107483953237533,0.1095282137393951,-0.1103536263108253,0.0772846043109893,-0.0648418813943862,-0.0711048319935798,-0.0941926464438438,0.0752596259117126,-0.1040491163730621,0.1005422621965408,-0.1105001419782638,-0.059302445501089,0.0957611203193664,-0.1097075715661048,-0.0733410716056823,0.1105635836720466,0.1092167794704437,-0.040366094559431,-0.1099281758069992,0.0432562194764614,-0.0364578254520893,0.1097029596567154,-0.0842689126729965,0.0276587605476379,0.1025927141308784,-0.1076075136661529,0.0821774005889892,0.0758071318268776,0.1107338815927505,0.1094427108764648,-0.1105653345584869,-0.0800165086984634,-0.0719517469406127,-0.0902727097272872,0.1088910177350044,0.0304169096052646,-0.1102975904941558,0.1054838597774505,-0.1087506189942359,0.0843374282121658,-0.044936679303646,0.1092048808932304,0.1100932136178016,0.1075882241129875,0.0721971914172172,0.1107435449957847,-0.0934173464775085,-0.1098229214549064,0.110739529132843,-0.1040112152695655,-0.0177555512636899,-0.0870460867881774,-0.0814844444394111,0.0508946515619754,-0.1107500791549682,-0.068434439599514,0.1105245873332023,-0.1104146465659141,0.0827447846531868,-0.024010881781578,0.0101137142628431,0.0522486753761768,0.083286814391613,0.0914038196206092,0.0969481766223907,0.0334199145436286,0.0967506766319274,-0.0709986761212349,0.0710535943508148,-0.1106109321117401,-0.1088433563709259,0.1035835221409797,-0.1107140704989433,-0.0330198854207992,0.0973497852683067,-0.1086852550506591,-0.1107975244522094,-0.1106132045388221,0.086852803826332,-0.10636767745018,0.0316446274518966,-0.1027525663375854,-0.1104574501514434,-0.1103164926171302,0.1062547862529754,-0.0217436626553535,-0.0933427587151527,0.1093454733490943,-0.110435739159584,-0.1103777512907981,0.0764100775122642,-0.0897307246923446,0.1058462783694267,-0.005887578241527,0.0953515022993087,-0.0723294913768768,0.0351655296981334,-0.0773528218269348,0.0063992929644882,-0.064850240945816,0.0417643301188945,-0.1043353378772735,-0.1026337370276451,0.0468523167073726,-0.0851535126566886,0.013903496786952,-0.0489304177463054,-0.1106998026371002,-0.1107992529869079,0.107555016875267,0.1082581058144569,0.110028363764286,0.0714607387781143,0.1105842441320419,0.1098748221993446,-0.0862639173865318,0.0415990017354488,0.0903609991073608,-0.1078071892261505,0.0089920256286859,-0.1102864220738411,0.1107857450842857,0.1015495434403419,0.0515557564795017,0.1087171286344528,-0.0841931253671646,0.095994658768177,0.0388064160943031,0.0494056269526481,0.1106449663639068,-0.1070958450436592,0.1059686318039894,-0.1098333150148391,0.0920754671096801,0.1108055338263511,0.0958876684308052,0.0643727630376815,-0.1102449297904968,0.1087331622838974,0.1107948720455169,-0.1107800677418708,0.0708283334970474,0.007457357365638,0.0551191642880439,-0.0895963087677955,0.0929059907793998,-0.1104322746396064,-0.00767034990713,-0.0123153794556856,-0.1079790443181991,0.0661938264966011,0.0580121614038944,0.0916722863912582,-0.0306276474148035,0.1108038052916526,-0.110804408788681,-0.0936631560325622,0.1076037138700485,0.0840270593762397,0.101317711174488,0.064598947763443,0.0714860036969184,0.1093327179551124,-0.1106543391942977,0.0179281271994113,0.103274680674076,0.1107538267970085,0.0320589356124401,-0.094965673983097,-0.106442280113697,0.1107387393712997,0.1041714325547218,-0.0327431932091712,0.0845941677689552,0.1057927906513214,0.0613128282129764,0.0724589675664901,0.0982768237590789,0.1103530526161193,0.1060034409165382,0.0083564631640911,-0.0872427374124527,0.0195870697498321,-0.1094674468040466,0.0871617496013641,-0.081243559718132,-0.0077922740019857,-0.027251461520791,0.0817634686827659,-0.0735759884119033,-0.0843078270554542,0.0933954119682312,-0.0608357787132263,0.0093237170949578,0.0149861928075551,-0.1278918385505676,0.0572270452976226,0.0043596411123871,0.076575830578804,0.0507326088845729,-0.1469095647335052,0.0893734171986579,-0.0157551486045122,-0.0205002110451459,-0.0922785624861717,0.0810906141996383,-0.0600239783525466,0.0536323748528957,0.0189434438943862,-0.0001763202017173,-0.0105856470763683,-0.0611581541597843,-0.1159285604953765,-0.0017966665327548,0.005244649015367,-0.0156353097409009,-0.1535412371158599,0.1537537574768066,0.0866319462656974,-0.1523075103759765,-0.0856508985161781,-0.1597514897584915,0.0362420678138732,0.1239221096038818,0.1474852859973907,-0.1384066194295883,-0.1464384049177169,0.0099348137155175,0.0385579206049442,0.0913635492324829,-0.0911066234111785,-0.0553795881569385,0.0122557459399104,0.0481770373880863,-0.0156662072986364,-0.1092244461178779,0.130068838596344,0.1371999084949493,-0.0619956962764263,-0.1273019313812255,-0.0882389396429061,-0.097815528512001,0.0890136957168579,0.1504732817411422,-0.1377081125974655,-0.0639593824744224,0.0659469962120056,0.015491790138185,0.0840382352471351,0.0300791077315807,0.0551933981478214,-0.0221472047269344,0.0686107873916626,-0.0161820854991674,0.0890281349420547,-0.0754132643342018,-0.0702714174985885,0.1540748327970504,-0.12006676197052,0.0863693282008171,0.0609264895319938,-0.1580262184143066,-0.1144547164440155,-0.1289917677640915,0.0347374267876148,0.0904278084635734,-0.0498809367418289,-0.0703304186463356,-0.0551984645426273,0.0440894998610019,-0.0788145363330841,0.1216388642787933,0.1162839904427528,0.0792202949523925,0.0594120696187019,0.0740333721041679,-0.098699577152729,0.0666475147008895,0.0113597242161631,-0.0973886847496032,-0.0309605747461318,0.0302605722099542,-0.0571474954485893,-0.0579968765377998,0.0777471214532852,0.0874605029821395,-0.0814019069075584,0.0494665578007698,-0.1254467368125915,-0.1111230477690696,-0.0402742736041545,0.0881120413541793,-0.0311367250978946,0.0592991262674331,-0.1168275028467178,-0.0251185297966003,0.052303597331047,0.1134742870926857,0.0354620702564716,0.0196847729384899,0.1699223518371582,0.1381528973579406,-0.1478400528430938,0.110035091638565,0.1479759812355041,-0.0541296787559986,0.0945097878575325,0.0857472121715545,-0.124860294163227,0.0316341146826744,-0.0937452837824821,-0.1023370400071144,-0.0019011805998161,0.0363862141966819,0.1095856800675392,0.0077164084650576,0.181627944111824,0.0729995518922805,0.113722063601017,-0.0414076633751392,0.1216800287365913,0.0138384029269218,0.0459174625575542,0.0674035102128982,0.1094003245234489,0.039433192461729,0.0472282841801643,-0.0298675782978534,-0.0223544333130121,0.0073746773414313,0.0316463224589824,0.1308498233556747,-0.0065215830691158,0.0245790071785449,-0.0596308521926403,0.1303645521402359,-0.045384794473648,-0.0380477607250213,-0.1217794716358184,0.1593663990497589,-0.0964254289865493,0.1327812224626541,0.1346013993024826,-0.0691923201084137,0.102959007024765,-0.0311707649379968,-0.0862582996487617,0.0458876714110374,0.0799565762281417,-0.1682304739952087,0.0987535342574119,-0.0372342579066753,-0.0470551550388336,-0.0121687613427639,-0.247263953089714,-0.0030248502735048,0.019659774377942,0.1600756794214248,-0.1460777968168258,0.0375808328390121,-0.1089630722999572,0.0059372880496084,0.0584022775292396,-0.1075019463896751,-0.0105665177106857,-0.0287514366209507,0.0231550093740224,-0.0020982269197702,-0.0657210946083068,0.0508013889193534,0.1697433590888977,-0.0376389771699905,-0.0591696687042713,0.0756777375936508,-0.0766857042908668,0.0505401082336902,-0.0502025447785854,0.0377506613731384,0.1077557429671287,0.058715671300888,-0.0126278763636946,-0.0341523811221122,0.0988564193248748,-0.1211647540330886,-0.2019498497247696,-0.0125421993434429,0.1557712107896804,-0.0804211497306823,0.0232660192996263,0.0072283442132174,0.0010348719079047,-0.0049681928940117,0.1431716531515121,-0.0290313139557838,-0.1748308688402176,0.2143018543720245,-0.0058753453195095,0.037296924740076,-0.0273446422070264,-0.033912505954504,-0.0920596495270729,0.0849194899201393,-0.0202996414154768,0.0202119536697864,-0.2315462827682495,0.0260244235396385,0.2216348350048065,0.0021763667464256,0.0564497373998165,0.0186617840081453,-0.006984828505665,0.0420144274830818,-0.0360300987958908,0.0406155511736869,0.0108172176405787,0.0682271867990493,-0.0391617678105831,0.0175314676016569,0.0315407216548919,-0.0286896117031574,-0.0294279623776674,-0.0484638959169387,-0.1473738551139831,0.0054606096819043,0.2010214775800705,-0.0638763457536697,-0.0111335022374987,0.0350281186401844,0.0723775699734687,0.0050868643447756,0.0874298512935638,0.0974482670426368,-0.154195174574852,-0.099931314587593,0.0154687035828828,0.0276016481220722,-0.1077432781457901,-0.0657514110207557,-0.0093469992280006,-0.0255562923848629,-0.1165037155151367,0.0167681723833084,-0.0771784633398056,0.0818810611963272,-0.1114259287714958,-0.0348972305655479,0.0344712138175964,0.1462787985801696,-0.0617700591683387,-0.1059180423617363,0.0728119239211082,-0.0109760602936148,-0.0144161535426974,-0.0369495116174221,0.0588654838502407,0.0750996470451355,-0.0012078115250915,-0.1138441115617752,-0.0903159156441688,0.0204113703221082,-0.1298428773880005,0.04042774066329,-0.0326795354485511,-0.1535645425319671,0.0452461056411266,0.0424832329154014,0.138032928109169,-0.0190564170479774,0.0978011339902877,0.0568327717483043,-0.1313989609479904,0.088720291852951,-0.0314433425664901,-0.0383236706256866,-0.0001560630480526,0.1094587743282318,0.0924391373991966,-0.0623250007629394,0.0732651948928833,-0.1024341434240341,0.00793993845582,-0.1180841773748397,-0.0642606765031814,0.0135473012924194,0.1546639055013656,0.0484750010073185,0.1707790940999984,-0.0348356887698173,-0.0383057780563831,0.1762537509202957,-0.0584826469421386,0.0371001735329628,0.0340277887880802,0.0973517447710037,-0.074543721973896,0.0725259110331535,0.067429669201374,-0.0083382613956928,0.0673945769667625,0.0911379754543304,-0.0703881978988647,0.0568481869995594,0.1024874150753021,0.0229039415717124,0.0151217617094516,-0.1269855797290802,-0.0043461504392325,0.052566222846508,0.1603327095508575,0.0746352896094322,-0.129571795463562,-0.0062453267164528,0.0863702744245529,0.0256333835422992,-0.0990486368536949,-0.0284286066889762,-0.1145751252770423,-0.0520512722432613,-0.073544330894947,-0.1356617659330368,0.1356081664562225,0.0227283164858818,0.1183892861008644,0.0216008406132459,-0.1059755459427833,-0.1199051663279533,0.097687266767025,0.0384688563644886,-0.1042323037981987,0.010521768592298,0.0163812600076198,0.0728386417031288,0.0598184280097484,0.0462387204170227,0.0134776439517736,0.0180460680276155,0.0067814067006111,0.0361211709678173,-0.1190150529146194,0.1454584896564483,0.0433202236890792,-0.0406689643859863,0.005954148247838,-0.0102330381050705,0.1660907864570617,-0.1229140982031822,-0.0609801486134529,-0.0850563198328018,0.0812297314405441,-0.1138666197657585,0.1567603647708892,0.0977750495076179,0.171801820397377,-0.1373137235641479,0.1428519636392593,-0.0400411859154701,0.1165890470147132,-0.1420033872127533,-0.1079198867082595,0.1596036255359649,-0.0789703354239463,-0.0179160982370376,0.1706284582614898,0.0538531281054019,0.0242922939360141,-0.091674268245697,-0.0101430620998144,0.1098089143633842,GWCWCVALPCNHBW-UHFFFAOYSA-N,CC(C)N1CC(NC(=O)c2ccc3ccccc3n2)C1
0.0552166067063808,0.0975989177823066,0.0500589869916439,0.0976613983511924,-0.0884047299623489,-0.0976570025086402,-0.0975132137537002,-0.0952439308166503,-0.0851856917142868,0.0904020071029663,-0.0975860655307769,0.0945999100804328,-0.0973062291741371,-0.0872796475887298,0.0976629555225372,-0.0950291454792022,-0.0976629704236984,0.0976627692580223,0.0953402295708656,0.0973414853215217,-0.0054181925952434,0.0887430012226104,0.0776856914162635,0.0881528556346893,-0.0695491358637809,-0.0759098678827285,0.0965831130743026,0.0975113809108734,-0.0970667377114296,0.0976548716425895,-0.0969499796628952,0.0643004551529884,0.0976616963744163,-0.0193947572261095,0.0951373875141143,0.0973672121763229,0.0976570472121238,-0.0917904749512672,-0.0944107323884964,-0.0976627245545387,0.0663057267665863,0.0528502278029918,-0.0976569578051567,-0.0954053774476051,0.072051927447319,-0.0969830378890037,-0.0975669771432876,-0.0960729494690895,0.0441705957055091,-0.0976626873016357,-0.0975739061832428,0.0965562984347343,-0.0976419225335121,0.0976629704236984,0.0969425067305564,-0.0963849350810051,0.0972788035869598,-0.0646339207887649,0.0974506214261055,-0.0828442722558975,0.0976629480719566,0.0976259335875511,-0.0657646581530571,0.0972455739974975,-0.0976599529385566,0.0846006572246551,0.0975982174277305,0.0966163054108619,0.0509430132806301,0.0951949581503868,-0.0973611697554588,-0.0976629629731178,0.0976593792438507,0.0976177379488945,-0.0970613732933998,0.0645978525280952,-0.0972339734435081,0.0974885076284408,0.0976461172103881,-0.0963073819875717,0.0779951140284538,0.0976628512144088,0.0976356491446495,0.0773920640349388,-0.0971775352954864,-0.0723137259483337,0.0915823429822921,-0.0634453520178794,0.0962923914194107,-0.0929200127720832,0.0976629629731178,0.0976495146751403,0.0880855247378349,-0.0974350050091743,0.0973543524742126,0.0214430373162031,-0.0605047009885311,0.0976629629731178,0.0975134447216987,0.0863020718097686,0.051470935344696,-0.0976236909627914,-0.0973149985074997,0.0974560752511024,-0.0926133841276168,-0.0973545014858245,-0.0060773477889597,-0.0961845219135284,-0.096965417265892,0.0876088589429855,0.0976517349481582,-0.0976622253656387,-0.0973505452275276,-0.0200590193271636,-0.0251795053482055,0.0976015850901603,-0.0901887714862823,-0.0976178273558616,0.0829783231019973,0.0976610705256462,-0.0159854646772146,0.0961399525403976,0.0916800871491432,-0.0892960578203201,0.0976625978946685,0.0967159122228622,-0.0749651342630386,0.0725555345416069,0.103171519935131,-0.0560763478279113,-0.0480448231101036,0.0879069417715072,0.0953471213579177,0.0886943116784095,-0.0821840837597847,0.103967472910881,0.064284361898899,-0.0046562803909182,-0.0964272916316986,0.081754557788372,0.1036087274551391,0.0217040497809648,0.0989690124988555,0.044830497354269,-0.0770972520112991,-0.1032197177410125,-0.0084540601819753,0.0944970548152923,-0.0914533585309982,0.0961031690239906,0.0746582001447677,0.1023808047175407,0.102181926369667,0.0996715277433395,-0.1038627177476883,-0.0437150038778781,0.0645388811826706,-0.103982426226139,-0.10405133664608,0.0974233523011207,0.1040288135409355,0.1040209904313087,0.1040475592017173,-0.0831517130136489,0.0923000946640968,-0.1040121838450431,0.0888204723596572,0.1038709282875061,0.1020556837320327,0.0274712163954973,0.0774118900299072,0.0076288534328341,0.1038654223084449,-0.0992834642529487,-0.1012191325426101,-0.0472863093018531,0.1040406823158264,0.1023134887218475,-0.0152524635195732,0.1040747761726379,-0.0540159419178962,0.1019782051444053,-0.1040152236819267,-0.1014544963836669,0.0284708905965089,-0.102651409804821,-0.1036033853888511,-0.0865617617964744,0.1027614921331405,0.1036882773041725,-0.0657024085521698,-0.0995845794677734,0.1040878891944885,0.0679792612791061,0.1034474298357963,0.1040574759244918,-0.104090116918087,0.1033948138356208,0.0694618746638298,-0.0795026496052742,-0.1029455661773681,0.1039954274892807,-0.0892922729253768,-0.0937816426157951,-0.1022103801369667,0.1036331728100776,-0.1040038764476776,-0.1022331491112709,-0.1029672250151634,0.0188597775995731,-0.1025589779019355,0.1033816635608673,-0.1001101732254028,0.0906357243657112,0.103236548602581,-0.096675768494606,0.1030320823192596,0.0727065578103065,-0.1011686697602272,-0.1029003635048866,0.0272095575928688,0.0259361658245325,-0.0479168146848678,0.1039281412959098,-0.1021478101611137,-0.1036892160773277,-0.1015030071139335,0.1040891483426094,0.0831654369831085,-0.091213159263134,-0.1016440540552139,-0.0397952944040298,0.0268182381987571,-0.030180312693119,0.1039653271436691,-0.0456731505692005,0.0532134883105754,-0.0450014807283878,-0.0872805565595626,-0.0937429890036583,-0.102264679968357,0.0006951865507289,0.1040076240897178,0.101819671690464,-0.1031214818358421,0.0754916444420814,0.1036093607544899,-0.0723601430654525,0.1037913113832473,-0.1037057116627693,0.0461557917296886,0.1022859588265419,-0.1039411276578903,0.1027485430240631,-0.0745013579726219,0.0951728597283363,0.0977980494499206,-0.0582149736583232,-0.0985306203365325,-0.0969949662685394,0.0963093265891075,0.0985926836729049,-0.0898317918181419,0.0970187708735466,0.0333425253629684,0.0902688428759574,0.098327063024044,0.0210826601833105,-0.0278013031929731,-0.0760075822472572,0.0985924527049064,-0.0828950256109237,-0.0985923483967781,0.0871931090950965,0.0643997862935066,0.073891557753086,0.0983694642782211,0.0982121229171752,0.0970048457384109,0.0984620675444603,-0.098532848060131,0.0824309512972831,0.0985630899667739,0.0973197221755981,-0.0407241322100162,-0.0758506804704666,0.0985853895545005,-0.0956810116767883,-0.0985921472311019,0.0978203490376472,-0.0944439172744751,0.0975483581423759,0.0969408676028251,-0.0800160318613052,0.0981771126389503,0.0975258499383926,0.0985926911234855,0.0932602807879448,-0.0845721215009689,-0.0973570048809051,0.0661870092153549,-0.0979565382003784,0.0906619355082511,-0.0943709909915924,-0.098592072725296,-0.0985008254647255,0.0959943458437919,-0.0952413603663444,-0.0874113067984581,0.09859199821949,0.089917242527008,0.0968624204397201,0.0985924899578094,-0.0065287058241665,-0.094002366065979,0.0985761582851409,0.0985778868198394,0.0682463273406028,-0.068850003182888,0.0374369621276855,0.0547310151159763,0.0985662341117858,-0.08884197473526,0.0803084895014762,0.0985927283763885,0.0235678721219301,-0.0984797552227974,-0.0784652829170227,0.0985564887523651,-0.0791904777288436,-0.097394086420536,-0.0977087169885635,0.0981427878141403,0.0862757861614227,0.0985926538705825,-0.0499494224786758,-0.098582237958908,0.0984530746936798,0.0778864324092865,0.0984837561845779,-0.0840638130903244,0.0965967327356338,0.0985747799277305,-0.0985908061265945,-0.079582542181015,-0.0976961851119995,-0.0985923558473587,-0.0833332538604736,0.0985927879810333,0.058388452976942,0.0982035249471664,-0.0983565896749496,0.0551989525556564,0.0752173066139221,0.0817213654518127,-0.0977241545915603,-0.0907999128103256,0.0846777930855751,0.0934540480375289,-0.0985922962427139,-0.013183263130486,0.0838570222258567,-0.0922988131642341,-0.0930586233735084,0.0985880121588707,-0.0985808745026588,0.0855027735233306,-0.0851430147886276,0.0636570453643798,-0.0985863730311393,-0.0985403731465339,-0.086462378501892,0.0985925048589706,0.0985898748040199,-0.0967961996793747,-0.0960499346256256,-0.0965482741594314,0.073623850941658,-0.0934948101639747,0.0985888913273811,-0.0982213988900184,0.0984271243214607,-0.0219281688332557,-0.0933652222156524,0.0938219204545021,0.1127732843160629,-0.0911329165101051,0.111333817243576,0.1134873926639556,-0.1083573326468467,-0.0237521342933177,0.054903395473957,-0.0780531838536262,-0.1157425642013549,0.1158650293946266,-0.0256875827908515,-0.1153843253850936,-0.0871795564889907,0.0968979895114898,0.1010299623012542,-0.0447965189814567,0.0352451428771019,0.0997716337442398,0.1121206581592559,0.098430186510086,-0.0572231076657772,-0.030482642352581,-0.1124458163976669,0.1047292202711105,0.1158133447170257,-0.1165204495191574,-0.0078866202384233,-0.0277313739061355,0.0909782871603965,-0.0732117295265197,-0.0331865362823009,-0.1130650117993354,-0.0772781297564506,-0.1062620878219604,-0.0799760594964027,-0.1139130145311355,0.0862734168767929,-0.019924696534872,-0.0866317600011825,-0.0079313311725854,0.0184854064136743,-0.062933325767517,0.0768143981695175,0.0570424310863018,-0.1109573617577552,0.0960813984274864,0.0466351844370365,0.1104693636298179,0.1161530017852783,-0.1116679534316062,-0.0098012695088982,0.1158058494329452,-0.0047253686934709,0.1039795279502868,0.0930559933185577,-0.062296837568283,-0.1152070313692092,-0.1105785593390464,-0.1106090918183326,-0.0905534848570823,0.0641054362058639,-0.0154228927567601,0.0471930429339408,0.0289951786398887,0.09041178971529,-0.0985131189227104,0.0136204566806554,-0.003165227593854,-0.0915096998214721,-0.0786424353718757,-0.0936105176806449,0.0847489833831787,-0.0855536758899688,0.0630233660340309,0.1144652068614959,0.0803074911236763,-0.0726404413580894,0.0867788344621658,-0.1052258163690567,0.0959488973021507,0.0903061628341674,0.083336129784584,0.0974467247724533,0.1087526902556419,-0.0757888033986091,0.0498286485671997,0.1160020157694816,-0.1141052320599556,-0.1131380796432495,-0.1070864796638488,0.1118549704551696,0.1047217771410942,0.0459149405360221,0.0530674047768116,0.0875748172402381,0.0656336545944213,0.0866530463099479,0.0807207822799682,-0.1117283776402473,0.0733166113495826,-0.1075399369001388,0.1157411038875579,0.0921273827552795,-0.1084752604365348,-0.1074955537915229,-0.0788283497095108,-0.114372931420803,-0.1151506453752517,-0.108114019036293,-0.0169092360883951,0.1100369095802307,0.0863499343395233,-0.1139696389436721,-0.00054953887593,0.0610666163265705,0.0469573736190795,-0.0575749725103378,0.1132958307862281,0.1112062186002731,0.1041973903775215,-0.1132377535104751,-0.0451497137546539,0.1058633178472518,-0.1017974615097045,0.0976526737213134,-0.1158318817615509,-0.0234350468963384,-0.0271046049892902,-0.0051438370719552,0.1133274510502815,0.0354570522904396,0.0045844102278351,0.0121968146413564,-0.0381315760314464,0.0168878342956304,0.015460655093193,0.0350541472434997,-0.0075993645004928,0.0609403848648071,0.0762741789221763,-0.0759272649884224,0.1199939548969268,0.0563345216214656,0.0920103788375854,0.078769564628601,0.0293934512883424,0.124380424618721,0.1246991157531738,0.1240708380937576,0.0926215946674346,0.1051112711429596,0.0969533324241638,-0.1258066147565841,-0.1285090893507003,0.1290308088064193,0.0719571113586425,0.1109742671251297,0.115958034992218,-0.0014826414408162,0.0309299416840076,0.0270954854786396,-0.110489547252655,0.1161722689867019,-0.0653408542275428,-0.1259420663118362,0.1036079749464988,-0.0844619497656822,-0.1106331497430801,-0.1242348849773407,-0.1256091594696045,-0.0861205533146858,0.0778253749012947,0.1113580465316772,-0.0453869104385376,0.1205416619777679,-0.1197997629642486,0.0395964048802852,0.0536045394837856,-0.0879488363862037,-0.0169689264148473,0.1096846386790275,0.1080148965120315,-0.048187393695116,0.1135488972067833,0.0949693620204925,0.1264880448579788,-0.1044681519269943,-0.0920029953122139,-0.0087473215535283,-0.1245529130101203,-0.0764674767851829,0.1166636943817138,0.1212651059031486,0.0348699986934661,0.0245155598968267,-0.074953980743885,0.0874542817473411,0.1199084669351577,-0.1082805171608924,-0.1038281396031379,-0.0672483146190643,0.021050414070487,-0.0002320764615433,-0.0880309045314788,-0.1197698786854744,0.1023655757308006,-0.0941543355584144,0.1028285399079322,0.1051467806100845,-0.1170308664441108,0.0788256525993347,0.0891716033220291,0.1027217283844947,-0.0682409927248954,-0.085557073354721,-0.1012493148446083,0.0546463094651699,0.1024751812219619,0.1089085265994072,-0.0374825894832611,-0.04784632101655,0.1074470877647399,-0.002210336504504,-0.0337159484624862,0.0274946298450231,0.0160255916416645,0.1172968000173568,-0.0542440004646778,0.0082752080634236,0.0976990684866905,0.1204663664102554,-0.0585352443158626,-0.1157156229019165,0.1132803186774253,-0.074683204293251,0.0757412388920784,-0.119522213935852,-0.1000113114714622,-0.0837080925703048,0.1257999539375305,-0.0832434520125389,-0.1037064790725708,0.1173402294516563,-0.1028845608234405,-0.0941140055656433,0.0655363053083419,0.1214613616466522,-0.0179572440683841,-0.1166128665208816,0.0309930928051471,0.0630943849682807,-0.1217507869005203,0.0509211458265781,0.0299247410148382,0.0856001675128936,-0.0339423343539238,0.1026226282119751,-0.1114217936992645,0.0332899503409862,-0.1195162832736969,-0.0022037224844098,-0.0124211320653557,0.1225312426686286,-0.1234540268778801,-0.0835595056414604,0.1519908756017685,-0.0637182742357254,-0.0063411612063646,-0.016627637669444,0.0848093554377555,-0.0429278388619422,0.0537559799849987,-0.0020144823938608,-0.0459200106561183,-0.0613529980182647,-0.1491967737674713,-0.0072816270403563,0.0773461386561393,-0.1472148895263672,0.0660881102085113,-0.0217041485011577,0.1208900138735771,0.0467504486441612,0.1309290528297424,-0.0782833322882652,-0.0680782198905944,-0.0535993948578834,-0.1062145829200744,-0.0369751714169979,0.0762903094291687,0.1040981039404869,0.0534485913813114,-0.062169037759304,0.0597443208098411,-0.0673578083515167,0.1119804680347442,-0.0262327790260314,0.0085911257192492,0.1204113364219665,0.1363943219184875,0.0476886667311191,0.1146497130393982,0.0986368879675865,-0.0678695887327194,0.1537469029426574,-0.0200396534055471,-0.0261235069483518,0.1029389277100563,-0.0899683460593223,-0.1264882832765579,-0.09490767121315,0.0677252635359764,-0.0887494385242462,0.0931374877691268,0.0450715757906436,-0.106431059539318,-0.0782857164740562,-0.0724870786070823,0.0022119507193565,0.0083764856681227,0.0960067957639694,0.1130623146891594,0.0435788482427597,0.1521027088165283,0.0957998037338256,-0.1038957089185714,0.1079704761505127,0.0168922748416662,-0.12090964615345,-0.1076557785272598,0.0209007710218429,-0.0960225835442543,0.0061716577038168,0.0747388005256652,-0.1406382918357849,0.1411271691322326,-0.1040653362870216,0.1475136429071426,0.0328320600092411,-0.0270096082240343,0.0732012763619422,-0.0011059945682063,-0.0041723442263901,-0.0621141046285629,-0.0748742446303367,-0.0570422001183033,0.0355976819992065,0.0841322988271713,-0.0825422257184982,-0.0611496828496456,-0.0906849205493927,-0.0683880075812339,-0.058929406106472,-0.1269349902868271,0.0408007577061653,-0.0622650869190692,0.088776022195816,0.1060863584280014,0.1229571998119354,0.1248260959982872,-0.1418891996145248,0.0113232182338833,-0.0885002017021179,0.139440044760704,-0.1236178651452064,0.104287751019001,0.1499134600162506,0.1546131372451782,-0.0752302780747413,0.1416680216789245,0.120447851717472,-0.0296434164047241,-0.0284648947417736,-0.093597263097763,0.1499424874782562,0.0574112199246883,-0.0212009809911251,0.0917051136493682,0.0202103592455387,0.0841040015220642,-0.0201067607849836,-0.038816075772047,0.0812577456235885,FHGKKJDHEDLAIJ-UHFFFAOYSA-N,O=C(Cc1ccccc1Cl)N1CCC(c2ccccc2)C1
0.0191446151584386,-0.104042150080204,0.0713610276579856,0.1040447205305099,0.1038219183683395,0.1038959622383117,0.0316340364515781,0.0715269744396209,0.1012454330921173,-0.0689770951867103,0.103968471288681,0.0817019715905189,-0.103860355913639,0.1040356755256652,-0.1039894595742225,0.1023400574922561,0.1040403991937637,-0.1036476343870163,0.1034348383545875,0.1040447130799293,0.1040380299091339,-0.0900745391845703,-0.1035144627094268,0.1020323932170867,-0.1004378721117973,0.1030916571617126,-0.0954987481236457,-0.1032485514879226,-0.0160518065094947,0.1039387211203575,0.1039781123399734,0.0110278455540537,-0.0998425483703613,-0.1036889404058456,0.0919232964515686,-0.1024518832564354,0.1032687202095985,0.1004503369331359,0.1039201244711875,-0.1005735844373703,0.1039877384901046,-0.0698728412389755,0.038270004093647,-0.1027743965387344,0.1040295735001564,-0.099948339164257,-0.0059038852341473,0.1039975434541702,-0.1025832593441009,-0.0085452944040298,0.1038454100489616,0.084804356098175,-0.0549285225570201,0.1038013100624084,-0.0797367170453071,0.0499635078012943,-0.0993814468383789,-0.064522385597229,-0.1023328453302383,0.1039277464151382,0.0917978435754776,-0.094212956726551,0.0220483522862195,0.1028714403510093,0.0824201852083206,0.0623442195355892,-0.0187332369387149,0.1034914627671241,0.0913808271288871,0.0376184210181236,-0.0663469135761261,0.1039172187447547,0.1033710837364196,-0.0996215641498565,-0.1019492819905281,-0.0348974280059337,0.0931446477770805,0.1037737876176834,-0.1039735525846481,0.0961018502712249,0.0235591195523738,-0.1040343642234802,-0.0749521255493164,-0.0066536390222609,-0.1040221229195594,0.1016803756356239,-0.1028286218643188,0.1023253872990608,-0.101949967443943,-0.0605541057884693,0.0347957871854305,-0.0661141797900199,0.1039495095610618,0.1039804518222808,0.0406280048191547,-0.0628346279263496,-0.1040115281939506,-0.0805343240499496,-0.1036213934421539,0.1039991900324821,0.1037200316786766,-0.0322386994957923,-0.103886030614376,0.050904419273138,0.0667316317558288,0.1040393561124801,-0.1038183644413948,0.0849037170410156,0.1038964241743087,-0.0878575518727302,0.1039111837744712,-0.0865844190120697,-0.104042500257492,-0.1040297821164131,-0.0994550734758377,-0.1032654643058776,-0.0695138052105903,0.0783415511250495,-0.0177747085690498,-0.0192483607679605,-0.1026107668876648,-0.0006900859298184,0.0795469805598259,0.1000314578413963,0.1034205630421638,0.0911366790533065,-0.0885709822177887,-0.0483926422894001,-0.0982581377029419,0.0973185077309608,-0.1031586155295372,-0.1039580106735229,-0.0914785787463188,-0.034500166773796,-0.0159742664545774,-0.0005115708336234,0.0956129729747772,-0.1043054088950157,-0.081836923956871,0.0820468813180923,-0.1039224192500114,-0.1043153181672096,-0.1043330207467079,-0.102881483733654,-0.0268670339137315,-0.1040926203131675,-0.1042985990643501,-0.0745523199439048,0.0306957010179758,0.0801558271050453,0.101912997663021,0.1012543067336082,-0.098143957555294,0.0903018787503242,0.1029768660664558,0.104083277285099,-0.0993307158350944,0.0493944995105266,0.0799488127231597,-0.065660685300827,-0.0928797349333763,0.0749325528740882,-0.0132717387750744,0.1011979132890701,-0.0853153765201568,-0.1016872450709343,-0.1039143800735473,0.1012901365756988,-0.1017110720276832,-0.0986531674861908,0.1040707752108573,-0.0776528120040893,0.1011145785450935,-0.0478348098695278,0.1043506413698196,0.0983213707804679,0.0164058897644281,-0.1041928306221962,-0.0733550637960434,-0.0646812170743942,0.104334533214569,-0.1043336912989616,0.0190901309251785,-0.1042237356305122,0.1023108884692192,-0.089276909828186,0.0945580154657363,-0.087350033223629,-0.1039037555456161,-0.095664232969284,0.0668682307004928,0.1024505421519279,0.0160006396472454,0.0969106033444404,-0.1042067259550094,-0.1043505668640136,0.0785808712244033,-0.1043503880500793,-0.0919951871037483,-0.0489152781665325,-0.0833985060453414,-0.0968476012349128,0.0972130820155143,-0.103911280632019,0.0787593051791191,0.0908082425594329,0.0989701375365257,-0.0853273868560791,0.1018384546041488,0.1042123883962631,-0.099747747182846,0.0996376946568489,0.1035842895507812,-0.0965207293629646,0.0958498939871788,-0.0880488604307174,0.1036470457911491,0.0743354335427284,-0.1017655432224273,0.068319171667099,0.0434797331690788,0.0939840897917747,-0.1022931858897209,-0.0855731591582298,-0.0823644176125526,0.1041828617453575,-0.0918852835893631,-0.1037639677524566,-0.0576220490038394,0.0642877146601677,0.0853336974978447,-0.1037627309560775,0.0057003400288522,0.0962420403957367,-0.103251576423645,-0.0594085305929183,0.0559307634830474,0.0960023999214172,-0.1042878329753875,-0.0754812657833099,-0.1042723283171653,0.095674067735672,-0.1007739901542663,0.0960121154785156,0.0639634728431701,0.1021218374371528,-0.1022572740912437,0.0934806391596794,-0.0918170809745788,0.0672727674245834,-0.088556483387947,0.0396086648106575,0.1006309762597084,-0.1017570421099662,-0.0411927215754985,0.0094071701169013,-0.0738256275653839,0.1001344472169876,-0.0967313274741172,-0.1007625609636306,0.050812229514122,-0.1007671430706977,-0.1007505878806114,-0.1007768735289573,0.0263625476509332,-0.0919180065393447,-0.092355377972126,0.0970344915986061,0.1004861667752265,-0.0936358645558357,-0.0130156017839908,0.1007779911160469,-0.1007825210690498,0.0754475221037864,-0.0892055407166481,0.100779190659523,-0.1007717177271843,-0.1007914692163467,-0.0980264917016029,0.0999704301357269,0.1007509008049964,0.0990573093295097,0.1007694527506828,-0.0485235378146171,-0.0999278649687767,0.0815365836024284,0.1007673144340515,0.0806481465697288,0.0927993431687355,-0.0816216766834259,-0.0993734747171402,-0.1007870063185691,-0.0985198691487312,0.0745918080210685,-0.0911427214741706,-0.0576459430158138,-0.0997999981045723,-0.0994799733161926,-0.0822862535715103,0.1007231846451759,0.0990315303206443,-0.079444982111454,-0.0264806412160396,-0.0944149941205978,0.0966002494096756,0.0577490925788879,0.100751869380474,0.0884166359901428,-0.0282513052225112,-0.1007905825972557,-0.0434374883770942,-0.1007914096117019,0.099890686571598,-0.1006892770528793,0.0210441835224628,-0.0981462597846984,-0.1007359027862548,-0.0978334695100784,0.063428908586502,-0.0869138091802597,-0.0509075932204723,0.0588893815875053,-0.0557883977890014,0.0915095955133438,-0.1007870659232139,0.1007877439260482,-0.0770673528313636,-0.100614033639431,0.1006466150283813,0.1007909700274467,-0.0245929565280675,-0.1006849482655525,-0.1007903292775154,0.0511235333979129,-0.0723862126469612,-0.0989427492022514,-0.0751868486404419,-0.053286787122488,0.0994786098599433,0.100608043372631,0.1007905229926109,-0.1007888913154602,-0.0083438586443662,-0.0254504829645156,0.0726081430912017,0.1002084165811538,0.0931054130196571,-0.1004621759057045,-0.0994999036192894,-0.1007741019129753,0.1007721275091171,0.0945981442928314,-0.0989098250865936,-0.0976279601454734,-0.0945581570267677,-0.0867856964468956,0.0946127772331237,0.1007444411516189,0.0976237282156944,-0.0801392123103141,-0.0105887977406382,0.0993125364184379,-0.1007762253284454,0.0760960355401039,-0.1007914692163467,0.0836033448576927,0.0696358233690261,-0.1007886528968811,0.0770035982131958,-0.1007491499185562,-0.0726628899574279,0.0730518326163292,-0.0947836488485336,0.1007888317108154,0.100700207054615,-0.0599166639149189,0.1007078364491462,-0.0735932886600494,0.0977203920483589,-0.1007902696728706,-0.1006865501403808,0.0850646123290062,0.0968699157238006,0.1007863283157348,-0.0782263204455375,0.0188090279698371,0.0236250404268503,-0.0740479156374931,-0.0146457459777593,0.0006205352256074,-0.0793588981032371,-0.0699172019958496,0.0584250874817371,-0.0754192173480987,-0.0132718905806541,0.0501745045185089,-0.0877451598644256,0.1224287301301956,-0.1458591967821121,-0.067135602235794,-0.0266610383987426,-0.0402618460357189,0.063645102083683,-0.0245032440871,-0.1186109483242034,0.113404244184494,0.1172785907983779,-0.0490985475480556,-0.1346039474010467,0.0964856818318367,0.053460668772459,-0.0247500985860824,0.0258411858230829,-0.1459828466176986,-0.0197381377220153,-0.0173905417323112,-0.0489033758640289,0.1424472033977508,0.1459428966045379,-0.0218433625996112,-0.0245393887162208,-0.0227061957120895,-0.0506672225892543,0.1291178464889526,0.0714279934763908,0.0736993551254272,0.0619767196476459,-0.1151494532823562,0.014305249787867,-0.1069211065769195,-0.0283864084631204,0.0979512333869934,-0.0248615778982639,-0.1148715615272522,0.0183393526822328,0.1115125641226768,-0.1464731842279434,-0.0865412577986717,-0.017821641638875,-0.093141920864582,0.1488886624574661,0.1400106102228164,-0.0318166725337505,0.1235229149460792,0.0948739126324653,-0.0039138989523053,0.0775519907474517,-0.0371016599237918,0.0880623161792755,-0.1460819542407989,-0.0401297733187675,-0.0763802602887153,-0.0061826999299228,0.0572354570031166,0.0486287660896778,-0.0375037379562854,0.0626066401600837,0.0829812809824943,-0.0709396451711654,-0.1109898686408996,0.1454293131828308,-0.1229496449232101,-0.1299873143434524,0.1171761751174926,0.1487619131803512,0.1272538602352142,-0.0169221255928277,-0.0541225783526897,-0.0260859616100788,-0.0875948369503021,-0.1247588396072387,0.1318903118371963,0.0857282578945159,-0.007285185623914,-0.1090218424797058,0.0947344824671745,-0.1183081194758415,-0.1107126623392105,0.1361124217510223,0.0251112710684537,0.0048126936890184,0.137134775519371,0.0905018895864486,-0.0887261182069778,0.092328630387783,-0.0762552693486213,0.047675784677267,0.0201449487358331,-0.1210319250822067,-0.0302081108093261,-0.032228484749794,0.1366818845272064,0.1275772005319595,-0.096480555832386,-0.0621166452765464,0.0754042491316795,0.0852880328893661,-0.0037773083895444,-0.0522539652884006,-0.0740024521946907,0.1001217886805534,0.1385871767997741,-0.1381081491708755,-0.1281169652938842,-0.1159333884716034,0.0525990948081016,0.0802602097392082,-0.0488070473074913,0.0211257804185152,-0.0573705658316612,0.1414167582988739,-0.1105147004127502,-0.0881289169192314,0.1359125226736068,0.14828622341156,-0.0886036902666091,0.1285073161125183,0.1147226467728614,0.1388469487428665,0.0027478383854031,0.0556564144790172,0.0377453565597534,-0.0543186366558074,0.020216915756464,0.1414252966642379,0.1228868663311004,-0.09979248046875,-0.1134957298636436,0.0254516005516052,0.0884187072515487,-0.1174140647053718,0.065957136452198,-0.1057733744382858,-0.1204365566372871,-0.1340247988700866,-0.0148310353979468,-0.1218582913279533,0.1379332393407821,-0.1075340956449508,0.0296295695006847,-0.1379183232784271,0.0648976415395736,0.0828705430030822,0.0757311955094337,0.1288102567195892,-0.0265822671353817,0.1227849572896957,-0.0479324273765087,0.0365301966667175,-0.0045325369574129,-0.0182292871177196,0.1031913831830024,0.1141860336065292,0.070014089345932,-0.1201024949550628,-0.0280558224767446,0.0650749504566192,0.0433623939752578,-0.1065149679780006,-0.0223213378340005,-0.0280692502856254,-0.0917994454503059,-0.0084036374464631,0.1075804457068443,0.0409295931458473,-0.0437478087842464,0.0810214206576347,-0.0426532924175262,-0.1182565465569496,-0.0244343355298042,0.0735257342457771,0.000517830660101,-0.0255044661462306,0.0566301494836807,-0.037538468837738,0.1117892414331436,-0.1236878260970115,-0.1043636947870254,-0.0888923779129982,0.0437645390629768,-0.0556273125112056,0.082169771194458,-0.0837195143103599,-0.0647640600800514,-0.1241564527153968,0.0318314097821712,0.1417225897312164,-0.1306623816490173,-0.0073229391127824,0.0403580404818058,0.083580233156681,0.1202052384614944,0.0502706058323383,-0.0407784506678581,-0.0631210207939148,0.1499190330505371,0.0717224478721618,-0.1266379654407501,0.0961807444691658,-0.0798395946621894,-0.0741556510329246,0.0806101337075233,-0.0775122046470642,0.0076179848983883,-0.1636157929897308,-0.0429541580379009,0.1360371261835098,0.0226421132683753,0.135056659579277,-0.1066101193428039,0.0671200975775718,-0.0831776037812233,-0.0699830502271652,-0.0623240321874618,-0.046569999307394,0.1086868196725845,0.0377106927335262,0.1363552510738372,0.0850049704313278,0.0393925756216049,-0.0470774620771408,0.0497615039348602,-0.1279343217611313,-0.0072823502123355,0.1376842558383941,-0.1123174503445625,0.0618671141564846,0.0842519253492355,0.1562602221965789,-0.1027089208364486,0.0325543656945228,0.0287855006754398,-0.1283138841390609,0.0246557407081127,-0.0494336187839508,-0.1063484400510788,-0.0826647877693176,0.0487666353583335,-0.0793378725647926,-0.0388113595545291,-0.0929011031985282,-0.0431271344423294,-0.1265088021755218,-0.0181110687553882,0.130281925201416,0.1377948224544525,0.1635632067918777,0.0852126255631446,-0.0317094773054122,-0.0073743378743529,0.1389841586351394,-0.0883957743644714,-0.0859985947608947,-0.1143465414643287,0.0801291391253471,0.1225676611065864,-0.0829598307609558,-0.1320287585258484,-0.0033733488526195,-0.174311026930809,0.044052068144083,-0.0056374478153884,-0.0758228674530983,-0.0452089570462703,0.0056040282361209,0.1420640349388122,-0.0788447335362434,0.0450806878507137,0.0227639395743608,-0.0650118216872215,0.0899665877223014,0.0202031843364238,-0.0100876595824956,-0.0391563288867473,-0.1998538821935653,0.0406646654009819,0.0821890234947204,-0.0367426984012126,0.032513715326786,0.0253603179007768,0.1040600389242172,0.1210750117897987,-0.1763825416564941,-0.1008204817771911,0.0813023000955581,-0.0003463642788119,0.1228561699390411,0.0240722596645355,-0.0761755928397178,0.0112265758216381,-0.145815223455429,-0.0190905164927244,-0.004981318488717,-0.1456740945577621,0.00162310723681,-0.0149773973971605,-0.0537623427808284,-0.047846995294094,0.0634920373558998,-0.0001795108546502,-0.0605317316949367,-0.0592404007911682,-0.0001799267483875,-0.1660381406545639,0.0553013458847999,0.0326942913234233,-0.0014081463450565,-0.1202469542622566,0.0903080999851226,0.0673155486583709,-0.0703296735882759,-0.1172003373503685,-0.1638592332601547,-0.1410834938287735,0.0710500255227088,-0.0531195178627967,-0.1591597348451614,0.142769455909729,-0.0048276660963892,-0.0490165501832962,0.026961674913764,-0.1230501234531402,0.0804599300026893,0.0020911686588078,0.0543814115226268,0.1788427829742431,-0.0332580506801605,-0.0617380738258361,-0.1447600424289703,-0.1903655380010604,-0.141576811671257,0.0652053132653236,-0.0451966486871242,0.0518159642815589,-0.0652204528450965,-0.0574487783014774,0.0298954453319311,0.0506235063076019,0.0648466348648071,-0.0483399108052253,0.0640704631805419,0.1707175523042678,0.0704904422163963,0.1005846336483955,0.0393424704670906,-0.055676307529211,-0.0878881886601448,-0.0180744621902704,0.0778648629784584,-0.1321504414081573,0.0721256956458091,-0.0467134602367877,0.1333922445774078,-0.0035273758694529,0.0229748673737049,-0.0888714268803596,-0.0757946968078613,-0.157136395573616,-0.0446774773299694,-0.0032927226275205,0.0202112905681133,0.0656255856156349,0.0806986764073371,-0.0005088520701974,-0.0135705908760428,0.0202913656830787,0.0776819661259651,0.0683500245213508,MLTIAVWXUVYACF-UHFFFAOYSA-N,COc1ccc(-c2cc(-c3cc4ccc(F)cc4nc3Cl)cc(=O)[nH]2)cc1
-0.0873891189694404,-0.1009336784482002,0.1011867970228195,0.093875378370285,-0.1009708046913147,0.0907452628016471,0.0670150369405746,-0.0992707535624504,-0.0979243665933609,-0.1010534614324569,-0.1006654575467109,-0.1011737361550331,-0.0902801603078842,0.0981124863028526,0.1011767759919166,0.0887914896011352,-0.0942257270216941,0.0561483055353164,0.0922442078590393,-0.0453840009868145,-0.0990178063511848,-0.0608443394303321,-0.1004902422428131,0.077284038066864,0.0533374063670635,0.0964916720986366,-0.0586204454302787,-0.0201056599617004,-0.1010016798973083,-0.0359252765774726,-0.0966508388519287,0.1011397093534469,-0.1007696017622947,0.1011898145079612,-0.0969793125987052,-0.0525825805962085,-0.0911352708935737,0.0968651175498962,0.1010783836245536,-0.0843925327062606,0.0942363291978836,-0.1011501625180244,0.1011822372674942,-0.0973829850554466,0.101148821413517,0.1011440083384513,-0.0994633212685585,0.1011906713247299,0.1007475554943084,0.0983606055378913,-0.0922907292842865,0.0968501344323158,-0.0911683663725853,-0.0276615638285875,-0.1011781245470047,-0.0832438990473747,0.1009575426578521,-0.0920239314436912,0.0898634791374206,-0.1003978550434112,-0.0771092399954795,-0.1011907681822776,-0.0953443795442581,-0.1011450141668319,-0.0706214681267738,-0.0875786393880844,-0.0888809040188789,-0.0004745492478832,0.1011908873915672,0.0968755036592483,0.0977737009525299,0.1009328886866569,-0.1010092347860336,-0.0980711802840232,0.0996334180235862,-5.943085488979705e-05,-0.0860911607742309,0.0990124940872192,-0.0872147157788276,-0.0894701033830642,-0.1002901867032051,-0.098251886665821,0.0977652668952941,0.1004652231931686,-0.0887039974331855,0.1009251177310943,-0.0924177169799804,0.0933226272463798,0.1005273833870887,-0.097691386938095,0.0018305954290553,-0.1010731905698776,0.0991749837994575,-0.0998466461896896,0.0669912099838256,-0.0990520641207695,-0.1002084985375404,-0.1011871993541717,-0.1007045060396194,0.0835751742124557,-0.0972404181957244,0.0184893198311328,-0.1011896133422851,-0.0995338335633277,-0.1006862446665763,-0.0728112086653709,-0.0162844322621822,-0.1011796295642852,0.1010768413543701,0.1011024489998817,0.0360992103815078,0.0637209415435791,0.0539177767932415,0.0260005816817283,-0.0981892868876457,-0.1011900827288627,-0.0148420771583914,-0.1011905893683433,-0.1011827886104583,0.1010851040482521,-0.0974594876170158,0.0035112381447106,0.0582517907023429,0.0426790229976177,-0.0245419014245271,0.0777285024523735,0.1009829044342041,-0.0745283961296081,0.0951807349920272,0.0771702975034713,-0.0980504900217056,-0.0902244970202446,0.0507362335920333,0.1006583794951438,-0.1006579473614692,-0.1000613942742347,0.0995645001530647,-0.0987399891018867,-0.0694000124931335,0.1002150550484657,-0.1006445735692977,-0.0344534888863563,-0.0810971707105636,-0.1004951149225235,0.1006557047367096,0.0662164986133575,0.0994254574179649,-0.0979058966040611,0.1006583198904991,0.0898384302854538,-0.1005812957882881,0.091855801641941,0.0961334109306335,0.0978977903723716,0.1005821302533149,-0.0849909409880638,-0.1003633663058281,0.0068924254737794,0.0980377197265625,-0.0978918969631195,0.0979861617088317,0.024859057739377,0.1006576120853424,0.0271224044263362,-0.1005832180380821,-0.1006574109196662,0.100658394396305,0.0999464243650436,-0.0790184363722801,0.100613348186016,0.1006516963243484,0.1006412580609321,-0.1006087660789489,-0.0853117182850837,0.1006537452340126,-0.0721474438905716,-0.1005960330367088,-0.1004237011075019,-0.0306905191391706,-0.0984667763113975,0.0883494690060615,-0.1006583794951438,0.0184584222733974,-0.0596884898841381,0.1004684120416641,-0.1003903523087501,-0.1002905368804931,0.0156254358589649,-0.1006583496928215,-0.1000595092773437,-0.0028920739423483,0.0283134765923023,-0.1006343811750412,-0.1006582602858543,-0.1006551161408424,-0.085671991109848,-0.0962937176227569,-0.1006062775850296,0.1006582453846931,-0.0202456451952457,0.0843354687094688,-0.1005269140005111,0.0839525759220123,-0.042681585997343,0.1006581857800483,-0.1006580889225006,0.0580652318894863,-0.1000938788056373,0.1006583124399185,0.0994583070278167,0.1005883291363716,-0.100658394396305,-0.081849031150341,0.1005629301071167,-0.1006581783294677,0.0987092405557632,0.1005817353725433,-0.0359348990023136,0.0885401293635368,0.0998403951525688,0.1002990528941154,0.0205304268747568,-0.0594148077070713,-0.1006481125950813,-0.0888013616204261,-0.1006256192922592,-0.1002074107527732,0.1004013940691948,-0.0995608791708946,0.0858597606420517,0.0984453186392784,-0.0274856314063072,0.0506811290979385,-0.100632794201374,0.0647037997841835,0.1006565243005752,-0.0872284471988678,0.0857127606868743,-0.0811076238751411,0.058893047273159,-0.0054066269658505,0.0719199106097221,0.0355346649885177,-0.0991168618202209,-0.0963083058595657,-0.0730745419859886,0.100656934082508,0.100657895207405,-0.1006583720445633,-0.0920576825737953,-0.100655511021614,0.1005289927124977,-0.0747392177581787,0.0964941307902336,0.1003549620509147,-0.1006013229489326,-0.0308790020644664,0.0922656804323196,-0.101554125547409,-0.101550281047821,-0.0924239978194236,-0.0816347301006317,0.0419660620391368,-0.1015289574861526,-0.009160510264337,-0.1015292629599571,-0.0717020332813263,0.0376420952379703,0.1012706086039543,0.0248611532151699,-0.0965879634022712,0.0548743233084678,0.0808844491839408,0.1001072749495506,0.10140410810709,0.0835167095065116,-0.0918780639767646,-0.1015362218022346,0.0631908401846885,-0.0995315387845039,0.1014294698834419,-0.0271185096353292,0.1010914891958236,-0.0982943102717399,0.090344026684761,0.1009798645973205,0.1004268750548362,0.0736843720078468,0.0608733966946601,-0.1013072580099105,-0.099277377128601,-0.101506806910038,-0.1015162542462349,-0.0391924083232879,-0.0868927910923957,-0.1010841131210327,0.0961960032582283,0.0018538761651143,-0.1015656515955925,-0.0007121051312424,-0.0958133935928344,-0.0980971008539199,-0.0930536836385726,-0.0987370610237121,0.1009649410843849,0.0761769339442253,0.1015761941671371,0.1015693172812461,0.101430669426918,-0.1008197739720344,0.1015707850456237,-0.1007158756256103,0.0747624412178993,-0.1015553548932075,-0.082072339951992,0.1008821949362754,-0.0183772705495357,0.0998219773173332,-0.0442660227417945,0.1006144881248474,0.1015692800283432,-0.0447356961667537,0.0531812235713005,-0.1015763506293296,-0.1015750765800476,0.0661300271749496,0.1015523225069046,0.0318598002195358,0.0420549623668193,0.1015762239694595,0.0397930406033992,-0.1014767214655876,0.101391777396202,-0.1015765890479087,-0.0668882578611373,0.0884186252951622,-0.0706736519932746,-0.1015003696084022,-0.1005182936787605,0.0988099724054336,0.1011863723397255,0.1009972766041755,-0.0424667410552501,0.0421062968671321,0.1015764847397804,0.0800728946924209,0.1015756651759147,-0.1008961722254753,-0.1010276302695274,-0.1015570089221,-0.0643830820918083,0.0323038734495639,0.1006558835506439,-0.1015647500753402,-0.1012553051114082,-0.092192605137825,-0.0850715413689613,0.1009133979678154,0.1010245680809021,-0.0923123806715011,0.0912030786275863,0.1004413813352584,-0.1014492213726043,-0.0891059264540672,-0.1015765592455864,-0.1015765890479087,-0.100671462714672,-0.0978918820619583,0.1014820858836174,-0.1010323911905288,0.1015764996409416,0.0901155248284339,-0.1015520989894867,-0.0949521288275718,0.0696376040577888,-0.06902876496315,-0.1015757396817207,-0.0981708094477653,-0.0950598716735839,-0.1015765964984893,-0.1015763282775878,-0.0931659191846847,-0.0865303799510002,0.038369808346033,-0.0753911137580871,0.1218128427863121,-0.016904205083847,0.10178092867136,0.0715825706720352,-0.0680664181709289,0.0816996768116951,0.1118965893983841,0.1228341087698936,-0.0930805131793022,0.1139254048466682,0.0876424312591552,-0.0642897263169288,-0.1017312556505203,-0.0602445751428604,0.0593248084187507,-0.1038051545619964,-0.0293583814054727,-0.0510113611817359,-0.0758139938116073,0.0980004295706749,0.0674318373203277,-0.1130852326750755,-0.0778664946556091,0.1089191809296608,0.1022165343165397,-0.0311250463128089,0.0903404876589775,-0.0044797528535127,-0.1163289844989776,-0.0702021420001983,0.0949086099863052,-0.1066899821162223,0.1026851385831832,-0.0573068335652351,0.1186585202813148,0.112314224243164,0.0660900250077247,0.1163827404379844,0.1194571927189827,-0.0059709716588258,-0.098568819463253,0.029698971658945,0.0954717770218849,-0.0543938279151916,-0.0791651159524917,-0.0396280251443386,-0.073021188378334,0.1026511862874031,0.0953826755285263,-0.0178824849426746,-0.0826375856995582,0.1031805500388145,0.0866309255361557,0.1194632053375244,0.1184659376740455,0.031445387750864,0.1168688088655471,-0.0231849756091833,0.037283070385456,-0.1210667118430137,-0.0911562740802764,-0.0819842815399169,-0.084772765636444,0.1097925156354904,-0.0303034707903862,-0.069790132343769,0.0006696976488456,-0.0649381950497627,-0.0655757784843444,0.0650368630886077,-0.1094523146748542,0.1134010702371597,-0.1183756366372108,0.0905214622616767,0.1126061305403709,0.0998524203896522,-0.115637719631195,0.1205990761518478,-0.0157714188098907,-0.0405355356633663,0.0693201273679733,0.1101181283593177,-0.1110678017139434,0.1024699658155441,0.0928659215569496,0.0465340837836265,0.1239166483283042,-0.0961973443627357,-0.0535668693482875,-0.1103328317403793,0.1202588975429534,0.1151995584368705,0.1078636273741722,0.0651047676801681,0.0210917219519615,0.0954046100378036,0.1186521872878074,-0.1041577234864234,-0.0115647707134485,-0.0999216213822364,-0.1171643286943435,0.1199376359581947,-7.232009693325381e-07,0.1083196774125099,-0.1095318868756294,0.1003645732998848,-0.1150931194424629,0.072310484945774,-0.1203926056623458,0.0784147456288337,0.0672707632184028,-0.0771333649754524,-0.1233610734343528,-0.0578738823533058,-0.0388408191502094,-0.0801693946123123,0.1019238084554672,0.0714968889951706,0.0157612953335046,-0.0650349035859108,0.016807859763503,-0.0053266119211912,0.1159245818853378,0.099205307662487,0.0348303094506263,0.110300987958908,-0.1086122915148735,-0.1188119426369667,-0.1184137687087059,0.0410696342587471,-0.1192499175667762,-0.1045964211225509,0.0258385371416807,-0.0484729558229446,0.081956148147583,-0.0893736481666565,-0.0359062775969505,0.1209961101412773,-0.1124257594347,0.0981681793928146,0.0572326853871345,0.1166314855217933,-0.1121518835425376,0.1197463870048523,-0.1095747649669647,-0.028660399839282,-0.1104769930243492,-0.0219329558312892,-0.1184014305472374,0.0891811922192573,-0.0908140316605568,0.1150923147797584,0.1166187077760696,-0.1086101755499839,-0.0998556613922119,-0.0994819998741149,-0.0517142936587333,-0.097535952925682,0.1222464516758918,-0.0588807724416255,-0.030507942661643,-0.108128972351551,-0.0164853651076555,0.056023821234703,-0.0908249616622924,-0.0971340835094451,-0.0491831339895725,-0.0792901739478111,0.1076307818293571,0.1133475825190544,0.1193129196763038,-0.0788748115301132,-0.0409829542040824,0.1186188235878944,0.0705796778202056,0.0602410696446895,0.0668842270970344,-0.0143757183104753,-0.0405102707445621,0.119252860546112,-0.0618490129709243,-0.0318744592368602,0.0347898192703723,0.1069733947515487,-0.087781012058258,0.0771842822432518,0.0450579300522804,0.1217207908630371,0.095319740474224,-0.0512999147176742,-0.1118833646178245,-0.0806427970528602,-0.0011844041291624,-0.0685603618621826,-0.0831944718956947,-0.0162560679018497,-0.0326011329889297,-0.0423590578138828,-0.0918634980916976,-0.0754343047738075,-0.116431750357151,-0.027397621423006,0.1067850887775421,0.0693080946803093,0.0283201057463884,-0.1162984296679496,-0.1144280955195427,-0.1203832402825355,0.0860224813222885,0.0260047297924757,-0.119032546877861,-0.1034877002239227,-0.1211985796689987,0.0153881125152111,0.0954059809446334,-0.1116390973329544,0.1222477927803993,0.1207285895943641,-0.1111853420734405,0.1005124077200889,0.1077594757080078,0.0729055628180503,-0.1109446212649345,-0.072567842900753,0.1157910898327827,-0.0388889536261558,0.1149582713842392,0.1218192726373672,0.059074580669403,-0.0315987728536129,0.0806632116436958,-0.0711721926927566,-0.0736444443464279,-0.1192302927374839,0.0697866454720497,0.0025587200652807,0.0546654015779495,0.104305163025856,-0.0826797485351562,0.0908681824803352,0.0866381302475929,0.1156582459807396,-0.1206662133336067,-0.0858347788453102,0.1037398725748062,-0.0875540748238563,0.0375471077859401,-0.1172340810298919,0.0687274038791656,0.0669471025466919,-0.0981428623199462,0.0765141174197197,0.1209979057312011,0.015034781768918,-0.0615921728312969,-0.0909295007586479,-0.1055573746562004,0.09784397482872,-0.0791085660457611,0.0674206539988517,0.0568662695586681,0.1001454070210456,-0.0571095794439315,0.0237902924418449,-0.0383396781980991,0.0385492593050003,-0.0023348203394562,0.0487407520413398,0.0879881083965301,0.0820813253521919,-0.1080254539847374,0.1102902144193649,-0.1063895896077156,-0.0999750345945358,0.0808256790041923,-0.0783362910151481,-0.0994519889354705,0.0678778365254402,0.0509086325764656,0.0842632427811622,-0.1079082712531089,0.0578980781137943,-0.0931932404637336,-0.0333485379815101,-0.0959450230002403,-0.0885505005717277,0.1193066984415054,-0.007034873124212,0.0843217968940734,-0.1138095706701278,0.1024834662675857,-0.0670884028077125,0.0881869718432426,0.0686337947845459,0.1118013113737106,0.0813103839755058,0.1120528727769851,0.0577053017914295,0.0858526900410652,0.0920431539416313,-0.0814765319228172,0.0495697259902954,-0.121042899787426,-0.0935374796390533,-0.0249334592372179,-0.1065353602170944,-0.0768851116299629,-0.068563163280487,0.1013130322098732,0.0961500629782676,-0.094539426267147,-0.0950397029519081,-0.112722136080265,0.0990706458687782,0.1120025292038917,-0.0749386474490165,0.1104907244443893,0.1131878867745399,-0.0727777108550071,0.1149944812059402,-0.1066739410161972,0.0802752822637558,0.0126485703513026,-0.0452006049454212,0.10962375998497,-0.0977657884359359,0.0859249383211135,-0.0705455467104911,0.1188966855406761,0.1089867949485778,0.0694111958146095,0.0426717959344387,-0.1181476935744285,0.0622301958501338,0.080171875655651,-0.0928232297301292,0.0973021760582923,-0.1136433631181716,-0.1034312173724174,-0.1016475483775138,-0.0857633724808693,-0.0827746614813804,0.0962009727954864,-0.1119242459535598,0.1124774888157844,-0.0530641824007034,0.0604688413441181,-0.1110561937093734,0.0409239754080772,0.0869455263018608,-0.1127210780978202,0.0822581648826599,-0.1034977212548255,0.0550456270575523,-0.1049741879105568,-0.0736327320337295,-0.0991846323013305,-0.0591062828898429,-0.115406185388565,-0.0541528090834617,0.1103572621941566,-0.0955362617969513,0.1155538260936737,-0.0822104960680008,-0.088486723601818,-0.0890964493155479,-0.0899267643690109,0.111736424267292,0.0024860743433237,-0.0917682871222496,-0.1182237789034843,0.1034688875079155,0.0895332470536232,0.0646168440580368,0.0791098847985267,-0.0113947885110974,0.1067739501595497,0.109321191906929,-0.08304063975811,0.0943430885672569,-0.1020290330052375,-0.0633816048502922,-0.0903194621205329,AMQJGWYOHFKADK-UHFFFAOYSA-N,CCCn1c(S)nnc1-c1ccc(S(=O)(=O)c2ccccc2)cc1
0.0109319072216749,-0.1178135946393013,-0.1324967443943023,0.134353682398796,0.108255498111248,0.0780953243374824,0.0182335805147886,-0.0265931598842144,0.064825639128685,-0.0858677327632904,0.0216027032583951,-0.0115796905010938,-0.0895096436142921,-0.114955186843872,0.067078098654747,0.0481855161488056,0.1326901912689209,-0.1304198801517486,0.0531335100531578,0.0773032903671264,0.124444380402565,-0.0336379036307334,-0.0383510030806064,-0.0165780391544103,-0.0475131571292877,0.0596065782010555,-0.0093807810917496,0.0208119880408048,-0.0241987388581037,-0.0468360483646392,0.1369452178478241,-0.0445086769759655,0.065767154097557,-0.0437747538089752,-0.0691417455673217,0.123430348932743,0.0994392931461334,-0.0054141981527209,-0.0530516803264617,0.1364043653011322,-0.0430065244436264,-0.1124251559376716,0.1259051412343979,0.0677998960018158,0.0217217691242694,0.1298429369926452,0.0833838880062103,0.119985856115818,-0.1275083273649215,0.0697410330176353,-0.0748303681612014,-0.0665068551898002,0.1104595884680748,0.0691347047686576,0.107879139482975,-0.0451637208461761,-0.0376089923083782,0.0796569883823394,-0.1359821557998657,0.1316777765750885,0.0052811545319855,-0.1325609534978866,0.1226389035582542,0.1233008950948715,0.0512413047254085,-0.0583517216145992,0.0975239723920822,-0.104010634124279,0.0045969979837536,-0.1220289319753646,0.128485769033432,-0.1260872781276703,-0.0367031320929527,0.1278126388788223,0.0751952156424522,0.1018357053399086,-0.0489202439785003,0.0299353934824466,0.0359821319580078,0.123733289539814,0.0010809283703565,-0.1291920989751815,-0.1361859887838363,0.0975541323423385,0.0922507047653198,-0.0636909157037735,-0.0263262465596199,-0.0573007836937904,0.0452076643705368,-0.1333658695220947,-0.1243684291839599,0.1103701964020729,0.1127676144242286,0.135958656668663,0.1293439865112304,-0.1087016314268112,-0.1299290210008621,0.104462943971157,-0.0800077095627784,-0.0953167676925659,0.01916279271245,-0.0550893172621727,0.0565585903823375,-0.0967132896184921,0.1197067201137542,0.052540373057127,0.1207252070307731,0.0895349383354187,-0.0051203835755586,-0.0324105247855186,0.1253479868173599,0.0020716616418212,-0.1270248889923095,0.0475259311497211,0.034038882702589,-0.1287495791912078,-0.0746421739459037,0.0502684377133846,0.1239780634641647,-0.0551630146801471,-0.0313764214515686,0.1006408110260963,-0.1030537486076355,0.0367410890758037,0.0826305970549583,0.0450421161949634,-0.0536406524479389,0.0791473686695098,-0.1071869060397148,-0.103478267788887,0.0876577869057655,-0.1067488566040992,-0.0945961102843284,0.0739734470844268,-0.1011550053954124,0.0767176151275634,-0.1078606247901916,-0.0690672621130943,-0.1078863963484764,-0.1001409143209457,-0.1064626574516296,0.1071612238883972,-0.0386938713490963,0.1036872640252113,0.1062365546822547,0.0153637882322072,0.1050403490662574,-0.0158969052135944,0.0254926588386297,0.0556368753314018,-0.1074895486235618,0.1074470728635788,0.1014878004789352,0.060544766485691,0.0952012166380882,-0.0987796857953071,0.1078448072075843,0.0239356718957424,0.0803031474351883,0.0896002799272537,0.0901925712823867,0.0937878489494323,-0.072218082845211,-0.1066269055008888,0.1076284125447273,0.0977848544716835,-0.0632398724555969,-0.0204344429075717,0.0820918902754783,-0.0849271491169929,0.1078300401568412,-0.0516919791698455,-0.1038803681731224,0.1030052080750465,-0.0578846037387847,0.1049443557858467,0.1076560541987419,0.090276338160038,-0.1016329675912857,0.047180064022541,-0.004192809574306,0.1061101406812667,0.1019818410277366,-0.0175285134464502,0.0915625691413879,0.1077028885483741,0.1041322201490402,0.1077424585819244,-0.0202446226030588,0.0912268608808517,-0.0954094305634498,0.0990506783127784,0.0187354031950235,0.0218720324337482,0.103997454047203,0.1055003851652145,-0.1066787242889404,-0.0952586457133293,-0.0925852954387664,-0.0999290719628334,-0.1062003076076507,0.107849583029747,-0.0787726268172264,0.1079140231013298,-0.0994627177715301,-0.0408924520015716,0.1075126156210899,0.1055408120155334,0.0382253155112266,-0.061693113297224,0.0855419859290123,0.0746761783957481,-0.1074841693043708,0.107857272028923,0.0992266163229942,-0.0133552905172109,-0.09788079559803,-0.1078413352370262,0.0675243884325027,-0.0960812345147132,-0.0289742872118949,-0.1077298671007156,0.0747577771544456,-0.1051763743162155,0.1064677238464355,0.0962638258934021,-0.1075977906584739,0.0284470207989215,-0.1066159904003143,-0.1077588126063346,-0.1049370542168617,-0.0727989748120307,0.1042741015553474,0.0993034392595291,0.1078543737530708,-0.0814875811338424,0.0658805444836616,0.0784709230065345,0.1075047627091407,-0.0994331762194633,0.1055885180830955,-0.0881341472268104,-0.00909916870296,0.0697199180722236,-0.0869129002094268,-0.1061558648943901,0.1073399558663368,0.0700661465525627,-0.0071973698213696,0.0381259061396122,-0.0731082186102867,-0.070601113140583,0.0385938696563243,0.1064493507146835,0.1079014614224433,0.0869020521640777,0.0975624695420265,0.0994050800800323,-0.067006729543209,-0.0956310033798217,-0.1026317775249481,0.1026280298829078,-0.0885597094893455,-0.1023259535431861,-0.1020029038190841,-0.0966143533587455,0.1020151451230049,0.0113531574606895,0.0915514677762985,0.1022730469703674,-0.1026066988706588,0.0801247954368591,-0.1022075116634368,0.0900219529867172,-0.1024546846747398,0.0990069806575775,-0.0392549708485603,-0.1026278063654899,-0.1020886898040771,-0.0429602339863777,0.1026314720511436,-0.0461644195020198,0.0434457398951053,-0.1020744293928146,0.1014395132660865,-0.0176407136023044,-0.066675953567028,-0.0334184020757675,0.1016798540949821,0.0960751920938491,-0.1005581244826316,0.0762728899717331,-0.1026243790984153,0.0999874621629715,0.0995600298047065,0.1012478172779083,0.1015472561120987,0.0235892049968242,0.1008450537919998,0.1008650735020637,-0.1026316881179809,0.0953712090849876,-0.0603607483208179,0.0815001651644706,0.0105493664741516,0.1018624678254127,0.1023169755935669,0.1023491322994232,0.1009917706251144,0.1024361252784729,0.1026283875107765,0.051950879395008,0.0943976789712905,-0.0034186653792858,-0.1021632030606269,-0.0856883600354194,0.096778355538845,0.0221345406025648,-0.1025858521461486,0.0255761016160249,0.0954297333955764,0.064932644367218,0.1018420681357383,-0.1025939136743545,-0.1026290655136108,0.1020004451274871,-0.1025082468986511,0.1026304364204406,0.0985598042607307,0.1025143563747406,0.0915249809622764,0.0576653331518173,-0.1022507697343826,0.0787855312228202,0.0432149954140186,-0.0971876457333564,0.1013568937778472,0.1004228442907333,-0.1015376076102256,-0.0200175214558839,0.0588858276605606,-0.1026151478290557,-0.1019641980528831,-0.0060417968779802,0.1016998216509819,0.1019504517316818,-0.0436431355774402,-0.0693248212337493,-0.1017592176795005,-0.102532684803009,0.0629352778196334,0.1025182604789733,-0.0785304084420204,-0.1025479286909103,0.0845269039273262,-0.0981386080384254,-0.1011201962828636,-0.101664014160633,0.0821246430277824,0.100455492734909,-0.1022809818387031,0.0966080799698829,-0.0848030298948288,0.1026256456971168,-0.1025381833314895,-0.0649669170379638,-0.0847298949956893,-0.1026123687624931,0.0187712498009204,0.1010947823524475,-0.0464199110865592,-0.0988322719931602,-0.0262363664805889,-0.0641002655029296,0.1025111898779869,-0.1025449112057685,0.101777359843254,0.1006742492318153,-0.0830916836857795,0.0662947222590446,-0.1022870615124702,0.0328518934547901,0.1012834757566452,-0.0983636155724525,0.1065137535333633,-0.0280986819416284,-0.0635054111480712,-0.0811529383063316,0.0669114366173744,0.1059425994753837,-0.1011517196893692,-0.090257927775383,-0.101579263806343,-0.1059061139822006,-0.0908235982060432,0.0965220108628273,0.0567734390497207,0.1069802343845367,0.0917000696063041,-0.102659672498703,-0.0739811733365058,0.0942254066467285,-0.0525586567819118,0.103800855576992,-0.0218632835894823,0.1044975668191909,-0.0960613414645195,-0.110145665705204,-0.1060226336121559,0.0995710343122482,-0.0861264914274215,0.1093177199363708,0.110352024435997,-0.1005353927612304,0.0638726577162742,-0.0849701166152954,0.0415269508957862,0.1021939516067504,-0.0251586679369211,0.0965357050299644,0.0567187406122684,-0.1038175523281097,-0.1004098579287529,0.1019864305853843,0.1019762158393859,0.0156757067888975,0.0941497683525085,0.0604376569390296,0.0316487550735473,0.1082291081547737,0.0481676943600177,0.1042268425226211,0.0252629779279232,-0.0965753346681594,-0.0378942787647247,0.0812032520771026,-0.1057915166020393,0.1093443557620048,-0.0390204302966594,0.0637136474251747,-0.1036446318030357,0.1090723425149917,-0.0967255160212516,0.0376373529434204,-0.0761130228638649,0.1034987643361091,-0.0246563386172056,0.0878732427954673,0.1100988537073135,-0.0954679399728775,-0.1063378155231475,0.0791504681110382,0.0938874185085296,0.0951186418533325,-0.0905878171324729,0.1005849316716194,0.0793668180704116,0.0978566706180572,-0.1076015904545784,0.0965580567717552,0.1103194802999496,0.0379693582653999,-0.0865796133875846,0.0749252438545227,0.1087530925869941,-0.0514947101473808,-0.0835338979959487,-0.106389082968235,-0.0941156446933746,0.0971201434731483,0.0677569806575775,-0.1010868027806282,0.0708048641681671,0.1052084490656852,0.0622016191482543,0.0965828448534011,-0.1048149093985557,-0.0712732896208763,0.0759715437889099,0.1043495163321495,0.0906969830393791,0.0851117372512817,0.089816890656948,0.1026703938841819,-0.0567515194416046,0.0786387473344802,0.0273614656180143,-0.0760227069258689,0.0941753610968589,0.0877863988280296,-0.1085657328367233,0.1084185019135475,0.1091481745243072,0.1016506105661392,-0.1051020473241806,0.0973257645964622,0.0997144505381584,-0.095915213227272,-0.1076212376356124,0.0824548527598381,0.1048120856285095,0.099074549973011,-0.1107212752103805,-0.1106165945529937,0.0906650573015213,-0.041260153055191,-0.032220147550106,-0.0498093254864215,0.0524133145809173,0.0889299139380455,0.1029936149716377,-0.0909682065248489,-0.1122286766767501,0.1124692782759666,-0.1169109791517257,-0.0232883263379335,-0.1154834032058715,-0.113369733095169,-0.0454462058842182,-0.1046643555164337,0.0716125443577766,0.0350684411823749,0.1153820529580116,0.0566538423299789,0.0507460571825504,0.0742567703127861,-0.1043589189648628,-0.1068364605307579,-0.032029990106821,0.109713114798069,0.1000270545482635,0.1068663299083709,0.0524566993117332,0.0823684111237526,-0.1157455965876579,0.1169019788503646,0.0063763819634914,-0.0650307908654213,-0.0735338032245636,-0.0572857521474361,-0.1163248866796493,-0.1097199395298957,-0.0123649984598159,0.0649536550045013,-0.0611047744750976,-0.1164196208119392,0.0651589930057525,-0.1131633818149566,-0.0258535556495189,-0.1018547192215919,0.0687131360173225,0.0760861337184906,0.1139199435710907,0.0064643444493412,0.0670231953263282,-0.0042459992691874,0.0700328052043914,0.0468556135892868,-0.1075595915317535,-0.1113515347242355,0.0814682617783546,0.1153253614902496,0.0830633342266082,0.0266854055225849,-0.1136048808693885,0.1137439534068107,0.1010748445987701,0.1006238609552383,-0.1095391437411308,0.1163706928491592,-0.113110676407814,0.084171637892723,0.0970853865146637,-0.1155432015657424,0.0362244248390197,0.1113646700978279,-0.1000921577215194,0.1164876446127891,0.1108360663056373,-0.0518179051578044,0.1017941907048225,-0.0487511754035949,0.108555644750595,0.0515890307724475,-0.1166149079799652,0.1063038110733032,0.1109521389007568,-0.0769907161593437,-0.1048232465982437,0.1087522506713867,-0.0365846045315265,0.1030617281794548,0.0855830237269401,0.0595328547060489,-0.1009789109230041,0.1165430694818496,-0.1025176346302032,-0.1164442598819732,0.011142848059535,0.0900737419724464,0.1080816388130188,-0.0897359028458595,0.0200881771743297,0.1001252382993698,-0.1055982857942581,0.1090147420763969,-0.0947313979268074,0.0821581110358238,0.1092668250203132,-0.0357802733778953,-0.0247982814908027,0.1087868511676788,0.0893252789974212,-0.1008789092302322,-0.1073648035526275,0.1057415232062339,0.1142463311553001,0.1109103858470916,-0.024519333615899,0.0983810722827911,0.0344114229083061,0.0059236381202936,-0.0750246495008468,0.0842435881495475,0.0785176381468772,-0.1067094281315803,-0.0796836540102958,0.0932119563221931,0.0230129063129425,-0.0862197950482368,0.0812354981899261,-0.0388438813388347,-0.1014479771256446,-0.0567330792546272,-0.0979318991303443,-0.0214551221579313,-0.0826132148504257,-0.0978288203477859,0.0221522450447082,0.0958518534898758,0.1074136197566986,-0.1142816543579101,-0.0324061550199985,-0.0601149164140224,0.1126084178686142,0.1045586988329887,0.1135796904563903,0.0957032740116119,0.0769028663635253,-0.0373675599694252,0.1110913977026939,-0.0967567488551139,0.0070943506434559,-0.0884780585765838,-0.0797626003623008,0.0989378169178962,-0.0891873240470886,0.0476921536028385,0.108615830540657,-0.108915776014328,-0.0860485509037971,0.0869421735405922,0.0896946266293525,-0.0181606691330671,0.0567587651312351,0.1118867918848991,-0.0663469806313514,-0.0960474908351898,0.0080331834033131,0.1014597117900848,0.0242046322673559,0.1093279272317886,-0.1038857549428939,-0.0361250452697277,-0.0841176882386207,-0.1090728938579559,-0.0321391932666301,0.1076965034008026,0.0943191275000572,0.1131728366017341,-0.0102432742714881,0.0941412672400474,-0.1125777587294578,0.0992569699883461,0.1072069630026817,-0.1028817147016525,0.1045559421181678,-0.0729197040200233,-0.0749339163303375,-0.0190829616039991,0.0952252820134162,0.0648694485425949,0.0819231197237968,-0.1088266819715499,-0.1111399978399276,0.1112790033221244,0.078637771308422,0.0816961601376533,0.1044054701924324,0.0302044097334146,-0.0356429107487201,-0.1106857284903526,0.105983093380928,-0.0965940877795219,-0.099897913634777,0.0293688382953405,-0.0846207216382026,-0.0066226841881871,-0.0852163434028625,0.0679436773061752,-0.0484851039946079,-0.107204295694828,-0.1078452840447425,0.1119748577475547,0.0832117721438407,-0.0220199842005968,-0.1099182814359664,0.0727462321519851,-0.0900259092450141,0.1124710291624069,-0.0588776394724845,-0.0932332798838615,0.0766652673482894,0.1130571663379669,0.0630605295300483,-0.0556631870567798,0.039157036691904,-0.111469529569149,-0.1001402214169502,-0.1124571710824966,-0.1150257810950279,0.1039747819304466,0.108523242175579,0.1105848029255867,0.0772962123155593,-0.0962661206722259,0.0988798141479492,0.0389095060527324,0.1149212718009948,0.1099673062562942,0.0359992273151874,-0.0999739840626716,-0.0241452921181917,0.0969771668314933,0.104494497179985,-0.0889377370476722,-0.0138167263939976,-0.0536255203187465,0.09490367770195,-0.1085901632905006,-0.0952337384223938,0.0150015437975525,-0.0543821789324283,-0.1042693257331848,0.1137849166989326,-0.1033524274826049,0.1135279312729835,-0.1135323420166969,-0.044629693031311,0.1144310906529426,-0.1109881326556205,-0.08706796169281,0.0831326395273208,0.0620808377861976,0.0787377133965492,0.1028192117810249,-0.0930766686797142,0.1021431684494018,RYIHMOXXDTXFLG-UHFFFAOYSA-N,O=C(O)c1cn(C2CC2)c2cc(-n3cc(Cn4ccnc4)nn3)c(F)cc2c1=O
-0.0087920408695936,0.1004749983549118,-0.0772234722971916,0.1076015681028366,0.111292690038681,0.0128660965710878,-0.056440707296133,-0.0355476662516593,-0.1028064116835594,0.1114284098148346,-0.1100957617163658,0.1112706661224365,0.0450864508748054,0.1115085408091545,-0.110937975347042,-0.111049436032772,0.1111592724919319,-0.0960069671273231,0.1050534099340438,0.1007776707410812,0.074649691581726,-0.0880665257573127,0.0627176761627197,0.107736237347126,-0.0053651151247322,-0.111183188855648,-0.090111143887043,-0.0291160810738801,0.0704108104109764,0.0769820809364318,0.1040658131241798,-0.0491008125245571,-0.1095268428325653,-0.0704602226614952,0.014710777439177,-0.1114657893776893,-0.1111036986112594,0.104710429906845,0.1074558645486831,0.095567762851715,-0.0434915460646152,0.0449575781822204,-0.110034130513668,-0.0556732527911663,0.0640709176659584,-0.0076375706121325,-0.002523124217987,-0.1104181632399559,-0.0249693021178245,0.1105595156550407,0.0056119752116501,0.1078725606203079,0.1107228472828865,0.1080016493797302,-0.0677618235349655,0.0993360951542854,-0.1022954061627388,-0.1036516800522804,-0.0450447984039783,0.1026574745774269,-0.0587232299149036,0.1114523634314537,-0.050710204988718,-0.0924289375543594,0.1031303405761718,0.1034109219908714,-0.1114835366606712,0.0719635561108589,-0.0914155170321464,-0.0988903567194938,-0.0962549224495887,0.111432246863842,0.0968632698059082,-0.0850895270705223,-0.1115111336112022,-0.1114854514598846,-0.0314506590366363,-0.1022721230983734,-0.0957482159137725,-0.0910948142409324,0.0899821296334266,-0.0822184234857559,0.1044640243053436,0.1043611392378807,-0.0328643545508384,0.1099017709493637,-0.1086448058485984,0.1041076406836509,-0.046779241412878,0.1059750840067863,0.0953728556632995,0.1102288588881492,0.10904061794281,0.103327102959156,0.0224404111504554,-0.06490059196949,0.09352857619524,-0.103956863284111,0.0703662782907486,-0.0533198229968547,-0.030953299254179,0.0208918154239654,0.0581053718924522,-0.110035665333271,-0.1112373992800712,0.0998072549700737,-0.1038329005241394,0.0961099937558174,-0.0170555487275123,0.1111347749829292,-0.0084862634539604,0.049780398607254,-0.1110617741942405,-0.1075872033834457,0.0948205888271331,0.11131052672863,-0.0937111601233482,-0.0764530301094055,-0.0994644984602928,-0.1099707931280136,0.1106643229722976,0.0296950843185186,-0.0808905288577079,-0.1095489338040351,0.1020949631929397,-0.0256091877818107,0.0433496385812759,0.0834852531552314,-0.1000173091888427,-0.0207561124116182,0.1050515994429588,0.0889298692345619,-0.0038284373003989,-0.1054194569587707,0.1054725050926208,-0.0732711628079414,-0.1038457378745079,-0.0939421877264976,0.1053492426872253,-0.0016379962908104,-0.0459168888628482,0.0990736708045005,-0.1010799929499626,-0.0884386226534843,0.1050264984369278,-0.1035752445459365,-0.1055087968707084,-0.0660611763596534,-0.1026946976780891,-0.1052835136651992,-0.1013944596052169,0.0596076920628547,0.1044692173600196,-0.1055439114570617,0.1007083803415298,0.0720927715301513,0.0928509309887886,0.1021381169557571,-0.0712938606739044,-0.0901553332805633,-0.1055420115590095,-0.0256646685302257,-0.1055115535855293,-0.1053806915879249,0.0062934178858995,-0.0006484779878519,0.104822039604187,-0.105222649872303,-0.0909932628273963,0.1017990708351135,0.1009771972894668,0.0580073744058609,0.1053666248917579,0.0257042087614536,-0.0142828421667218,0.1039702743291854,0.096301257610321,-0.07927106320858,0.0298880562186241,-0.022757276892662,-0.0816379263997078,-0.0965188965201377,0.0320358872413635,0.1050115823745727,-0.1052957996726036,-0.0995612144470214,0.0277296956628561,-0.0999395251274108,0.1055087149143219,0.0780065581202507,0.104230523109436,0.1054445207118988,0.0812233909964561,0.1052939221262931,-0.1053774058818817,-0.1020934134721756,0.104243203997612,0.0984341874718666,-0.0949058681726455,-0.0126866921782493,-0.0354286804795265,-0.1051144376397132,-0.099221184849739,-0.0408898293972015,-0.086072139441967,-0.0938823372125625,-0.1053520739078521,0.1055351868271827,0.0908136665821075,-0.0954273715615272,-0.1040519773960113,-0.0774198919534683,0.0532691031694412,-0.104243703186512,-0.1054637506604194,0.1038223132491111,-0.1054229065775871,0.1041846349835395,-0.1048657968640327,0.1019292920827865,-0.0953834801912307,0.0112388581037521,0.049849085509777,-0.0805376097559928,-0.0982187017798423,0.1046942546963691,0.1011878699064254,-0.1029804050922393,0.1054143533110618,-0.0136038735508918,-0.1001015156507492,0.1048153415322303,-0.0714766904711723,0.1054127365350723,0.1054658666253089,-0.1034184768795967,-0.0548842847347259,-0.0966314524412155,0.065209649503231,0.1049416065216064,0.1033407747745513,-0.0169234052300453,0.1022167205810546,0.0897039249539375,0.1037486046552658,0.1055443584918975,-0.1055448725819587,-0.1027803942561149,0.0318974927067756,0.047274399548769,-0.0957291051745414,0.0117734475061297,-0.0091887637972831,-0.1029292643070221,-0.1055432111024856,-0.0589817203581333,-0.1092097610235214,-0.0403615608811378,0.0509271435439586,-0.1070324927568435,0.0961846485733985,-0.1090938746929168,-0.1067952960729599,-0.0336175672709941,-0.1076907962560653,0.0847984850406646,0.0758845210075378,0.1036349013447761,-0.0410764329135417,-0.1090407148003578,-0.0797248184680938,-0.0456244945526123,-0.0935815200209617,-0.0822128802537918,-0.0976281762123107,0.0358109250664711,-0.1027968227863311,-0.0934305936098098,-0.1075327694416046,0.086271621286869,-0.1081724315881729,0.0965417698025703,-0.1077728047966957,0.1087110191583633,-0.1039097756147384,-0.1083737909793853,0.0601642727851867,-0.0958054438233375,-0.0286864042282104,-0.0019320544088259,0.0832008421421051,0.0720312595367431,0.0402665585279464,-0.1030659899115562,0.1024828180670738,-0.0586729794740676,-0.1039052903652191,-0.0887859538197517,-0.082955814898014,0.0477861352264881,0.0170174892991781,0.0644203796982765,0.0377211980521678,0.1080898940563201,0.1085982322692871,-0.097640186548233,-0.1089496985077858,-0.1091666594147682,-0.1031558737158775,0.0830343216657638,-0.1000310853123664,-0.1089881807565689,-0.1092504635453224,0.1067076846957206,0.1088650822639465,0.0868620350956916,-0.1063085123896598,-0.0053710499778389,0.0788648650050163,-0.0861207768321037,0.0336319468915462,-0.0831063762307167,0.0046387878246605,0.0403016544878482,-0.1079131513833999,-0.0954786166548729,0.0999252349138259,0.0201033372431993,0.108088918030262,0.1090864166617393,-0.0781248286366462,-0.1093338802456855,-0.1037301421165466,0.1093458086252212,-0.0944070070981979,-0.0724750980734825,0.0914458632469177,-0.0668151155114173,0.1093552857637405,-0.0333394221961498,0.1018665134906768,-0.0957855209708213,0.0941473171114921,0.1060531064867973,-0.0465964935719966,-0.1039625480771064,-0.1087830439209938,-0.1042316481471061,-0.0974499136209487,0.0027076059486716,0.1091959178447723,-0.0815645307302475,-0.0975361242890358,0.012725792825222,0.0360693112015724,-0.1090470477938652,0.0155496886000037,-0.0521400421857833,0.1089149937033653,0.0763950422406196,-0.1073522567749023,0.029357835650444,-0.1045452877879142,-0.0969821885228157,-0.1083106100559234,0.0934697389602661,0.1069894134998321,-0.1031478270888328,-0.1048706099390983,-0.0271099917590618,0.0668767243623733,-0.0703727304935455,0.0119380876421928,-0.089762233197689,0.1093439683318138,0.09208694845438,0.1093520522117614,0.1058160588145256,0.1085227951407432,-0.0863842144608497,0.1089804023504257,0.0919624119997024,-0.1088233590126037,0.0916482284665107,0.075600691139698,-0.0505188032984733,-0.013825318776071,-0.1506513804197311,0.0081284064799547,-0.1394781023263931,-0.0692129805684089,-0.0798946842551231,-0.097364604473114,-0.0342970006167888,-0.0215349737554788,0.0913427546620369,-0.1042857021093368,0.0781546607613563,-0.1457211524248123,0.0707847401499748,0.1090388894081115,0.0064171790145337,-0.0016367370262742,-0.0535499118268489,-0.1105745211243629,0.095413289964199,0.0483294911682605,-0.0420562662184238,-0.1415118277072906,-0.0269891209900379,0.0951916500926017,-0.0928423255681991,-0.1228225529193878,-0.0138583928346633,-0.0196277126669883,-0.1061348244547844,-0.1215282306075096,0.1502264589071273,0.1374462246894836,0.0189344491809606,-0.0437861457467079,-0.0062530161812901,-0.0889966636896133,-0.0333159230649471,0.0285122655332088,0.1267423629760742,-0.0933179408311843,0.019827889278531,-0.0600094012916088,-0.1338617205619812,-0.0964898243546485,-0.0131487501785159,-0.1233957335352897,-0.0384203046560287,0.0884875208139419,-0.1183412820100784,-0.0720884129405021,0.0175160150974988,-0.1026924476027488,-0.1013650596141815,0.1410716474056244,0.1333411633968353,-0.0652864500880241,0.1133182123303413,0.0689089372754097,-0.0839328318834304,-0.0627764016389846,-0.0230982694774866,-0.0605123937129974,-0.115856148302555,-0.0358771495521068,-0.1443776935338974,-0.1223404183983802,-0.0271247960627079,0.06708525121212,-0.0741659626364708,-0.0662494376301765,0.0957174748182296,-0.0862077996134758,-0.0291564986109733,0.118002064526081,-0.0928468108177185,-0.1341232359409332,-0.0058231153525412,0.0910829380154609,0.1453824937343597,-0.0657422170042991,-0.0109608862549066,-0.0636513382196426,-0.1194919794797897,0.0298629496246576,0.0956432968378067,-0.0009794504148885,0.0111015606671571,-0.127596229314804,-0.0099571011960506,-0.1355157792568206,-0.1236494928598404,0.13772514462471,-0.0670993998646736,-0.1175472661852836,0.0191768147051334,0.1515605002641677,-0.0977082401514053,0.0901100859045982,0.0180567614734172,-0.0005640093586407,0.0628681406378746,-0.1264362037181854,0.0035137711092829,-0.0869073271751403,0.1183103173971176,-0.0196155738085508,0.0800707638263702,0.0030730981379747,0.1127112433314323,0.0593916587531566,0.1215921938419342,0.0547257848083972,-0.0844488143920898,0.0699846744537353,0.1336564272642135,-0.1067991033196449,-0.0248999465256929,-0.0529167167842388,0.0196721013635396,0.1178787276148796,-0.1371731907129287,-0.137062519788742,-0.0125976298004388,0.0186654590070247,-0.1078036725521087,-0.0962977856397628,0.112974002957344,0.1614895761013031,-0.0836745277047157,0.1305634081363678,0.1261969804763794,0.163697749376297,0.0312125124037265,0.0879287645220756,-0.04234604164958,-0.0363557711243629,-0.0348726101219654,0.1475110650062561,0.1258681714534759,-0.0561307296156883,-0.1071776002645492,0.0449874177575111,-0.0119534898549318,-0.0936380699276924,0.0251123551279306,-0.1083510518074035,-0.1135172247886657,-0.1221761032938957,0.0117838280275464,-0.1541675627231598,0.1441405266523361,-0.1447286754846573,0.1037022471427917,-0.1446442902088165,0.1133009046316146,0.0267874617129564,0.0649261027574539,0.1212541908025741,0.0031487117521464,0.0450936630368232,-0.0327785350382328,0.0512579530477523,-0.0348188430070877,-0.001298542600125,0.0822808519005775,0.0407759584486484,0.0916217416524887,-0.1412841081619262,0.0082963034510612,0.0298167485743761,0.0585133656859397,-0.0551588088274002,0.0023213180247694,-0.0282285790890455,-0.1144534945487976,0.0470546223223209,0.0510996207594871,0.0944164991378784,-0.0991037189960479,0.0868761464953422,-0.0341646373271942,-0.122196264564991,-0.0380014069378376,0.130715325474739,-0.0183977168053388,-0.0888080224394798,0.095480166375637,-0.0430339872837066,0.094293400645256,-0.0883135572075843,-0.0866530165076255,-0.0243838094174861,0.0870247855782508,-0.0455264188349247,0.0680603384971618,-0.0949211791157722,-0.0766535326838493,-0.1070024520158767,0.010223913937807,0.1441942006349563,-0.1389514803886413,0.0874117016792297,0.042963869869709,0.0276644118130207,0.0339126847684383,0.0140725309029221,-0.066220074892044,-0.0739548802375793,0.1257691383361816,-0.0142771452665328,-0.0403788462281227,0.0975876748561859,-0.1077812612056732,-0.0768711268901825,0.1483558118343353,-0.0429570041596889,-0.1020412519574165,-0.1747560203075409,0.0116237280890345,0.1673692017793655,-0.0323806963860988,0.1451577097177505,-0.1108928918838501,0.0210783425718545,-0.0172089189291,-0.0654563978314399,0.0093647530302405,-0.0322490110993385,0.0394901111721992,-0.0654233396053314,0.1058241501450538,0.0679939165711402,0.0858650803565979,-0.0548316203057765,0.0376208573579788,-0.1441470980644226,0.0243879593908786,0.1405146121978759,-0.0708610117435455,0.1079765558242797,0.01759491302073,0.1769125759601593,-0.1169966682791709,0.0453296452760696,0.0085720997303724,-0.1256314069032669,0.0203974246978759,-0.0305180884897708,-0.078855775296688,-0.092890977859497,0.0200108550488948,-0.0916010364890098,-0.0647808909416198,-0.1239233240485191,0.1019100695848465,-0.016190180554986,-0.0302417390048503,-0.0890163332223892,0.108734555542469,0.0575679466128349,0.1589590907096862,-0.0990325361490249,-0.0613147243857383,0.1077257469296455,-0.1223965883255004,-0.0955681502819061,-0.1655939817428589,0.1045717746019363,0.0477001219987869,-0.0661959499120712,-0.1400390267372131,-0.0742747858166694,-0.1363502591848373,0.0563754551112651,0.1466210633516311,-0.0654962956905365,-0.1102627962827682,0.0764003992080688,-0.0157896429300308,0.1036829128861427,0.1403753757476806,0.122911125421524,-0.1608226299285888,0.0557933636009693,-0.0727160573005676,0.0927590578794479,-0.0221277698874473,-0.0679663643240928,0.1476339548826217,0.1199180632829666,-0.111765868961811,0.0139726363122463,-0.006795625668019,0.0904415324330329,0.0592575557529926,-0.1251273155212402,-0.1357954144477844,0.0539058335125446,0.0948881357908248,0.0855444073677063,-0.034203004091978,0.0015630251727998,0.0794337689876556,-0.1173498481512069,0.0034019260201603,-0.0625110790133476,0.0731019675731659,0.0540603138506412,-0.0343535766005516,-0.1402600705623626,0.0703608468174934,-0.0171692166477441,0.0410935245454311,0.0963375493884086,0.123229943215847,0.0024141639005392,-0.056676723062992,0.0069072246551513,-0.0227636601775884,0.0022781395819038,-0.0059926169924438,0.0539976917207241,0.1222309470176696,-0.0502427108585834,0.0346363186836242,0.00153944210615,-0.0733260065317154,0.0670628324151039,0.0258302316069602,-0.0437358580529689,0.0392514392733573,-0.1256728023290634,-0.1029973849654197,0.1206006333231926,0.0142544908449053,-0.0491196736693382,-0.0920086428523063,-0.0494838505983352,0.0771985799074173,0.1219336986541748,0.0129255792126059,0.0350707806646823,-0.1018278747797012,0.0012956246500834,0.0562329068779945,-0.0832573324441909,-0.053920991718769,-0.057636234909296,0.0100011946633458,0.0015509471995756,0.0231649670749902,0.0571109615266323,-0.0822314247488975,0.0297824665904045,0.1469242572784423,0.0151979932561516,0.0478042252361774,0.0975693762302398,-0.0966899767518043,-0.150993600487709,-0.1347643882036209,0.0734217092394828,-0.1539479345083236,0.0702144429087638,0.0231986530125141,0.0615931265056133,-0.1326303482055664,-0.0482404828071594,-0.1075082197785377,-0.1337937116622924,-0.155745580792427,-0.1409946233034134,-0.0420390404760837,0.0310615934431552,0.0184318106621503,0.138424813747406,0.0569215714931488,0.1095411255955696,-0.1072709709405899,0.119912602007389,0.1134075447916984,CDNIADYMVBMBFZ-UHFFFAOYSA-N,Cc1cc(C)cc(C(=O)Nc2ccc(-c3c[nH]c(N)n3)cc2)c1.Cl
0.1198349520564079,0.1210431978106498,0.1206897422671318,0.0018440355779603,0.1095154210925102,0.1165657937526702,-0.1220867484807968,0.1131084039807319,0.0738964080810546,-0.1219681575894355,-0.0263045895844697,-0.1070922464132309,-0.0366800613701343,-0.0300516337156295,0.1172558218240737,-0.1101879999041557,-0.1220488771796226,0.1144267320632934,-0.0879618525505065,0.0253536291420459,-0.0578529611229896,-0.0614273622632026,0.0591134950518608,0.1018722802400589,0.0819697529077529,0.1179179847240448,-0.1016069501638412,-0.0285998713225126,0.1204799637198448,0.0054747923277318,0.0304053146392107,-0.0570417679846286,0.118498757481575,-0.1144447922706604,0.1118714660406112,0.1209712624549865,0.1187807694077491,-0.12062519043684,-0.0713870674371719,-0.0730722844600677,-0.110747255384922,-0.0202740263193845,-0.1198280081152916,0.0437695160508155,-0.0433633476495742,0.108230210840702,-0.0816381350159645,-0.1188430190086364,-0.1151375547051429,-0.1034791246056556,0.0932059586048126,-0.0229125507175922,-0.094795137643814,-0.0314231105148792,0.0383817963302135,-0.0310495942831039,0.0855122879147529,-0.1100990921258926,0.0765743181109428,0.0405925884842872,0.1226200386881828,0.1226563677191734,-0.0681222081184387,-0.0990470573306083,-0.0928907841444015,0.1207356378436088,-0.094054602086544,0.035960528999567,-0.1118819862604141,-0.0991674661636352,0.1136522069573402,0.0848746970295906,0.0889124721288681,0.000687996041961,0.0892955884337425,0.1167663782835006,0.0166522413492202,-0.0198104362934827,-0.0603216364979743,0.0756847485899925,0.0849684327840805,0.1219704672694206,0.0772460624575614,0.0971814766526222,0.1007209792733192,-0.0548781082034111,-0.0038228693883866,-0.113861508667469,-0.0251912828534841,0.0077581107616424,0.0107417870312929,0.120605818927288,0.009550753980875,0.0052333022467792,-0.1224079504609108,-0.0965779647231102,-0.0966140553355217,0.1178987920284271,0.1161521971225738,0.0129335606470704,0.1041718050837516,-0.1141796186566352,0.0558465123176574,0.1223300844430923,-0.015451468527317,0.0012758680386468,0.0923232287168502,-0.1144415587186813,-0.048723068088293,0.0005236425786279,0.0432171560823917,0.0195674989372491,-0.1199917048215866,-0.1134916692972183,-0.091553583741188,0.1200594902038574,-0.0712533295154571,0.012448500841856,0.1030437871813774,0.1125229373574256,0.0031044878996908,0.0786495581269264,0.0626996085047721,-0.0783475339412689,0.1051370799541473,0.1163939461112022,-0.1070585921406745,-0.0762104541063308,0.1317919939756393,0.0829788520932197,0.1098749116063118,-0.0272462405264377,-0.0408096648752689,-0.0154350399971008,-0.0240070223808288,0.1293601095676422,0.0946274474263191,0.1251117438077926,0.0480735823512077,0.0926256105303764,0.1359063535928726,-0.0325798541307449,0.1170224547386169,0.0598963871598243,-0.0995070338249206,0.1360456794500351,0.0147051252424716,-0.0696096941828727,-0.0729866698384285,0.0884574502706527,-0.0680208802223205,-0.1334090232849121,-0.1124732866883277,0.127572014927864,-0.1366280019283294,0.0877172723412513,0.0642253383994102,-0.1364978551864624,0.0520660504698753,-0.1027408465743064,0.0302936658263206,0.1315506547689438,0.0616504326462745,0.1354018151760101,-0.0059284409508109,0.0240096934139728,-0.0267938636243343,-0.0779204592108726,0.0977906733751297,-0.0638739988207817,-0.1344009190797805,-0.1106430441141128,0.1219094768166542,0.0561282746493816,-0.134826511144638,-0.0340148359537124,0.0495701469480991,0.1373215913772583,0.0139139266684651,0.0759280920028686,-0.1125399395823478,0.0962989330291748,0.0902649909257888,-0.1183123737573623,-0.0469932369887828,0.0221190676093101,0.0063661709427833,-0.0641286149621009,0.0883613005280494,0.1099992990493774,-0.0614303275942802,-0.1076195463538169,0.0022447679657489,0.048267588019371,-0.0212358254939317,0.084323950111866,0.0941278710961341,0.1280848979949951,-0.1127303689718246,0.0157669298350811,0.055688202381134,-0.0801893100142479,-0.1340005099773407,-0.1123784035444259,-0.1010492891073226,0.0948961898684501,-0.1070241704583168,-0.1169305592775344,-0.125100240111351,-0.0065342183224856,0.086210124194622,0.1068904176354408,0.0291582122445106,0.0270218756049871,0.0855424702167511,-0.1131436973810195,-0.0845020934939384,0.0133599713444709,0.1080095246434211,0.1131066381931305,0.0926788672804832,0.0916655212640762,0.1021089926362037,0.1373875439167022,0.0883109867572784,-0.0019934268202632,-0.0730123743414878,0.0532059930264949,-0.0448462814092636,0.0310142952948808,-0.0408516600728035,-0.1214860305190086,-0.0120436456054449,-0.0716677978634834,-0.100634716451168,0.0053511844016611,-0.0270922612398862,0.0951861292123794,0.114413097500801,0.1280712336301803,-0.004569292999804,0.0019395626150071,0.0792693868279457,0.1346084028482437,0.0501224882900714,-0.1170975342392921,-0.0465910769999027,-0.0847542956471443,0.1106809675693512,-0.127576857805252,0.0858882591128349,0.0688308328390121,-0.0291220918297767,-0.1348136663436889,-0.0026499272789806,0.0430665388703346,-0.1119910106062889,0.0877864062786102,-0.0794086456298828,0.0945683717727661,0.1119476780295372,0.0988857522606849,-0.1108313724398613,0.1028169095516204,0.068147100508213,0.1061127036809921,-0.1082514524459838,-0.1109101772308349,-0.1097059175372123,0.1117854788899421,0.0763539969921112,0.032718688249588,-0.0988097190856933,-0.1027340739965438,0.0180965103209018,-0.1021226793527603,0.095059335231781,0.1035995483398437,0.0224417895078659,-0.0658719837665557,-0.0720926523208618,0.109386146068573,0.0793211162090301,-0.0082589415833354,0.0549908131361007,-0.0387629680335521,0.108579009771347,0.0807003229856491,-0.0675480514764785,0.1036564782261848,0.0475559942424297,0.0553134158253669,0.0874644517898559,-0.0017474815249443,-0.0991737022995948,0.0572880357503891,0.1092254593968391,-0.0920490697026252,0.0892061740159988,-0.1059599593281745,0.088980957865715,-0.1115080192685127,0.1111579686403274,-0.0984638482332229,-0.1109568104147911,0.0460469275712966,0.0559874661266803,-0.1112251952290535,0.032689943909645,0.1115922406315803,-0.1120109036564827,0.0911978334188461,-0.0366088561713695,-0.1088200435042381,-0.0225356798619031,-0.108392097055912,-0.0165042206645011,-0.063491441309452,0.1113906949758529,0.0204299055039882,0.1054082736372947,0.0901156365871429,0.09394571185112,0.1115423217415809,0.1096698269248008,0.0751409456133842,-0.0870115756988525,0.0818011462688446,-0.0967361405491828,-0.1118684634566307,0.0521976239979267,0.1117446571588516,0.0662506818771362,-0.0922297984361648,-0.1065929904580116,-0.0859305560588836,-0.0924017429351806,0.0738698914647102,-0.0231772866100072,0.0128509458154439,-0.1110684722661972,0.0004801675386261,0.1054134294390678,-0.104535311460495,0.1013805642724037,-0.1113322377204895,-0.1059651523828506,-0.0284762401133775,0.1110565736889839,0.1120335161685943,-0.1118129789829254,-0.0993171855807304,0.0547622442245483,-0.1101480200886726,-0.0799360796809196,0.1065037548542022,0.0534792579710483,0.0292492005974054,-0.1115397289395332,-0.0338545963168144,0.0285911783576011,0.1117971912026405,-0.111627496778965,-0.10740627348423,0.1120562106370925,0.0968861132860183,-0.1097726747393608,0.079574167728424,0.0999334082007408,-0.0857453644275665,-0.1107584536075592,-0.0766422972083091,0.0755465105175972,-0.0688191801309585,-0.097623199224472,0.0597238838672637,0.1107520833611488,-0.1089674457907676,-0.0463269241154193,0.1080862060189247,0.0194526370614767,0.0414855405688285,-0.1014339551329612,-0.079266145825386,-0.0247909594327211,0.12919382750988,0.044204007834196,0.0479491055011749,-0.0334688685834407,0.0745289847254753,-0.0428709834814071,-0.1377293318510055,-0.0767277628183364,-0.1184324026107788,0.0811201930046081,-0.1473823934793472,0.0540439039468765,-0.0108382673934102,-0.1018843799829483,-0.0916140675544738,0.0017795581370592,-0.0828931629657745,0.1068680360913276,0.034136738628149,-0.1111024469137191,-0.0967458710074424,0.0177938137203454,-0.018127528950572,0.1498217135667801,-0.0945015922188758,-0.0698362812399864,0.0766638293862342,-0.074348397552967,0.0016201130347326,0.1037437319755554,0.0734621286392211,0.1047160029411315,-0.0652414932847023,-0.0590663589537143,-0.085932433605194,0.0725468248128891,0.141179546713829,0.1054212301969528,0.120939664542675,-0.0926908329129219,-0.0165805518627166,0.0469913706183433,-0.10141521692276,0.1486540138721466,0.044586356729269,0.1188643649220466,-0.0514352321624755,0.082046702504158,0.0148854758590459,-0.039318524301052,0.1338913440704345,0.0869341418147087,-0.1032717302441597,0.0378887541592121,0.1214923188090324,0.0274434406310319,0.0584668815135955,-0.0130087509751319,0.0977012366056442,-0.1057057008147239,-0.0023320952896028,0.0484409444034099,0.1017719432711601,0.1180832758545875,0.0605014637112617,-0.1473774313926696,0.1113375872373581,-0.1358705461025238,0.1235469877719879,0.1344394832849502,-0.0531350374221801,-0.077533945441246,-0.1365372985601425,-0.0278098583221435,0.0876393392682075,-0.0447501800954341,0.0442048721015453,0.0946693196892738,0.0279487520456314,0.0238358322530984,-0.0224925614893436,0.1349363625049591,0.028303924947977,-0.0371181592345237,0.0256139039993286,-0.1179350614547729,0.1596847474575042,0.1067803725600242,-0.1105494275689125,-0.0069070160388946,0.1340167224407196,0.0192224308848381,-0.1292567998170852,-0.0783823579549789,0.0218043401837348,-0.0624487996101379,0.148958146572113,0.1003911197185516,-0.0093890046700835,-0.0979721769690513,-0.1432872861623764,0.1114353314042091,-0.0850210264325141,0.141157791018486,0.0195983573794364,-0.1021108478307724,-0.1241909340023994,0.0594080351293087,-0.0157038271427154,-0.0835091993212699,0.0669596940279007,0.1425161510705948,0.016496505588293,0.0819543674588203,0.0503802262246608,0.0784296989440918,-0.0759674161672592,-0.00778833264485,0.1287130415439605,-0.060862086713314,-0.0842442363500595,-0.0101452451199293,-0.0459307879209518,0.11778175085783,0.1055826246738433,-0.046800747513771,0.1067643165588378,-0.1115363016724586,0.1027263477444648,0.1694401651620865,-0.1019539311528205,0.1051811873912811,0.16502745449543,0.1244317218661308,-0.028273744508624,0.0090299472212791,0.0443175472319126,-0.0006994847790338,-0.0173166878521442,0.0608195923268795,0.1028746291995048,0.0453451722860336,-0.152991235256195,0.0809822902083396,0.0840448886156082,-0.091680534183979,0.1014109179377555,-0.119905985891819,-0.044276300817728,-0.0366797894239425,-0.0371639095246791,-0.054374773055315,0.1640137135982513,-0.0777068436145782,-0.1059968769550323,0.0137342028319835,0.0695087388157844,0.117788054049015,0.0829346254467964,0.0446399897336959,-0.0031250598840415,-0.0444805398583412,-0.0610016509890556,0.1135672256350517,-0.1394061595201492,0.0272371750324964,-0.0268445201218128,0.0235537346452474,-0.0123629914596676,-0.010243603028357,-0.0377909243106842,-0.0030001238919794,0.0893935188651084,-0.0602200664579868,-0.1169134899973869,0.0046430341899394,-0.0723534151911735,-0.0318083576858043,-0.0817325189709663,0.1265458464622497,-0.0421703308820724,0.0398687571287155,-0.0110078286379575,-0.0613537169992923,-0.0458693131804466,0.1704537868499755,0.0118023548275232,0.0700946524739265,0.062452208250761,-0.0673305541276931,0.0193730797618627,-0.1263018995523452,-0.1488808691501617,-0.0309895202517509,0.0150739764794707,-0.0246753990650177,-0.052331656217575,-0.0179166924208402,-0.06168232858181,-0.1719735115766525,-0.0371109619736671,0.1447803080081939,-0.0191420894116163,0.0509399101138114,-0.0171952750533819,0.0145503599196672,0.0440806671977043,0.1186476349830627,-0.0700844600796699,-0.1086305379867553,0.1585831642150879,0.059174470603466,-0.135934293270111,0.0431519001722335,0.0729233846068382,-0.1379800736904144,0.0863968431949615,-0.0051257330924272,-0.0588737316429615,-0.1534434705972671,0.0027959041763097,0.1827108263969421,-0.0146923102438449,0.1192654520273208,-0.0342850163578987,0.0759297534823417,-0.0562128312885761,-0.0106307351961731,0.0027774199843406,-0.076952688395977,0.1568947881460189,0.0223118737339973,0.1352382451295852,-0.0960044115781784,0.0345854945480823,-0.1081628873944282,0.1158485561609268,-0.0094556473195552,-0.0681393221020698,0.1666959375143051,-0.1485871523618698,0.1088192760944366,-0.0251588020473718,0.1792700290679931,-0.0280904080718755,0.0246993955224752,-0.0407197885215282,-0.1588273793458938,-0.095373161137104,0.0722160190343856,-0.0524039454758167,-0.0342145860195159,0.1051371172070503,-0.1546138077974319,0.01874815300107,-0.0958708375692367,-0.0237176697701215,-0.1044791936874389,0.0847344025969505,0.0421015843749046,0.1451277583837509,0.1679295003414154,0.1664700210094452,-0.0385230407118797,-0.081544242799282,0.1413846611976623,-0.0270126648247241,-0.1112109199166297,-0.0541851930320262,0.0592015571892261,0.0354161411523819,-0.0020331230480223,-0.1328366249799728,-0.112807497382164,-0.1341587901115417,0.0947831720113754,0.1171897873282432,-0.0529485270380973,-0.0518530718982219,-0.0314434133470058,0.1000259220600128,-0.055218119174242,0.10018952190876,-0.0161711908876895,-0.0131256878376007,0.0876471772789955,0.1074391305446624,0.027607662603259,0.0218575354665517,-0.1433530151844024,0.1193566769361496,0.1281107366085052,-0.0359580740332603,0.0792456641793251,-0.0458569228649139,0.1054719910025596,-0.0661537796258926,-0.0884893462061882,-0.0982933640480041,0.1401071101427078,-0.0013304678723216,0.17718306183815,-0.0859481394290924,-0.0176584627479314,0.0677824094891548,-0.1072515025734901,0.0514705590903759,-0.0445844307541847,-0.0432319939136505,0.0660497173666954,-0.0782961621880531,-0.0993431732058525,-0.0313334167003631,-0.0128527041524648,0.0107570197433233,-0.0384915694594383,-0.0377184897661209,-0.0171852651983499,-0.1334126442670822,0.108999453485012,-0.0709839314222335,0.0186714753508567,-0.0649589300155639,0.1202273890376091,0.0196327865123748,-0.1579968631267547,-0.1367246806621551,-0.0482894144952297,0.0019776802510023,-0.0856601521372795,-0.0735174566507339,-0.154314637184143,0.0664047300815582,-0.0900355204939842,-0.0193802881985902,0.0098414132371544,-0.1288419961929321,0.0494499541819095,-0.1027858480811119,-0.0587515793740749,0.1406037211418151,0.0302116479724645,-0.0112757524475455,-0.1340301930904388,-0.1243316754698753,0.0291884969919919,0.0515245534479618,-0.0384798198938369,0.0712523683905601,-0.0934450253844261,0.00380350346677,0.025565467774868,0.0323654301464557,0.0364642702043056,-0.0341451652348041,0.0218099225312471,0.1691044270992279,0.0351691506803035,-0.0385531969368457,0.0057068122550845,-0.0360946059226989,-0.1081736981868743,-0.0914128348231315,0.0388461537659168,-0.1556358933448791,0.1049718856811523,-0.1269488483667373,0.1668801605701446,-0.0843478515744209,0.1309504806995391,-0.1398938149213791,-0.0445766374468803,-0.1205799803137779,-0.0331291705369949,-0.0056483852677047,0.0356343016028404,0.1259392946958542,0.167884349822998,0.0663391500711441,0.0523316152393817,-0.1209003627300262,0.0142939612269401,-0.0161619037389755,YFFPMHCPEVYVBM-UHFFFAOYSA-N,CC(C)NC(=O)NCC12CCCC=C1NC(=O)CC2
-0.003228212473914,-0.1081976667046547,0.0120645500719547,0.11724454164505,0.0846735164523124,0.0051785791292786,0.044648353010416,-0.0503733865916729,-0.0160975567996501,-0.0523012056946754,-0.0133773572742939,-0.0802742913365364,-0.0922673121094703,0.0604583472013473,0.1168711259961128,-0.0418578684329986,0.0924015790224075,-0.09729615598917,0.1082221120595932,0.1170486658811569,0.0384622178971767,-0.1055287942290306,0.0331693664193153,-0.0822696313261985,0.0861126780509948,-0.0928046256303787,-0.1149567291140556,-0.064469575881958,-0.0313959643244743,0.0842477977275848,-0.0071641225367784,-0.1116258725523948,-0.0594648644328117,0.0977357849478721,-0.1170825660228729,-0.1103675737977027,0.0715711712837219,0.1086037009954452,0.1112891286611557,0.1097129881381988,-0.0904359146952629,-0.0390379577875137,-0.0598269328474998,0.1093917191028595,0.1168254315853118,0.1071290969848632,-0.1083456724882125,-0.0743607133626937,-0.0199375841766595,0.0039701522327959,0.0475463643670082,0.027118032798171,-0.0852580368518829,0.114449642598629,-0.1109384000301361,-0.0553431175649166,0.03579818084836,-0.1112509965896606,-0.0999341011047363,0.0820853859186172,0.047823242843151,-0.0141636338084936,0.0026433679740875,0.0596478655934333,0.1107427775859832,-0.1134896650910377,-0.1103275343775749,-0.0962757021188736,0.1074849888682365,-0.1072762459516525,0.068176195025444,0.1144747957587242,0.0964438393712043,-0.1130865290760994,-0.0853995904326438,0.0595857724547386,-0.1095401346683502,0.1159933432936668,0.028088092803955,-0.1131000369787216,0.0631240010261535,0.0545589998364448,-0.0819889307022094,0.0691843256354332,0.1030435040593147,0.1088949739933013,0.1149061322212219,0.1158647462725639,-0.1148039251565933,-0.0026738508604466,0.1020447686314582,0.0891162529587745,0.0679414272308349,0.1149697750806808,-0.0993314608931541,-0.0189780704677104,-0.1171156018972396,0.0865730717778205,-0.0384868904948234,0.0857999473810195,-0.0945959165692329,0.1080075725913047,0.0991335958242416,0.0028059929609298,-0.1085093691945076,-0.1124018728733062,0.1112354099750518,0.1092933937907219,0.1074473708868026,-0.0490534603595733,0.0971095263957977,-0.0221664514392614,-0.0943821966648101,-0.0986381992697715,0.1167057678103447,-0.1139315217733383,-0.1079379096627235,-0.1066037341952323,-0.1043640971183776,0.1010227054357528,-0.1065152734518051,0.1161215230822563,-0.0949090123176574,0.1107748821377754,0.0378863923251628,0.0803718864917755,-0.0891602262854576,-0.1143668815493583,0.1091031953692436,0.0808119624853134,-0.0496030934154987,-0.0587244816124439,-0.0711769610643386,0.0897306129336357,-0.1021282076835632,0.0386386811733245,0.1153505817055702,-0.1150373369455337,0.114582173526287,-0.1135381385684013,-0.11887226998806,-0.1063928976655006,-0.1089237928390502,0.0950293317437172,0.0669457241892814,0.0007646899321116,-0.1206375434994697,-0.1037712693214416,0.0244488287717103,-0.0454721227288246,-0.1178555265069007,0.058216493576765,0.0950478091835975,0.0600208230316638,0.0979856252670288,-0.0801486074924469,-0.1109953597187995,-0.095663882791996,0.0204822700470685,-0.0077298246324062,-0.1142869815230369,0.1187561377882957,0.1100373491644859,-0.0301530864089727,0.0541302636265754,-0.1203726530075073,-0.07252699136734,0.0531602352857589,0.0766977593302726,0.0116370050236582,0.1189591065049171,-0.1206707283854484,0.0062936153262853,-0.0503215640783309,0.1043606102466583,0.0978889018297195,-0.1192513704299926,0.104864627122879,0.111001931130886,-0.1200950369238853,-0.045155581086874,-0.1183981448411941,0.1038362309336662,-0.1164151430130004,0.1000931039452552,-0.1202215328812599,-0.0393775887787342,-0.0058836974203586,-0.114630751311779,0.0636650323867797,-0.0531977079808712,-0.0684661269187927,0.1206882148981094,-0.0675138160586357,-0.0903290808200836,0.10721255838871,-0.1164080947637558,-0.1081090345978736,-0.0430433638393878,-0.1203673854470253,-0.1125596314668655,-0.1032130718231201,-0.0760517790913581,0.0989347547292709,-0.0636813193559646,0.0878366380929946,0.0612197741866111,-0.0954088196158409,-0.097472034394741,-0.0197366923093795,0.1167791187763214,-0.0887733399868011,-0.1048824787139892,-0.0806206241250038,-0.0569591224193573,0.1021229177713394,0.1070274263620376,0.0827470496296882,-0.1141059100627899,-0.074076123535633,0.0740054473280906,0.1199515536427497,0.0376092977821826,0.0582166239619255,0.1128262057900428,-0.0813179686665535,-0.0978044718503952,0.0677817612886428,-0.0349975079298019,0.1203570291399955,0.1169477105140686,0.074128434062004,0.1185360923409462,0.1201518774032592,0.034770593047142,0.0461057610809803,-0.1136059835553169,-0.0027483967132866,-0.059910949319601,0.0184903871268033,-0.1191558986902237,-0.066956803202629,-0.0305219795554876,0.0198470074683427,-0.1066545844078064,-0.0466674715280532,0.0543499812483787,0.0100723495706915,0.049713272601366,-0.1037201136350631,-0.0263781957328319,0.1130193248391151,0.1053251177072525,-0.1183249652385711,0.0428712256252765,-0.0976444259285926,0.0129303196445107,-0.0985127985477447,0.1044976189732551,-0.104369893670082,0.096927173435688,-0.104516863822937,0.0818196684122085,-0.1047640293836593,-0.0991961956024169,-0.093682624399662,0.1035415455698967,-0.0743004381656646,0.1008387058973312,-0.1042153164744377,-0.0919798910617828,0.0392268598079681,-0.0999601483345031,0.0300456136465072,-0.1023154929280281,0.0943454280495643,-0.1039644330739975,-0.1044808849692344,0.0916933864355087,-0.0547818168997764,0.1038847789168357,0.1000557765364646,0.0995141789317131,0.0891198813915252,0.0711782872676849,-0.100360207259655,0.1030843704938888,-0.1045617833733558,-0.0415854007005691,-0.0794356316328048,-0.0373776853084564,-0.1041860356926918,-0.0979932993650436,-0.1043863371014595,-0.0978989005088806,0.0225894972681999,0.0455150343477726,0.1031129583716392,0.0888367667794227,-0.0933479741215705,0.097037486732006,0.0888684466481208,-0.10385362803936,-0.0938119366765022,0.1005060151219368,-0.0377735011279583,0.1005005836486816,-0.0558910146355629,-0.1045911461114883,0.0222791321575641,0.0740360096096992,0.0224810540676116,0.1007260084152221,-0.0906040668487548,-0.0197879783809185,0.0373648405075073,-0.0840418636798858,0.1042698621749877,0.1019597798585891,0.0106653990224003,0.0289722066372632,0.0985807478427887,0.1033196449279785,0.0718240886926651,0.0097386324778199,0.0963802933692932,-0.1046326160430908,-0.0934952497482299,0.0551868751645088,0.1047794595360755,0.0745019987225532,-0.1047495827078819,-0.1047761663794517,0.0693767368793487,-0.0090526835992932,-0.0986488983035087,-0.1040555611252784,0.1036142110824585,-0.0321435295045375,0.1039611250162124,-0.1037595346570015,-0.0942346081137657,0.0990316420793533,-0.0740731880068779,-0.0970381125807762,0.104388527572155,0.1045981720089912,-0.0948475673794746,0.0381148718297481,-0.1041069999337196,0.1042980775237083,-0.0728708729147911,-0.104386530816555,0.0678291991353035,0.10378348082304,-0.1047630384564399,-0.1030105277895927,0.0966313481330871,0.1037819609045982,0.1039330288767814,0.095631442964077,-0.0649085491895675,-0.103313036262989,-0.0043749506585299,-0.1047129482030868,0.1008561104536056,0.0896435752511024,-0.0976442247629165,0.0256685204803943,-0.1019576787948608,0.1047293394804,-0.1047085300087928,-0.1010972931981086,-0.0772639960050582,0.1047792211174964,0.1025650575757026,-0.0766308829188346,0.0843650549650192,0.1015645936131477,-0.014032389037311,-0.0881544053554534,-0.0751019641757011,-0.0983683541417121,0.1017833799123764,0.1206325888633728,0.0023599986452609,-0.0116406325250864,-0.05407590046525,0.0578242056071758,-0.0067928601056337,-0.0761304348707199,0.0138663630932569,0.0374079793691635,-0.094178132712841,0.0982535630464553,0.0795446410775184,0.0538756251335144,0.0271600801497697,-0.1290595084428787,-0.043047945946455,-0.159736230969429,-0.0770487040281295,0.1305534988641739,-0.0216109082102775,-0.1120013669133186,0.1485942304134369,0.0183362904936075,-0.0651617050170898,0.0394588708877563,0.0296156723052263,-0.087365061044693,0.0005423914990387,-0.0744122788310051,-0.1083533465862274,0.0071356035768985,0.1213952600955963,-0.1263469159603119,0.1307014226913452,0.156145691871643,0.0336955226957798,-0.0024261127691715,-0.1241242140531539,0.1294477134943008,0.0965181216597557,0.0969399064779281,-0.0922039747238159,0.0763476118445396,0.0845628231763839,0.0351617224514484,0.0074747176840901,-0.0560580380260944,0.0751460343599319,-0.0657519027590751,0.0041733863763511,0.047854334115982,-0.0792114809155464,0.0197309795767068,0.0211283434182405,0.0031826442573219,-0.0925216376781463,0.0848647654056549,0.1515171825885772,0.0370497368276119,0.156631737947464,-0.0342429988086223,0.0007816969882696,0.150689035654068,-0.0217664651572704,0.0644489079713821,-0.1288976520299911,-0.1360391229391098,-0.0626127421855926,-0.0567483529448509,-0.0035546757280826,0.0823456272482872,-0.0784374251961708,-0.0451910942792892,0.0363871194422245,-0.1047974303364753,-0.0103066284209489,0.1357050836086273,-0.144612044095993,-0.0958943143486976,-0.0770174339413642,0.072501391172409,0.1435616761445999,-0.1306141316890716,-0.1631705164909362,-0.0222223624587059,0.0567037090659141,-0.0915470123291015,0.1625831574201584,0.122716911137104,0.1405484527349472,-0.0294371377676725,0.091735690832138,-0.1486117094755172,-0.0869614779949188,0.054274633526802,-0.0871980488300323,0.0317842960357666,0.1039467975497245,0.091881588101387,-0.0696928203105926,0.1003524959087371,0.0170099362730979,0.1077163070440292,0.0354661680757999,-0.0378710627555847,0.0578989200294017,-0.0470058023929595,0.0805325508117675,0.1585579514503479,0.1260247677564621,-0.0911569446325302,0.040758553892374,0.138865053653717,-0.0467999093234539,0.0423544682562351,0.0431100353598594,0.1113901361823082,0.0692721754312515,-0.1271402090787887,-0.0066153644584119,-0.0252607055008411,0.0588900186121463,0.0935142114758491,-0.0667374208569526,-0.1480366140604019,-0.0954589322209358,0.095483511686325,0.0335069596767425,-0.0792520195245742,0.0558490455150604,0.1543485522270202,-0.1217605099081993,0.0792831927537918,0.1328499168157577,0.136504665017128,0.0676335245370864,0.0790304243564605,-0.0539833530783653,-0.0280760005116462,-0.0798401311039924,0.1467351615428924,0.1244675144553184,-0.0148105798289179,-0.1206307336688041,0.1284134984016418,-0.0198086965829134,-0.1083024218678474,-0.077764518558979,-0.1186629012227058,-0.1288327574729919,-0.1027318835258483,-0.0468435287475585,-0.1456257104873657,0.1321430802345276,-0.1243929490447044,0.0960904210805893,-0.1414191871881485,0.1252704262733459,0.0246875938028097,0.1385578662157058,0.1023508757352829,-0.046892587095499,-0.0061352960765361,0.0631207302212715,0.0477704256772995,-0.003964954521507,-0.0295747984200716,0.0623880550265312,0.0507735833525657,0.1224449053406715,-0.1161438226699829,0.0089829228818416,0.0076505416072905,0.0516370944678783,-0.0333936847746372,0.0752724781632423,-0.0175781585276126,-0.1266563832759857,0.0637600645422935,0.0920988321304321,0.1345865726470947,-0.0978857725858688,0.1148700937628746,-0.0347043648362159,-0.0365061797201633,-0.0922015160322189,0.106290154159069,-0.0296586174517869,-0.0878865122795105,0.115293875336647,-0.0651572123169899,0.0595003999769687,-0.039753008633852,-0.0639019161462783,-0.0702248364686966,0.0368481092154979,-0.094486266374588,0.1027691885828971,-0.107766680419445,-0.101390928030014,-0.0413689613342285,0.0040068738162517,0.1052800342440605,-0.1096083670854568,0.118962712585926,0.011669922620058,-0.0162347890436649,0.0127437077462673,-0.0823285728693008,-0.0892766639590263,-0.0342887192964553,0.039527453482151,-0.0266915261745452,-0.1028972193598747,0.0859312936663627,-0.1149301156401634,-0.0491656847298145,0.1524417698383331,0.0280639920383691,-0.1201730594038963,-0.1336665004491806,0.0675381422042846,0.121746078133583,-0.058397140353918,0.1124816536903381,-0.1225134283304214,0.0097728818655014,0.0423687249422073,0.019258439540863,0.029100326821208,-0.0927829518914222,0.0618641935288906,-0.0755381807684898,0.1020366474986076,0.0710558891296386,0.1022916138172149,-0.0039284867234528,0.0388942882418632,-0.1197851225733757,0.0392101258039474,0.1304232627153396,-0.0990062579512596,0.1009879186749458,-0.0127852838486433,0.1544655263423919,-0.1260966658592224,0.0122275175526738,0.0393508076667785,-0.1026474609971046,0.0450278930366039,-0.0926408469676971,-0.1212982013821601,-0.1027231439948082,0.0508656464517116,-0.0966748595237732,0.0220553316175937,0.0087374048307538,0.0897630974650383,-0.0331057384610176,0.1017072573304176,0.0298555642366409,0.1518977135419845,0.1535968780517578,0.0903493240475654,-0.0837632343173027,0.0163280293345451,0.1118834912776947,0.0588335320353508,-0.1037303134799003,-0.0134017709642648,-0.0257060322910547,0.00341158779338,0.112778753042221,-0.0692427456378936,0.0297273024916648,-0.1480062454938888,0.0699333995580673,0.0542866289615631,-0.108280025422573,-0.052969790995121,-0.0802853554487228,0.0743180736899375,-0.0054599912837147,0.0497901737689971,-0.0931290760636329,0.0033077569678425,0.1422311961650848,0.021027572453022,0.0303420759737491,0.0672797635197639,-0.1360704451799392,0.0017101763514801,0.068532757461071,-0.0589401647448539,0.0157320816069841,-0.1126525625586509,0.0693749636411666,-0.0845906212925911,-0.0041632181964814,-0.0473852455615997,0.127004936337471,-0.0588599257171154,0.1685477495193481,-0.0133631043136119,0.0409228689968586,-0.109449379146099,-0.0959418937563896,0.0811345055699348,-0.0009633184527046,-0.0370838269591331,0.135516345500946,-0.1399352252483368,-0.0879696607589721,-0.058480005711317,-0.1448907405138015,-0.0684143975377082,-0.0276852566748857,-0.1282560676336288,-0.104145847260952,-0.1175054237246513,0.1331656277179718,-2.977189251396339e-05,-0.0334803685545921,-0.0274005066603422,0.0324750952422618,-0.1207905039191246,-0.1101988926529884,-0.1232253909111023,0.0574770793318748,0.0614822953939437,-0.1308565139770507,-0.0812409371137619,-0.0957924649119377,0.0361101441085338,-0.0330043658614158,-0.0020122292917221,-0.1271390318870544,-0.1119801327586174,-0.0386910513043403,-0.0341140143573284,-0.0326291806995868,0.1256491392850875,-0.0230162814259529,-0.0688187330961227,0.0368027351796627,-0.1032852753996849,0.1542057991027832,0.006076964084059,-0.0256889835000038,0.0100685004144907,-0.1283091157674789,0.062607817351818,-0.109723150730133,-0.0450190156698226,0.0755501836538314,-0.0313517227768898,-0.1040271669626236,0.171031966805458,0.0200738925486803,-0.0805256515741348,-0.1036074236035347,0.0870617628097534,-0.0871787592768669,-0.0763280987739563,0.1217399835586547,-0.0818757563829422,0.0843671932816505,-0.1134768724441528,0.1467562019824981,-0.0812906697392463,0.1451698839664459,-0.1422573924064636,-0.0354538448154926,0.0146654853597283,-0.0418068990111351,-0.1373284459114074,0.077736847102642,0.1098674014210701,0.1733286380767822,0.028263384476304,0.0958039984107017,-0.1012303456664085,0.0094835562631487,-0.1093849390745163,ANPVNTZAAWSVKU-UHFFFAOYSA-N,CCN(CCn1cccn1)C(=O)c1c(O)cccc1O
-0.1032492145895958,0.1031764820218086,-0.099006675183773,-0.0971816107630729,0.1032539680600166,-0.0893352851271629,-0.0676829293370246,0.0941246077418327,0.098827064037323,0.0478053875267505,0.1032528579235076,-0.0036938299890607,0.0970256775617599,-0.1004889234900474,0.0700106769800186,-0.103254809975624,-0.0307092387229204,-0.0685255154967308,0.0903451889753341,-0.1032605841755867,-0.0530380196869373,0.1031057983636856,-0.0937734916806221,-0.0504027567803859,0.0246195849031209,0.1032605692744255,0.1032423302531242,-0.1014646515250206,-0.0503948107361793,0.0594250075519084,-0.0853271335363388,-0.0290252864360809,-0.1030723080039024,-0.0998171791434288,0.0835058242082595,-0.1032259166240692,-0.1031375527381897,-0.1030932441353797,-0.0753178596496582,0.0568938665091991,-0.0705687254667282,-0.1026280894875526,0.102595068514347,-0.0652190819382667,-0.1032592207193374,0.0246057081967592,0.0965589061379432,-0.1015574038028717,0.1030734032392501,0.0997963026165962,-0.0606082268059253,0.066112071275711,0.1025244072079658,-0.1032601445913314,0.0912278890609741,-0.0525083802640438,-0.1022039726376533,-0.1029116660356521,0.1032571494579315,-0.1029036864638328,0.1032605841755867,0.0117501839995384,-0.1011926159262657,-0.0869882479310035,0.1028493866324424,0.0961372479796409,-0.0400674864649772,-0.1020682454109191,-0.1032594367861747,0.0754929929971695,-0.0160046424716711,0.1023661643266677,-0.1032479107379913,-0.0194050073623657,0.1017600521445274,0.1032599881291389,0.1000550016760826,-0.1015972048044204,0.0916109457612037,-0.0983608812093734,-0.0092158932238817,0.0789754465222358,-0.1019096225500106,-0.0782478749752044,-0.0965646132826805,-0.1018455624580383,0.1015325337648391,0.1028048396110534,-0.0888712033629417,0.1032193005084991,-0.1017498672008514,-0.0830414369702339,-0.1032605320215225,0.1032285317778587,-0.1022181287407875,0.1025274693965911,-0.0928446874022483,0.1032581031322479,-0.102348506450653,-0.0871841013431549,-0.0758117362856864,0.0199797693639993,0.0653242543339729,0.100860945880413,0.0980227887630462,0.0487582460045814,-0.1032500192523002,0.0325743369758129,0.0447867698967456,0.1025167480111122,-0.103144459426403,0.0972513034939765,0.0889889076352119,-0.1032587587833404,0.0486918464303016,-0.0807085931301117,-0.0642506182193756,-0.0304116196930408,0.1032397076487541,-0.1008462533354759,-0.0976432859897613,0.1032550334930419,0.0359993614256382,-0.1032599136233329,-0.1032536253333091,-0.1026511117815971,0.1029882133007049,0.1004295572638511,-0.0962417870759964,0.1101408004760742,-0.1003013849258422,-0.110370323061943,-0.1020697653293609,-0.0419487133622169,0.0343399234116077,0.0970893278717994,-0.0710823014378547,0.1082312017679214,0.0726213157176971,0.1050223931670188,0.1104022189974784,0.0091547612100839,-0.0320026539266109,0.107686199247837,-0.1104034185409545,0.1103840991854667,0.1103364527225494,0.0878905653953552,-0.1097109243273735,-0.0844685435295105,-0.0061874911189079,-0.11036217212677,-0.1032551005482673,0.0112135875970125,-0.1103845089673996,0.1096794605255127,0.0550106056034565,-0.1104034036397934,0.0945003181695938,-0.0212578102946281,-0.0960027426481247,0.0566860102117061,-0.1017697229981422,0.1103075295686721,0.0957900211215019,0.1076665446162223,-0.1099288314580917,-0.1082615405321121,-0.0950489565730094,-0.0167972967028617,-0.107602059841156,0.0416162647306919,0.1073029339313507,0.110016793012619,-0.1094623208045959,0.0728705301880836,-0.0880005955696106,0.1087986454367637,-0.1097846999764442,-0.0654951781034469,0.1102982684969902,0.061878565698862,-0.0419439263641834,-0.0203680787235498,0.0958072617650032,-0.0389958098530769,0.0516498051583766,0.0796102881431579,-0.0811911597847938,0.0563764236867427,0.1041062325239181,-0.1103929579257965,-0.0687096714973449,-0.1026397868990898,-0.0775569826364517,0.1030407473444938,0.110027939081192,0.0897885560989379,-0.0634172707796096,0.1098638921976089,-0.105365090072155,0.0499913841485977,0.0439234152436256,0.0285909045487642,0.0205746591091156,0.109336532652378,0.0631971880793571,0.080330342054367,-0.1096329540014267,-0.1032399982213974,-0.0691024288535118,0.0861341208219528,0.045484822243452,0.0715291798114776,0.1090558692812919,-0.1085869073867797,0.107814073562622,-0.1071780622005462,0.1099645420908927,0.1101520806550979,-0.0807765275239944,0.1061757281422615,-0.0860597491264343,0.0050138304941356,0.0924604460597038,-0.1099963933229446,0.0278307124972343,-0.0407486222684383,-0.109432004392147,0.1077846363186836,-0.0157097056508064,-0.1103908121585846,0.1100022718310356,-0.0501955896615982,0.0794910117983818,-0.0429675132036209,0.1074835285544395,0.0857192054390907,0.1102344095706939,-0.0067842733114957,0.0412134565412998,-0.1095961481332779,0.1076172515749931,0.0958074852824211,0.0567131303250789,-0.1097950562834739,-0.1053493618965148,0.1069723069667816,-0.0677624344825744,0.0610637590289115,0.0944374427199363,-0.0728474855422973,-0.0828168392181396,-0.1103860288858413,0.0828561261296272,0.1064981445670127,-0.1022030785679817,0.1016680896282196,-0.0827316120266914,0.08310516923666,0.1020246893167495,0.1021911427378654,-0.102195531129837,0.1015988662838935,-0.1009283512830734,0.1011101901531219,-0.0861461013555526,-0.0154674975201487,-0.0978763028979301,0.1022073775529861,-0.1019471958279609,0.0965358614921569,-0.0269294362515211,-0.0805924385786056,-0.0974952653050422,-0.100457414984703,0.0641503557562828,0.0967758074402809,0.0313668698072433,-0.007596205919981,0.0752281546592712,0.0594822838902473,-0.0954780653119087,0.1016742661595344,-0.1017062813043594,0.0957398787140846,0.0290186572819948,-0.1004923209547996,0.1019618287682533,0.1020807549357414,-0.1002720296382904,0.0566429123282432,0.1022007390856742,0.0945262089371681,-0.0924996435642242,0.1002641022205352,-0.0654861181974411,-0.0953149199485778,0.0595572404563427,0.0945939719676971,-0.0006171894492581,-0.1020950004458427,0.1021767184138298,-0.1013352647423744,-0.0978030711412429,-0.1005906537175178,-0.0759623497724533,-0.0518078431487083,0.0980475023388862,0.0520534440875053,-0.1022061631083488,0.1004581004381179,-0.0582994408905506,-0.0978652760386467,0.1005464047193527,-0.0866194665431976,0.0691719502210617,0.089827075600624,0.1004436463117599,0.099828265607357,0.0991126596927642,0.1018895804882049,0.02029749751091,-0.0968049466609954,-0.1015096381306648,-0.082868106663227,-0.054051611572504,0.1018541455268859,-0.1005087122321128,-0.1022072359919548,-0.0517372675240039,0.1009149551391601,-0.098086804151535,0.0853931531310081,-0.1022069752216339,0.1016546934843063,0.1006608977913856,-0.0907469689846038,-0.0943312421441078,0.0039986898191273,-0.1022060289978981,-0.0999374166131019,0.1008982509374618,-0.0841960832476615,0.0296148117631673,-0.1017020046710968,-0.0922936797142028,0.1014143750071525,0.0486651845276355,0.0851401835680008,-0.1013799086213111,0.1020032241940498,0.0994191840291023,-0.1012288555502891,0.0982861295342445,0.1020755544304847,-0.0995078980922699,-0.1012478619813919,-0.1022073626518249,0.1016618758440017,-0.0459501706063747,-0.0722611919045448,-0.0866028293967247,-0.0836784839630127,0.1019153892993927,0.0075946166180074,0.0924573168158531,-0.0949963554739952,-0.051109679043293,-0.101580686867237,-0.1020316109061241,0.0862138569355011,-0.0955567881464958,0.0862684845924377,-0.1017786115407943,0.0829137191176414,0.1020042225718498,-0.0987433791160583,0.0218785889446735,-0.0328222177922725,0.0914411768317222,-0.0834960415959358,0.0723963007330894,-0.0854547321796417,0.1090834513306617,0.0997307822108268,0.0421088561415672,-0.1076694056391716,-0.0333202034235,0.1097450628876686,-0.0676363185048103,-0.0345407426357269,-0.087866298854351,-0.10934429615736,0.0879441797733306,0.0959713160991668,0.1050665006041526,0.1071376502513885,-0.0567810349166393,-0.1101961433887481,0.0918046236038208,0.030350636690855,-0.0902700498700141,-0.0535799302160739,-0.0898876562714576,0.1100254580378532,-0.1093465015292167,-0.095234602689743,-0.1007922440767288,-0.0935098305344581,-0.0976234152913093,0.1103448420763015,0.0222562160342931,-0.0777923539280891,0.0673091262578964,0.0813317000865936,0.0592328943312168,0.0069533162750303,0.0528887324035167,0.086647018790245,0.1033405140042305,-0.0855271816253662,-0.1070998832583427,0.1074146926403045,-0.0616892576217651,0.1022158935666084,0.0780376195907592,0.1093000769615173,-0.1016969010233879,0.0116482665762305,0.080605536699295,0.1044739484786987,0.0686259269714355,-0.0087217325344681,0.1005555689334869,0.1003054082393646,-0.0321115106344223,0.1069480776786804,-0.1095741838216781,0.0652307197451591,0.0086974529549479,0.1085481271147728,-0.1089362800121307,0.087637759745121,-0.108021080493927,0.0917946398258209,0.0797853842377662,0.0943856239318847,0.1066626459360122,-0.0745981335639953,-0.1079061850905418,0.0936600789427757,-0.0190230198204517,0.0992702916264534,-0.0995243787765502,0.1075131371617317,-0.0832009837031364,0.1089158132672309,-0.1109473258256912,0.107776939868927,0.1101772785186767,-0.0709911584854126,-0.1067368537187576,0.1007118597626686,0.0858819484710693,0.0921803936362266,-0.0850921422243118,-0.1092160865664482,-0.1094107702374458,-0.0213005300611257,0.107205182313919,0.0720113217830658,-0.0913992822170257,0.1039101928472518,0.0089671770110726,0.0683484598994255,-0.1028870940208435,-0.0875797122716903,0.0868511423468589,0.1059889197349548,0.1044596135616302,0.0486659258604049,0.0981425344944,0.1035674959421157,-0.0930542275309562,-0.0118549540638923,0.0899778455495834,-0.0541884787380695,0.1064146533608436,0.0990070551633834,-0.1078578010201454,0.1090169176459312,0.0292868167161941,0.107828103005886,-0.0960572510957717,0.1037270650267601,0.1041586324572563,-0.09116081148386,-0.1084070429205894,-0.0133458599448204,-0.0473860725760459,0.1008279249072074,-0.1100251376628875,-0.0976104438304901,0.0139326052740216,0.096405990421772,0.0292360596358776,-0.1080718785524368,0.0779370740056037,-0.0751765370368957,0.1045671254396438,-0.0048853624612092,-0.0955440402030944,0.043102640658617,0.1511963456869125,-0.0790128707885742,0.1216591522097587,0.1280833333730697,0.1372712552547454,-0.0589336305856704,0.1256726831197738,-0.0527603216469287,-0.0543002113699913,0.0267393924295902,0.1389331370592117,0.0392586141824722,0.0698155388236045,-0.1507484763860702,0.0944843664765358,-0.0101914582774043,-0.0767506808042526,-0.1002004444599151,-0.1100187823176384,-0.1346000880002975,-0.0564781688153743,-0.0620636343955993,-0.1434632092714309,0.1553307771682739,-0.111050896346569,-0.0597882159054279,-0.0344539321959018,0.117357313632965,-0.0105359181761741,0.1009172201156616,0.1114208698272705,-0.1276458501815796,0.0074070394039154,-0.0632455945014953,0.073085069656372,-0.0588386245071888,-0.0481573864817619,-0.0507500059902668,0.0048571340739727,0.0854881554841995,-0.0258946325629949,-0.1068629771471023,0.0045447340235114,0.0411163121461868,0.0283247623592615,-0.0207201838493347,0.0190881472080945,-0.1342719942331314,0.0319863185286521,0.1025987789034843,0.1453278958797454,-0.1486723870038986,0.0930401086807251,0.0231994297355413,-0.0409405082464218,-0.0616854131221771,0.047438483685255,-0.1017423719167709,-0.0525506623089313,0.113361544907093,-0.0970508530735969,-0.0063332947902381,-0.0990997701883316,-0.1286388635635376,-0.0735092535614967,0.0182248596101999,0.0441332533955574,0.0307194646447896,-0.1097631528973579,-0.1360348016023636,-0.0232432074844837,-0.1253108084201812,-0.0106691066175699,0.0721384286880493,0.1207146495580673,0.0893825143575668,-0.0135537683963775,0.0987224355340004,-0.116063043475151,-0.1033324226737022,-0.0571036301553249,-0.0301846973598003,0.0009185555391013,-0.0910662934184074,0.1211393326520919,0.0673618763685226,-0.0862035602331161,0.0548255518078804,0.1074848771095275,-0.1238137260079383,-0.085615649819374,-0.0045489273034036,0.1306687295436859,-0.0515813939273357,0.1152939945459365,-0.1099120825529098,-0.0477500073611736,0.009523301385343,0.1022344827651977,0.0178648270666599,-0.1082237884402275,0.0316403098404407,0.047918427735567,0.1071589514613151,0.0337269268929958,0.1284273266792297,-0.0783308818936348,0.1391153931617736,-0.0680993199348449,0.0430872812867164,0.1193848550319671,-0.1308087855577469,0.0286477971822023,-0.0385186411440372,0.1504138857126236,-0.1124904751777648,0.0697017312049865,0.0576163455843925,-0.1414348930120468,-0.0647637620568275,-0.0942687168717384,-0.0820885300636291,0.0090223122388124,0.0454148054122924,-0.1321623474359512,0.0474553890526294,0.0367403402924537,0.0285005830228328,0.0421332083642482,-0.0013424332719296,-0.0193610284477472,-0.0130554921925067,0.147378385066986,0.0193511825054883,-0.0539690814912319,-0.086537629365921,0.0481354296207428,-0.0033205687068402,-0.1079172939062118,-0.0876217260956764,0.0789949297904968,0.0911034792661666,0.0275475867092609,0.0568315126001834,-0.0216643027961254,-0.1637727320194244,0.1071745976805687,0.1398684680461883,0.0833440348505973,-0.0992113351821899,0.1371432393789291,-0.0201613623648881,0.1184881553053855,-0.0474944934248924,-0.1331534832715988,-0.1512477546930313,-0.0123412599787116,-0.0650359839200973,0.1442563086748123,-0.0151787204667925,-0.1278321295976638,0.0658974200487136,0.14619942009449,-0.1150128692388534,-0.0273562967777252,-0.0846825316548347,0.1113847121596336,0.1368841528892517,-0.1192653179168701,-0.1350401192903518,-0.0929037034511566,-0.0244145672768354,0.1255052089691162,0.0133577911183238,0.0272884368896484,0.0078081488609313,-0.1489002257585525,0.0744479149580001,-0.0854972228407859,-0.0303245559334754,0.1092861071228981,-0.0987937822937965,0.0533481389284133,-0.1136232241988182,0.0435190126299858,0.1165112629532814,0.1354856789112091,0.1066768020391464,-0.0846453309059143,-0.0708109140396118,0.1545223742723465,-0.0920111611485481,-0.0204827673733234,0.0292898248881101,0.1480656564235687,0.0994335785508155,-0.0954821407794952,0.046769555658102,-0.0089361770078539,-0.104449838399887,-0.038517627865076,0.1175119206309318,0.0288351196795701,0.0863585397601127,-0.1303242146968841,-0.0105576440691947,0.0128766065463423,-0.0731469616293907,0.0493296012282371,-0.0411461293697357,-0.0965114459395408,0.1175003424286842,0.0226526465266942,0.0991045385599136,-0.0034177703782916,-0.0284354630857706,0.0679826289415359,0.0717141851782798,-0.1011521220207214,-0.0114387599751353,-0.0709679946303367,0.0065607130527496,-0.0298279207199811,0.1349983811378479,-0.0063289147801697,-0.026268184185028,0.0375262945890426,0.0960120260715484,0.1106256172060966,0.0983252376317977,-0.0021894208621233,0.1353693157434463,-0.1261985301971435,-0.0746147409081459,0.1004577130079269,-0.0327431708574295,0.0579574517905712,-0.1146360039710998,0.1202092543244361,0.0253522098064422,-0.0568964853882789,-0.0216127354651689,-0.1029245480895042,-0.1310731768608093,0.0654892697930336,-0.0955449193716049,0.0845580995082855,0.1057901754975318,0.1342058926820755,-0.1388730108737945,0.0578689165413379,0.0792452991008758,0.1337410658597946,-0.0455798916518688,FMTDIUIBLCQGJB-SEYHBJAFSA-N,CN(C)[C@@H]1C(O)=C(C(N)=O)C(=O)[C@@]2(O)C(O)=C3C(=O)c4c(O)ccc(Cl)c4[C@@H](O)[C@H]3C[C@@H]12
0.1207612007856369,0.096571147441864,-0.1202586963772773,-0.042989045381546,-0.1115119084715843,-0.1212847754359245,0.057600125670433,0.0143583640456199,0.1206199005246162,-0.1038431003689765,0.0712163224816322,-0.0748202502727508,-0.0916123837232589,0.0967067554593086,0.1198812872171402,0.113914169371128,-0.0932084172964096,0.0167649034410715,-0.0155777288600802,-0.0122789582237601,0.0412836745381355,-0.1200848072767257,0.1103911697864532,-0.0834208950400352,-0.0160836447030305,-0.1057667508721351,-0.1218346804380416,-0.1138504445552825,-0.0771292373538017,-0.113109216094017,0.0106647750362753,-0.0489733889698982,0.0684618949890136,0.101770207285881,0.1211527362465858,0.0921952724456787,0.0255060754716396,-0.1204006746411323,0.0618956089019775,-0.1109768077731132,0.0710309445858001,0.1088829264044761,-0.1219638586044311,-0.0373889058828353,0.0618670471012592,0.1184245571494102,-0.1216410398483276,-0.0228577312082052,0.0808176770806312,-0.0976328924298286,-0.0842192247509956,-0.1219181269407272,-0.0817252397537231,0.0677642822265625,0.0767538622021675,-0.0684440955519676,-0.0063723782077431,0.0740251317620277,0.0765458941459655,-0.0711884573101997,0.1200281009078025,0.1219430193305015,-0.0421423316001892,-0.1174047440290451,0.0369415469467639,0.056534968316555,0.1135448291897773,0.0867395624518394,0.0987496748566627,0.0677129179239273,0.0422830656170845,-0.0712119340896606,-0.1208974868059158,-0.0968444794416427,-0.1213185563683509,-0.0077176266349852,-0.1221760585904121,0.1196447387337684,0.0208323486149311,0.0893630683422088,0.1048653051257133,-0.1073564440011978,-0.1167489364743232,-0.1180121153593063,-0.0209442246705293,-0.0131515255197882,-0.0239399317651987,0.0056899944320321,0.0393343493342399,0.0190464314073324,0.1223130673170089,0.1184862852096557,0.051796767860651,0.0358995534479618,-0.1214881762862205,-0.0587219633162021,0.1037113890051841,0.0785687565803527,0.0584326051175594,-0.0474867038428783,0.1208857893943786,0.1089410036802291,0.0512408949434757,-0.1004853099584579,-0.0266177468001842,-0.1222670376300811,0.1206359937787056,-0.0997492000460624,-0.0949191972613334,-0.0840107426047325,-0.1160879805684089,-0.0137139884755015,-0.0943319424986839,0.1134748607873916,0.0527720712125301,0.1195279583334922,0.1191161051392555,0.1185705512762069,-0.1165181994438171,0.120088942348957,-0.1009471789002418,-0.074432298541069,0.0890630483627319,-0.0221581347286701,0.0084212962538003,-0.0403034165501594,-0.0559816509485244,0.0557030737400054,0.0936295613646507,0.1344380527734756,0.1379236876964569,-0.1131035313010215,-0.0503429360687732,-0.1341153085231781,0.1233296170830726,0.1257771253585815,-0.0921328142285347,-0.037723172456026,-0.1144556701183319,-0.1066458597779274,-0.1125855594873428,-0.0687257125973701,0.0399489253759384,0.132012203335762,-0.0725566893815994,0.0762794464826583,0.0728103518486023,0.0438780821859836,-0.0224806796759367,0.0958933606743812,-0.0846871808171272,-0.0798713862895965,-0.0777605026960372,-0.0441438071429729,-0.0926744043827056,0.0032217437401413,0.0505793392658233,-0.0796922594308853,0.0494117140769958,-0.0574123859405517,0.0011619314318522,0.1255419105291366,0.0781394466757774,-0.0121496245265007,0.1262818872928619,0.068007543683052,-0.0098750116303563,-0.0865569412708282,-0.041841622442007,-0.0372942872345447,0.0750218480825424,-0.0648893564939498,0.1162400618195533,-0.0796618461608886,-0.1288694888353347,-0.088713526725769,0.1289132684469223,0.11448285728693,-0.1128233447670936,0.1276605129241943,-0.0978636294603347,-0.0106487814337015,0.0397502109408378,0.0461730137467384,-0.084053449332714,0.0563732422888278,0.1090507805347442,-0.1235883012413978,-0.0222526770085096,0.1322830915451049,0.0643941313028335,0.0407604686915874,-0.0159650146961212,0.0321912392973899,-0.1337787359952926,-0.0026900973170995,0.0995696261525154,-0.0118030328303575,-0.1028729751706123,0.0400024242699146,0.0530404858291149,-0.0511179156601429,-0.1309973299503326,0.0443439707159996,-0.0104599809274077,-0.0073417099192738,-0.1140243038535118,0.0977226719260215,-0.0850083157420158,-0.0817144960165023,0.1106173172593116,0.1298681050539016,0.1024756580591201,-0.1074675843119621,-0.073544405400753,0.0765622928738594,-0.101471796631813,0.0634463280439376,0.0417027324438095,0.0087565938010811,0.0462723933160305,-0.0930023416876792,0.1100915148854255,0.1322571635246276,0.0899950414896011,0.0070397378876805,-0.1301988661289215,-0.0924604907631874,0.0147648090496659,-0.1037939041852951,-0.0263416692614555,-0.0676153376698494,0.080270729959011,0.125427097082138,0.131742388010025,-0.1316064000129699,-0.0678601041436195,0.1332833468914032,0.0558999553322792,0.1109069362282753,-0.0799600556492805,0.1302440613508224,-0.0179187562316656,0.1305533796548843,-0.1196356192231178,-0.0107715306803584,-0.1110748276114463,0.0479535907506942,0.1345586627721786,-0.0986774265766143,0.0431275889277458,0.1037678271532058,-0.0694196075201034,-0.1030426025390625,-0.0780035108327865,0.0861726924777031,-0.0826091468334198,-0.1064397394657135,-0.1030119210481643,0.0918891876935958,0.107630580663681,0.1060003936290741,-0.0807464197278022,-0.0555101037025451,0.105353869497776,0.0485246777534484,0.1031290590763092,-0.1077435761690139,0.1038472354412078,-0.0130123430863022,0.0710438564419746,-0.0645766630768776,-0.1077052652835846,-0.1026143804192543,-0.0853500589728355,-0.0715846717357635,0.0999715700745582,-0.0654430538415908,0.1075470596551895,-0.0958258658647537,-0.0636738389730453,0.0398646704852581,0.1070795580744743,-0.102144531905651,0.1058951392769813,-0.0685645639896392,0.1073555722832679,0.1073951423168182,-0.0924052223563194,0.0998622998595237,0.036402128636837,0.0449505597352981,0.1056639105081558,-0.0259354002773761,0.0945720896124839,-0.0100816283375024,0.1077437922358512,-0.0879243016242981,-0.0299621950834989,-0.091982863843441,-0.0957216024398803,-0.0562506020069122,0.1070057451725006,-0.0414708293974399,-0.0715951472520828,0.0350751429796218,-0.0114882737398147,-0.1071650683879852,-0.1076953038573265,0.1077226847410202,-0.0586096681654453,0.1019767001271247,0.056262943893671,-0.104616031050682,-0.0846089273691177,-0.0878333002328872,0.0664738565683364,0.1058492287993431,0.0970285534858703,-0.106541208922863,0.0058718007057905,0.099955677986145,0.0771203860640525,0.1077751591801643,0.1076337918639183,-0.0087590012699365,-0.103740707039833,0.1041144058108329,-0.094694048166275,0.0742529779672622,0.0393018573522567,0.101025179028511,-0.0697540119290351,-0.1071898341178894,0.0967988520860672,-0.1066476702690124,-0.1007028147578239,0.0695760548114776,-0.1045717149972915,-0.0277296435087919,-0.10604839771986,-0.1026833951473236,-0.0623678602278232,-0.1074912995100021,-0.0231859516352415,-0.0473046563565731,-0.1004917472600936,-0.027012413367629,0.1077848076820373,0.1077147275209426,-0.010582105256617,-0.1073485687375068,-0.096587911248207,-0.004497108515352,-0.0668802559375763,-0.1015532165765762,0.1019008383154869,0.1015477105975151,-0.0360125415027141,-0.0854883044958114,0.1057136207818985,0.0946273729205131,-0.1037449389696121,-0.1015277430415153,0.1077594310045242,0.1077418103814125,-0.1063595861196518,0.1025823801755905,0.1041826829314231,-0.0926504358649253,-0.0463372431695461,-0.0748940706253051,0.1077488139271736,-0.094444565474987,0.1076224669814109,-0.0792597383260726,0.1063845977187156,-0.0938975140452385,-0.0846493169665336,0.1073547676205635,-0.0949312075972557,0.1068390160799026,-0.0978831797838211,-0.1021075248718261,0.0902624577283859,0.1039848998188972,-0.1255416870117187,-0.0166229121387004,0.1091824099421501,-0.1159247159957885,0.015803525224328,-0.0056777773424983,0.0658362582325935,-0.1397353410720825,0.0819824635982513,0.0979378670454025,-0.0454935133457183,-0.1496746242046356,0.0724452137947082,-0.0542939603328704,-0.1055884212255477,0.0142984129488468,0.0593658611178398,-0.018182523548603,0.0507509410381317,0.1340387165546417,-0.0696599707007408,-0.0834797099232673,0.1540404111146927,0.1207077801227569,-0.0950986519455909,0.1436509788036346,0.045313149690628,-0.1075393259525299,-0.006892152596265,0.076803483068943,-0.0958293825387954,0.0098159974440932,-0.0674666687846183,0.0949454456567764,0.0267416760325431,0.1169689297676086,0.1182449609041214,0.1198506876826286,0.1342434287071228,-0.0520239509642124,0.019649252295494,0.1361009776592254,-0.0274450201541185,0.0009586955420672,-0.0015085755148902,0.0095001300796866,0.0203694626688957,0.2090979367494583,0.0043644323013722,-0.1424130499362945,0.1795588284730911,0.1475541740655899,-0.0365053415298461,0.0210148151963949,-0.0790525078773498,0.036129605025053,-0.1146287247538566,0.1070753410458564,-0.1481921821832656,0.0311086829751729,-0.0362917184829711,-0.0269556287676095,0.1685645580291748,0.0667114034295082,-0.0281397048383951,-0.0568985119462013,0.0605715848505497,-0.0779808759689331,-0.0631155148148536,0.0495917499065399,0.0405067987740039,-0.0798389166593551,-0.0904430821537971,0.1608542650938034,0.1088910028338432,-0.0834578275680542,0.0256026592105627,-0.1229759454727172,0.0071583455428481,0.1573081463575363,-0.0482344068586826,-0.1244949474930763,-0.0142228957265615,0.1057904064655304,-0.0310064684599638,0.2029834240674972,-0.0407869592308998,0.0159508176147937,-0.0835571959614753,0.1350345611572265,0.0242039132863283,-0.0010002343915402,0.1489109098911285,-0.0645024329423904,0.132415622472763,0.0333598032593727,-0.0084126712754368,-0.0875754728913307,-0.1081060394644737,0.0244383756071329,0.0566037110984325,-0.011947177350521,0.0082905627787113,-0.0304277371615171,0.0796490684151649,-0.1451290547847747,-0.0320812575519084,-0.1096330508589744,-0.0977703481912612,0.116575501859188,-0.0509163774549961,0.0071034454740583,-0.16657255589962,-0.0661671832203865,-0.1066970825195312,0.0774403437972068,0.0340591594576835,-0.0125554706901311,-0.0486835278570652,-0.0553829260170459,-0.0018470907816663,-0.0430704094469547,-0.0200339779257774,-0.0112635502591729,-0.003625005017966,0.0079301940277218,-0.021715959534049,-0.1330923289060592,-0.0353324636816978,-0.0437190793454647,0.1078490763902664,-0.0648752972483635,-0.0744739547371864,-0.0171465333551168,-0.0679844766855239,0.0142044350504875,0.1114441379904747,-0.0920878872275352,0.0834468156099319,-0.0196905601769685,-0.0447430424392223,-0.0853610858321189,-0.0187846515327692,0.0623689480125904,0.0241112485527992,0.1219042614102363,0.0767613053321838,2.2394016923499297e-05,0.0695501193404197,-0.0427899323403835,-0.1631064414978027,-0.0352224335074424,0.0569143295288085,-0.0345324166119098,0.0986509546637535,0.0462347939610481,0.0325062572956085,-0.0089837769046425,0.013673928566277,0.066487118601799,-0.0554434917867183,0.1115923002362251,0.1550916582345962,-0.2015646994113922,-0.0787044391036033,0.0913052633404731,0.1364843845367431,0.1373743712902069,0.012240931391716,0.1306768804788589,-0.1256478875875473,-0.0882785841822624,-0.009209799580276,0.0159498751163482,-0.0637795031070709,-0.0732097253203392,-0.0193402078002691,-0.1554851531982422,0.0290058758109807,-0.0070820273831486,-0.0412169806659221,0.0859818384051323,-0.1125282049179077,0.0549229495227336,-0.0124445864930748,-0.0747160613536834,-0.1514449268579483,-0.0046512684784829,-0.120111733675003,-0.0147618316113948,-0.0284743346273899,0.0116121144965291,0.0385836958885192,-0.030128801241517,0.1437156200408935,0.0627561062574386,0.1524981707334518,0.0274476893246173,-0.0627763718366622,-0.1136604994535446,-0.1084343940019607,-0.1103569343686103,0.0369271971285343,0.0048412550240755,-0.0629549399018287,-0.1141422763466835,-0.0464625619351863,-0.0873766243457794,-0.1594664603471756,0.0235403683036565,0.0014932757476344,0.1239926591515541,0.0440238751471042,-0.1083063632249832,0.0561973378062248,0.0194706283509731,0.0236276853829622,-0.124101735651493,-0.1592829525470733,-0.1391942650079727,0.1550588607788086,0.0929110199213028,-0.0085684778168797,0.0725627616047859,0.1456130594015121,-0.1169728711247444,0.0115660028532147,0.1522894352674484,0.0399760752916336,-0.0573382973670959,0.0643394961953163,0.0593768395483493,0.0412494912743568,-0.1353182941675186,0.0215181205421686,0.0935366302728653,0.0397708937525749,0.0883493423461914,0.1519539803266525,-0.1148751303553581,0.17522032558918,-0.001561785233207,0.0961117371916771,-0.0618323907256126,0.1082919687032699,-0.0632767230272293,-0.0244180709123611,-0.0625073090195655,0.154582604765892,-0.0936198234558105,0.1097282543778419,-0.0603347085416317,-0.112696073949337,-0.0849194005131721,0.0401136241853237,0.0883733481168747,-0.1001543551683425,0.0128057859838008,-0.1557992398738861,0.0167813431471586,-0.0753280669450759,0.0884058773517608,-0.1233378052711486,-0.1339678168296814,0.1007879078388214,-0.0849229842424392,0.0170231703668832,0.0164058916270732,-0.1193658262491226,-0.1239966750144958,0.0807255357503891,-0.1472970843315124,-0.093015968799591,0.0582820065319538,-0.1025084927678108,-0.1008641943335533,-0.0584208369255065,-0.0851000994443893,0.0742483437061309,-0.0131865879520773,0.106982983648777,0.0831633061170578,0.1303870975971222,0.0289090182632207,-0.1441462635993957,-0.1175997853279113,-0.0142096653580665,-0.1069628447294235,0.0005853553302586,0.0653221905231475,0.0330138094723224,0.1373140960931778,-0.1268229782581329,0.0920852646231651,-0.0272203087806701,-0.042488694190979,-0.114006757736206,0.0308815315365791,0.1053375899791717,-0.1222611665725708,0.0059355711564421,-0.0471032783389091,-0.0753272473812103,0.118590198457241,0.05590645596385,0.0440692380070686,0.0902625620365142,0.0136225223541259,0.0539611652493476,-0.1479462534189224,0.0384686738252639,0.0288906320929527,-0.0022285061422735,0.0776288211345672,-0.1276013553142547,-0.060906033962965,0.0637600049376487,-0.1354887783527374,0.0312971882522106,0.0701416432857513,0.0981419011950492,-0.0104811443015933,0.1527100801467895,0.049489889293909,-0.0116795329377055,0.0511636808514595,0.0027912023942917,0.0958352535963058,-0.0585186146199703,-0.0788563042879104,-0.097309298813343,0.0605510771274566,0.0693423971533775,-0.0374659113585948,0.085694171488285,0.1294701099395752,0.0842141434550285,-0.0984664335846901,-0.028166813775897,-0.0960710197687149,-0.0997518151998519,0.1041477844119072,-0.0443135537207126,0.0828415006399154,0.040556151419878,-0.120276853442192,-0.0565058626234531,-0.1238691732287406,0.0633627697825431,-0.1378241777420044,-0.087827131152153,-0.0884887278079986,-0.1379655599594116,-0.054936047643423,-0.1524714082479477,0.0027108755894005,0.0470817610621452,-0.017821142449975,0.1069609001278877,-0.1345891803503036,0.0879834815859794,0.0875219851732254,0.1341018378734588,-0.0812674090266227,0.057948499917984,0.1217629685997963,0.0737469866871833,0.0660126656293869,0.0379875227808952,-0.0394212491810321,0.0738575533032417,-0.1239558830857276,0.0225284770131111,0.1159323528409004,-0.0102317901328206,-0.1384243965148925,0.0088007180020213,0.1361117213964462,0.1126914024353027,-0.1315128356218338,0.1061161383986473,0.0357739180326461,OGSVRKHUVLNBBF-UHFFFAOYSA-N,O=C(NCCOCc1ccc(Cl)cc1)C1CNCCO1
0.1110583320260047,-0.1080213040113449,-0.1085643395781517,0.048718973994255,0.0204198621213436,-0.1111252382397651,-0.1109380424022674,0.0646240264177322,-0.0268946085125207,-0.077130801975727,-0.0364431738853454,-0.0450197979807853,0.1044081151485443,0.1083497926592826,0.107438288629055,0.1086028218269348,0.0126743642613291,0.0675976797938346,-0.1055427491664886,0.1092427819967269,-0.1110856533050537,-0.1067500486969947,0.110911026597023,0.064273677766323,-0.1110356673598289,-0.1100843399763107,-0.110556349158287,0.0207953490316867,0.0849845185875892,-0.1099725291132927,0.0845099464058876,-0.0839311480522155,-0.0573549047112464,-0.1039556264877319,0.1058714091777801,0.0487727969884872,-0.0405793637037277,-0.0949118509888649,-0.0803624168038368,-0.1068174540996551,-0.1094256266951561,0.0472124032676219,-0.1098864078521728,-0.0130666233599185,0.1043891012668609,-0.1045746952295303,-0.0810061916708946,-0.100926361978054,-0.0058534480631351,-0.1076792925596237,0.0639179423451423,-0.1111299693584442,-0.0912006348371505,0.1108162775635719,0.0365951918065547,0.0154285617172718,0.1077006682753562,-0.1026369109749794,-0.0607824958860874,0.0850722044706344,-0.0506269671022892,0.1099801436066627,-0.0888554230332374,-0.1054482087492942,-0.107148177921772,0.1077673807740211,0.0304292608052492,-0.0979443192481994,-0.0805306583642959,-0.0937306955456733,0.0976116508245468,-0.0330488793551921,-0.1108583584427833,0.0631637424230575,0.0931682959198951,-0.1106245070695877,-0.11111481487751,0.1004495024681091,-0.1037734970450401,0.1035064235329628,0.0982669368386268,-0.0208093859255313,0.041165105998516,-0.1110661849379539,-0.094781219959259,-0.0398447327315807,0.0633970946073532,0.0799543485045433,-0.1076085716485977,0.0559266582131385,0.1046225726604461,-0.0974594205617904,0.110520452260971,0.057932075113058,-0.1074238345026969,-0.0741757154464721,0.0696337074041366,0.0914793014526367,-0.1094303056597709,0.1081927269697189,0.1032298654317855,0.1018288433551788,0.1107929199934005,0.078442096710205,-0.0045436099171638,-0.110158696770668,0.1098415553569793,0.0483399257063865,-0.1067540571093559,-0.0857697576284408,0.0620754696428775,-0.0059837871231138,0.1044999957084655,-0.0811187028884887,0.0760853663086891,0.1099453642964363,0.1085627302527427,0.111122652888298,-0.0923756882548332,0.023506136611104,-0.0209278427064418,-0.0944174826145172,0.1097407713532447,-0.0314625166356563,-0.1109012365341186,-0.0672962665557861,-0.1102661341428756,0.0279685668647289,0.1062707230448722,-0.0584776885807514,0.0880047604441642,0.0681658834218978,0.1048683822154998,-0.0105076050385832,0.0579764656722545,0.1055652275681495,0.1013342440128326,0.106187455356121,0.097071960568428,0.105990469455719,0.1057461872696876,0.0744598507881164,0.105875588953495,0.0619711317121982,-0.0966928154230117,0.0002308155089849,-0.0972666665911674,-0.1062255799770355,-0.0297124702483415,0.0088514685630798,-0.09160728007555,-0.0231835711747407,-0.0323122553527355,0.1062852069735527,-0.1055058240890502,0.0682048052549362,0.0278173275291919,-0.1058134734630584,-0.1062144711613655,-0.0055428985506296,0.1061774045228958,0.1051616966724395,0.1054183766245842,0.1059703156352043,0.0986470654606819,-0.1059475764632225,-0.0071426406502723,0.045733343809843,0.1056166961789131,-0.0481913536787033,-0.1062076911330223,-0.1012541875243187,0.1061695739626884,-0.1058671548962593,-0.1062122508883476,-0.1054309383034706,0.1054152995347976,0.1061727777123451,-0.0283898897469043,0.0877579376101493,-0.1053154692053794,0.1058381795883178,-0.0694198906421661,-0.1062446534633636,-0.084515556693077,-0.0919413566589355,-0.039037998765707,-0.1061158031225204,0.1009055078029632,0.1026072278618812,-0.1056355237960815,-0.082645334303379,0.1062661632895469,0.0740293785929679,0.0763304308056831,0.0619768388569355,-0.1056272685527801,0.1028640046715736,0.0800791382789611,0.061196319758892,0.0231131818145513,-0.0592708252370357,-0.1062970608472824,-0.1056799590587616,-0.1062743365764617,0.0887902677059173,-0.1059458702802658,-0.1056648418307304,-0.0936405882239341,-0.0437407195568084,0.019196169450879,0.1020988076925277,-0.1044179797172546,0.0820145532488823,0.1060516610741615,-0.0890136286616325,-0.101465031504631,0.0173092875629663,-0.1042455434799194,-0.0418591536581516,0.1061103716492652,0.1061076745390892,0.0646463930606842,0.1062882915139198,-0.0856648460030555,0.1024662107229232,-0.105220228433609,0.1061559990048408,-0.0165603309869766,-0.1058350428938865,-0.1008724868297576,-0.0312409568578004,-0.1056176871061325,-0.1004342138767242,-0.1056318208575248,0.0898560658097267,-0.1058336049318313,-0.0866350829601287,0.0494695380330085,0.080539733171463,-0.0709516778588295,0.0627371743321418,0.077672854065895,0.1060174033045768,-0.1047066673636436,0.0778819918632507,0.060045164078474,-0.1062958985567092,0.104712925851345,-0.1051120981574058,0.044216975569725,0.1059814542531967,0.0217032879590988,-0.1002519428730011,-0.1047704592347145,0.078642338514328,-0.1100476682186126,-0.0083584962412714,0.0833203271031379,-0.0997974723577499,-0.0199061557650566,0.0525675155222415,-0.1070408225059509,0.1144830808043479,0.0874315202236175,0.0911226123571395,0.1158043518662452,-0.0808466374874115,-0.1185705885291099,-0.013902953825891,0.1184844002127647,-0.1004262492060661,-0.0909205228090286,0.0971693992614746,-0.0198731701821088,0.0583173260092735,-0.049852754920721,-0.0613008737564086,-0.0846530199050903,-0.0009744568378664,-0.0110113760456442,0.0803082212805748,0.073814183473587,-0.117925688624382,0.0993202328681945,0.112586572766304,0.0069283209741115,0.0789870247244834,-0.1082400754094123,-0.0076607964001595,0.0945897921919822,-0.0771295502781868,-0.1160588636994361,-0.1109619289636612,-0.1019626408815383,-0.0507654063403606,0.1117912456393241,-0.0574924163520336,0.1166047379374504,-0.0916914194822311,0.0519994124770164,-0.0464542843401432,-0.0797414034605026,0.0966801717877388,-0.0982991829514503,0.0667910724878311,0.1170613244175911,-0.1103140786290168,-0.0581592470407485,0.1153274849057197,-0.0975912734866142,-0.0869955793023109,-0.0955693796277046,-0.0014962556306272,-0.0470832660794258,-0.0213050618767738,0.0591467320919036,-0.117038570344448,0.0969279482960701,-0.0255811661481857,-0.0054366854019463,0.091460570693016,-0.0059414971619844,0.1139624044299125,0.1155944094061851,0.0923904031515121,-0.1001505628228187,0.1015663892030716,0.0107497153803706,-0.037552174180746,0.1187950894236564,0.1123645827174186,0.1083572283387184,0.1084443107247352,-0.0293389726430177,-0.1181173548102378,0.0716169625520706,0.0703044533729553,0.1060869172215461,-0.0830718353390693,-0.0839317962527275,-0.0471147820353508,0.0900547355413436,-0.1186566054821014,-0.012501087039709,-0.1185761764645576,-0.1184928715229034,-0.0733835622668266,0.1163581535220146,0.1187982037663459,-0.1053533032536506,-0.1015898659825325,0.0751664862036705,-0.1012399345636367,-0.0284969974309206,0.0751125365495681,0.052670132368803,0.0915035530924797,-0.0701009929180145,-0.1174873188138008,-0.1146845445036888,0.1187963560223579,-0.1186114400625228,0.1155886873602867,0.1178163588047027,0.0302943997085094,-0.118105798959732,0.0402163527905941,0.1050753444433212,0.1099598184227943,-0.1124426797032356,-0.0990133285522461,0.0283230431377887,-0.1083921641111373,0.0098593533039093,0.0937745198607444,0.1185777559876442,-0.1159292981028556,-0.1017860695719719,0.0932953655719757,-0.0963183566927909,0.0094795823097229,-0.0977055206894874,-0.0148696387186646,0.0980264246463775,0.0937790423631668,0.0344070643186569,0.0673978626728057,-0.0545847751200199,-0.0305661130696535,-0.0265477187931537,-0.078245498239994,-0.0993765890598297,-0.1333903968334198,-0.0049488288350403,-0.137905403971672,-0.0062020011246204,-0.1045460030436515,0.1074497923254966,-0.1012489721179008,0.0953032746911048,-0.1327256113290786,0.1298160701990127,0.0909483656287193,-0.0986077561974525,-0.0323960073292255,0.0800820738077163,-0.0042584030888974,0.1369293481111526,-0.0901770889759063,-0.1038168221712112,0.1020253151655197,0.0632955580949783,0.0037972894497215,0.1368289738893509,0.00291378214024,0.1040854454040527,-0.0406857207417488,-0.1163413226604461,-0.1220423430204391,-0.0937018245458602,0.0799455642700195,0.0981412380933761,0.0265653003007173,-0.088701345026493,-0.0968975126743316,-0.0029994035139679,-0.1173727661371231,0.1411176323890686,0.1051654070615768,0.031147550791502,-0.0376154445111751,0.1291505098342895,0.1049545109272003,-0.0818106830120086,0.0874089300632476,0.1001047790050506,-0.114923246204853,-0.0913278087973594,0.0154287638142704,-0.1184292808175087,-0.1397759616374969,-0.0700509399175643,0.082467146217823,-0.0378828831017017,0.0960729196667671,0.1138458400964737,0.012713499367237,0.0873008966445922,0.0407339110970497,-0.1097045615315437,0.0756425037980079,-0.1371464729309082,0.1390758156776428,-0.0858771577477455,0.0142452865839004,-0.1426471471786499,-0.0306839328259229,0.0397556386888027,0.0197250861674547,0.0275063291192054,-0.0647776275873184,-0.0479510314762592,-0.0844097509980201,0.1180098876357078,0.0360846295952796,0.0597625970840454,0.0355958417057991,-0.0079090595245361,0.1038327440619468,-0.0973419174551963,0.0910885855555534,0.0733208209276199,-0.1050400212407112,-0.0701799541711807,0.033908762037754,-0.0822909250855445,-0.0386131331324577,0.0899494215846061,-0.0502791479229927,0.060443565249443,0.1219078972935676,0.00439576478675,0.1034372225403785,-0.1043847501277923,-0.0527178645133972,0.084536924958229,-0.0749453902244567,0.0475737191736698,0.0638085231184959,0.0449551194906234,-0.1206079870462417,-0.0590819269418716,0.0887888297438621,-0.1508929282426834,0.0944623276591301,0.1038818955421447,0.1247740760445594,0.0857304260134697,0.0683094784617424,0.1010812148451805,-0.0881997272372245,0.0353654734790325,0.1417388021945953,-0.062621884047985,-0.1051607504487037,-0.1115453168749809,-0.0779591128230094,0.0598845370113849,0.0942467302083969,-0.1341457366943359,-0.0911770090460777,0.0561307184398174,-0.1001641973853111,0.1039849072694778,0.0892222970724105,-0.0049186418764293,0.0041083423420786,-0.1156424805521965,0.1095654666423797,0.0752206444740295,-0.08675017952919,0.0088751465082168,-0.1108255386352539,0.0403999462723732,0.0930732637643814,0.0918095409870147,0.1228086724877357,0.1048429012298584,-0.1060617715120315,0.1004907563328743,0.1070840209722518,0.0320435054600238,0.1298931390047073,0.0956856086850166,0.1181671693921089,0.0709928721189498,-0.1244970858097076,-0.1000749915838241,0.1282365024089813,0.0834333971142768,-0.0323377437889575,0.1234680414199829,0.0239284373819828,0.1262793838977813,-0.0028696446679532,-0.0755162090063095,0.1227370351552963,-0.1050006598234176,-0.0926675722002983,0.1079002991318702,-0.0744594410061836,-0.0505932979285717,-0.0811303630471229,-0.0525083728134632,-0.0621699728071689,0.1114779636263847,0.1071578860282898,0.0403962582349777,0.1315512061119079,-0.1350188702344894,0.1039595454931259,-0.083295352756977,-0.0684854388236999,0.0686048418283462,0.005778488703072,0.0893557220697403,0.1113824546337127,0.0855216607451438,0.1339992731809616,0.0386236347258091,-0.0116696190088987,-0.109152540564537,-0.093097798526287,-0.0840825289487838,0.0484520159661769,0.061633177101612,0.1274274438619613,0.039527453482151,-0.1113824471831321,0.0289435032755136,-0.1281201094388961,0.1042929291725158,0.0278865620493888,0.0927135497331619,0.1335478574037552,-0.096778355538845,-0.1158981695771217,-0.1163532063364982,-0.0010134089970961,0.083807423710823,-0.0887191370129585,0.0423833951354026,0.0814764127135276,-0.1129254698753357,0.0153206828981637,0.1018527671694755,0.1172978058457374,-0.1045877411961555,-0.0385443232953548,-0.0720869898796081,0.0693805217742919,-0.0867573097348213,0.016910558566451,-0.132904827594757,0.0060543087311089,0.0046602454967796,-0.0986061841249466,-0.0635654926300048,0.1314899027347564,0.0285797342658042,0.076314128935337,-0.0944521874189376,-0.0177976880222558,0.0280502885580062,0.1300641000270843,0.1024680882692337,-0.0530829392373561,0.1009567752480506,0.1065559908747673,-0.0427448041737079,0.0827536210417747,0.0782439708709716,-0.1161034405231475,0.0156817454844713,-0.1281435936689376,-0.1088576018810272,-0.047526653856039,-0.0934373885393142,-0.013152684085071,0.041871789842844,0.0821880102157592,-0.0122668230906128,0.1031406000256538,0.1146467551589012,-0.1050707697868347,-0.1291906088590622,0.0062081762589514,-0.021067289635539,0.1029193922877311,0.0207458082586526,0.1109575107693672,0.1129338890314102,0.1184603869915008,0.0110996067523956,-0.105650708079338,-0.0751942619681358,0.1009163856506347,-0.1111365929245948,0.0279100555926561,0.10774577409029,0.0986535400152206,-0.1209162473678588,-0.0766319558024406,-0.0324178487062454,0.0023266901262104,-0.1137052327394485,0.0102651808410882,-0.1266669631004333,0.0983633026480674,-0.1087249889969825,0.1125605106353759,0.0934879407286644,-0.1088811084628105,-0.0377518348395824,0.0110639641061425,0.1216301545500755,0.0761466547846794,-0.0749346315860748,-0.1124323979020118,-0.110287494957447,0.0563932135701179,-0.0749435201287269,-0.0043260767124593,0.107271172106266,0.0597931072115898,-0.1243349909782409,-0.1279409080743789,-0.0678223967552185,-0.1229814365506172,0.0941095873713493,0.0145686324685812,0.0122095579281449,-0.0792845636606216,0.0235943496227264,0.0365630537271499,0.1222221329808235,-0.0724687054753303,-0.1105421632528305,0.1234178990125656,-0.0251047760248184,0.107315756380558,-0.0390155613422393,0.121154747903347,0.0499137789011001,-0.0566675923764705,0.1220882162451744,0.0981143712997436,0.0118370866402983,-0.0590948462486267,-0.093717023730278,0.0433813296258449,0.0469432026147842,0.0427751541137695,0.1122580915689468,-0.0225210003554821,-0.122075654566288,0.1168185099959373,0.0263926237821578,-0.0261771995574235,-0.1241416931152343,0.1250074952840805,0.1189543083310127,-0.0935196429491043,0.0566669516265392,-0.1099694743752479,-0.0121731739491224,-0.109440192580223,0.0658615157008171,-0.0948704481124877,0.1123137921094894,0.0129233812913298,-0.0756717547774314,-0.0225730203092098,-0.122550718486309,-0.0541173331439495,0.1206256374716758,0.0394822135567665,-0.0898753851652145,0.1102630943059921,-0.0622522048652172,0.1137257516384124,0.115272618830204,0.0991956815123558,-0.0536532215774059,0.11951345205307,0.1081168130040168,0.0350539870560169,-0.0983558446168899,0.0746100842952728,-0.0303985197097063,-0.1197016313672065,0.0519731603562831,-0.0377883166074752,-0.0810894444584846,0.0367829501628875,-0.1180234774947166,-0.1096462681889534,0.004132782574743,-0.1096205785870552,0.1266243606805801,0.0199574492871761,0.1192478239536285,-0.0776104256510734,-0.0592396780848503,0.0661398321390152,-0.0621471405029296,0.0583226718008518,-0.1161747053265571,0.1242993399500846,-0.0966914519667625,0.1142229363322258,0.1250620633363723,-0.1023553237318992,0.0787876695394516,-0.0943571701645851,0.0379057861864566,0.1268442273139953,XJKOOQUMDMGPPZ-UHFFFAOYSA-N,Cc1ccc(F)cc1C(=O)NCC1(O)CCNC1
0.031545240432024,-0.1163212433457374,0.1289538741111755,0.1344408988952636,0.1121993064880371,-0.0397099554538726,-0.0434928834438324,0.0091110151261091,-0.122138574719429,-0.1080765277147293,-0.0272653643041849,0.0460819117724895,0.0779285803437233,0.1326251477003097,0.0777662023901939,-0.1101344153285026,0.0957100987434387,-0.0087509304285049,0.0343402102589607,0.1345368325710296,0.1134988293051719,-0.1125981360673904,-0.0925729349255561,0.0101069351658225,-0.001108861179091,0.0079686855897307,-0.1111569628119468,-0.1196403801441192,0.0796275958418846,0.0137948468327522,-0.0487277321517467,0.0432519726455211,-0.1325795501470565,0.0268619153648614,-0.1334025561809539,-0.1313662976026535,0.0418623685836792,0.1033781021833419,0.1298218220472335,0.0992646887898445,-0.0060202665627002,0.1117046624422073,-0.112773448228836,0.1103028133511543,0.1315550208091735,0.1101011261343956,0.0417842045426368,-0.102606400847435,-0.1216088160872459,-0.1000821515917778,0.1306973248720169,0.0747615322470665,-0.07898461073637,0.0288145747035741,-0.1269051432609558,0.1256810873746872,-0.0738878399133682,-0.1265450119972229,-0.083265870809555,0.056235197931528,0.0717754065990448,0.1096683591604232,0.0829211995005607,-0.0519188679754734,0.1080027520656585,0.0104996049776673,-0.1322257369756698,-0.0249317642301321,0.0090450346469879,-0.0554199069738388,-0.0113818710669875,0.1358762383460998,0.087775208055973,-0.1327579319477081,-0.0863882899284362,-0.0010659670224413,-0.0780779272317886,0.084998182952404,-0.0890688002109527,-0.0560981072485446,-0.0206814929842948,0.0816675424575805,0.0769085362553596,-0.0480138026177883,0.0040101143531501,0.134244903922081,0.1210028976202011,0.108760617673397,-0.1194938272237777,-0.0668981149792671,0.0812174752354621,0.0407419838011264,0.1320838630199432,0.11750178784132,-0.1257754862308502,0.0027489333879202,-0.0956854075193405,-0.1230460852384567,-0.0318419523537159,0.0807044357061386,0.0895589590072631,-0.062211338430643,-0.0437729321420192,0.0584491826593875,-0.1350391805171966,0.0886649414896965,-0.0627792030572891,0.0560957789421081,0.077982984483242,-0.0366835594177246,0.0015672473236918,-0.0565973110496997,-0.0692112743854522,-0.1233664005994796,0.028623154386878,0.0421538986265659,0.0039193728007376,-0.100090317428112,-0.1086142361164093,0.1257444769144058,0.0504163652658462,0.1194643527269363,-0.0940687507390976,0.0816530361771583,-0.0042338329367339,0.0651519373059272,0.022850252687931,-0.1172144263982772,0.0412837229669094,0.0633921176195144,0.0922940522432327,-0.0941532477736473,-0.0605480782687664,-0.1055363491177558,0.112804427742958,0.0783755779266357,0.0466132648289203,-0.0790763646364212,0.1052552685141563,-0.1063528582453727,-0.1118233278393745,-0.0796487778425216,-0.0913211330771446,-0.0776486843824386,0.1059183552861213,-0.0785432085394859,-0.1130903512239456,-0.1050355434417724,-0.0274343322962522,-0.0453698076307773,-0.101291112601757,-0.0077236923389136,0.1064168289303779,-0.0949909761548042,-0.0669146403670311,-0.0216463562101125,-0.110509917140007,-0.0931939929723739,-0.1117144599556922,-0.0690747648477554,-0.1061932072043418,0.1126148030161857,0.0832356140017509,-0.0715851858258247,0.1098796725273132,-0.1130934879183769,0.0156937707215547,-0.0926194265484809,0.0963291451334953,0.0995194688439369,0.1129306703805923,-0.1127571314573288,0.1104625836014747,-0.0590021461248397,-0.0971607789397239,0.1115157157182693,0.0248496439307928,0.1105181649327278,0.1073657870292663,-0.1047316640615463,0.0116854105144739,-0.1117365434765815,-0.0638139694929122,-0.1045833751559257,0.0419326834380626,-0.1131548434495925,-0.0790567696094513,-0.1126076355576515,0.0703762546181678,0.0925724133849144,0.0869316086173057,0.0858179405331611,0.1131658479571342,0.0787609219551086,-0.1131345331668853,-0.0529208853840827,-0.0544337667524814,-0.07797771692276,0.0716930702328682,-0.1126195639371872,-0.1029718592762947,-0.1122105792164802,-0.1127783581614494,0.0294723436236381,-0.0991568490862846,0.0663197562098503,-0.0872624143958091,-0.0541800558567047,0.0311867818236351,-0.0143244564533233,0.1037739962339401,0.0914285406470298,-0.1019912660121917,-0.0764107480645179,-0.0947206318378448,0.0940867811441421,-0.0557572394609451,0.0150365941226482,-0.1044987961649894,0.0469738207757473,-0.0345231108367443,0.1130705624818801,-0.099127747118473,0.113123781979084,-0.02585662715137,0.072611279785633,-0.092003658413887,-0.0997891277074813,0.0988038331270217,0.0873370990157127,-0.0205343533307313,0.0450944676995277,0.09439467638731,0.1131463274359703,0.1044125631451606,-0.1112381070852279,-0.0540987811982631,-0.0996143072843551,-0.0245613288134336,0.1086549684405326,-0.1128510981798172,0.0206877011805772,-0.0467326417565345,0.0980326980352401,-0.0982672423124313,0.1066871806979179,-0.1127008870244026,-0.0986127629876136,0.1052866280078888,-0.0763019621372222,-0.1051761507987976,0.1018541455268859,0.0394874922931194,-0.1130455210804939,-0.1113177761435508,0.0785887315869331,-0.1068931370973587,-0.0975320562720298,0.1057951301336288,-0.1050411388278007,0.1073886230587959,-0.1071086004376411,0.0163451619446277,-0.107198916375637,-0.1018539667129516,-0.0463535413146019,0.098229132592678,0.0902277678251266,0.0912446156144142,-0.092280201613903,0.1051509827375412,0.0913758650422096,-0.0476762652397155,-0.0478548519313335,-0.0978995263576507,0.1063428819179534,-0.0972824916243553,-0.1071781888604164,0.103353202342987,-0.0330923572182655,0.089816503226757,0.1064413040876388,0.0568577833473682,0.1072282493114471,-0.0025458030868321,-0.1063326373696327,0.107283778488636,-0.1063909605145454,0.0925937518477439,-0.0928714498877525,-0.0954732000827789,-0.1060387790203094,0.0510220974683761,-0.1069684624671936,-0.0998126864433288,-0.0922780632972717,0.0868048891425132,0.1019207462668418,-0.0336570404469966,-0.1073066815733909,0.0971857160329818,0.1049799695611,-0.0707454457879066,-0.1064857095479965,0.1046007722616195,-0.1054056659340858,0.0290566235780715,-0.0989622175693512,-0.107135884463787,-0.0851329043507576,-0.1041731983423233,-0.0444997400045394,-0.0829015672206878,-0.0815204977989196,0.0584799461066722,0.1049932315945625,0.008011138997972,0.107192613184452,0.1073893383145332,-0.0803036466240882,0.0083114420995116,-0.0155563158914446,0.1057045981287956,0.1008298695087432,0.0137885613366961,0.0389172695577144,-0.0986532047390937,-0.0694604441523552,0.0467314012348651,0.1072456687688827,0.0718974247574806,-0.1071825698018074,-0.104895606637001,-0.0063648633658885,-0.1070151254534721,-0.1058464050292968,0.0284334421157836,0.1073240861296653,0.0861453935503959,0.1046728268265724,-0.0983029007911682,-0.0663563981652259,0.1071122959256172,0.0039975000545382,-0.1020098254084587,0.0706051364541053,0.1067075654864311,-0.1043412238359451,0.1041530817747116,-0.0889004617929458,0.0745902955532074,-0.1029567718505859,-0.1014799922704696,0.0845284312963485,0.0005343181546777,-0.1050999462604522,-0.0230386853218078,0.0368410050868988,0.0854405686259269,0.0975430980324745,0.1069496050477027,-0.0958529859781265,-0.1054739654064178,-0.0139943771064281,-0.1070048883557319,0.1046343520283699,0.018296867609024,-0.0340063869953155,0.1034172996878624,-0.1069391593337059,0.1070154383778572,-0.1035678312182426,-0.0946736261248588,-0.075178824365139,0.1073876097798347,0.1073532104492187,0.0954749435186386,-0.0124963512644171,0.0993551388382911,-0.1062806025147438,-0.1032609716057777,-0.0277836322784423,-0.0354357361793518,0.1044851541519165,-0.1022073924541473,0.039158709347248,-0.0303802713751792,-0.0103374309837818,-0.0238905642181634,0.0498634204268455,-0.0651292577385902,-0.098414622247219,0.0329243466258049,-0.0852837488055229,0.0061815395019948,-0.1737968176603317,0.0981758087873458,0.0083885556086897,-0.1773973405361175,-0.0467411167919635,-0.137546882033348,-0.0466800294816494,0.1253465563058853,0.0473574921488761,-0.0175550896674394,-0.0716840326786041,0.0567982457578182,-0.0170728843659162,0.1707175821065902,-0.0317137949168682,-0.0165901463478803,0.0722702965140342,-0.0503645241260528,-0.0425908081233501,0.0645142346620559,0.0862664133310318,0.0704693719744682,0.0193324461579322,0.1076775416731834,-0.1258394569158554,0.0947609394788742,0.1127804964780807,0.0366989187896251,0.1929956525564193,0.0717211812734603,-0.0476570725440979,0.0129842823371291,-0.0908983424305915,0.0980618298053741,-0.0013300045393407,0.116604670882225,-0.0156400706619024,-0.0075532873161137,0.0230136848986148,-0.028378939256072,0.1074380651116371,0.014307802543044,0.0452451966702938,0.0299637671560049,0.0927271842956543,0.0181878712028265,0.1578981429338455,0.0118066389113664,0.1661076992750167,-0.0608010999858379,-0.0815834403038024,0.0449194982647895,0.0502874702215194,0.1898269355297088,-0.0659841746091842,-0.067637525498867,0.0878929495811462,-0.0272430852055549,-0.0110224531963467,0.1285394132137298,0.0188309904187917,0.0362004525959491,-0.1516910791397094,-0.164383202791214,0.0141729963943362,-0.0265674088150262,-0.0017170080682262,0.0344195216894149,-0.0737838670611381,-0.0154542811214923,-0.0204891469329595,0.0930975005030632,-0.0338772758841514,-0.0503937378525733,0.0625949800014495,-0.1492263972759246,0.2113963663578033,0.1369683295488357,-0.1100474894046783,0.0971433371305465,0.1474427729845047,0.015437938272953,-0.1523302346467971,-0.1236918494105339,-0.0173343084752559,-0.0573594607412815,0.172748401761055,0.1050513461232185,-0.0900463834404945,-0.0606248453259468,-0.1403963416814804,0.0362321026623249,-0.0892534554004669,0.106463573873043,0.0132269226014614,-0.0754802599549293,-0.0941845253109932,0.1755452156066894,-0.0682107359170913,-0.0002310444251634,0.0291881430894136,0.1674815416336059,0.0478934086859226,0.0194053128361701,0.0244746524840593,0.1381646245718002,-0.0454033464193344,-0.1308531761169433,0.0553330220282077,-0.0144816087558865,-0.0897300243377685,0.0604915097355842,0.0485585406422615,0.0591472387313842,0.0418357588350772,0.0369857586920261,0.09110589325428,-0.0565383210778236,0.0793940126895904,0.1554839015007019,-0.0424179770052433,0.1622679084539413,0.168788656592369,0.1701417714357376,-0.0411266461014747,0.1185314208269119,0.0013204941060394,0.0210605002939701,0.0328423902392387,0.064182311296463,0.0528059005737304,0.0298691429197788,-0.1122681573033332,0.034462995827198,0.040774505585432,-0.015533722937107,0.1426322162151336,-0.0719298422336578,-0.0280147306621074,-0.0765985175967216,0.0343489199876785,-0.0971668511629104,0.1472664326429367,-0.0556763373315334,-0.03106533549726,-0.0429241433739662,0.1278103739023208,0.116937555372715,0.0615259148180484,0.0992607325315475,0.0134753370657563,-0.0727202370762825,-0.0540645234286785,0.0690758302807807,-0.169259488582611,0.0657190755009651,-0.0532490015029907,-0.0434436798095703,0.039686445146799,-0.1252752244472503,-0.0351705998182296,-0.0475981533527374,0.0922198593616485,-0.0951873287558555,-0.0645954608917236,-0.0249953232705593,-0.0447468683123588,0.0142503837123513,-0.0437584966421127,0.0877178311347961,-0.0630068182945251,0.0100107137113809,-0.0141238328069448,-0.1039658188819885,0.0220145918428897,0.1685327291488647,-0.0550838969647884,-0.0021810804028064,0.0509438067674636,-0.069966971874237,0.0249693095684051,-0.1372842788696289,-0.0995303690433502,0.0539778098464012,0.066578634083271,0.0130448378622531,-0.0469599962234497,0.0285431873053312,-0.1433725655078888,-0.1684309393167495,-0.0620070584118366,0.0889365971088409,-0.0369926132261753,0.1048964038491249,0.0594010539352893,-0.0074506746605038,0.0646325424313545,0.1205809265375137,-0.076104536652565,-0.1158793866634368,0.1457073539495468,-0.0356266498565673,-0.0444334745407104,0.0381299220025539,0.0520424842834472,-0.1054849624633789,0.1233222559094429,0.059813380241394,-0.0645720958709716,-0.2054138332605362,0.0263681374490261,0.2103121429681778,-0.0085717886686325,0.06784038990736,-0.0160730704665184,0.0183160193264484,-0.0415174923837184,-0.0600081458687782,-0.000892185489647,-0.0442769713699817,0.0983842089772224,0.0116971340030431,0.1443533599376678,-0.1010176762938499,0.0489340797066688,-0.0601922385394573,0.0575234144926071,-0.09786107391119,-0.0368327461183071,0.1871969401836395,-0.1182961240410804,0.0714770853519439,-0.0603008531033992,0.1922443360090255,-0.0050329165533185,0.0939393639564514,0.0968375504016876,-0.1739885360002517,-0.127031996846199,0.0638323351740837,-0.0366897508502006,-0.0478397831320762,-0.0469086468219757,-0.130137637257576,0.0379578955471515,-0.0566909909248352,-0.008826402015984,-0.0296829957515001,0.062606930732727,0.0267020538449287,0.1518767774105072,0.1774593740701675,0.1536010354757309,-0.0099551258608698,-0.1021267771720886,0.0853733867406845,-0.0103637911379337,-0.1440929025411605,-0.026476614177227,0.0445487909018993,0.0067716669291257,0.0564891211688518,-0.1358385980129242,-0.1254652440547943,-0.1392639726400375,0.1051238998770713,0.0877649784088134,-0.0554151684045791,-0.0433107055723667,0.0054749185219407,0.051382627338171,-0.0298594981431961,0.0569162033498287,-0.0907328724861145,-0.0989649072289466,0.0756364315748214,0.0890705287456512,0.1075989678502082,0.0276528075337409,-0.1099110692739486,0.1212904006242752,0.1487500518560409,-0.0272710938006639,0.0599473975598812,-0.0734923779964447,0.1087253168225288,-0.0071272309869527,-0.0852154493331909,-0.0948625579476356,0.0715951099991798,-0.0523041598498821,0.1715779602527618,-0.0448855906724929,-0.0648362934589386,-0.0025036421138793,-0.1131254583597183,0.1008694842457771,-0.1038203164935112,0.0283375494182109,0.0742526724934578,-0.1217589005827903,-0.105400837957859,-0.0508657805621624,-0.0559681802988052,0.0693424642086029,0.0575062744319438,0.0014186723856255,-0.0829010903835296,-0.0847778990864753,0.1031121388077735,-0.0588396042585372,-0.002912777243182,-0.0579879991710186,0.1035482808947563,0.0419661067426204,-0.155525729060173,-0.102279894053936,0.0153569038957357,0.0274329725652933,-0.1105042397975921,-0.0360188484191894,-0.1474898755550384,0.0052365758456289,-0.0984783396124839,0.0618892200291156,-0.0466669015586376,-0.1330252289772033,0.0001086795309674,-0.0972591340541839,-0.12058886885643,0.132298856973648,0.0134017784148454,-0.0303319487720727,-0.1123929992318153,-0.0634530484676361,0.1153947934508323,-0.0105696972459554,-0.065917819738388,0.0323582664132118,-0.1371237933635711,0.0195435639470815,-0.0137548800557851,0.0284962207078933,0.0553816258907318,-0.0765690803527832,-0.0165341161191463,0.1636510789394378,0.0367203652858734,-0.0448956713080406,-0.0366018377244472,0.0950860232114791,-0.1375187039375305,-0.10613564401865,0.0987516790628433,-0.1275203675031662,0.0972764939069747,-0.151446059346199,0.1486315578222274,-0.0680106654763221,0.0887848660349845,-0.1191624253988266,-0.0420482642948627,-0.1138435676693916,-0.007066982332617,-0.0778575614094734,0.0609696321189403,0.1432991027832031,0.171109065413475,-0.0021016686223447,0.097266785800457,-0.0969342663884162,0.0089010605588555,-0.0559645928442478,KCKOBAXGOCZMSG-UHFFFAOYSA-N,COCCN(c1nccc(C(F)(F)F)n1)C(C)C(N)=O
